737,309,91,91
736,310,91,91
733,311,91,91
730,310,91,91
729,311,91,91
726,310,91,91
723,311,91,91
720,310,91,91
719,311,91,91
716,310,91,91
715,311,91,91
712,310,91,91
711,313,91,91
710,312,91,91
707,315,91,91
704,314,91,91
703,315,91,91
700,314,91,91
699,315,91,91
696,314,91,91
695,315,91,91
692,314,91,91
689,313,91,91
686,312,91,91
685,311,91,91
682,308,91,91
681,307,91,91
676,306,91,91
675,307,91,91
672,306,91,91
669,307,91,91
668,306,91,91
667,305,91,91
664,302,91,91
663,301,91,91
660,298,91,91
659,297,91,91
658,294,91,91
657,293,91,91
654,290,91,91
651,289,91,91
646,288,91,91
645,289,91,91
640,288,91,91
639,287,91,91
634,286,91,91
631,287,91,91
628,286,91,91
625,287,91,91
624,286,91,91
625,287,91,91
624,286,91,91
627,287,91,91
626,286,91,91
629,287,91,91
630,286,91,91
631,287,91,91
632,288,91,91
635,289,91,91
634,290,91,91
635,293,91,91
634,294,91,91
635,297,91,91
636,300,91,91
637,303,91,91
636,304,91,91
637,307,91,91
638,308,91,91
641,309,91,91
644,310,91,91
647,311,91,91
648,310,91,91
653,309,91,91
654,308,91,91
659,309,91,91
660,308,91,91
661,309,91,91
658,308,91,91
657,309,91,91
654,308,91,91
653,311,91,91
650,310,91,91
649,313,91,91
646,314,91,91
645,317,91,91
642,318,91,91
641,321,91,91
638,320,91,91
639,323,91,91
638,322,91,91
639,323,91,91
638,324,91,91
641,325,91,91
640,324,91,91
641,323,91,91
640,320,91,91
639,319,91,91
636,316,91,91
633,315,91,91
628,312,91,91
625,311,91,91
620,308,91,91
617,309,91,91
612,308,91,91
611,309,91,91
608,308,91,91
609,309,91,91
610,308,91,91
611,309,91,91
610,308,91,91
611,309,91,91
612,308,91,91
615,309,91,91
616,308,91,91
617,311,91,91
618,310,91,91
619,311,91,91
620,310,91,91
623,309,91,91
624,308,91,91
627,307,91,91
630,304,91,91
635,301,91,91
638,298,91,91
643,297,91,91
646,294,91,91
651,293,91,91
654,292,91,91
657,293,91,91
660,294,91,91
663,295,91,91
664,294,91,91
667,293,91,91
668,290,91,91
671,289,91,91
672,286,91,91
675,285,91,91
676,282,91,91
679,281,91,91
680,280,91,91
681,281,91,91
682,280,91,91
681,281,91,91
680,280,91,91
679,281,91,91
676,280,91,91
675,279,91,91
672,278,91,91
669,277,91,91
664,276,91,91
659,277,91,91
656,276,91,91
653,277,91,91
650,278,91,91
649,281,91,91
646,282,91,91
643,285,91,91
640,286,91,91
641,289,91,91
638,292,91,91
637,295,91,91
636,298,91,91
635,301,91,91
634,304,91,91
635,309,91,91
634,312,91,91
635,315,91,91
634,318,91,91
633,321,91,91
630,322,91,91
627,323,91,91
624,324,91,91
621,325,91,91
616,324,91,91
613,325,91,91
608,324,91,91
605,323,91,91
602,322,91,91
601,323,91,91
602,322,91,91
603,321,91,91
604,320,91,91
607,321,91,91
608,320,91,91
613,321,91,91
614,320,91,91
619,319,91,91
622,318,91,91
625,319,91,91
628,318,91,91
633,317,91,91
636,316,91,91
641,317,91,91
644,316,91,91
649,317,91,91
652,316,91,91
657,317,91,91
660,316,91,91
663,315,91,91
666,314,91,91
671,313,91,91
674,310,91,91
677,309,91,91
678,306,91,91
681,305,91,91
680,304,91,91
681,303,91,91
678,302,91,91
679,301,91,91
678,300,91,91
679,301,91,91
676,300,91,91
677,303,91,91
674,302,91,91
675,305,91,91
674,306,91,91
673,307,91,91
672,308,91,91
671,311,91,91
668,312,91,91
667,315,91,91
666,316,91,91
665,319,91,91
664,318,91,91
665,321,91,91
664,322,91,91
663,325,91,91
662,324,91,91
663,327,91,91
662,326,91,91
661,327,91,91
660,328,91,91
661,329,91,91
660,328,91,91
659,331,91,91
658,330,91,91
659,333,91,91
658,332,91,91
659,333,91,91
658,334,91,91
659,335,91,91
658,336,91,91
657,337,91,91
656,338,91,91
657,339,91,91
656,340,91,91
655,341,91,91
654,340,91,91
655,341,91,91
654,342,91,91
655,343,91,91
654,342,91,91
653,343,91,91
652,344,91,91
653,347,91,91
652,346,91,91
651,347,91,91
650,348,91,91
649,349,91,91
648,348,91,91
647,349,91,91
646,348,91,91
645,349,91,91
644,350,91,91
643,351,91,91
642,350,91,91
643,351,91,91
642,350,91,91
641,351,91,91
640,350,91,91
639,351,91,91
638,352,91,91
637,353,91,91
636,354,91,91
635,355,91,91
632,354,91,91
631,355,91,91
628,354,91,91
629,355,91,91
628,354,91,91
627,353,91,91
624,352,91,91
623,351,91,91
622,350,91,91
621,349,91,91
620,348,91,91
619,347,91,91
618,346,91,91
617,345,91,91
616,344,91,91
615,343,91,91
614,342,91,91
613,343,91,91
610,340,91,91
611,339,91,91
610,336,91,91
609,335,91,91
608,332,91,91
607,333,91,91
606,330,91,91
607,329,91,91
608,326,91,91
609,325,91,91
608,322,91,91
609,321,91,91
608,320,91,91
609,319,91,91
610,316,91,91
611,315,91,91
612,314,91,91
613,315,91,91
614,314,91,91
615,315,91,91
616,314,91,91
619,315,91,91
620,314,91,91
623,315,91,91
624,314,91,91
627,315,91,91
628,312,91,91
631,313,91,91
632,312,91,91
635,313,91,91
636,312,91,91
639,313,91,91
640,312,91,91
643,313,91,91
644,312,91,91
645,311,91,91
646,310,91,91
649,309,91,91
650,308,91,91
651,307,91,91
648,306,91,91
647,307,91,91
646,306,91,91
645,305,91,91
644,304,91,91
645,305,91,91
642,304,91,91
641,305,91,91
640,304,91,91
639,305,91,91
638,304,91,91
637,305,91,91
634,304,91,91
633,303,91,91
630,302,91,91
629,301,91,91
626,300,91,91
625,301,91,91
622,300,91,91
621,303,91,91
620,302,91,91
621,303,91,91
620,302,91,91
619,301,91,91
616,300,91,91
615,303,91,91
614,302,91,91
613,303,91,91
614,302,91,91
615,303,91,91
614,302,91,91
615,303,91,91
614,302,91,91
617,303,91,91
616,302,91,91
617,301,91,91
618,300,91,91
619,301,91,91
618,300,91,91
619,301,91,91
620,300,91,91
621,299,91,91
622,298,91,91
623,299,91,91
622,298,91,91
623,299,91,91
622,300,91,91
623,301,91,91
622,300,91,91
623,301,91,91
624,302,91,91
625,303,91,91
624,302,91,91
625,301,91,91
624,302,91,91
625,303,91,91
624,302,91,91
623,303,91,91
622,302,91,91
623,303,91,91
622,304,91,91
621,305,91,91
620,304,91,91
619,305,91,91
618,304,91,91
619,305,91,91
618,304,91,91
617,305,91,91
616,304,91,91
617,303,91,91
616,302,91,91
617,301,91,91
616,300,91,91
617,301,91,91
616,300,91,91
615,299,91,91
614,298,91,91
615,297,91,91
616,296,91,91
617,295,91,91
616,294,91,91
617,293,91,91
616,292,91,91
617,291,91,91
616,290,91,91
619,291,91,91
618,290,91,91
619,291,91,91
618,290,91,91
619,291,91,91
620,290,91,91
621,289,91,91
620,288,91,91
621,287,91,91
620,286,91,91
623,287,91,91
622,286,91,91
623,289,91,91
624,290,91,91
625,291,91,91
624,290,91,91
627,291,91,91
626,292,91,91
627,293,91,91
626,294,91,91
627,295,91,91
628,294,91,91
629,295,91,91
630,296,91,91
631,297,91,91
632,298,91,91
633,299,91,91
634,300,91,91
635,303,91,91
634,302,91,91
635,303,91,91
636,302,91,91
637,303,91,91
636,304,91,91
639,305,91,91
638,304,91,91
641,305,91,91
640,306,91,91
641,307,91,91
640,306,91,91
641,307,91,91
642,306,91,91
643,307,91,91
644,308,91,91
645,309,91,91
644,308,91,91
645,309,91,91
644,310,91,91
645,309,91,91
644,308,91,91
645,309,91,91
644,308,91,91
647,309,91,91
646,308,91,91
647,309,91,91
646,310,91,91
645,311,91,91
642,310,91,91
641,311,91,91
638,310,91,91
637,311,91,91
634,310,91,91
633,311,91,91
630,312,91,91
629,313,91,91
626,314,91,91
625,315,91,91
624,314,91,91
623,317,91,91
620,318,91,91
619,319,91,91
616,320,91,91
615,321,91,91
612,322,91,91
611,323,91,91
608,322,91,91
607,323,91,91
604,322,91,91
603,323,91,91
600,324,91,91
599,325,91,91
596,324,91,91
595,325,91,91
594,324,91,91
593,325,91,91
590,324,91,91
591,325,91,91
588,326,91,91
589,327,91,91
586,326,91,91
585,329,91,91
584,328,91,91
583,329,91,91
582,330,91,91
583,331,91,91
582,330,91,91
583,333,91,91
582,334,91,91
583,337,91,91
582,336,91,91
583,337,91,91
582,338,91,91
583,339,91,91
582,338,91,91
583,339,91,91
582,338,91,91
583,339,91,91
584,340,91,91
585,341,91,91
586,342,91,91
587,345,91,91
586,346,91,91
589,347,91,91
588,348,91,91
589,349,91,91
588,348,91,91
589,347,91,91
590,346,91,91
591,347,91,91
592,346,91,91
593,347,91,91
594,346,91,91
595,347,91,91
594,346,91,91
595,345,91,91
594,344,91,91
595,345,91,91
596,344,91,91
597,345,91,91
596,344,91,91
597,345,91,91
598,344,91,91
601,345,91,91
600,344,91,91
603,345,91,91
602,342,91,91
603,343,91,91
602,342,91,91
603,341,91,91
602,340,91,91
603,341,91,91
604,340,91,91
605,341,91,91
606,340,91,91
607,341,91,91
608,340,91,91
609,341,91,91
608,340,91,91
609,343,91,91
610,342,91,91
611,343,91,91
610,340,91,91
609,339,91,91
608,338,91,91
609,339,91,91
608,336,91,91
611,337,91,91
610,338,91,91
613,339,91,91
612,338,91,91
613,337,91,91
612,336,91,91
613,337,91,91
612,336,91,91
613,335,91,91
612,334,91,91
613,333,91,91
612,330,91,91
613,331,91,91
612,328,91,91
613,329,91,91
614,328,91,91
615,329,91,91
614,328,91,91
615,329,91,91
616,328,91,91
617,329,91,91
616,330,91,91
617,331,91,91
618,332,91,91
619,333,91,91
620,334,91,91
621,337,91,91
620,336,91,91
623,339,91,91
622,340,91,91
623,341,91,91
622,342,91,91
623,343,91,91
622,342,91,91
623,343,91,91
622,342,91,91
623,343,91,91
622,340,91,91
621,341,91,91
620,338,91,91
621,339,91,91
620,336,91,91
619,337,91,91
618,336,91,91
619,335,91,91
618,334,91,91
619,333,91,91
618,330,91,91
619,331,91,91
618,328,91,91
619,329,91,91
618,326,91,91
619,327,91,91
618,324,91,91
619,325,91,91
620,324,91,91
621,325,91,91
620,324,91,91
621,325,91,91
620,324,91,91
621,325,91,91
620,324,91,91
621,325,91,91
622,324,91,91
623,325,91,91
622,326,91,91
623,327,91,91
622,326,91,91
623,327,91,91
622,326,91,91
623,327,91,91
622,326,91,91
623,329,91,91
622,328,91,91
623,329,91,91
622,328,91,91
623,331,91,91
622,330,91,91
623,331,91,91
622,332,91,91
623,333,91,91
622,332,91,91
623,333,91,91
622,334,91,91
623,335,91,91
622,334,91,91
623,337,91,91
622,336,91,91
623,337,91,91
624,338,91,91
625,339,91,91
624,338,91,91
625,339,91,91
624,338,91,91
623,339,91,91
622,338,91,91
621,337,91,91
620,336,91,91
619,335,91,91
618,334,91,91
617,333,91,91
614,330,91,91
615,329,91,91
612,326,91,91
611,325,91,91
608,322,91,91
607,321,91,91
604,318,91,91
603,317,91,91
600,314,91,91
599,311,91,91
596,308,91,91
593,305,91,91
590,302,91,91
589,299,91,91
586,296,91,91
583,293,91,91
580,290,91,91
579,287,91,91
576,284,91,91
575,281,91,91
572,278,91,91
571,277,91,91
568,272,91,91
567,271,91,91
564,268,91,91
563,267,91,91
560,262,91,91
561,261,91,91
558,258,91,91
557,259,91,91
556,256,91,91
555,257,91,91
554,256,91,91
553,257,91,91
552,256,91,91
553,257,91,91
552,256,91,91
551,257,91,91
550,258,91,91
551,259,91,91
550,260,91,91
551,263,91,91
550,262,91,91
551,265,91,91
550,268,91,91
553,271,91,91
552,274,91,91
555,279,91,91
556,282,91,91
559,287,91,91
560,290,91,91
563,297,91,91
564,300,91,91
567,307,91,91
570,312,91,91
573,319,91,91
576,324,91,91
579,331,91,91
582,336,91,91
585,341,91,91
586,346,91,91
589,351,91,91
592,356,91,91
593,361,91,91
594,362,91,91
595,365,91,91
596,366,91,91
599,371,91,91
600,372,91,91
603,375,91,91
604,378,91,91
607,381,91,91
608,382,91,91
611,385,91,91
616,386,91,91
