644,522,110,132
644,522,110,132
644,522,110,132
644,522,110,132
644,522,110,132
644,522,110,132
644,522,110,132
644,522,110,132
644,520,110,132
644,520,110,132
644,520,110,132
644,520,110,132
644,518,110,132
644,518,110,132
644,518,110,132
644,516,110,132
644,516,110,132
644,516,110,132
644,514,110,132
644,514,110,132
644,514,110,132
644,512,110,132
644,512,110,132
644,510,110,132
644,510,110,132
644,510,110,132
644,508,110,132
644,508,110,132
642,506,110,132
642,506,110,132
642,504,110,132
640,504,110,132
642,502,110,132
640,502,110,132
642,500,110,132
640,500,110,132
642,498,110,132
640,498,110,132
642,496,110,132
640,496,110,132
642,494,110,132
640,494,110,132
642,492,110,132
640,492,110,132
642,492,110,132
640,490,110,132
642,490,110,132
640,488,110,132
642,488,110,132
640,486,110,132
642,486,110,132
640,486,110,132
642,484,110,132
640,484,110,132
640,482,110,132
640,482,110,132
640,482,110,132
640,480,110,132
640,480,110,132
640,480,110,132
640,478,110,132
640,478,110,132
640,476,110,132
640,476,110,132
640,476,110,132
640,474,110,132
640,474,110,132
640,474,110,132
640,472,110,132
640,472,110,132
640,470,110,132
640,470,110,132
640,468,110,132
640,468,110,132
640,466,110,132
640,466,110,132
640,466,110,132
640,464,110,132
640,464,110,132
640,464,110,132
640,464,110,132
640,462,110,132
640,462,110,132
640,462,110,132
640,462,110,132
640,462,110,132
640,462,110,132
640,462,110,132
640,462,110,132
640,460,110,132
640,460,110,132
640,460,110,132
640,460,110,132
640,460,110,132
640,460,110,132
640,460,110,132
640,460,110,132
640,460,110,132
640,458,110,132
638,458,110,132
636,458,110,132
638,458,110,132
636,458,110,132
638,458,110,132
636,458,110,132
638,458,110,132
636,458,110,132
638,456,110,132
636,456,110,132
638,456,110,132
636,456,110,132
638,456,110,132
636,456,110,132
638,456,110,132
636,456,110,132
638,456,110,132
636,456,110,132
638,456,110,132
636,456,110,132
638,456,110,132
636,456,110,132
638,454,110,132
636,454,110,132
636,454,110,132
636,454,110,132
636,454,110,132
636,454,110,132
636,454,110,132
636,454,110,132
636,454,110,132
636,452,110,132
636,452,110,132
636,452,110,132
636,452,110,132
636,452,110,132
636,452,110,132
636,452,110,132
636,452,110,132
636,452,110,132
636,450,110,132
636,450,110,132
636,450,110,132
636,450,110,132
636,450,110,132
636,450,110,132
636,450,110,132
636,450,110,132
636,450,110,132
636,448,110,132
636,448,110,132
636,448,110,132
636,448,110,132
636,448,110,132
636,448,110,132
636,448,110,132
636,448,110,132
636,448,110,132
636,448,110,132
636,448,110,132
636,448,110,132
636,448,110,132
636,448,110,132
636,446,110,132
636,446,110,132
636,446,110,132
636,446,110,132
636,446,110,132
636,446,110,132
636,446,110,132
636,446,110,132
636,446,110,132
636,446,110,132
636,446,110,132
636,444,110,132
636,444,110,132
636,444,110,132
636,444,110,132
636,444,110,132
636,444,110,132
636,444,110,132
636,444,110,132
636,444,110,132
638,444,110,132
636,444,110,132
638,444,110,132
636,444,110,132
638,444,110,132
636,444,110,132
638,444,110,132
636,444,110,132
638,442,110,132
636,442,110,132
638,442,110,132
636,442,110,132
638,442,110,132
636,442,110,132
638,442,110,132
638,442,110,132
638,442,110,132
638,442,110,132
638,442,110,132
638,442,110,132
638,442,110,132
638,442,110,132
638,442,110,132
638,442,110,132
638,442,110,132
638,440,110,132
638,440,110,132
638,440,110,132
638,440,110,132
638,440,110,132
638,440,110,132
638,440,110,132
638,440,110,132
638,440,110,132
638,440,110,132
638,440,110,132
638,440,110,132
638,438,110,132
638,438,110,132
638,438,110,132
638,438,110,132
638,438,110,132
638,438,110,132
638,438,110,132
638,438,110,132
638,438,110,132
638,438,110,132
638,438,110,132
638,438,110,132
638,438,110,132
638,438,110,132
638,438,110,132
638,438,110,132
638,438,110,132
638,438,110,132
638,436,110,132
638,436,110,132
638,436,110,132
638,436,110,132
638,436,110,132
638,436,110,132
638,436,110,132
638,436,110,132
638,436,110,132
638,436,110,132
638,436,110,132
638,436,110,132
638,436,110,132
638,436,110,132
638,436,110,132
638,436,110,132
638,436,110,132
638,436,110,132
638,436,110,132
638,436,110,132
638,436,110,132
636,436,110,132
638,434,110,132
636,434,110,132
638,434,110,132
636,434,110,132
638,434,110,132
636,434,110,132
638,434,110,132
636,434,110,132
638,434,110,132
636,434,110,132
636,434,110,132
636,434,110,132
636,434,110,132
636,434,110,132
636,432,110,132
636,432,110,132
636,432,110,132
636,432,110,132
636,432,110,132
636,432,110,132
636,432,110,132
634,432,110,132
632,432,110,132
634,432,110,132
632,432,110,132
634,432,110,132
632,432,110,132
634,432,110,132
632,432,110,132
634,432,110,132
632,432,110,132
634,432,110,132
632,432,110,132
632,432,110,132
632,432,110,132
632,432,110,132
632,432,110,132
632,432,110,132
632,432,110,132
632,432,110,132
632,432,110,132
632,432,110,132
630,432,110,132
628,432,110,132
630,432,110,132
628,432,110,132
630,432,110,132
628,432,110,132
628,432,110,132
628,432,110,132
628,432,110,132
628,432,110,132
628,432,110,132
628,432,110,132
628,432,110,132
628,432,110,132
626,432,110,132
624,432,110,132
626,432,110,132
624,432,110,132
626,432,110,132
624,432,110,132
624,432,110,132
624,432,110,132
624,432,110,132
624,432,110,132
624,432,110,132
624,432,110,132
624,432,110,132
624,432,110,132
624,432,110,132
622,432,110,132
620,430,110,132
622,430,110,132
620,430,110,132
622,430,110,132
620,430,110,132
620,430,110,132
620,430,110,132
620,430,110,132
620,430,110,132
620,430,110,132
620,430,110,132
620,430,110,132
620,430,110,132
618,430,110,132
616,430,110,132
618,430,110,132
616,430,110,132
618,430,110,132
616,430,110,132
618,430,110,132
616,430,110,132
616,430,110,132
616,430,110,132
616,430,110,132
616,430,110,132
616,430,110,132
616,430,110,132
616,430,110,132
616,430,110,132
616,430,110,132
616,430,110,132
614,430,110,132
612,430,110,132
614,430,110,132
612,430,110,132
614,430,110,132
612,430,110,132
612,430,110,132
612,430,110,132
612,430,110,132
612,430,110,132
612,430,110,132
612,430,110,132
610,430,110,132
608,430,110,132
608,428,110,132
608,428,110,132
608,428,110,132
606,428,110,132
604,428,110,132
604,428,110,132
604,428,110,132
602,428,110,132
600,428,110,132
600,428,110,132
600,428,110,132
598,428,110,132
596,428,110,132
596,428,110,132
596,428,110,132
594,428,110,132
592,430,110,132
592,430,110,132
590,430,110,132
588,430,110,132
588,430,110,132
586,430,110,132
584,432,110,132
584,432,110,132
582,432,110,132
580,434,110,132
580,434,110,132
578,434,110,132
576,434,110,132
576,436,110,132
574,436,110,132
570,436,110,132
568,438,110,132
570,438,110,132
566,438,110,132
566,438,110,132
564,440,110,132
564,440,110,132
564,440,110,132
562,440,110,132
560,442,110,132
560,442,110,132
558,442,110,132
556,444,110,132
556,444,110,132
554,444,110,132
552,444,110,132
552,446,110,132
550,446,110,132
546,446,110,132
546,446,110,132
544,448,110,132
544,448,110,132
542,448,110,132
540,448,110,132
540,450,110,132
538,450,110,132
534,450,110,132
534,450,110,132
532,452,110,132
532,452,110,132
530,452,110,132
528,454,110,132
528,454,110,132
526,454,110,132
524,454,110,132
524,456,110,132
522,456,110,132
518,456,110,132
518,456,110,132
516,458,110,132
516,458,110,132
514,458,110,132
512,458,110,132
512,458,110,132
510,460,110,132
508,460,110,132
508,460,110,132
506,462,110,132
504,462,110,132
504,462,110,132
502,464,110,132
500,464,110,132
500,464,110,132
498,464,110,132
496,466,110,132
496,466,110,132
496,466,110,132
494,466,110,132
492,468,110,132
492,468,110,132
490,468,110,132
488,470,110,132
488,470,110,132
486,470,110,132
484,470,110,132
484,472,110,132
484,472,110,132
482,472,110,132
480,472,110,132
480,474,110,132
480,474,110,132
478,474,110,132
476,474,110,132
476,474,110,132
474,474,110,132
472,476,110,132
472,476,110,132
472,476,110,132
470,476,110,132
468,476,110,132
468,476,110,132
468,478,110,132
466,478,110,132
464,478,110,132
464,478,110,132
464,478,110,132
462,478,110,132
460,478,110,132
460,478,110,132
460,480,110,132
458,480,110,132
456,480,110,132
456,480,110,132
456,480,110,132
454,480,110,132
452,480,110,132
452,482,110,132
452,482,110,132
452,482,110,132
450,482,110,132
448,482,110,132
448,482,110,132
448,482,110,132
446,482,110,132
444,484,110,132
444,484,110,132
444,484,110,132
444,484,110,132
442,484,110,132
440,484,110,132
440,484,110,132
440,486,110,132
440,486,110,132
438,486,110,132
436,486,110,132
436,486,110,132
436,486,110,132
436,486,110,132
434,486,110,132
432,488,110,132
432,488,110,132
432,488,110,132
432,488,110,132
430,488,110,132
428,488,110,132
428,488,110,132
428,488,110,132
428,488,110,132
426,490,110,132
424,490,110,132
424,490,110,132
424,490,110,132
424,490,110,132
422,490,110,132
420,490,110,132
420,490,110,132
420,492,110,132
420,492,110,132
420,492,110,132
418,492,110,132
416,492,110,132
416,492,110,132
416,492,110,132
416,492,110,132
416,492,110,132
414,492,110,132
412,492,110,132
414,492,110,132
412,492,110,132
414,492,110,132
412,492,110,132
412,492,110,132
412,492,110,132
412,492,110,132
412,492,110,132
412,492,110,132
412,492,110,132
412,492,110,132
410,492,110,132
408,492,110,132
410,492,110,132
408,492,110,132
410,492,110,132
408,492,110,132
408,492,110,132
408,492,110,132
408,492,110,132
408,492,110,132
408,492,110,132
408,492,110,132
408,492,110,132
408,492,110,132
406,492,110,132
404,492,110,132
406,492,110,132
404,492,110,132
406,492,110,132
404,492,110,132
404,492,110,132
404,492,110,132
404,492,110,132
404,492,110,132
404,492,110,132
404,492,110,132
402,492,110,132
400,492,110,132
402,492,110,132
400,492,110,132
402,492,110,132
400,492,110,132
402,492,110,132
402,492,110,132
402,492,110,132
402,492,110,132
402,492,110,132
404,492,110,132
406,492,110,132
406,492,110,132
406,492,110,132
406,492,110,132
406,492,110,132
406,492,110,132
406,490,110,132
408,490,110,132
410,490,110,132
408,490,110,132
410,490,110,132
408,490,110,132
410,490,110,132
410,490,110,132
410,490,110,132
410,490,110,132
410,490,110,132
410,490,110,132
410,490,110,132
410,490,110,132
410,490,110,132
410,490,110,132
410,490,110,132
410,490,110,132
410,490,110,132
410,490,110,132
410,490,110,132
410,490,110,132
410,490,110,132
410,490,110,132
410,490,110,132
412,490,110,132
414,490,110,132
412,490,110,132
414,488,110,132
412,488,110,132
414,488,110,132
414,488,110,132
414,488,110,132
414,488,110,132
414,488,110,132
416,488,110,132
418,488,110,132
416,488,110,132
418,488,110,132
418,488,110,132
418,488,110,132
418,488,110,132
418,488,110,132
420,488,110,132
422,488,110,132
420,488,110,132
422,488,110,132
422,488,110,132
422,488,110,132
422,488,110,132
422,488,110,132
422,488,110,132
424,488,110,132
426,488,110,132
424,488,110,132
426,488,110,132
426,488,110,132
426,488,110,132
426,488,110,132
426,488,110,132
426,488,110,132
428,488,110,132
430,488,110,132
428,488,110,132
430,488,110,132
430,488,110,132
430,488,110,132
430,488,110,132
430,488,110,132
430,488,110,132
432,488,110,132
434,488,110,132
432,488,110,132
434,488,110,132
434,488,110,132
434,488,110,132
434,488,110,132
434,488,110,132
436,488,110,132
438,488,110,132
436,490,110,132
438,490,110,132
438,490,110,132
438,490,110,132
438,490,110,132
438,490,110,132
438,490,110,132
440,490,110,132
442,490,110,132
440,490,110,132
442,490,110,132
442,490,110,132
442,490,110,132
442,490,110,132
442,490,110,132
442,490,110,132
442,490,110,132
442,490,110,132
444,490,110,132
446,490,110,132
444,490,110,132
446,490,110,132
444,490,110,132
446,490,110,132
446,492,110,132
446,492,110,132
446,492,110,132
446,492,110,132
446,492,110,132
446,492,110,132
448,492,110,132
450,492,110,132
448,492,110,132
450,492,110,132
448,494,110,132
450,494,110,132
450,494,110,132
450,494,110,132
450,494,110,132
450,494,110,132
450,494,110,132
450,494,110,132
452,494,110,132
454,496,110,132
452,496,110,132
454,496,110,132
452,496,110,132
454,496,110,132
454,496,110,132
454,496,110,132
454,498,110,132
454,498,110,132
454,498,110,132
454,498,110,132
456,498,110,132
458,500,110,132
456,500,110,132
458,500,110,132
458,500,110,132
458,500,110,132
458,500,110,132
458,502,110,132
458,502,110,132
458,502,110,132
460,502,110,132
462,502,110,132
460,504,110,132
462,504,110,132
462,504,110,132
462,504,110,132
462,504,110,132
462,504,110,132
462,504,110,132
462,504,110,132
464,506,110,132
466,506,110,132
464,506,110,132
466,506,110,132
466,506,110,132
466,506,110,132
466,506,110,132
466,506,110,132
468,506,110,132
470,506,110,132
468,506,110,132
470,506,110,132
470,506,110,132
470,506,110,132
470,506,110,132
470,506,110,132
470,506,110,132
472,506,110,132
474,506,110,132
472,506,110,132
474,506,110,132
474,506,110,132
474,506,110,132
474,506,110,132
476,506,110,132
478,506,110,132
476,506,110,132
478,506,110,132
478,506,110,132
478,506,110,132
478,506,110,132
480,506,110,132
482,506,110,132
480,506,110,132
482,506,110,132
482,506,110,132
