671,161,27,16
671,161,27,16
672,161,27,16
673,161,27,16
672,161,27,16
673,161,27,16
673,161,27,16
673,161,27,16
673,161,27,16
674,161,27,16
675,162,27,16
674,162,27,16
675,162,27,16
675,162,27,16
675,162,27,16
675,162,27,16
676,162,27,16
677,162,27,16
677,162,27,16
677,162,27,16
677,162,27,16
677,162,27,16
678,162,27,16
679,162,27,16
678,162,27,16
680,162,27,16
680,162,27,16
680,162,27,16
680,163,27,16
681,163,27,16
680,163,27,16
681,163,27,16
681,163,27,16
681,163,27,16
681,163,27,16
682,163,27,16
682,163,27,16
683,163,27,16
683,163,27,16
683,163,27,16
683,163,27,16
683,163,27,16
683,163,27,16
684,163,27,16
685,163,27,16
685,163,27,16
685,163,27,16
685,163,27,16
686,163,27,16
687,163,27,16
686,163,27,16
687,163,27,16
687,163,27,16
687,163,27,16
687,163,27,16
688,163,27,16
689,163,27,16
688,163,27,16
690,163,27,16
690,163,27,16
690,164,27,16
690,164,27,16
691,164,27,16
691,164,27,16
691,164,27,16
691,164,27,16
691,164,27,16
691,164,27,16
692,164,27,16
693,164,27,16
693,164,27,16
693,164,27,16
693,164,27,16
694,164,27,16
695,164,27,16
694,164,27,16
695,164,27,16
695,164,27,16
695,165,27,16
695,165,27,16
696,165,27,16
697,165,27,16
696,165,27,16
697,165,27,16
697,165,27,16
697,165,27,16
697,165,27,16
697,165,27,16
698,166,27,16
699,166,27,16
698,166,27,16
699,166,27,16
698,166,27,16
699,167,27,16
699,167,27,16
699,167,27,16
699,167,27,16
699,167,27,16
699,167,27,16
699,168,27,16
699,168,27,16
699,168,27,16
700,168,27,16
700,168,27,16
700,169,27,16
700,169,27,16
700,169,27,16
700,169,27,16
700,169,27,16
700,169,27,16
700,170,27,16
700,170,27,16
700,170,27,16
700,170,27,16
700,170,27,16
699,170,27,16
698,170,27,16
699,171,27,16
698,171,27,16
699,171,27,16
698,171,27,16
699,171,27,16
697,171,27,16
697,171,27,16
697,172,27,16
696,172,27,16
697,172,27,16
696,172,27,16
696,172,27,16
696,172,27,16
696,172,27,16
696,172,27,16
696,172,27,16
695,172,27,16
694,172,27,16
694,172,27,16
694,172,27,16
694,172,27,16
693,173,27,16
692,173,27,16
692,173,27,16
692,173,27,16
692,173,27,16
691,173,27,16
689,173,27,16
689,173,27,16
689,173,27,16
688,173,27,16
688,173,27,16
688,173,27,16
687,173,27,16
686,173,27,16
687,173,27,16
685,173,27,16
684,173,27,16
685,174,27,16
684,174,27,16
684,174,27,16
683,174,27,16
682,174,27,16
682,174,27,16
682,174,27,16
682,174,27,16
681,174,27,16
679,174,27,16
678,174,27,16
679,174,27,16
678,174,27,16
677,175,27,16
676,175,27,16
676,175,27,16
676,175,27,16
675,175,27,16
673,175,27,16
672,175,27,16
673,175,27,16
672,175,27,16
672,175,27,16
671,176,27,16
669,176,27,16
669,176,27,16
669,176,27,16
668,176,27,16
668,176,27,16
667,176,27,16
666,176,27,16
667,176,27,16
665,176,27,16
664,176,27,16
664,177,27,16
664,177,27,16
664,177,27,16
663,177,27,16
661,177,27,16
661,177,27,16
660,177,27,16
661,177,27,16
660,177,27,16
659,177,27,16
658,177,27,16
658,177,27,16
658,177,27,16
658,177,27,16
657,177,27,16
655,177,27,16
655,177,27,16
655,177,27,16
654,177,27,16
654,178,27,16
653,178,27,16
652,178,27,16
653,178,27,16
651,178,27,16
650,178,27,16
650,178,27,16
650,178,27,16
650,178,27,16
650,178,27,16
649,178,27,16
647,178,27,16
647,178,27,16
647,178,27,16
647,178,27,16
646,178,27,16
646,178,27,16
646,178,27,16
646,178,27,16
646,178,27,16
645,179,27,16
644,179,27,16
644,179,27,16
644,179,27,16
644,179,27,16
643,179,27,16
642,179,27,16
643,179,27,16
642,179,27,16
642,179,27,16
642,179,27,16
641,179,27,16
640,179,27,16
641,179,27,16
640,179,27,16
640,180,27,16
640,180,27,16
639,180,27,16
638,180,27,16
639,180,27,16
637,180,27,16
637,180,27,16
637,180,27,16
637,180,27,16
636,180,27,16
637,181,27,16
635,181,27,16
635,181,27,16
635,181,27,16
635,181,27,16
634,181,27,16
635,181,27,16
634,181,27,16
634,181,27,16
634,181,27,16
633,181,27,16
632,181,27,16
633,181,27,16
632,181,27,16
632,181,27,16
632,182,27,16
632,182,27,16
632,182,27,16
631,182,27,16
630,182,27,16
630,182,27,16
630,182,27,16
630,182,27,16
630,182,27,16
630,182,27,16
629,183,27,16
628,183,27,16
629,183,27,16
627,183,27,16
627,183,27,16
627,183,27,16
626,183,27,16
627,183,27,16
626,183,27,16
627,183,27,16
625,183,27,16
625,184,27,16
625,184,27,16
625,184,27,16
624,184,27,16
624,184,27,16
624,184,27,16
624,184,27,16
624,184,27,16
624,184,27,16
623,185,27,16
622,185,27,16
623,185,27,16
621,185,27,16
621,185,27,16
620,185,27,16
621,185,27,16
620,185,27,16
620,185,27,16
620,185,27,16
619,186,27,16
618,186,27,16
619,186,27,16
618,186,27,16
618,186,27,16
617,186,27,16
616,186,27,16
617,186,27,16
616,186,27,16
616,186,27,16
616,187,27,16
615,187,27,16
614,187,27,16
615,187,27,16
614,187,27,16
614,187,27,16
614,187,27,16
614,187,27,16
613,187,27,16
612,187,27,16
612,187,27,16
612,187,27,16
612,187,27,16
612,187,27,16
612,187,27,16
611,188,27,16
610,188,27,16
611,188,27,16
610,188,27,16
610,188,27,16
610,188,27,16
610,188,27,16
610,188,27,16
609,188,27,16
608,188,27,16
609,188,27,16
608,188,27,16
608,188,27,16
608,188,27,16
608,188,27,16
607,188,27,16
606,188,27,16
607,188,27,16
606,188,27,16
607,188,27,16
605,188,27,16
605,188,27,16
605,188,27,16
605,188,27,16
604,188,27,16
605,188,27,16
604,188,27,16
605,188,27,16
604,188,27,16
604,188,27,16
604,188,27,16
603,188,27,16
603,188,27,16
602,188,27,16
603,188,27,16
601,188,27,16
601,187,27,16
601,187,27,16
601,187,27,16
601,187,27,16
600,187,27,16
600,187,27,16
600,187,27,16
600,187,27,16
600,187,27,16
599,187,27,16
598,187,27,16
599,187,27,16
598,187,27,16
598,187,27,16
598,187,27,16
597,187,27,16
596,187,27,16
597,187,27,16
595,187,27,16
595,187,27,16
594,187,27,16
595,187,27,16
594,187,27,16
595,187,27,16
593,187,27,16
592,187,27,16
593,187,27,16
592,187,27,16
592,188,27,16
591,188,27,16
590,188,27,16
590,188,27,16
590,188,27,16
589,188,27,16
587,188,27,16
587,188,27,16
587,188,27,16
586,188,27,16
587,189,27,16
585,189,27,16
584,189,27,16
585,189,27,16
584,189,27,16
584,189,27,16
583,189,27,16
581,189,27,16
581,189,27,16
581,189,27,16
580,189,27,16
580,189,27,16
579,189,27,16
578,189,27,16
579,189,27,16
577,190,27,16
576,190,27,16
576,190,27,16
576,190,27,16
576,190,27,16
575,190,27,16
573,190,27,16
572,190,27,16
573,190,27,16
572,190,27,16
572,190,27,16
571,190,27,16
569,190,27,16
569,190,27,16
569,190,27,16
568,190,27,16
568,190,27,16
567,190,27,16
566,190,27,16
566,190,27,16
565,190,27,16
563,190,27,16
562,190,27,16
563,190,27,16
561,190,27,16
560,190,27,16
560,191,27,16
559,191,27,16
558,191,27,16
558,191,27,16
557,191,27,16
555,191,27,16
554,191,27,16
555,191,27,16
553,191,27,16
552,191,27,16
552,192,27,16
551,192,27,16
550,192,27,16
550,192,27,16
549,192,27,16
547,192,27,16
546,193,27,16
547,193,27,16
545,193,27,16
544,193,27,16
543,193,27,16
542,193,27,16
542,193,27,16
542,194,27,16
541,194,27,16
538,194,27,16
538,194,27,16
538,194,27,16
538,195,27,16
537,195,27,16
534,195,27,16
534,196,27,16
534,196,27,16
533,196,27,16
532,196,27,16
531,197,27,16
529,197,27,16
529,197,27,16
528,198,27,16
529,198,27,16
526,199,27,16
526,199,27,16
526,199,27,16
525,200,27,16
523,200,27,16
522,201,27,16
522,201,27,16
522,201,27,16
521,201,27,16
520,201,27,16
519,202,27,16
518,202,27,16
518,202,27,16
517,202,27,16
516,202,27,16
515,203,27,16
514,203,27,16
514,203,27,16
513,203,27,16
512,203,27,16
511,204,27,16
510,204,27,16
510,204,27,16
509,204,27,16
507,205,27,16
506,205,27,16
506,205,27,16
506,206,27,16
505,206,27,16
503,207,27,16
501,208,27,16
501,208,27,16
501,208,27,16
500,209,27,16
500,209,27,16
498,210,27,16
498,210,27,16
498,211,27,16
497,212,27,16
495,212,27,16
494,213,27,16
495,213,27,16
493,214,27,16
492,214,27,16
493,215,27,16
491,216,27,16
491,216,27,16
490,217,27,16
490,217,27,16
490,218,27,16
488,219,27,16
488,219,27,16
488,220,27,16
487,221,27,16
485,221,27,16
484,222,27,16
485,222,27,16
483,223,27,16
483,224,27,16
482,224,27,16
482,226,27,16
482,226,27,16
481,226,27,16
480,227,27,16
480,228,27,16
479,229,27,16
478,229,27,16
478,230,27,16
478,230,27,16
477,231,27,16
475,233,27,16
475,233,27,16
474,233,27,16
475,234,27,16
473,235,27,16
472,236,27,16
473,236,27,16
472,237,27,16
472,237,27,16
471,238,27,16
469,239,27,16
469,239,27,16
469,240,27,16
468,241,27,16
469,241,27,16
467,243,27,16
467,243,27,16
467,244,27,16
466,244,27,16
467,245,27,16
465,246,27,16
465,246,27,16
465,246,27,16
464,247,27,16
465,247,27,16
463,248,27,16
463,248,27,16
463,248,27,16
462,248,27,16
463,248,27,16
461,249,27,16
461,249,27,16
460,249,27,16
461,249,27,16
459,249,27,16
458,250,27,16
459,250,27,16
458,250,27,16
458,251,27,16
458,251,27,16
457,251,27,16
456,251,27,16
457,251,27,16
456,252,27,16
456,252,27,16
456,252,27,16
456,252,27,16
456,252,27,16
455,253,27,16
455,253,27,16
454,253,27,16
455,253,27,16
454,253,27,16
455,253,27,16
454,253,27,16
455,254,27,16
454,254,27,16
455,254,27,16
455,254,27,16
423,245,83,55
423,246,83,55
423,247,83,55
423,246,83,55
423,247,83,55
423,246,83,55
423,248,83,55
423,248,83,55
423,248,83,55
423,248,83,55
423,249,83,55
423,248,83,55
423,249,83,55
423,248,83,55
423,250,83,55
423,250,83,55
423,251,83,55
423,250,83,55
423,251,83,55
423,250,83,55
423,251,83,55
423,251,83,55
423,251,83,55
423,251,83,55
423,251,83,55
423,252,83,55
423,253,83,55
423,252,83,55
423,253,83,55
423,253,83,55
424,253,83,55
425,254,83,55
424,255,83,55
425,254,83,55
424,255,83,55
425,255,83,55
425,255,83,55
425,255,83,55
425,255,83,55
425,256,83,55
425,257,83,55
426,257,83,55
427,257,83,55
426,257,83,55
427,257,83,55
426,258,83,55
427,259,83,55
427,258,83,55
427,259,83,55
427,259,83,55
427,259,83,55
428,260,83,55
429,261,83,55
428,260,83,55
429,261,83,55
429,261,83,55
429,262,83,55
429,263,83,55
430,262,83,55
431,263,83,55
430,263,83,55
432,264,83,55
432,264,83,55
432,265,83,55
433,264,83,55
432,265,83,55
434,265,83,55
434,265,83,55
435,266,83,55
434,267,83,55
435,266,83,55
435,268,83,55
435,268,83,55
436,268,83,55
437,269,83,55
437,268,83,55
437,270,83,55
437,270,83,55
438,270,83,55
439,270,83,55
439,271,83,55
439,271,83,55
439,271,83,55
440,271,83,55
441,271,83,55
441,272,83,55
442,273,83,55
443,273,83,55
442,273,83,55
444,273,83,55
444,274,83,55
445,275,83,55
444,275,83,55
446,275,83,55
447,275,83,55
446,276,83,55
448,278,83,55
448,278,83,55
449,278,83,55
449,279,83,55
450,278,83,55
452,280,83,55
452,280,83,55
453,281,83,55
453,280,83,55
453,282,83,55
455,283,83,55
455,282,83,55
456,283,83,55
457,283,83,55
457,283,83,55
459,284,83,55
459,285,83,55
460,285,83,55
462,285,83,55
463,286,83,55
464,288,83,55
465,288,83,55
465,288,83,55
465,289,83,55
465,289,83,55
466,289,83,55
467,289,83,55
467,290,83,55
467,291,83,55
468,291,83,55
470,292,83,55
470,293,83,55
471,293,83,55
471,293,83,55
472,294,83,55
472,295,83,55
474,295,83,55
475,296,83,55
475,297,83,55
476,297,83,55
477,297,83,55
478,298,83,55
480,300,83,55
481,300,83,55
482,301,83,55
483,300,83,55
484,302,83,55
486,303,83,55
487,303,83,55
488,304,83,55
489,305,83,55
491,306,83,55
492,307,83,55
495,307,83,55
496,308,83,55
496,309,83,55
499,310,83,55
500,312,83,55
503,313,83,55
504,313,83,55
505,313,83,55
508,315,83,55
511,317,83,55
512,318,83,55
515,320,83,55
514,320,83,55
519,323,83,55
521,324,83,55
523,326,83,55
526,328,83,55
527,328,83,55
527,328,83,55
422,255,301,192
425,255,301,192
428,257,301,192
429,259,301,192
436,263,301,192
439,265,301,192
444,269,301,192
449,273,301,192
450,273,301,192
457,279,301,192
464,281,301,192
469,287,301,192
476,289,301,192
475,291,301,192
486,297,301,192
493,303,301,192
500,307,301,192
507,311,301,192
508,311,301,192
521,321,301,192
