393,328,155,319
392,327,155,319
393,324,155,319
392,325,155,319
391,322,155,319
390,323,155,319
391,320,155,319
390,321,155,319
391,318,155,319
390,317,155,319
389,316,155,319
388,315,155,319
389,314,155,319
388,313,155,319
387,312,155,319
386,311,155,319
387,310,155,319
386,309,155,319
387,308,155,319
384,307,155,319
385,306,155,319
384,305,155,319
385,304,155,319
384,303,155,319
383,300,155,319
382,301,155,319
383,298,155,319
382,299,155,319
383,296,155,319
382,297,155,319
383,296,155,319
382,295,155,319
383,294,155,319
382,295,155,319
383,292,155,319
382,293,155,319
383,292,155,319
382,293,155,319
383,292,155,319
382,293,155,319
383,292,155,319
382,293,155,319
383,292,155,319
382,293,155,319
383,292,155,319
382,293,155,319
383,292,155,319
382,293,155,319
383,292,155,319
382,293,155,319
383,292,155,319
382,293,155,319
383,294,155,319
382,295,155,319
383,294,155,319
382,295,155,319
383,294,155,319
382,295,155,319
383,292,155,319
382,293,155,319
383,292,155,319
384,293,155,319
385,292,155,319
384,291,155,319
385,290,155,319
384,291,155,319
385,290,155,319
384,291,155,319
385,288,155,319
384,289,155,319
385,288,155,319
386,289,155,319
387,288,155,319
386,287,155,319
387,286,155,319
386,287,155,319
387,286,155,319
386,287,155,319
387,286,155,319
388,285,155,319
389,284,155,319
388,285,155,319
389,282,155,319
390,283,155,319
391,282,155,319
390,281,155,319
393,280,155,319
392,281,155,319
393,278,155,319
394,279,155,319
395,278,155,319
396,277,155,319
397,276,155,319
398,275,155,319
399,274,155,319
398,273,155,319
399,272,155,319
400,273,155,319
401,270,155,319
402,271,155,319
403,270,155,319
404,269,155,319
405,268,155,319
406,267,155,319
407,266,155,319
408,265,155,319
409,264,155,319
410,265,155,319
411,262,155,319
412,263,155,319
413,260,155,319
414,261,155,319
415,260,155,319
416,259,155,319
417,258,155,319
418,257,155,319
419,256,155,319
420,257,155,319
421,254,155,319
422,255,155,319
423,254,155,319
424,253,155,319
425,252,155,319
426,251,155,319
427,250,155,319
428,249,155,319
429,248,155,319
430,249,155,319
431,246,155,319
432,247,155,319
433,244,155,319
434,245,155,319
435,244,155,319
436,245,155,319
437,242,155,319
438,243,155,319
441,242,155,319
440,243,155,319
441,242,155,319
442,241,155,319
443,240,155,319
444,241,155,319
445,240,155,319
446,241,155,319
447,240,155,319
448,239,155,319
449,238,155,319
450,239,155,319
451,238,155,319
452,239,155,319
453,238,155,319
454,239,155,319
455,238,155,319
456,239,155,319
457,238,155,319
458,239,155,319
459,240,155,319
460,241,155,319
461,240,155,319
462,241,155,319
465,242,155,319
464,243,155,319
467,244,155,319
468,245,155,319
469,244,155,319
470,245,155,319
471,246,155,319
472,247,155,319
473,246,155,319
474,247,155,319
475,248,155,319
476,249,155,319
477,248,155,319
478,249,155,319
479,250,155,319
480,251,155,319
481,252,155,319
482,253,155,319
483,252,155,319
484,253,155,319
485,252,155,319
486,253,155,319
487,252,155,319
488,253,155,319
489,252,155,319
490,251,155,319
491,250,155,319
492,251,155,319
493,250,155,319
494,251,155,319
495,248,155,319
496,249,155,319
497,248,155,319
498,249,155,319
501,246,155,319
500,247,155,319
503,246,155,319
504,245,155,319
505,244,155,319
506,243,155,319
509,242,155,319
510,243,155,319
511,240,155,319
512,241,155,319
515,238,155,319
516,239,155,319
519,238,155,319
520,237,155,319
521,236,155,319
522,235,155,319
525,234,155,319
526,233,155,319
529,232,155,319
530,233,155,319
531,230,155,319
532,231,155,319
535,230,155,319
534,229,155,319
537,228,155,319
538,229,155,319
539,226,155,319
540,227,155,319
541,226,155,319
542,225,155,319
545,224,155,319
546,225,155,319
549,222,155,319
550,223,155,319
551,222,155,319
552,221,155,319
553,220,155,319
554,221,155,319
555,220,155,319
554,219,155,319
555,218,155,319
554,219,155,319
555,216,155,319
554,217,155,319
555,216,155,319
554,215,155,319
555,214,155,319
554,215,155,319
555,212,155,319
554,213,155,319
555,212,155,319
554,211,155,319
555,210,155,319
554,211,155,319
555,210,155,319
554,209,155,319
555,208,155,319
554,207,155,319
555,206,155,319
556,207,155,319
557,206,155,319
556,205,155,319
557,204,155,319
556,205,155,319
557,202,155,319
556,203,155,319
557,202,155,319
556,201,155,319
557,200,155,319
556,201,155,319
557,198,155,319
556,199,155,319
557,198,155,319
556,197,155,319
557,196,155,319
556,197,155,319
557,194,155,319
558,195,155,319
559,194,155,319
558,193,155,319
559,192,155,319
558,193,155,319
559,190,155,319
558,191,155,319
559,190,155,319
558,189,155,319
559,188,155,319
560,189,155,319
561,186,155,319
560,187,155,319
561,186,155,319
560,185,155,319
561,184,155,319
560,185,155,319
561,184,155,319
562,183,155,319
563,182,155,319
562,183,155,319
563,182,155,319
562,181,155,319
563,180,155,319
562,181,155,319
563,180,155,319
562,179,155,319
563,178,155,319
564,179,155,319
565,178,155,319
564,177,155,319
565,176,155,319
564,177,155,319
565,176,155,319
564,175,155,319
565,174,155,319
564,175,155,319
565,174,155,319
566,175,155,319
567,174,155,319
566,175,155,319
567,174,155,319
566,173,155,319
567,172,155,319
566,173,155,319
567,172,155,319
566,173,155,319
567,172,155,319
566,173,155,319
567,172,155,319
566,171,155,319
567,170,155,319
568,171,155,319
569,170,155,319
568,171,155,319
569,172,155,319
568,173,155,319
569,172,155,319
568,173,155,319
569,172,155,319
568,173,155,319
569,172,155,319
568,173,155,319
569,172,155,319
570,173,155,319
571,172,155,319
570,173,155,319
571,172,155,319
570,173,155,319
571,172,155,319
570,173,155,319
571,172,155,319
570,171,155,319
571,170,155,319
570,171,155,319
571,170,155,319
570,171,155,319
571,170,155,319
570,169,155,319
571,168,155,319
570,169,155,319
571,168,155,319
572,169,155,319
573,170,155,319
572,171,155,319
573,170,155,319
572,173,155,319
573,172,155,319
572,173,155,319
573,174,155,319
572,175,155,319
573,176,155,319
572,177,155,319
573,176,155,319
572,177,155,319
573,176,155,319
574,179,155,319
575,178,155,319
574,179,155,319
575,178,155,319
574,179,155,319
575,180,155,319
574,181,155,319
575,180,155,319
574,181,155,319
575,180,155,319
574,181,155,319
575,180,155,319
574,181,155,319
575,180,155,319
574,181,155,319
575,180,155,319
574,181,155,319
575,180,155,319
574,181,155,319
575,180,155,319
574,181,155,319
575,180,155,319
574,181,155,319
575,180,155,319
574,181,155,319
575,180,155,319
574,179,155,319
575,178,155,319
574,179,155,319
575,178,155,319
574,179,155,319
575,178,155,319
574,179,155,319
575,178,155,319
574,179,155,319
575,176,155,319
574,177,155,319
575,176,155,319
574,177,155,319
575,176,155,319
574,175,155,319
575,174,155,319
574,175,155,319
575,174,155,319
574,175,155,319
575,174,155,319
574,173,155,319
575,172,155,319
574,173,155,319
575,172,155,319
574,173,155,319
575,172,155,319
574,171,155,319
575,170,155,319
574,171,155,319
575,170,155,319
574,171,155,319
575,170,155,319
574,169,155,319
575,168,155,319
574,169,155,319
575,168,155,319
574,169,155,319
575,168,155,319
574,167,155,319
575,166,155,319
574,167,155,319
575,166,155,319
574,167,155,319
575,166,155,319
574,165,155,319
575,164,155,319
574,165,155,319
575,164,155,319
574,163,155,319
575,162,155,319
574,163,155,319
575,160,155,319
574,161,155,319
575,160,155,319
574,161,155,319
575,158,155,319
574,159,155,319
575,158,155,319
574,159,155,319
575,158,155,319
574,159,155,319
575,158,155,319
574,159,155,319
575,158,155,319
574,157,155,319
575,156,155,319
574,157,155,319
575,156,155,319
574,157,155,319
575,156,155,319
574,157,155,319
575,156,155,319
574,155,155,319
575,154,155,319
574,155,155,319
575,154,155,319
574,155,155,319
575,154,155,319
574,153,155,319
575,152,155,319
574,153,155,319
575,152,155,319
574,153,155,319
575,152,155,319
574,151,155,319
575,150,155,319
574,151,155,319
575,150,155,319
574,151,155,319
575,150,155,319
574,151,155,319
575,150,155,319
574,151,155,319
575,150,155,319
574,151,155,319
575,150,155,319
574,151,155,319
575,150,155,319
574,151,155,319
575,150,155,319
574,153,155,319
575,152,155,319
574,153,155,319
575,152,155,319
576,155,155,319
577,154,155,319
576,155,155,319
577,156,155,319
576,157,155,319
577,158,155,319
576,159,155,319
577,160,155,319
576,161,155,319
577,162,155,319
576,165,155,319
577,164,155,319
576,167,155,319
577,166,155,319
576,169,155,319
577,170,155,319
576,171,155,319
577,172,155,319
576,173,155,319
577,174,155,319
578,177,155,319
579,176,155,319
578,179,155,319
579,178,155,319
578,181,155,319
579,182,155,319
578,183,155,319
579,184,155,319
578,185,155,319
579,186,155,319
578,189,155,319
579,188,155,319
580,191,155,319
581,190,155,319
580,193,155,319
581,194,155,319
580,195,155,319
581,198,155,319
580,201,155,319
581,202,155,319
580,205,155,319
581,206,155,319
582,209,155,319
583,212,155,319
582,215,155,319
583,216,155,319
582,219,155,319
583,220,155,319
582,223,155,319
583,224,155,319
584,227,155,319
585,228,155,319
584,231,155,319
585,232,155,319
584,233,155,319
585,234,155,319
584,237,155,319
585,238,155,319
586,239,155,319
587,240,155,319
586,243,155,319
587,242,155,319
586,245,155,319
587,244,155,319
586,247,155,319
587,246,155,319
588,249,155,319
589,248,155,319
588,251,155,319
589,250,155,319
588,253,155,319
589,252,155,319
588,255,155,319
589,254,155,319
590,257,155,319
591,258,155,319
590,259,155,319
591,260,155,319
590,263,155,319
591,262,155,319
590,265,155,319
591,266,155,319
592,267,155,319
593,268,155,319
592,271,155,319
593,270,155,319
592,273,155,319
593,274,155,319
592,275,155,319
593,276,155,319
594,279,155,319
595,278,155,319
594,281,155,319
595,282,155,319
594,283,155,319
595,284,155,319
594,287,155,319
595,286,155,319
596,289,155,319
597,290,155,319
596,291,155,319
597,292,155,319
596,293,155,319
597,294,155,319
596,297,155,319
597,296,155,319
596,299,155,319
597,300,155,319
598,301,155,319
599,302,155,319
598,303,155,319
599,304,155,319
598,305,155,319
599,306,155,319
598,307,155,319
599,308,155,319
598,309,155,319
599,310,155,319
598,311,155,319
599,312,155,319
600,313,155,319
601,314,155,319
600,317,155,319
601,316,155,319
600,319,155,319
601,318,155,319
600,321,155,319
601,322,155,319
600,323,155,319
601,324,155,319
600,325,155,319
601,326,155,319
602,327,155,319
603,328,155,319
602,331,155,319
603,330,155,319
602,333,155,319
603,332,155,319
602,335,155,319
603,336,155,319
602,337,155,319
603,338,155,319
604,339,155,319
605,340,155,319
604,341,155,319
605,342,155,319
604,345,155,319
605,344,155,319
604,347,155,319
605,346,155,319
604,349,155,319
605,350,155,319
606,351,155,319
607,352,155,319
606,353,155,319
607,354,155,319
606,357,155,319
607,356,155,319
606,359,155,319
607,358,155,319
606,361,155,319
607,362,155,319
608,363,155,319
609,364,155,319
608,365,155,319
609,366,155,319
608,367,155,319
609,368,155,319
608,371,155,319
609,370,155,319
608,373,155,319
609,372,155,319
608,375,155,319
609,374,155,319
610,377,155,319
611,378,155,319
610,379,155,319
611,380,155,319
610,381,155,319
611,382,155,319
610,383,155,319
611,384,155,319
610,385,155,319
611,386,155,319
612,387,155,319
613,388,155,319
612,389,155,319
613,390,155,319
612,391,155,319
613,392,155,319
612,393,155,319
613,392,155,319
612,395,155,319
613,394,155,319
612,397,155,319
613,396,155,319
612,397,155,319
613,398,155,319
612,399,155,319
613,400,155,319
612,401,155,319
613,400,155,319
612,403,155,319
613,402,155,319
612,403,155,319
613,404,155,319
612,405,155,319
613,404,155,319
612,407,155,319
613,406,155,319
612,407,155,319
613,408,155,319
612,409,155,319
613,410,155,319
612,411,155,319
613,410,155,319
612,413,155,319
613,412,155,319
612,413,155,319
613,414,155,319
612,415,155,319
613,414,155,319
612,415,155,319
613,416,155,319
612,417,155,319
613,416,155,319
612,419,155,319
613,418,155,319
612,419,155,319
613,418,155,319
612,419,155,319
613,420,155,319
612,421,155,319
613,420,155,319
612,421,155,319
613,420,155,319
612,421,155,319
613,420,155,319
612,421,155,319
613,420,155,319
612,421,155,319
613,420,155,319
612,421,155,319
613,420,155,319
612,421,155,319
613,420,155,319
612,421,155,319
613,420,155,319
612,421,155,319
613,420,155,319
612,421,155,319
613,422,155,319
612,423,155,319
613,422,155,319
612,423,155,319
613,422,155,319
612,423,155,319
613,424,155,319
612,425,155,319
613,424,155,319
614,425,155,319
615,424,155,319
614,425,155,319
615,426,155,319
614,427,155,319
615,426,155,319
614,427,155,319
615,426,155,319
614,427,155,319
615,428,155,319
614,429,155,319
615,428,155,319
614,429,155,319
615,428,155,319
614,429,155,319
615,428,155,319
614,429,155,319
615,428,155,319
614,429,155,319
615,430,155,319
616,431,155,319
617,430,155,319
616,431,155,319
617,430,155,319
616,431,155,319
617,430,155,319
616,431,155,319
617,430,155,319
616,431,155,319
617,430,155,319
616,431,155,319
617,430,155,319
616,431,155,319
617,430,155,319
616,431,155,319
617,430,155,319
616,431,155,319
617,430,155,319
616,431,155,319
617,430,155,319
616,431,155,319
617,430,155,319
616,431,155,319
617,430,155,319
616,431,155,319
617,432,155,319
616,433,155,319
617,432,155,319
616,433,155,319
617,432,155,319
616,433,155,319
617,432,155,319
616,433,155,319
617,434,155,319
616,435,155,319
617,434,155,319
616,435,155,319
617,434,155,319
616,435,155,319
617,434,155,319
616,435,155,319
617,434,155,319
616,435,155,319
617,434,155,319
616,435,155,319
617,434,155,319
616,435,155,319
617,434,155,319
616,435,155,319
617,434,155,319
616,435,155,319
617,434,155,319
616,435,155,319
617,434,155,319
616,435,155,319
617,434,155,319
616,435,155,319
617,434,155,319
616,435,155,319
617,434,155,319
616,435,155,319
617,434,155,319
616,435,155,319
617,434,155,319
618,433,155,319
619,432,155,319
618,433,155,319
619,432,155,319
618,433,155,319
619,432,155,319
618,433,155,319
619,432,155,319
618,433,155,319
619,432,155,319
618,433,155,319
619,432,155,319
618,433,155,319
619,432,155,319
618,433,155,319
619,432,155,319
618,433,155,319
619,432,155,319
618,431,155,319
619,430,155,319
618,431,155,319
619,430,155,319
618,431,155,319
619,430,155,319
618,431,155,319
619,430,155,319
618,431,155,319
619,430,155,319
618,431,155,319
619,430,155,319
618,431,155,319
619,430,155,319
618,429,155,319
619,428,155,319
618,429,155,319
619,428,155,319
618,429,155,319
619,428,155,319
618,429,155,319
619,428,155,319
618,429,155,319
619,428,155,319
618,429,155,319
619,428,155,319
618,427,155,319
619,426,155,319
618,427,155,319
619,426,155,319
618,427,155,319
619,426,155,319
618,427,155,319
619,426,155,319
618,427,155,319
619,426,155,319
618,425,155,319
619,424,155,319
618,425,155,319
619,424,155,319
618,425,155,319
619,424,155,319
