541,296,188,130
541,296,188,130
541,296,188,130
541,296,188,130
541,296,188,130
541,294,188,130
541,296,188,130
541,294,188,130
541,296,188,130
539,294,188,130
541,294,188,130
539,294,188,130
541,294,188,130
539,294,188,130
541,294,188,130
539,292,188,130
539,290,188,130
539,292,188,130
539,290,188,130
539,290,188,130
539,290,188,130
537,290,188,130
535,290,188,130
537,290,188,130
535,290,188,130
535,288,188,130
535,286,188,130
535,288,188,130
533,286,188,130
531,286,188,130
533,286,188,130
531,286,188,130
531,286,188,130
531,286,188,130
531,284,188,130
531,282,188,130
529,284,188,130
527,282,188,130
529,284,188,130
527,282,188,130
527,282,188,130
527,282,188,130
527,282,188,130
527,282,188,130
527,282,188,130
525,282,188,130
523,282,188,130
525,282,188,130
523,282,188,130
525,282,188,130
523,282,188,130
525,280,188,130
523,278,188,130
525,280,188,130
523,278,188,130
525,280,188,130
523,278,188,130
525,280,188,130
523,278,188,130
525,280,188,130
525,278,188,130
525,278,188,130
525,278,188,130
525,278,188,130
525,278,188,130
527,278,188,130
529,278,188,130
527,278,188,130
529,278,188,130
527,278,188,130
529,278,188,130
529,278,188,130
529,278,188,130
529,278,188,130
529,278,188,130
529,278,188,130
529,278,188,130
531,278,188,130
533,278,188,130
531,278,188,130
533,278,188,130
531,278,188,130
533,278,188,130
533,278,188,130
533,278,188,130
533,278,188,130
533,280,188,130
533,278,188,130
533,280,188,130
533,278,188,130
533,280,188,130
533,280,188,130
533,280,188,130
533,282,188,130
533,284,188,130
533,282,188,130
533,284,188,130
533,284,188,130
533,284,188,130
533,286,188,130
535,288,188,130
535,288,188,130
535,288,188,130
535,288,188,130
535,290,188,130
535,292,188,130
535,292,188,130
535,292,188,130
535,292,188,130
535,294,188,130
535,296,188,130
535,294,188,130
535,298,188,130
535,298,188,130
535,298,188,130
535,300,188,130
535,298,188,130
535,300,188,130
535,300,188,130
535,300,188,130
535,300,188,130
535,300,188,130
535,300,188,130
535,300,188,130
535,302,188,130
535,304,188,130
535,302,188,130
535,304,188,130
533,302,188,130
531,304,188,130
533,302,188,130
531,304,188,130
533,302,188,130
531,304,188,130
533,302,188,130
531,302,188,130
533,302,188,130
531,302,188,130
531,302,188,130
531,302,188,130
531,302,188,130
531,302,188,130
531,302,188,130
529,302,188,130
527,302,188,130
529,302,188,130
527,302,188,130
529,304,188,130
527,302,188,130
527,304,188,130
527,304,188,130
527,304,188,130
527,304,188,130
527,306,188,130
527,308,188,130
527,306,188,130
527,308,188,130
527,308,188,130
527,308,188,130
527,308,188,130
527,308,188,130
527,308,188,130
527,308,188,130
527,310,188,130
527,312,188,130
527,310,188,130
527,312,188,130
527,310,188,130
527,312,188,130
527,310,188,130
527,312,188,130
527,312,188,130
529,312,188,130
527,312,188,130
529,310,188,130
527,312,188,130
529,310,188,130
529,312,188,130
529,310,188,130
529,312,188,130
529,310,188,130
531,312,188,130
533,310,188,130
531,312,188,130
533,310,188,130
533,312,188,130
533,310,188,130
533,312,188,130
535,310,188,130
537,312,188,130
537,310,188,130
537,312,188,130
537,310,188,130
539,312,188,130
541,310,188,130
541,312,188,130
541,310,188,130
541,312,188,130
543,312,188,130
545,312,188,130
545,312,188,130
545,312,188,130
547,312,188,130
549,312,188,130
549,312,188,130
549,312,188,130
551,312,188,130
553,312,188,130
553,312,188,130
553,312,188,130
555,312,188,130
557,312,188,130
557,312,188,130
557,312,188,130
559,312,188,130
561,312,188,130
559,312,188,130
563,312,188,130
563,312,188,130
563,312,188,130
565,312,188,130
563,312,188,130
565,312,188,130
565,314,188,130
565,316,188,130
565,314,188,130
565,316,188,130
565,314,188,130
565,316,188,130
565,316,188,130
565,316,188,130
565,316,188,130
567,316,188,130
567,316,188,130
569,316,188,130
567,318,188,130
569,320,188,130
567,318,188,130
569,320,188,130
567,320,188,130
569,320,188,130
567,320,188,130
569,322,188,130
567,324,188,130
569,322,188,130
567,324,188,130
569,324,188,130
567,324,188,130
569,326,188,130
567,328,188,130
569,328,188,130
567,328,188,130
569,330,188,130
567,332,188,130
567,332,188,130
567,332,188,130
567,334,188,130
567,336,188,130
567,336,188,130
565,336,188,130
563,338,188,130
565,340,188,130
563,340,188,130
563,340,188,130
563,342,188,130
563,344,188,130
561,342,188,130
559,344,188,130
561,344,188,130
559,344,188,130
559,344,188,130
559,344,188,130
557,346,188,130
555,348,188,130
557,346,188,130
555,348,188,130
555,348,188,130
555,348,188,130
553,348,188,130
551,348,188,130
551,348,188,130
551,348,188,130
551,348,188,130
549,348,188,130
547,348,188,130
547,348,188,130
547,348,188,130
545,348,188,130
543,348,188,130
543,348,188,130
543,348,188,130
541,348,188,130
539,348,188,130
539,348,188,130
539,348,188,130
537,348,188,130
535,348,188,130
535,348,188,130
535,348,188,130
533,348,188,130
529,348,188,130
529,348,188,130
527,350,188,130
527,352,188,130
527,350,188,130
525,352,188,130
523,350,188,130
523,352,188,130
521,350,188,130
519,352,188,130
519,352,188,130
517,352,188,130
515,352,188,130
515,352,188,130
513,352,188,130
511,352,188,130
511,352,188,130
509,352,188,130
507,352,188,130
507,352,188,130
507,352,188,130
505,352,188,130
503,352,188,130
503,352,188,130
503,352,188,130
501,352,188,130
499,352,188,130
499,352,188,130
499,352,188,130
499,352,188,130
497,352,188,130
495,352,188,130
497,352,188,130
495,352,188,130
495,352,188,130
495,354,188,130
495,356,188,130
495,354,188,130
495,356,188,130
493,354,188,130
491,356,188,130
493,354,188,130
491,356,188,130
493,354,188,130
491,356,188,130
493,356,188,130
491,356,188,130
493,356,188,130
491,356,188,130
493,356,188,130
491,356,188,130
493,356,188,130
491,356,188,130
493,356,188,130
491,356,188,130
493,356,188,130
491,356,188,130
491,356,188,130
491,356,188,130
489,356,188,130
487,356,188,130
487,358,188,130
487,360,188,130
485,358,188,130
483,360,188,130
483,358,188,130
483,360,188,130
481,358,188,130
479,360,188,130
479,358,188,130
479,360,188,130
477,360,188,130
475,360,188,130
475,360,188,130
475,360,188,130
475,360,188,130
473,360,188,130
471,360,188,130
471,360,188,130
471,360,188,130
469,360,188,130
467,360,188,130
469,360,188,130
467,360,188,130
467,360,188,130
467,360,188,130
465,362,188,130
463,364,188,130
463,362,188,130
463,364,188,130
463,362,188,130
461,364,188,130
459,364,188,130
459,364,188,130
459,364,188,130
459,364,188,130
457,364,188,130
455,364,188,130
455,364,188,130
455,364,188,130
455,366,188,130
453,368,188,130
451,366,188,130
451,368,188,130
451,366,188,130
449,368,188,130
447,368,188,130
449,368,188,130
447,368,188,130
447,368,188,130
447,370,188,130
445,372,188,130
443,370,188,130
443,372,188,130
443,372,188,130
441,372,188,130
439,372,188,130
439,372,188,130
439,374,188,130
439,376,188,130
437,374,188,130
435,376,188,130
435,376,188,130
435,376,188,130
433,376,188,130
431,376,188,130
431,378,188,130
431,380,188,130
429,378,188,130
427,380,188,130
427,380,188,130
427,380,188,130
427,380,188,130
425,380,188,130
423,382,188,130
423,384,188,130
423,382,188,130
423,384,188,130
421,384,188,130
419,384,188,130
419,384,188,130
419,384,188,130
419,384,188,130
419,384,188,130
417,384,188,130
415,386,188,130
415,388,188,130
415,386,188,130
415,388,188,130
413,388,188,130
411,388,188,130
413,388,188,130
411,388,188,130
411,388,188,130
411,388,188,130
411,388,188,130
409,388,188,130
407,390,188,130
409,392,188,130
407,390,188,130
407,392,188,130
407,392,188,130
407,392,188,130
407,392,188,130
405,392,188,130
403,392,188,130
405,394,188,130
403,396,188,130
405,394,188,130
403,396,188,130
405,396,188,130
403,396,188,130
405,396,188,130
403,396,188,130
405,396,188,130
403,398,188,130
405,400,188,130
403,398,188,130
403,400,188,130
403,400,188,130
403,400,188,130
403,400,188,130
403,400,188,130
403,402,188,130
403,404,188,130
403,402,188,130
403,404,188,130
403,404,188,130
403,404,188,130
403,404,188,130
403,406,188,130
403,408,188,130
403,406,188,130
403,408,188,130
403,408,188,130
403,408,188,130
403,408,188,130
403,410,188,130
403,412,188,130
405,412,188,130
403,412,188,130
405,412,188,130
405,414,188,130
405,416,188,130
405,414,188,130
