780,310,90,91
776,315,90,91
770,318,90,91
766,323,90,91
762,324,90,91
756,323,90,91
750,322,90,91
746,321,90,91
742,318,90,91
738,317,90,91
732,314,90,91
726,313,90,91
724,310,90,91
718,309,90,91
716,308,90,91
710,305,90,91
706,302,90,91
702,301,90,91
700,298,90,91
694,297,90,91
690,294,90,91
686,293,90,91
684,292,90,91
678,291,90,91
676,288,90,91
670,287,90,91
670,286,90,91
666,285,90,91
664,284,90,91
660,283,90,91
656,280,90,91
654,281,90,91
652,278,90,91
648,279,90,91
646,276,90,91
644,277,90,91
640,274,90,91
638,275,90,91
636,272,90,91
632,273,90,91
628,270,90,91
626,271,90,91
626,268,90,91
624,269,90,91
620,268,90,91
616,267,90,91
614,266,90,91
614,265,90,91
612,264,90,91
608,265,90,91
606,262,90,91
606,263,90,91
604,262,90,91
602,261,90,91
602,260,90,91
600,259,90,91
596,258,90,91
594,259,90,91
594,258,90,91
592,257,90,91
590,256,90,91
590,255,90,91
588,254,90,91
584,255,90,91
584,252,90,91
582,253,90,91
582,252,90,91
580,251,90,91
578,250,90,91
578,249,90,91
576,248,90,91
572,249,90,91
572,248,90,91
570,247,90,91
570,246,90,91
568,247,90,91
566,244,90,91
566,245,90,91
564,244,90,91
562,243,90,91
562,242,90,91
560,243,90,91
558,240,90,91
558,241,90,91
556,240,90,91
552,239,90,91
552,238,90,91
550,239,90,91
550,238,90,91
550,237,90,91
548,236,90,91
546,237,90,91
546,236,90,91
544,237,90,91
542,236,90,91
542,235,90,91
540,234,90,91
538,235,90,91
538,234,90,91
538,235,90,91
536,234,90,91
534,233,90,91
534,232,90,91
534,233,90,91
532,232,90,91
530,233,90,91
530,232,90,91
528,233,90,91
526,232,90,91
526,233,90,91
526,232,90,91
526,233,90,91
524,232,90,91
522,231,90,91
522,232,90,91
522,231,90,91
522,230,90,91
520,231,90,91
518,230,90,91
520,231,90,91
518,230,90,91
518,231,90,91
518,230,90,91
516,231,90,91
514,230,90,91
514,231,90,91
514,230,90,91
514,231,90,91
514,230,90,91
512,231,90,91
510,230,90,91
512,231,90,91
510,230,90,91
510,231,90,91
510,230,90,91
508,231,90,91
506,230,90,91
508,231,90,91
506,230,90,91
506,231,90,91
506,232,90,91
506,233,90,91
506,232,90,91
504,233,90,91
502,232,90,91
504,233,90,91
502,234,90,91
502,235,90,91
502,234,90,91
502,235,90,91
500,236,90,91
498,237,90,91
500,236,90,91
498,237,90,91
498,238,90,91
498,239,90,91
498,238,90,91
498,239,90,91
498,240,90,91
496,241,90,91
494,240,90,91
496,243,90,91
494,242,90,91
494,243,90,91
494,244,90,91
494,245,90,91
494,244,90,91
494,245,90,91
494,244,90,91
494,245,90,91
494,246,90,91
494,247,90,91
494,246,90,91
494,247,90,91
494,246,90,91
494,247,90,91
494,246,90,91
494,247,90,91
494,246,90,91
494,247,90,91
494,246,90,91
494,247,90,91
496,246,90,91
494,247,90,91
496,246,90,91
494,247,90,91
496,246,90,91
494,247,90,91
496,248,90,91
494,249,90,91
496,248,90,91
494,249,90,91
496,248,90,91
494,249,90,91
494,248,90,91
494,249,90,91
494,250,90,91
494,251,90,91
494,250,90,91
494,251,90,91
494,250,90,91
494,251,90,91
494,252,90,91
494,253,90,91
494,252,90,91
494,253,90,91
494,252,90,91
494,253,90,91
494,254,90,91
494,255,90,91
494,254,90,91
494,255,90,91
494,254,90,91
494,255,90,91
494,254,90,91
494,255,90,91
494,256,90,91
494,257,90,91
494,256,90,91
494,257,90,91
496,256,90,91
494,257,90,91
496,258,90,91
496,259,90,91
496,258,90,91
498,259,90,91
500,260,90,91
500,261,90,91
500,260,90,91
502,261,90,91
504,262,90,91
504,263,90,91
506,262,90,91
508,263,90,91
508,262,90,91
510,263,90,91
514,264,90,91
516,265,90,91
516,264,90,91
518,265,90,91
522,266,90,91
524,267,90,91
526,266,90,91
528,269,90,91
528,268,90,91
532,269,90,91
532,270,90,91
534,271,90,91
536,270,90,91
536,271,90,91
538,272,90,91
540,273,90,91
540,272,90,91
540,273,90,91
542,274,90,91
544,275,90,91
544,274,90,91
546,277,90,91
548,276,90,91
548,279,90,91
548,278,90,91
548,279,90,91
548,280,90,91
548,281,90,91
548,282,90,91
548,283,90,91
548,284,90,91
550,285,90,91
552,284,90,91
552,285,90,91
552,286,90,91
552,287,90,91
552,288,90,91
552,289,90,91
552,288,90,91
552,289,90,91
552,290,90,91
552,291,90,91
552,290,90,91
552,291,90,91
552,292,90,91
552,293,90,91
552,292,90,91
552,295,90,91
552,294,90,91
552,295,90,91
552,296,90,91
552,297,90,91
552,296,90,91
552,297,90,91
552,298,90,91
552,299,90,91
552,298,90,91
552,299,90,91
552,298,90,91
552,299,90,91
552,298,90,91
552,299,90,91
552,300,90,91
552,301,90,91
552,300,90,91
552,301,90,91
552,300,90,91
552,301,90,91
552,300,90,91
552,301,90,91
552,300,90,91
552,301,90,91
552,300,90,91
552,301,90,91
552,302,90,91
552,303,90,91
552,302,90,91
552,303,90,91
552,302,90,91
552,303,90,91
552,302,90,91
552,303,90,91
552,302,90,91
552,303,90,91
552,302,90,91
552,303,90,91
552,302,90,91
552,303,90,91
552,302,90,91
552,303,90,91
552,302,90,91
552,303,90,91
552,302,90,91
552,303,90,91
552,302,90,91
552,303,90,91
552,302,90,91
552,303,90,91
552,302,90,91
552,303,90,91
552,302,90,91
550,303,90,91
552,302,90,91
550,303,90,91
552,302,90,91
550,303,90,91
552,302,90,91
550,303,90,91
550,302,90,91
550,303,90,91
550,302,90,91
550,303,90,91
550,302,90,91
548,303,90,91
546,302,90,91
548,303,90,91
546,302,90,91
548,301,90,91
546,300,90,91
546,301,90,91
546,300,90,91
546,301,90,91
546,300,90,91
546,301,90,91
546,300,90,91
544,299,90,91
542,298,90,91
544,299,90,91
542,298,90,91
544,299,90,91
542,298,90,91
542,299,90,91
542,298,90,91
542,299,90,91
542,298,90,91
542,297,90,91
542,296,90,91
542,297,90,91
542,296,90,91
542,297,90,91
542,296,90,91
542,297,90,91
542,296,90,91
540,297,90,91
538,296,90,91
540,297,90,91
538,296,90,91
540,297,90,91
538,296,90,91
540,297,90,91
538,296,90,91
540,297,90,91
538,296,90,91
540,297,90,91
538,296,90,91
540,297,90,91
538,296,90,91
540,297,90,91
538,296,90,91
540,297,90,91
538,296,90,91
540,297,90,91
538,296,90,91
540,297,90,91
538,296,90,91
540,297,90,91
538,296,90,91
540,297,90,91
540,296,90,91
540,297,90,91
540,296,90,91
540,297,90,91
540,296,90,91
540,297,90,91
540,296,90,91
540,297,90,91
540,296,90,91
540,297,90,91
542,296,90,91
544,297,90,91
542,296,90,91
544,297,90,91
542,296,90,91
544,297,90,91
544,296,90,91
544,297,90,91
544,296,90,91
544,297,90,91
544,296,90,91
544,297,90,91
546,296,90,91
548,297,90,91
546,296,90,91
548,297,90,91
546,296,90,91
548,297,90,91
548,296,90,91
548,297,90,91
548,296,90,91
548,297,90,91
548,296,90,91
550,297,90,91
552,296,90,91
550,297,90,91
552,296,90,91
552,297,90,91
552,296,90,91
552,297,90,91
552,296,90,91
552,297,90,91
554,298,90,91
556,299,90,91
554,298,90,91
556,299,90,91
556,298,90,91
556,299,90,91
556,298,90,91
556,299,90,91
558,298,90,91
560,299,90,91
558,298,90,91
560,299,90,91
560,298,90,91
560,299,90,91
560,298,90,91
560,299,90,91
560,298,90,91
560,299,90,91
562,298,90,91
564,299,90,91
564,298,90,91
564,299,90,91
564,298,90,91
564,299,90,91
564,298,90,91
566,299,90,91
568,300,90,91
566,301,90,91
568,300,90,91
568,301,90,91
568,300,90,91
568,301,90,91
568,300,90,91
570,301,90,91
572,300,90,91
570,301,90,91
572,300,90,91
572,301,90,91
572,300,90,91
572,301,90,91
572,302,90,91
574,303,90,91
576,302,90,91
574,303,90,91
576,302,90,91
576,303,90,91
576,302,90,91
576,303,90,91
576,302,90,91
578,303,90,91
580,302,90,91
578,303,90,91
580,302,90,91
580,303,90,91
580,302,90,91
580,303,90,91
580,302,90,91
580,303,90,91
580,302,90,91
582,303,90,91
584,302,90,91
582,303,90,91
584,302,90,91
582,303,90,91
584,302,90,91
582,303,90,91
584,302,90,91
582,303,90,91
584,302,90,91
582,303,90,91
584,302,90,91
582,303,90,91
584,302,90,91
582,303,90,91
584,302,90,91
582,303,90,91
584,302,90,91
582,303,90,91
584,302,90,91
582,303,90,91
584,302,90,91
584,303,90,91
584,302,90,91
584,303,90,91
584,302,90,91
584,303,90,91
584,302,90,91
584,303,90,91
584,302,90,91
584,303,90,91
584,302,90,91
584,303,90,91
584,302,90,91
584,303,90,91
584,302,90,91
584,303,90,91
584,302,90,91
584,303,90,91
584,302,90,91
586,303,90,91
586,302,90,91
588,303,90,91
586,302,90,91
588,303,90,91
586,302,90,91
588,303,90,91
586,302,90,91
588,303,90,91
588,302,90,91
588,303,90,91
588,302,90,91
588,303,90,91
588,302,90,91
588,303,90,91
588,302,90,91
588,303,90,91
588,302,90,91
588,303,90,91
588,302,90,91
588,303,90,91
588,302,90,91
588,303,90,91
588,302,90,91
590,303,90,91
592,302,90,91
590,303,90,91
592,302,90,91
590,303,90,91
592,302,90,91
590,303,90,91
592,302,90,91
592,303,90,91
592,302,90,91
592,303,90,91
592,302,90,91
592,303,90,91
592,302,90,91
592,303,90,91
592,302,90,91
592,303,90,91
592,302,90,91
592,303,90,91
592,302,90,91
592,303,90,91
592,302,90,91
592,303,90,91
592,302,90,91
592,303,90,91
592,302,90,91
594,303,90,91
596,302,90,91
594,303,90,91
596,302,90,91
594,303,90,91
596,302,90,91
594,303,90,91
596,302,90,91
594,303,90,91
596,302,90,91
596,303,90,91
596,302,90,91
596,303,90,91
596,302,90,91
596,303,90,91
596,302,90,91
596,303,90,91
596,302,90,91
596,303,90,91
596,302,90,91
596,303,90,91
596,302,90,91
596,303,90,91
596,302,90,91
596,303,90,91
598,302,90,91
600,303,90,91
598,302,90,91
600,303,90,91
598,302,90,91
600,303,90,91
600,302,90,91
600,303,90,91
600,302,90,91
600,303,90,91
600,302,90,91
600,303,90,91
600,302,90,91
600,303,90,91
600,302,90,91
600,303,90,91
602,302,90,91
604,303,90,91
602,302,90,91
604,303,90,91
604,302,90,91
604,303,90,91
604,302,90,91
604,303,90,91
604,302,90,91
604,303,90,91
606,302,90,91
608,303,90,91
606,302,90,91
608,303,90,91
608,302,90,91
608,303,90,91
608,302,90,91
608,303,90,91
608,302,90,91
608,303,90,91
610,302,90,91
612,303,90,91
610,302,90,91
612,303,90,91
612,302,90,91
612,303,90,91
612,302,90,91
612,303,90,91
612,302,90,91
614,303,90,91
616,302,90,91
616,303,90,91
616,302,90,91
616,303,90,91
616,302,90,91
616,303,90,91
616,302,90,91
618,303,90,91
620,302,90,91
620,303,90,91
620,302,90,91
620,303,90,91
620,302,90,91
620,303,90,91
620,302,90,91
622,303,90,91
624,302,90,91
624,303,90,91
624,302,90,91
624,303,90,91
624,302,90,91
624,303,90,91
624,302,90,91
626,303,90,91
628,302,90,91
628,303,90,91
628,302,90,91
628,303,90,91
628,302,90,91
628,303,90,91
628,302,90,91
628,303,90,91
628,302,90,91
628,303,90,91
628,302,90,91
628,303,90,91
628,302,90,91
628,303,90,91
630,302,90,91
632,303,90,91
632,302,90,91
632,303,90,91
632,302,90,91
632,303,90,91
632,302,90,91
632,303,90,91
632,302,90,91
632,303,90,91
630,302,90,91
628,303,90,91
624,302,90,91
622,303,90,91
620,302,90,91
616,303,90,91
612,304,90,91
608,305,90,91
604,304,90,91
600,305,90,91
596,304,90,91
590,305,90,91
586,304,90,91
582,305,90,91
578,304,90,91
574,305,90,91
568,304,90,91
562,305,90,91
558,304,90,91
554,305,90,91
550,304,90,91
544,305,90,91
538,304,90,91
625,342,34,15
621,342,34,15
618,342,34,15
615,342,34,15
612,342,34,15
610,342,34,15
609,342,34,15
607,342,34,15
605,343,34,15
604,342,34,15
603,343,34,15
603,342,34,15
602,343,34,15
602,342,34,15
602,343,34,15
602,342,34,15
602,343,34,15
602,342,34,15
603,343,34,15
604,342,34,15
604,343,34,15
605,342,34,15
606,343,34,15
607,342,34,15
608,343,34,15
609,342,34,15
610,343,34,15
611,342,34,15
612,343,34,15
613,342,34,15
613,343,34,15
614,342,34,15
615,343,34,15
616,342,34,15
617,343,34,15
618,343,34,15
619,343,34,15
620,343,34,15
621,343,34,15
622,343,34,15
622,343,34,15
623,343,34,15
624,343,34,15
624,343,34,15
625,343,34,15
626,343,34,15
626,343,34,15
627,343,34,15
628,343,34,15
629,343,34,15
629,343,34,15
630,343,34,15
631,343,34,15
631,343,34,15
632,343,34,15
633,343,34,15
633,343,34,15
634,343,34,15
634,343,34,15
635,343,34,15
636,343,34,15
636,343,34,15
637,343,34,15
638,343,34,15
639,343,34,15
640,343,34,15
640,343,34,15
641,343,34,15
642,344,34,15
643,345,34,15
644,344,34,15
644,345,34,15
645,344,34,15
646,345,34,15
647,344,34,15
648,345,34,15
649,345,34,15
650,345,34,15
651,345,34,15
652,345,34,15
653,345,34,15
654,345,34,15
655,345,34,15
657,345,34,15
658,345,34,15
659,345,34,15
660,345,34,15
661,345,34,15
662,345,34,15
663,345,34,15
664,345,34,15
665,345,34,15
666,345,34,15
667,345,34,15
668,345,34,15
669,345,34,15
670,345,34,15
671,345,34,15
672,345,34,15
673,345,34,15
674,345,34,15
675,345,34,15
676,345,34,15
677,345,34,15
679,345,34,15
680,346,34,15
682,346,34,15
683,347,34,15
685,346,34,15
687,347,34,15
688,346,34,15
689,347,34,15
691,346,34,15
693,347,34,15
694,346,34,15
696,347,34,15
697,346,34,15
699,347,34,15
700,347,34,15
702,347,34,15
703,347,34,15
705,347,34,15
706,347,34,15
708,347,34,15
709,347,34,15
711,347,34,15
712,347,34,15
714,347,34,15
716,347,34,15
717,348,34,15
718,349,34,15
720,348,34,15
721,349,34,15
723,348,34,15
724,349,34,15
725,348,34,15
725,348,34,15
733,350,35,16
734,350,35,16
736,350,35,16
737,350,35,16
737,350,35,16
739,350,35,16
740,350,35,16
742,350,35,16
744,350,35,16
745,350,35,16
745,350,35,16
746,351,35,16
748,351,35,16
750,351,35,16
751,351,35,16
751,351,35,16
753,351,35,16
754,351,35,16
756,351,35,16
757,351,35,16
757,351,35,16
759,351,35,16
760,351,35,16
761,351,35,16
761,351,35,16
762,351,35,16
765,351,35,16
765,351,35,16
765,351,35,16
765,351,35,16
766,351,35,16
767,351,35,16
767,351,35,16
770,352,26,18
770,352,26,18
770,352,26,18
770,352,26,18
769,352,26,18
769,352,26,18
768,352,26,18
768,352,26,18
767,352,26,18
766,352,26,18
765,352,26,18
764,352,26,18
763,352,26,18
762,352,26,18
761,352,26,18
760,352,26,18
759,352,26,18
758,352,26,18
757,352,26,18
756,352,26,18
755,352,26,18
754,352,26,18
754,352,26,18
753,352,26,18
752,352,26,18
752,352,26,18
751,352,26,18
751,352,26,18
750,352,26,18
749,352,26,18
748,352,26,18
748,352,26,18
747,352,26,18
745,352,26,18
744,352,26,18
742,352,26,18
741,352,26,18
739,352,26,18
737,352,26,18
735,352,26,18
733,352,26,18
731,352,26,18
729,352,26,18
727,352,26,18
725,352,26,18
723,352,26,18
721,352,26,18
720,352,26,18
717,352,26,18
715,352,26,18
713,352,26,18
711,352,26,18
709,352,26,18
707,352,26,18
705,352,26,18
703,352,26,18
701,352,26,18
699,352,26,18
697,353,26,18
695,353,26,18
693,353,26,18
691,353,26,18
690,353,26,18
687,353,26,18
685,353,26,18
683,353,26,18
681,353,26,18
680,353,26,18
677,354,26,18
675,354,26,18
674,354,26,18
673,354,26,18
671,354,26,18
670,354,26,18
668,354,26,18
667,354,26,18
666,354,26,18
665,354,26,18
664,354,26,18
663,354,26,18
662,354,26,18
661,355,26,18
660,355,26,18
659,355,26,18
658,355,26,18
657,355,26,18
655,355,26,18
654,355,26,18
652,355,26,18
651,355,26,18
649,355,26,18
648,355,26,18
647,355,26,18
646,355,26,18
646,355,26,18
645,355,26,18
645,355,26,18
645,355,26,18
644,355,26,18
644,355,26,18
644,355,26,18
644,355,26,18
644,356,26,18
644,356,26,18
644,356,26,18
644,356,26,18
643,356,26,18
643,356,26,18
643,356,26,18
643,356,26,18
643,356,26,18
643,356,26,18
643,356,26,18
643,356,26,18
643,357,26,18
643,357,26,18
643,357,26,18
642,357,26,18
642,357,26,18
641,357,26,18
641,357,26,18
640,357,26,18
639,357,26,18
638,357,26,18
637,358,26,18
636,358,26,18
635,358,26,18
634,358,26,18
633,358,26,18
632,358,26,18
631,359,26,18
631,359,26,18
630,359,26,18
629,359,26,18
629,359,26,18
628,360,26,18
628,360,26,18
628,360,26,18
628,360,26,18
627,360,26,18
627,361,26,18
627,361,26,18
627,361,26,18
627,361,26,18
627,362,26,18
627,362,26,18
626,362,26,18
626,362,26,18
626,363,26,18
626,363,26,18
626,363,26,18
626,363,26,18
626,363,26,18
626,363,26,18
626,364,26,18
626,364,26,18
626,364,26,18
626,364,26,18
626,364,26,18
625,365,26,18
625,365,26,18
625,365,26,18
625,365,26,18
625,365,26,18
625,365,26,18
624,365,26,18
624,365,26,18
623,366,26,18
623,366,26,18
622,366,26,18
622,366,26,18
622,366,26,18
621,366,26,18
621,367,26,18
620,367,26,18
620,367,26,18
619,367,26,18
619,367,26,18
618,368,26,18
618,368,26,18
617,368,26,18
617,368,26,18
617,368,26,18
616,369,26,18
616,369,26,18
615,369,26,18
615,369,26,18
615,369,26,18
615,369,26,18
615,369,26,18
615,369,26,18
615,370,26,18
615,370,26,18
614,370,26,18
614,370,26,18
614,370,26,18
614,371,26,18
614,371,26,18
614,371,26,18
614,371,26,18
614,371,26,18
614,372,26,18
614,372,26,18
614,372,26,18
614,372,26,18
614,373,26,18
614,373,26,18
614,373,26,18
614,373,26,18
614,373,26,18
614,373,26,18
614,373,26,18
614,374,26,18
614,374,26,18
613,374,26,18
613,374,26,18
613,374,26,18
613,374,26,18
613,375,26,18
613,375,26,18
613,375,26,18
613,375,26,18
612,376,26,18
612,376,26,18
612,376,26,18
612,376,26,18
612,377,26,18
612,377,26,18
612,377,26,18
611,377,26,18
611,377,26,18
611,377,26,18
611,378,26,18
611,378,26,18
611,378,26,18
610,378,26,18
610,379,26,18
610,379,26,18
610,379,26,18
610,379,26,18
610,380,26,18
609,380,26,18
609,380,26,18
609,380,26,18
609,380,26,18
609,380,26,18
608,379,26,18
608,379,26,18
608,379,26,18
608,379,26,18
607,379,26,18
607,379,26,18
607,379,26,18
607,378,26,18
607,378,26,18
607,378,26,18
606,377,26,18
606,377,26,18
606,377,26,18
606,376,26,18
606,376,26,18
605,376,26,18
605,375,26,18
605,375,26,18
605,374,26,18
605,374,26,18
605,374,26,18
605,373,26,18
605,373,26,18
605,373,26,18
604,372,26,18
604,372,26,18
604,372,26,18
604,371,26,18
604,371,26,18
603,371,26,18
603,370,26,18
603,370,26,18
603,369,26,18
603,369,26,18
603,368,26,18
602,368,26,18
602,367,26,18
602,366,26,18
602,365,26,18
601,365,26,18
601,364,26,18
601,364,26,18
601,363,26,18
600,362,26,18
600,362,26,18
600,361,26,18
599,360,26,18
599,360,26,18
598,359,26,18
598,358,26,18
597,358,26,18
597,357,26,18
597,357,26,18
597,356,26,18
597,355,26,18
597,355,26,18
597,354,26,18
597,354,26,18
597,353,26,18
597,352,26,18
597,352,26,18
597,351,26,18
597,350,26,18
597,350,26,18
597,349,26,18
596,348,26,18
596,348,26,18
595,347,26,18
595,346,26,18
594,346,26,18
594,345,26,18
593,345,26,18
592,344,26,18
592,343,26,18
591,343,26,18
591,342,26,18
590,342,26,18
590,341,26,18
590,341,26,18
589,340,26,18
589,340,26,18
589,339,26,18
588,338,26,18
588,338,26,18
588,337,26,18
587,337,26,18
587,336,26,18
587,335,26,18
586,335,26,18
586,334,26,18
586,334,26,18
585,333,26,18
585,333,26,18
584,332,26,18
584,332,26,18
584,331,26,18
583,331,26,18
583,330,26,18
582,329,26,18
582,329,26,18
581,328,26,18
581,328,26,18
580,327,26,18
579,327,26,18
579,326,26,18
579,326,26,18
578,326,26,18
579,325,26,18
579,325,26,18
580,325,26,18
580,324,26,18
581,324,26,18
582,324,26,18
582,324,26,18
583,323,26,18
583,323,26,18
584,322,26,18
585,322,26,18
585,321,26,18
586,321,26,18
587,321,26,18
587,320,26,18
588,319,26,18
589,319,26,18
590,319,26,18
590,318,26,18
591,318,26,18
591,317,26,18
592,317,26,18
592,316,26,18
592,316,26,18
593,316,26,18
593,315,26,18
594,315,26,18
594,315,26,18
594,314,26,18
595,314,26,18
596,314,26,18
596,314,26,18
597,313,26,18
598,313,26,18
600,313,26,18
602,313,26,18
604,313,26,18
606,313,26,18
608,313,26,18
609,312,26,18
612,312,26,18
613,312,26,18
615,312,26,18
616,312,26,18
618,312,26,18
620,312,26,18
621,312,26,18
623,312,26,18
623,312,26,18
624,312,26,18
625,312,26,18
625,312,26,18
625,312,26,18
626,312,26,18
626,312,26,18
627,312,26,18
627,312,26,18
627,312,26,18
628,312,26,18
628,312,26,18
628,312,26,18
628,312,26,18
629,312,26,18
629,312,26,18
629,312,26,18
629,312,26,18
630,312,26,18
631,313,26,18
633,313,26,18
634,313,26,18
635,314,26,18
637,314,26,18
638,315,26,18
639,315,26,18
640,316,26,18
641,317,26,18
642,318,26,18
643,319,26,18
644,320,26,18
645,321,26,18
646,323,26,18
647,324,26,18
648,326,26,18
649,328,26,18
649,329,26,18
650,331,26,18
651,333,26,18
651,335,26,18
651,337,26,18
652,339,26,18
652,341,26,18
652,343,26,18
652,343,26,18
643,341,84,90
643,343,84,90
645,345,84,90
643,349,84,90
645,351,84,90
645,353,84,90
645,355,84,90
647,357,84,90
649,361,84,90
649,363,84,90
651,365,84,90
653,367,84,90
655,371,84,90
657,373,84,90
659,375,84,90
661,377,84,90
661,379,84,90
663,383,84,90
667,385,84,90
669,387,84,90
667,389,84,90
671,391,84,90
671,395,84,90
673,397,84,90
671,401,84,90
673,403,84,90
671,405,84,90
673,409,84,90
671,411,84,90
673,413,84,90
671,417,84,90
671,419,84,90
669,423,84,90
667,427,84,90
669,429,84,90
667,433,84,90
667,435,84,90
667,439,84,90
665,443,84,90
663,447,84,90
665,449,84,90
663,453,84,90
665,457,84,90
663,461,84,90
665,463,84,90
663,467,84,90
