608,344,17,8
608,344,17,8
607,344,17,8
607,344,17,8
606,344,17,8
604,344,17,8
604,344,17,8
603,344,17,8
603,345,17,8
603,345,17,8
602,345,17,8
600,345,17,8
600,345,17,8
599,345,17,8
599,345,17,8
599,345,17,8
599,345,17,8
599,345,17,8
600,345,17,8
599,345,17,8
601,345,17,8
601,345,17,8
601,345,17,8
602,345,17,8
601,345,17,8
603,345,17,8
603,345,17,8
603,345,17,8
604,345,17,8
603,345,17,8
603,345,17,8
607,343,16,11
607,343,16,11
608,343,16,11
608,343,16,11
608,343,16,11
609,343,16,11
609,343,16,11
610,343,16,11
610,343,16,11
610,343,16,11
610,343,16,11
611,343,16,11
611,343,16,11
611,343,16,11
611,343,16,11
612,343,16,11
612,342,16,11
612,343,16,11
613,342,16,11
613,343,16,11
613,343,16,11
611,342,15,12
611,341,15,12
611,341,15,12
612,340,15,12
613,340,15,12
612,340,15,12
613,339,15,12
612,339,15,12
613,338,15,12
612,338,15,12
613,338,15,12
613,337,15,12
613,337,15,12
613,336,15,12
613,336,15,12
613,335,15,12
613,335,15,12
613,335,15,12
613,334,15,12
613,334,15,12
613,333,15,12
612,333,15,12
613,332,15,12
612,332,15,12
613,331,15,12
612,331,15,12
613,330,15,12
612,330,15,12
612,330,15,12
612,329,15,12
612,329,15,12
612,329,15,12
612,328,15,12
612,328,15,12
612,328,15,12
611,328,15,12
610,328,15,12
611,327,15,12
610,327,15,12
611,327,15,12
610,327,15,12
611,327,15,12
610,327,15,12
611,327,15,12
610,327,15,12
610,327,15,12
610,327,15,12
610,327,15,12
611,327,15,12
610,327,15,12
611,327,15,12
611,327,15,12
611,327,15,12
612,327,15,12
613,327,15,12
612,327,15,12
613,327,15,12
613,327,15,12
614,327,15,12
615,327,15,12
614,327,15,12
615,327,15,12
615,327,15,12
615,327,15,12
616,327,15,12
617,327,15,12
617,327,15,12
617,327,15,12
618,327,15,12
619,327,15,12
619,327,15,12
619,327,15,12
619,327,15,12
620,327,15,12
621,327,15,12
621,327,15,12
621,327,15,12
622,327,15,12
623,327,15,12
623,327,15,12
623,327,15,12
623,327,15,12
624,327,15,12
625,327,15,12
625,326,15,12
625,326,15,12
626,326,15,12
627,326,15,12
627,326,15,12
627,326,15,12
628,326,15,12
629,326,15,12
629,326,15,12
629,326,15,12
630,326,15,12
631,325,15,12
631,325,15,12
631,325,15,12
632,325,15,12
633,325,15,12
633,325,15,12
633,325,15,12
634,325,15,12
635,325,15,12
635,325,15,12
635,325,15,12
636,325,15,12
637,325,15,12
637,325,15,12
637,325,15,12
638,325,15,12
639,325,15,12
639,325,15,12
639,325,15,12
640,325,15,12
641,325,15,12
641,325,15,12
641,325,15,12
642,325,15,12
643,325,15,12
643,325,15,12
643,325,15,12
644,325,15,12
645,325,15,12
645,324,15,12
645,324,15,12
645,324,15,12
646,324,15,12
647,324,15,12
647,324,15,12
647,324,15,12
647,324,15,12
648,324,15,12
649,324,15,12
648,324,15,12
649,324,15,12
649,324,15,12
649,324,15,12
649,324,15,12
649,324,15,12
650,324,15,12
651,324,15,12
651,324,15,12
651,324,15,12
651,324,15,12
652,324,15,12
653,324,15,12
652,324,15,12
652,324,15,12
651,322,19,12
651,322,19,12
652,322,19,12
653,322,19,12
653,322,19,12
653,322,19,12
653,322,19,12
654,322,19,12
655,322,19,12
655,322,19,12
655,322,19,12
656,322,19,12
657,323,19,12
656,323,19,12
657,323,19,12
657,323,19,12
657,323,19,12
657,323,19,12
657,324,19,12
657,324,19,12
656,324,19,12
656,324,19,12
656,324,19,12
656,324,19,12
655,324,19,12
654,324,19,12
655,324,19,12
654,324,19,12
655,324,19,12
653,324,19,12
653,324,19,12
652,324,19,12
653,324,19,12
652,325,19,12
652,325,19,12
651,325,19,12
650,325,19,12
650,325,19,12
650,325,19,12
649,325,19,12
648,325,19,12
648,325,19,12
648,325,19,12
647,325,19,12
645,325,19,12
645,325,19,12
644,325,19,12
645,325,19,12
643,325,19,12
642,325,19,12
643,325,19,12
641,325,19,12
641,325,19,12
640,325,19,12
640,326,19,12
640,326,19,12
639,326,19,12
638,326,19,12
638,326,19,12
638,326,19,12
637,326,19,12
636,326,19,12
636,326,19,12
636,326,19,12
635,326,19,12
634,325,19,12
634,325,19,12
634,325,19,12
633,325,19,12
632,325,19,12
632,325,19,12
631,325,19,12
630,325,19,12
630,325,19,12
630,325,19,12
629,325,19,12
628,325,19,12
628,325,19,12
628,325,19,12
627,325,19,12
626,325,19,12
626,325,19,12
626,325,19,12
625,325,19,12
624,325,19,12
624,326,19,12
624,326,19,12
623,326,19,12
622,326,19,12
622,326,19,12
622,326,19,12
621,327,19,12
620,327,19,12
620,327,19,12
620,327,19,12
619,327,19,12
618,328,19,12
618,328,19,12
618,328,19,12
617,328,19,12
616,328,19,12
616,328,19,12
615,328,19,12
614,328,19,12
614,328,19,12
613,328,19,12
612,328,19,12
612,328,19,12
611,328,19,12
610,328,19,12
610,328,19,12
609,328,19,12
608,328,19,12
608,328,19,12
607,328,19,12
606,328,19,12
606,328,19,12
605,328,19,12
604,328,19,12
604,328,19,12
603,328,19,12
602,328,19,12
602,328,19,12
602,328,19,12
601,328,19,12
600,328,19,12
601,328,19,12
600,328,19,12
601,328,19,12
600,328,19,12
601,328,19,12
600,328,19,12
601,328,19,12
600,328,19,12
600,328,19,12
602,327,23,14
602,327,23,14
602,327,23,14
602,327,23,14
603,327,23,14
602,327,23,14
603,327,23,14
602,327,23,14
603,327,23,14
602,327,23,14
603,327,23,14
603,327,23,14
603,327,23,14
603,327,23,14
603,327,23,14
603,327,23,14
603,327,23,14
603,327,23,14
603,327,23,14
603,327,23,14
603,327,23,14
603,327,23,14
603,327,23,14
603,327,23,14
603,327,23,14
603,327,23,14
603,327,23,14
603,327,23,14
603,327,23,14
603,327,23,14
603,327,23,14
604,327,23,14
605,327,23,14
604,327,23,14
605,327,23,14
605,327,23,14
605,327,23,14
605,327,23,14
605,327,23,14
606,327,23,14
607,327,23,14
606,327,23,14
607,327,23,14
607,327,23,14
607,327,23,14
607,327,23,14
607,327,23,14
607,327,23,14
608,327,23,14
609,327,23,14
608,327,23,14
609,327,23,14
608,327,23,14
609,327,23,14
609,327,23,14
609,327,23,14
609,327,23,14
609,327,23,14
609,327,23,14
609,327,23,14
609,327,23,14
609,327,23,14
609,327,23,14
609,327,23,14
609,327,23,14
609,327,23,14
610,327,23,14
611,327,23,14
610,327,23,14
611,328,23,14
610,328,23,14
611,328,23,14
610,328,23,14
611,328,23,14
611,328,23,14
611,329,23,14
611,329,23,14
611,329,23,14
611,329,23,14
612,329,23,14
613,329,23,14
612,329,23,14
613,329,23,14
613,329,23,14
613,329,23,14
613,329,23,14
613,329,23,14
613,329,23,14
613,329,23,14
614,329,23,14
615,329,23,14
614,329,23,14
615,329,23,14
615,329,23,14
615,329,23,14
615,330,23,14
616,330,23,14
617,330,23,14
616,330,23,14
617,330,23,14
617,330,23,14
617,330,23,14
617,330,23,14
617,330,23,14
618,330,23,14
619,330,23,14
618,330,23,14
619,330,23,14
619,330,23,14
619,330,23,14
620,330,23,14
621,331,23,14
620,331,23,14
622,331,23,14
622,331,23,14
623,331,23,14
622,331,23,14
623,331,23,14
623,331,23,14
623,331,23,14
624,331,23,14
625,331,23,14
624,331,23,14
626,332,23,14
626,332,23,14
626,332,23,14
627,332,23,14
626,332,23,14
627,333,23,14
627,333,23,14
627,333,23,14
627,333,23,14
628,333,23,14
629,333,23,14
628,334,23,14
629,334,23,14
629,334,23,14
629,334,23,14
630,334,23,14
631,334,23,14
631,334,23,14
631,334,23,14
632,334,23,14
633,334,23,14
633,334,23,14
633,334,23,14
634,334,23,14
635,335,23,14
635,335,23,14
635,335,23,14
636,335,23,14
637,335,23,14
637,335,23,14
637,335,23,14
638,335,23,14
639,335,23,14
638,335,23,14
640,335,23,14
640,335,23,14
641,335,23,14
640,335,23,14
642,336,23,14
642,336,23,14
643,336,23,14
642,336,23,14
643,337,23,14
643,337,23,14
643,337,23,14
644,337,23,14
645,338,23,14
644,338,23,14
645,338,23,14
645,338,23,14
645,338,23,14
645,338,23,14
646,339,23,14
647,339,23,14
646,339,23,14
647,339,23,14
646,340,23,14
647,340,23,14
647,340,23,14
647,341,23,14
647,341,23,14
647,341,23,14
647,341,23,14
647,342,23,14
647,342,23,14
647,342,23,14
646,342,23,14
647,343,23,14
646,343,23,14
647,343,23,14
646,343,23,14
646,344,23,14
646,344,23,14
645,344,23,14
644,345,23,14
645,345,23,14
643,345,23,14
643,346,23,14
643,346,23,14
642,346,23,14
643,346,23,14
641,347,23,14
641,347,23,14
641,347,23,14
640,348,23,14
640,348,23,14
640,348,23,14
639,349,23,14
638,349,23,14
638,349,23,14
632,340,30,29
631,341,30,29
631,342,30,29
630,342,30,29
629,342,30,29
628,343,30,29
627,344,30,29
626,344,30,29
625,344,30,29
624,345,30,29
623,346,30,29
622,346,30,29
621,347,30,29
620,348,30,29
619,348,30,29
618,348,30,29
617,349,30,29
615,350,30,29
614,350,30,29
613,350,30,29
612,351,30,29
611,352,30,29
610,352,30,29
609,352,30,29
607,353,30,29
606,354,30,29
604,354,30,29
603,354,30,29
602,355,30,29
600,356,30,29
599,356,30,29
597,356,30,29
596,357,30,29
594,358,30,29
593,358,30,29
592,358,30,29
590,359,30,29
589,361,30,29
587,361,30,29
586,362,30,29
584,362,30,29
582,363,30,29
581,364,30,29
580,364,30,29
579,365,30,29
578,366,30,29
577,366,30,29
576,367,30,29
576,367,30,29
571,366,42,40
570,367,42,40
569,368,42,40
568,369,42,40
567,370,42,40
565,371,42,40
564,372,42,40
562,373,42,40
561,374,42,40
560,375,42,40
558,376,42,40
557,377,42,40
555,378,42,40
553,379,42,40
551,380,42,40
549,381,42,40
548,382,42,40
545,383,42,40
543,384,42,40
541,386,42,40
539,387,42,40
537,388,42,40
534,389,42,40
532,390,42,40
529,391,42,40
526,392,42,40
524,393,42,40
520,395,42,40
518,396,42,40
515,397,42,40
512,398,42,40
510,399,42,40
510,399,42,40
481,396,80,58
479,397,80,58
476,399,80,58
473,400,80,58
469,402,80,58
466,404,80,58
463,405,80,58
460,406,80,58
457,408,80,58
453,410,80,58
450,411,80,58
450,411,80,58
428,410,106,70
422,410,106,70
420,412,106,70
416,414,106,70
412,414,106,70
408,416,106,70
404,420,106,70
400,422,106,70
396,422,106,70
392,422,106,70
388,422,106,70
386,422,106,70
382,422,106,70
378,422,106,70
374,424,106,70
370,426,106,70
366,424,106,70
362,426,106,70
358,426,106,70
354,426,106,70
350,426,106,70
346,428,106,70
340,430,106,70
334,430,106,70
330,430,106,70
324,432,106,70
318,434,106,70
308,436,106,70
300,438,106,70
292,438,106,70
284,440,106,70
278,442,106,70
270,442,106,70
262,442,106,70
254,442,106,70
248,442,106,70
238,444,106,70
228,446,106,70
218,444,106,70
212,444,106,70
204,442,106,70
198,440,106,70
