392.63,327.533,155,319
395.066,333.769,150.441,309.618
393.646,329.84,151.946,312.714
392.999,325.715,155,319
395.165,328.616,150.441,309.618
393.234,324.844,153.465,315.842
391.923,323.892,153.465,315.842
389.24,319.792,156.55,322.19
390.695,322.411,153.465,315.842
389.224,320.333,155,319
389.375,318.618,155,319
389.586,320.843,153.465,315.842
390.087,319.662,150.442,309.618
387.373,314.006,155,319
386.979,315.227,155,319
386.669,311.783,155,319
387.477,313.561,153.465,315.842
383.342,307.22,158.116,325.412
384.329,309.326,155,319
383.908,309.291,155,319
386.72,311.688,150.442,309.618
384.452,305.862,155,319
382.943,304.508,155,319
384.449,307.495,151.946,312.715
384.852,306.813,150.442,309.618
385.086,306.283,150.442,309.618
386.423,308.031,147.477,303.518
386.316,307.242,147.477,303.518
385.466,304.889,148.952,306.553
382.824,299.021,153.465,315.842
380.909,295.398,156.55,322.19
383.033,298.696,151.946,312.715
383.468,297.427,151.946,312.715
384.562,298.029,150.442,309.618
386.44,298.054,148.952,306.553
386.515,301.391,146.017,300.513
388.011,305.301,141.723,291.675
390.856,307.476,140.32,288.787
389.233,305.239,141.723,291.675
390.9,306.312,138.93,285.927
390.526,307.684,140.32,288.787
390.537,310.068,137.555,283.096
388.1,306.467,141.723,291.675
389.26,308.786,140.32,288.787
390.023,308.552,138.93,285.927
389.322,307.925,140.32,288.787
389.621,309.134,140.32,288.787
388.891,305.649,141.723,291.675
389.141,305.498,141.723,291.675
390.319,308.101,138.93,285.927
390.165,308.212,138.93,285.927
389.703,309.097,140.32,288.787
391.947,312.118,136.193,280.293
389.596,309.695,138.93,285.927
390.498,310.412,137.555,283.096
390.768,310.428,137.555,283.096
389.086,309.033,138.93,285.927
388.05,305.365,141.723,291.675
391.865,308.67,137.555,283.096
389.838,307.153,138.93,285.927
390.231,306.661,138.93,285.927
389.506,307.219,138.93,285.927
392.479,310.925,136.193,280.294
391.703,308.157,137.555,283.096
388.901,302.845,141.723,291.675
390.79,304.58,138.93,285.927
392.13,308.111,136.193,280.294
391.823,304.466,137.555,283.096
392.174,303.415,140.32,288.787
389.196,297.964,143.14,294.591
390.736,303.415,138.93,285.927
391.256,301.606,138.93,285.927
394.528,307.943,134.844,277.518
391.767,302.6,138.93,285.927
391.998,301.488,140.32,288.787
390.589,296.734,143.14,294.591
393.013,299.784,138.93,285.928
390.497,296.401,143.14,294.591
393.48,300.428,138.93,285.928
393.767,299.372,140.32,288.787
394.291,297.901,138.93,285.928
394.846,298.961,137.555,283.097
397.234,300.819,136.193,280.294
398.56,302.55,133.509,274.771
398.579,301.141,133.509,274.771
399.982,300.53,134.844,277.518
398.432,296.629,137.555,283.097
398.704,295.02,137.555,283.097
399.966,295.435,137.555,283.097
402.347,297.541,133.509,274.771
403.18,297.699,133.509,274.771
402.634,291.701,137.555,283.097
403.911,290.364,138.93,285.928
406.631,291.953,136.193,280.294
407.88,294.444,132.187,272.05
409.711,296.675,130.879,269.357
410.979,296.724,129.583,266.69
411.368,295.908,129.583,266.69
412.113,297.757,127.03,261.435
414.005,299.191,125.772,258.846
414.859,294.348,129.583,266.69
415.488,291.421,130.879,269.357
416.669,291.98,129.583,266.69
416.065,291.124,129.583,266.69
416.499,290.241,130.879,269.357
418.67,289.878,129.583,266.69
419.639,289.096,129.583,266.69
417.705,283.018,133.509,274.771
420.131,280.912,133.509,274.771
421.495,280.939,133.509,274.771
424.483,285.347,129.583,266.69
425.158,284.421,129.583,266.69
426.003,283.566,129.583,266.69
427.213,283.85,128.3,264.049
428.468,282.282,128.3,264.049
431.889,287.199,124.527,256.284
430.557,281.417,127.03,261.435
434.103,286.158,123.294,253.746
432.039,280.581,127.03,261.435
434.464,278.198,129.583,266.69
435.445,278.74,128.3,264.049
436.782,278.699,127.03,261.435
437.49,276.121,129.583,266.69
438.785,276.28,127.03,261.435
439.237,273.417,130.879,269.357
442.052,274.474,127.03,261.435
441.68,273.652,127.03,261.435
442.487,273.245,127.03,261.435
444.337,272.165,127.03,261.435
447.289,275.009,124.527,256.284
447.005,270.885,127.03,261.435
448.588,268.593,127.03,261.435
450.976,272.269,124.527,256.284
452.001,274.128,122.073,251.234
453.022,272.946,122.073,251.234
453.901,272.507,122.073,251.234
455.767,274.742,119.668,246.284
456.063,271.765,122.073,251.234
457.529,272.238,120.864,248.746
458.038,270.575,122.073,251.234
461.616,275.483,118.483,243.845
461.411,272.615,120.864,248.746
462.01,271.956,120.864,248.746
462.109,269.411,122.073,251.234
462.518,270.654,120.864,248.746
462.738,267.898,122.073,251.234
466.745,274.085,118.483,243.845
467.883,274.086,118.483,243.845
467.497,268.205,122.073,251.234
468.522,267.636,122.073,251.234
470.546,267.615,123.294,253.746
471.924,267.164,124.527,256.284
470.833,262.902,127.03,261.435
475.025,268.538,123.294,253.746
476.065,271.938,119.668,246.284
479.355,276.91,116.148,239.04
480.414,275.779,117.31,241.431
479.17,273.933,118.483,243.845
479.569,275.615,118.483,243.845
480.207,269.997,122.073,251.234
481.67,270.867,122.073,251.234
484.986,275.438,118.483,243.845
485.732,276.116,118.483,243.845
484.982,273.907,122.073,251.234
486.987,277.598,118.483,243.845
488.182,278.979,118.483,243.845
489.965,279.421,118.483,243.845
488.805,276.652,120.864,248.746
491.221,279.743,118.483,243.845
492.237,278.99,119.668,246.284
492.778,279.029,119.668,246.284
497.036,283.969,116.148,239.04
499.476,289.231,112.732,232.01
499.517,287.378,114.998,236.674
498.373,282.971,118.483,243.845
499.07,283.257,118.483,243.845
501.888,288.397,116.148,239.04
501.368,284.484,118.483,243.845
503.371,289.892,116.148,239.04
506.01,293.592,112.732,232.01
506.759,292.07,113.86,234.33
507.901,293.807,112.732,232.01
507.994,292.789,111.616,229.713
509.859,292.273,111.616,229.713
510.487,291.113,113.86,234.33
510.363,286.312,117.31,241.431
509.979,280.845,119.668,246.284
512.298,286.623,117.31,241.431
514.996,289.038,113.86,234.33
516.674,289.44,110.511,227.439
517.302,287.294,113.86,234.33
518.719,290.342,112.732,232.01
519.334,287.117,113.86,234.33
521.069,287.605,112.732,232.01
523.2,289.57,109.417,225.187
522.898,285.855,111.616,229.713
524.048,284.269,111.616,229.713
526.13,287.655,109.417,225.187
529.226,288.849,107.261,220.75
530.242,286.238,108.334,222.957
532.039,287.451,107.261,220.75
534.399,288.767,106.199,218.564
535.36,287.173,105.147,216.4
538.366,290.262,104.106,214.258
539.129,286.357,106.199,218.564
541.156,285.844,106.199,218.564
543.21,283.816,106.199,218.564
544.789,284.404,105.147,216.4
545.179,281.791,105.147,216.4
547.44,281.726,106.199,218.564
550.719,283.249,103.076,212.136
553.332,285.008,102.055,210.036
552.739,279.569,105.147,216.4
553.588,275.988,108.334,222.957
555.043,274.476,108.334,222.957
556.248,275.554,107.261,220.75
557.911,273.13,108.334,222.957
559.55,273.273,107.261,220.75
560.362,273.201,107.261,220.75
562.632,274.811,105.147,216.4
565.85,278.347,102.055,210.036
566.295,275.476,103.076,212.136
568.789,277.165,102.055,210.036
571.525,276.63,102.055,210.036
572.542,274.945,102.055,210.036
571.719,269.87,105.147,216.4
574.008,271.848,103.076,212.136
576.948,274.824,100.044,205.897
577.304,273.545,102.055,210.036
578.508,271.821,102.055,210.036
582.395,275.394,99.0537,203.859
580.859,270.802,101.045,207.956
582.751,272.858,99.0537,203.859
582.385,270.18,102.055,210.036
584.218,271.223,99.0537,203.859
583.897,271.411,99.0537,203.859
582.765,268.582,102.055,210.036
582.894,266.788,102.055,210.036
584.551,270.533,99.0537,203.859
585.726,270.725,97.1019,199.842
586.781,273.863,94.2462,193.965
584.75,269.723,97.1019,199.842
587.075,272.678,94.2462,193.965
585.675,269.312,97.1019,199.842
584.333,265.677,99.0537,203.859
583.766,262.049,101.045,207.956
584.3,264.191,99.0537,203.859
584.953,264.278,99.0537,203.859
583.245,260.267,101.045,207.956
584.709,262.526,99.0537,203.859
586.679,265.413,97.102,199.842
584.799,259.946,100.044,205.898
585.417,260.666,99.0537,203.859
583.9,256.949,102.055,210.036
582.133,252.289,105.148,216.4
580.561,249.731,107.261,220.75
582.031,251.514,105.148,216.4
584.386,254.636,102.055,210.036
585.408,256.954,99.0537,203.859
587.075,258.138,97.102,199.842
586.193,256.141,98.073,201.841
586.673,258.353,97.102,199.842
585.428,254.451,99.0537,203.859
585.338,251.304,100.044,205.898
587.396,255.317,97.102,199.842
587.855,257.356,94.2462,193.965
589.403,259.715,91.4745,188.26
588.418,255.677,94.2462,193.965
587.293,252.076,97.102,199.842
587.786,253.768,94.2462,193.965
586.941,250.776,96.1406,197.863
586.835,248.82,99.0537,203.859
586.925,247.573,99.0537,203.859
587.664,249.329,97.102,199.842
589.09,251.25,94.2462,193.965
589.09,250.627,94.2462,193.965
588.526,246.471,95.1887,195.904
588.139,246.373,97.102,199.842
590.144,248.487,94.2462,193.965
591.863,250.016,91.4745,188.26
592.902,253.068,88.7842,182.724
592.934,253.264,87.9052,180.915
592.661,251.519,88.7842,182.724
592.035,248.683,90.5688,186.396
592.396,248.881,90.5688,186.396
593.894,250.41,87.9052,180.915
594.567,250.033,87.9052,180.915
595.096,247.565,88.7842,182.724
594.797,248.078,88.7842,182.724
593.35,245.229,90.5688,186.396
592.102,242.093,92.3892,190.143
593.68,244.409,90.5688,186.396
594.209,244.03,90.5688,186.396
594.715,243.014,90.5688,186.396
594.1,241.857,91.4745,188.26
594.824,242.237,90.5688,186.396
593.762,238.407,92.3892,190.143
594.941,241.156,89.6721,184.551
596.588,243.211,87.0348,179.123
594.876,240.17,89.6721,184.551
595.2,239.09,89.6721,184.551
596.798,241.384,88.7842,182.724
595.542,238.374,89.6721,184.551
597.201,239.957,88.7842,182.724
597.678,241.897,86.1731,177.35
598.009,239.803,87.9052,180.915
596.023,237.001,89.6721,184.551
597.851,239.84,87.0349,179.123
596.265,234.962,89.6721,184.551
597.983,238.397,87.0349,179.123
596.91,235.507,89.6721,184.551
598.615,238.832,87.0349,179.123
597.532,233.742,89.6721,184.551
598.455,237.219,87.0349,179.123
597.964,234.572,89.6721,184.551
597.603,234.338,89.6721,184.551
598.956,236.461,88.7842,182.724
598.513,234.291,89.6721,184.551
600.167,236.006,87.9052,180.915
599.921,236.111,87.0349,179.123
598.235,233.136,89.6721,184.551
600.575,235.569,87.0349,179.123
600.832,235.92,87.0349,179.123
600.774,235.516,87.0349,179.123
601.785,235.156,87.0349,179.123
601.013,236.076,87.0349,179.123
600.892,236.399,87.0349,179.123
601.122,236.233,87.0349,179.123
603.1,238.71,85.3199,175.594
601.616,236.843,87.0349,179.123
601.705,238.063,87.0349,179.123
602.407,237.161,87.9052,180.915
602.044,237.894,87.0349,179.123
602.534,238.077,87.0349,179.123
604.355,241.171,84.4752,173.855
603.457,238.675,86.1731,177.35
603.679,239.348,85.3199,175.594
604.807,241.736,83.6388,172.134
605.292,241.867,83.6388,172.134
605.343,242.21,83.6388,172.134
605.338,242.277,83.6388,172.134
605.507,241.196,84.4752,173.855
605.442,239.883,84.4752,173.855
603.74,235.699,87.0349,179.123
604.892,238.753,84.4752,173.855
605.191,238.882,84.4752,173.855
605.874,239.483,83.6388,172.134
605.978,239.929,81.9908,168.742
606.376,238.491,83.6388,172.134
607.06,239.869,81.179,167.072
606.226,238.448,83.6388,172.134
606.239,239.171,81.9908,168.742
605.718,237.184,84.4752,173.855
606.334,237.123,84.4752,173.855
606.71,240.549,81.9908,168.742
606.319,239.635,84.4752,173.855
606.637,238.666,85.3199,175.594
607.567,241.212,83.6388,172.134
607.172,241.132,84.4752,173.855
607.993,242.504,83.6388,172.134
607.772,243.723,81.9908,168.742
607.706,243.998,83.6388,172.134
607.531,244.215,84.4752,173.855
608.75,246.119,83.6388,172.134
608.561,244.86,84.4752,173.855
608.042,242.976,87.0349,179.123
607.654,242.741,87.9052,180.915
608.05,244.552,85.3199,175.594
607.418,244.349,86.1731,177.35
609.156,247.494,84.4752,173.855
609.331,248.797,83.6388,172.134
609.792,250.339,81.179,167.072
609.076,249.459,82.8107,170.43
609.815,250.856,81.9908,168.742
609.407,248.118,84.4752,173.855
609.521,249.499,84.4752,173.855
609.291,247.546,85.3199,175.594
610.052,249.82,84.4752,173.855
609.663,250,84.4752,173.855
610.007,249.698,84.4752,173.855
610.369,251.002,83.6388,172.134
610.028,249.595,84.4752,173.855
610.29,249.361,84.4752,173.855
608.989,246.903,86.1731,177.35
610.782,249.787,83.6388,172.134
610.323,249.333,82.8107,170.43
610.605,249.041,84.4752,173.855
611.029,249.92,83.6388,172.134
611.194,249.856,83.6388,172.134
610.318,247.916,84.4752,173.855
610.725,248,84.4752,173.855
611.655,248.96,83.6388,172.134
611.643,248.859,83.6388,172.134
611.309,247.715,84.4752,173.855
610.811,246.069,85.3199,175.594
611.108,247.601,84.4752,173.855
611.25,247.451,84.4752,173.855
612.058,248.325,81.9908,168.742
612.076,249.878,81.179,167.072
612.324,250.026,81.179,167.072
612.695,249.198,81.179,167.072
612.259,246.766,81.9908,168.742
612.806,248.019,81.179,167.072
612.523,247.878,81.179,167.072
611.897,245.215,82.8107,170.43
612.188,245.521,83.6388,172.134
612.62,245.447,81.9908,168.742
614.461,248.652,79.5795,163.78
615.309,250.349,78.0114,160.553
614.14,247.765,80.3752,165.417
614.65,248.716,78.7915,162.158
613.121,244.952,81.179,167.072
612.929,243.69,81.9908,168.742
612.625,244.004,81.9908,168.742
612.232,241.283,82.8107,170.43
612.943,241.97,83.6388,172.134
614.079,242.504,81.179,167.072
614.62,244.181,80.3752,165.417
612.836,240.579,82.8107,170.43
613.201,240.998,83.6388,172.134
613.48,240.118,83.6388,172.134
613.34,239.926,83.6388,172.134
612.888,239.25,82.8107,170.43
613.078,239.247,83.6388,172.134
613.633,239.252,81.9908,168.742
616.075,241.392,79.5794,163.78
615.656,241.791,79.5794,163.78
614.128,239.362,81.179,167.072
613.793,237.497,83.6388,172.134
612.415,233.021,86.1731,177.35
614.325,236.655,83.6388,172.134
612.435,232.122,86.1731,177.35
614.258,235.613,83.6388,172.134
612.699,230.75,86.1731,177.35
614.306,234.67,83.6388,172.134
614.816,236.075,81.179,167.072
616.441,238.971,78.7915,162.158
617.558,240.343,77.239,158.963
617.432,240.86,77.239,158.963
617.411,241.462,77.239,158.963
616.821,239.606,78.0114,160.553
618.191,240.245,75.7171,155.831
617.201,239.508,77.239,158.963
617.419,238.429,77.239,158.963
617.378,237.214,77.239,158.963
617.785,236.361,77.239,158.963
617.577,236.322,77.239,158.963
618.3,236.685,74.9674,154.288
619.065,237.774,73.4903,151.248
619.244,238.323,73.4903,151.248
618.837,237.385,74.2252,152.76
619.17,238.172,73.4903,151.248
618.537,236.397,74.2252,152.76
618.657,235.539,74.9674,154.288
617.646,234.424,77.239,158.963
617.672,232.973,78.0114,160.553
616.6,229.909,80.3752,165.417
617.494,231.933,78.7915,162.158
617.637,231.567,78.7915,162.158
617.829,232.856,76.4743,157.389
618.503,233.837,74.9675,154.288
619.105,234.733,73.4903,151.248
620.274,236.487,72.7627,149.75
619.649,234.77,73.4903,151.248
620.557,236.92,72.0423,148.268
619.254,233.745,74.2252,152.76
619.25,233.533,73.4903,151.248
618.462,231.732,74.9675,154.288
619.537,232.791,73.4903,151.248
620.883,234.563,72.7627,149.75
618.788,232.638,73.4903,151.248
619.749,231.769,73.4903,151.248
619.672,230.82,74.2252,152.76
619.672,231.225,73.4903,151.248
621.462,233.168,72.0423,148.268
621.768,232.289,72.0423,148.268
620.083,229.973,73.4903,151.248
619.526,228.468,74.2252,152.76
620.215,228.747,73.4903,151.248
620.003,229.885,73.4903,151.248
621.681,230.828,72.7627,149.75
620.354,228.53,74.2252,152.76
620.321,228.675,73.4903,151.248
619.387,226.122,75.7171,155.831
618.998,225.457,78.0114,160.553
619.054,224.969,78.0114,160.553
618.591,222.989,79.5795,163.78
618.386,223.381,79.5795,163.78
617.875,223.295,80.3753,165.417
619.619,225.646,78.0114,160.553
620.263,226.711,75.7171,155.831
619.903,226.338,78.0114,160.553
620.007,227.772,75.7171,155.831
621.166,229.59,74.2252,152.76
621.732,230.271,74.2252,152.76
621.314,230.238,73.4903,151.248
621.274,231.626,74.2252,152.76
622.672,233.473,72.7627,149.75
623.98,235.983,71.329,146.8
623.377,236.468,71.329,146.8
622.377,234.101,73.4903,151.248
622.092,234.176,73.4903,151.248
622.347,236.472,73.4903,151.248
622.848,237.225,73.4903,151.248
624.208,240.574,72.0423,148.268
622.7,239.211,73.4903,151.248
622.319,240.854,73.4903,151.248
621.812,240.778,75.7171,155.831
622.816,242.602,74.2252,152.76
623.346,244.06,74.2252,152.76
622.904,244.462,74.9675,154.288
623.557,246.858,73.4903,151.248
623.019,247.185,74.9675,154.288
623.963,248.805,73.4903,151.248
625.018,252.752,72.7627,149.75
624.312,252.042,73.4903,151.248
623.59,250.42,75.7171,155.831
624.052,253.54,74.2252,152.76
624.536,255.198,73.4903,151.248
624.557,255.587,74.2252,152.76
626.048,258.795,72.7627,149.75
625.393,257.651,74.2252,152.76
624.397,257.739,76.4743,157.389
625.287,260.413,74.2252,152.76
625.527,261.756,74.2252,152.76
627.348,265.121,72.7627,149.75
627.737,267.091,72.7627,149.75
626.328,266.577,73.4903,151.248
626.706,267.474,73.4903,151.248
626.701,267.367,74.2252,152.76
626.413,268.754,74.9675,154.288
626.854,269.198,74.9675,154.288
626.614,271.952,74.2252,152.76
627.078,274.031,73.4903,151.248
626.493,274.245,75.7171,155.831
627.41,278.523,73.4903,151.248
627.578,280.211,74.2252,152.76
627.534,282.547,74.9675,154.288
628.387,285.609,73.4903,151.248
628.328,287.238,74.2252,152.76
628.8,290.18,73.4903,151.248
628.988,293.024,73.4903,151.248
629.527,292.879,74.2252,152.76
630.052,295.469,74.2252,152.76
629.949,299.101,73.4903,151.248
630.205,299.708,74.2252,152.76
631.273,304.029,72.7627,149.75
631.013,302.578,74.9675,154.288
630.438,302.897,77.2391,158.963
630.677,306.224,75.7172,155.831
631.214,307.926,75.7172,155.831
631.843,309.908,74.9675,154.288
631.129,310.4,76.4743,157.389
632.267,314.393,74.2252,152.76
632.946,315.638,73.4903,151.248
632.931,316.732,74.2252,152.76
634.861,320.247,72.7627,149.75
633.769,318.704,74.9675,154.288
633.748,320.188,74.9675,154.288
633.001,319.596,76.4743,157.389
633.149,319.141,78.7916,162.158
634.3,322.228,76.4743,157.389
635.138,324.544,74.2252,152.76
635.623,325.767,73.4903,151.248
635.013,326.167,74.9675,154.288
635.164,325.106,77.2391,158.963
635.598,326.939,75.7172,155.831
635.644,326.552,78.0115,160.553
636.044,328.342,77.2391,158.963
636.524,330.864,74.9675,154.288
637.664,333.578,73.4903,151.248
637.27,334.012,74.2252,152.76
637.008,335.909,74.2252,152.76
637.682,336.741,74.2252,152.76
637.975,337.531,74.9675,154.288
639.025,340.045,73.4903,151.248
640.296,343.757,72.7627,149.75
641.473,345.33,72.0423,148.268
640.278,344.293,73.4903,151.248
641.203,347.315,72.7627,149.75
640.396,346.308,74.2252,152.76
640.181,346.233,75.7172,155.831
640.341,346.317,77.2391,158.963
640.803,349.793,74.9675,154.288
640.932,350.304,74.9675,154.288
640.984,352.83,74.2252,152.76
641.738,354.098,74.2252,152.76
641.345,353.771,75.7171,155.831
641.454,353.625,77.2391,158.963
641.945,355.322,77.2391,158.963
642.663,356.198,77.2391,158.963
643.228,359.924,74.9675,154.288
642.62,359.234,77.2391,158.963
643.602,362.719,74.9675,154.288
643.754,362.11,77.2391,158.963
643.99,363.928,77.2391,158.963
644.225,363.404,78.7916,162.158
645.315,366.348,77.2391,158.963
644.782,369.166,74.9675,154.288
645.121,371.076,74.2252,152.76
644.92,370.789,75.7171,155.831
645.011,371.34,77.2391,158.963
645.46,372.629,77.2391,158.963
645.694,375.543,74.9675,154.288
646.148,377.503,74.2252,152.76
645.718,376.139,76.4743,157.389
646.21,376.93,77.239,158.963
646.859,377.883,77.239,158.963
647.654,380.312,74.9675,154.288
647.35,383.347,74.2252,152.76
647.1,383.578,74.9675,154.288
646.794,383.167,77.239,158.963
646.636,383.709,77.239,158.963
647.365,384.374,77.239,158.963
647.993,385.462,77.239,158.963
648.107,385.903,78.0114,160.553
649.415,388.834,75.7171,155.831
649.021,389.881,75.7171,155.831
649.046,390.329,77.239,158.963
648.98,391.117,77.239,158.963
649.175,392.466,77.239,158.963
649.331,393.824,77.239,158.963
649.428,395.772,75.7171,155.831
650.083,398.305,74.2252,152.76
652.255,401.69,72.0423,148.268
650.918,401.04,73.4903,151.248
651.045,401.553,74.2252,152.76
650.751,402.854,74.2252,152.76
650.39,402.945,74.9675,154.288
651.564,406.135,73.4903,151.248
651.291,405.493,74.9675,154.288
651.538,406.433,74.9675,154.288
651.963,408.718,74.2252,152.76
651.862,409.143,74.9675,154.288
651.204,408.315,76.4743,157.389
652.11,411.848,74.9675,154.288
653.054,413.679,73.4903,151.248
653.355,415.194,73.4903,151.248
653.023,415.233,74.2252,152.76
654.08,416.906,73.4903,151.248
653.902,417.722,74.2252,152.76
654.394,420.146,73.4903,151.248
655.532,422.181,72.7627,149.75
656.494,424.123,72.7627,149.75
655.202,422.524,74.2252,152.76
655.279,423.604,74.2252,152.76
655.781,425.688,73.4903,151.248
657.103,428.6,72.7627,149.75
656.903,429.562,72.7627,149.75
655.717,428.661,74.2252,152.76
656.192,429.757,74.2252,152.76
655.433,428.864,76.4743,157.389
656.614,432.985,74.2252,152.76
656.698,434.329,74.2252,152.76
658.662,437.589,72.0423,148.268
657.897,436.741,73.4903,151.248
659.067,440.391,72.7627,149.75
660.127,442.114,70.6228,145.346
659.749,442.187,72.0423,148.268
659.998,443.087,72.7627,149.75
658.309,441.377,74.2252,152.76
659.155,443.202,73.4903,151.248
659.073,444.012,74.2252,152.76
659.787,445.75,73.4903,151.248
659.159,444.809,75.7171,155.831
659.574,447.343,74.2252,152.76
661.052,450.96,72.7627,149.75
661.834,451.93,72.7627,149.75
660.26,450.207,74.9675,154.288
661.93,454.225,72.7627,149.75
662.665,455.837,72.0423,148.268
662.059,455.271,73.4903,151.248
662.031,455.418,74.2252,152.76
662.9,458.945,72.7627,149.75
663.355,461.022,71.329,146.8
662.963,460.907,72.7627,149.75
661.909,459.111,74.9675,154.288
663.479,462.82,72.7627,149.75
664.07,464.621,72.7627,149.75
664.299,466.879,71.329,146.8
662.991,464.491,73.4903,151.248
663.521,465.358,73.4903,151.248
663.14,466.178,73.4903,151.248
663.661,466.759,73.4903,151.248
663.237,466.774,74.2252,152.76
664.017,468.893,73.4903,151.248
664.416,469.794,73.4903,151.248
665.166,472.62,72.0423,148.268
664.432,471.378,73.4903,151.248
663.631,470.916,74.9675,154.288
665.596,474.826,72.7627,149.75
666.707,477.61,70.6228,145.346
666.624,476.749,72.0423,148.268
665.284,474.823,74.2252,152.76
666.352,478.214,72.7627,149.75
667.455,479.887,72.0423,148.268
665.205,476.768,74.2252,152.76
664.348,477.232,74.9675,154.288
665.496,479.757,73.4903,151.248
665.381,480.239,73.4903,151.248
666.409,482.754,72.7627,149.75
665.589,480.205,74.9675,154.288
664.61,479.902,75.7172,155.831
665.558,483.254,73.4903,151.248
665.142,482.357,74.9675,154.288
665.657,483.142,74.9675,154.288
667.355,486.748,72.7627,149.75
665.831,484.369,74.9675,154.288
664.984,483.932,77.2391,158.963
664.593,481.612,79.5795,163.78
665.983,484.625,77.2391,158.963
666.319,485.527,77.2391,158.963
666.198,486.354,77.2391,158.963
666.322,488.15,75.7172,155.831
666.268,489.086,74.9675,154.288
668.176,493.023,72.7627,149.75
668.645,494.268,72.0423,148.268
667.044,492.561,74.2252,152.76
667.412,493.233,73.4903,151.248
666.045,491.591,75.7172,155.831
665.895,491.635,77.2391,158.963
666.534,491.242,78.0115,160.553
667.325,493.516,75.7172,155.831
666.347,492.47,78.0115,160.553
666.836,493.154,78.0115,160.553
665.614,491.497,79.5795,163.78
666.685,494.248,77.2391,158.963
667.399,496.309,74.9675,154.288
666.768,496.116,74.9675,154.288
666.232,494.448,77.2391,158.963
665.56,492.683,79.5795,163.78
667.078,495.182,77.2391,158.963
665.974,493.952,78.7916,162.158
666.703,495.712,76.4743,157.389
666.644,496.566,75.7172,155.831
666.924,496.336,75.7172,155.831
666.509,496.147,75.7172,155.831
666.665,496.835,75.7172,155.831
668.095,498.936,73.4903,151.248
668.354,499.132,73.4903,151.248
668.393,499.224,73.4903,151.248
668.231,499.361,73.4903,151.248
668.452,499.154,73.4903,151.248
669.008,499.546,73.4903,151.248
668.384,496.916,74.9675,154.288
668.079,496.028,76.4743,157.389
667.949,495.892,78.0115,160.553
668.304,495.556,78.0115,160.553
668.823,496.71,76.4743,157.389
668.792,498.584,74.9675,154.288
668.635,498.566,74.9675,154.288
669.703,500.645,73.4903,151.248
670.904,502.947,72.7627,149.75
671.273,503.838,72.0423,148.268
669.987,501.454,73.4903,151.248
669.528,501.53,74.2252,152.76
669.746,500.744,74.9675,154.288
669.656,500.895,75.7172,155.831
669.703,499.952,77.2391,158.963
669.166,499.702,78.0115,160.553
669.618,499.861,78.0115,160.553
669.172,498.863,78.7916,162.158
669.004,498.369,79.5795,163.78
669.967,501.067,78.0115,160.553
669.671,498.935,79.5795,163.78
670.846,502.357,77.2391,158.963
669.193,500.275,79.5795,163.78
668.985,500.703,79.5795,163.78
669.563,500.229,80.3753,165.418
670.301,500.87,79.5795,163.78
670.526,500.535,79.5795,163.78
671.062,503.327,77.2391,158.963
670.922,503.933,76.4743,157.389
669.884,502.391,78.7916,162.158
671.377,504.023,77.2391,158.963
670.089,501.675,79.5795,163.78
670.2,502.072,79.5795,163.78
671.994,505.133,77.2391,158.963
672.331,506.561,74.9675,154.288
671.471,506,75.7172,155.831
671.305,504.312,78.0115,160.553
671.119,503.642,78.7916,162.158
671.879,504.896,77.2391,158.963
671.766,506.55,74.9675,154.288
671.702,504.824,76.4743,157.389
671.612,505.077,77.2391,158.963
671.878,505.536,77.2391,158.963
671.216,502.802,79.5795,163.78
671.89,502.758,79.5795,163.78
671.849,502.568,79.5795,163.78
672.251,505.022,77.2391,158.963
671.169,502.342,79.5795,163.78
671.716,502.078,79.5795,163.78
672.762,504.21,78.0115,160.553
673.105,504.909,77.2391,158.963
672.895,504.026,78.0115,160.553
672.999,505.179,77.2391,158.963
673.559,506.445,74.9675,154.288
673.494,505.923,77.2391,158.963
673.14,505.951,76.4743,157.389
672.443,506.193,76.4743,157.389
672.364,506.886,76.4743,157.389
672.968,507.016,77.2391,158.963
673.75,508.439,74.9675,154.288
673.143,507.451,77.2391,158.963
672.936,505.342,78.7916,162.158
673.064,507.617,76.4743,157.389
672.988,507.971,76.4743,157.389
673.427,507.404,77.2391,158.963
673.357,508.84,76.4743,157.389
673.506,509.704,75.7172,155.831
674.045,508.864,77.2391,158.963
674.517,508.411,78.0115,160.553
673.992,509.706,77.2391,158.963
674.815,509.518,77.2391,158.963
674.82,509.371,78.0115,160.553
674.524,510.072,77.2391,158.963
673.865,507.393,79.5795,163.78
674.701,509.657,78.0115,160.553
674.788,510.95,77.2391,158.963
674.542,509.733,78.0115,160.553
674.775,509.351,78.0115,160.553
674.826,509.091,78.0115,160.553
675.505,509.898,78.0115,160.553
674.602,510.879,76.4743,157.389
674.747,509.56,78.0115,160.553
674.978,509.605,77.2391,158.963
675.164,510.59,75.7172,155.831
675.58,512.019,74.9675,154.288
676.156,512.863,74.2252,152.76
675.49,511.619,74.9675,154.288
675.397,510.854,75.7172,155.831
675.633,509.69,77.2391,158.963
676.255,509.634,76.4743,157.389
675.647,509.699,74.9675,154.288
675.767,510.082,75.7172,155.831
675.737,509.656,75.7172,155.831
675.858,510.188,74.9675,154.288
676.524,509.75,74.9675,154.288
675.639,508.584,76.4743,157.389
675.672,508.281,76.4743,157.389
676.804,510.013,74.9675,154.288
676.719,509.889,74.9675,154.288
676.216,507.815,77.2391,158.963
676.594,508.595,74.9675,154.288
677.82,509.189,74.9675,154.288
676.889,507.718,76.4743,157.389
676.155,505.407,78.7916,162.158
677.574,506.482,78.0115,160.553
677.394,506.611,78.0115,160.553
675.785,504.534,80.3753,165.418
675.4,504.02,80.3753,165.418
675.891,504.15,80.3753,165.418
677.035,506.818,78.0115,160.553
677.731,507.245,75.7172,155.831
677.82,506.679,76.4743,157.389
677.865,507.249,75.7172,155.831
678.194,509.528,73.4903,151.248
678.709,509.471,73.4903,151.248
678.566,509.546,73.4903,151.248
678.597,509.013,73.4903,151.248
678.53,508.887,73.4903,151.248
678.644,508.377,73.4903,151.248
677.458,506.254,75.7172,155.831
677.653,504.875,77.2391,158.963
677.944,505.542,76.4743,157.389
677.392,505.917,75.7172,155.831
678.856,507.492,73.4903,151.248
679.654,507.35,74.2253,152.76
678.847,507.858,73.4903,151.248
678.516,505.244,75.7172,155.831
678.925,507.946,73.4903,151.248
678.818,505.329,75.7172,155.831
677.876,505.164,74.9675,154.288
678.185,505.637,74.2252,152.76
678.117,504.643,74.9675,154.288
678.263,503.941,75.7172,155.831
678.553,505.056,74.9675,154.288
677.982,503.141,77.2391,158.963
677.604,501.554,78.7916,162.158
677.663,502.63,76.4743,157.389
678.527,502.548,75.7172,155.831
678.027,501.167,78.0115,160.553
678.414,501.454,77.2391,158.963
678.503,503.042,74.9675,154.288
678.47,502.198,75.7172,155.831
678.229,501.583,77.2391,158.963
678.244,501.537,77.2391,158.963
677.702,501.008,78.0115,160.553
678.186,500.982,77.2391,158.963
678.362,501.816,74.9675,154.288
679.095,503.395,73.4903,151.248
678.142,501.003,75.7172,155.831
678.296,499.514,77.2391,158.963
678.85,498.539,78.0115,160.553
678.592,500.091,75.7172,155.831
678.599,499.664,77.2391,158.963
678.139,499.298,78.0115,160.553
677.294,497.17,78.7916,162.158
677.867,498.049,78.0115,160.553
678.372,498.645,76.4743,157.389
