736.504,308.496,91,91
735.208,308.789,91,91
732.885,309.415,91,91
729.921,310.156,91,91
729.045,312.109,88.3237,88.3237
726.188,311.432,89.2069,89.2069
722.058,309.655,91.91,91.91
721.396,311.086,89.2069,89.2069
719.002,310.952,89.2069,89.2069
715.712,310.464,90.099,90.099
713,309.226,92.8291,92.8291
711.652,309.666,91.91,91.91
710.089,310.273,92.8291,92.8291
708.589,311.192,92.8291,92.8291
706.746,312.842,91,91
705.461,315.034,88.3237,88.3237
703.35,314.903,89.2069,89.2069
700.738,314.291,90.099,90.099
698.125,313.003,91.91,91.91
695.469,311.987,93.7574,93.7574
692.27,311.689,94.695,94.695
690.585,312.115,92.8291,92.8291
688.779,311.729,90.099,90.099
685.446,309.528,92.8291,92.8291
683.04,308.148,91.91,91.91
681.277,306.403,91.91,91.91
678.517,305.305,92.8291,92.8291
675.031,303.977,94.695,94.695
672.32,303.958,94.695,94.695
670.797,304.981,91.91,91.91
668.228,304.622,91.91,91.91
666.208,304.141,92.8291,92.8291
664.31,302.722,92.8291,92.8291
662.61,300.756,91.91,91.91
661.57,298.945,91,91
661.498,298.479,88.3237,88.3237
659.461,295.933,89.2069,89.2069
657.969,293.506,89.2069,89.2069
654.593,290.014,91,91
651.34,287.799,93.7574,93.7574
648.847,287.252,91.91,91.91
645.637,286.203,92.8291,92.8291
641.703,285.262,93.7574,93.7574
639.181,285.342,92.8291,92.8291
636.308,285.232,92.8291,92.8291
633.325,285.337,92.8291,92.8291
629.789,285.404,92.8291,92.8291
625.803,284.818,93.7574,93.7574
621.404,282.858,96.5983,96.5983
619.462,281.942,96.5983,96.5983
620.95,283.091,94.695,94.695
622.281,283.851,91.91,91.91
623.735,284.6,91,91
624.357,284.324,91.91,91.91
625.224,283.837,93.7574,93.7574
627.268,284.154,91.91,91.91
629.212,285.044,91.91,91.91
630.29,284.561,94.695,94.695
631.16,285.548,94.695,94.695
632.159,287.816,91.91,91.91
632.72,289.753,92.8291,92.8291
631.188,290.434,95.6419,95.6419
631.739,293.325,95.6419,95.6419
633.32,297.668,92.8291,92.8291
633.629,300.052,91.91,91.91
632.8,301.95,93.7574,93.7574
633.406,303.808,93.7574,93.7574
635.316,304.933,94.695,94.695
638.714,306.847,92.8291,92.8291
640.19,306.215,95.6419,95.6419
643.505,307.21,93.7574,93.7574
644.692,305.045,96.5983,96.5983
647.619,304.527,96.5983,96.5983
653.037,305.984,93.7574,93.7574
655.235,305.577,93.7574,93.7574
656.166,304.977,94.695,94.695
656.974,305.007,93.7574,93.7574
655.349,304.623,94.695,94.695
653.228,304.133,95.6419,95.6419
651.439,305.207,95.6419,95.6419
647.732,305.074,97.5643,97.5643
645.889,306.053,97.5643,97.5643
645.029,309.193,95.6419,95.6419
643.144,311.39,95.6419,95.6419
640.72,313.427,95.6419,95.6419
638.873,315.822,94.695,94.695
637.286,317.349,93.7574,93.7574
636.095,317.96,93.7574,93.7574
634.256,317.754,96.5983,96.5983
635.741,320.1,93.7574,93.7574
635.544,320.153,94.695,94.695
635.359,320.359,95.6419,95.6419
634.23,318.426,98.54,98.54
635.666,319.028,96.5984,96.5984
635.46,317.605,96.5984,96.5984
635.398,316.885,95.6419,95.6419
632.071,313.547,98.54,98.54
630.71,312.351,96.5984,96.5984
627.547,310.17,96.5984,96.5984
625.449,309.664,93.7574,93.7574
620.347,307.801,94.695,94.695
617.179,306.909,92.8291,92.8291
611.909,305.508,94.695,94.695
608.121,305.368,94.695,94.695
605.701,305.244,94.695,94.695
603.524,304.151,96.5984,96.5984
601.962,302.559,99.5254,99.5254
602.822,302.96,98.54,98.54
603.659,302.634,98.54,98.54
604.008,302.586,98.54,98.54
605.104,302.25,98.54,98.54
608.632,304.215,95.6419,95.6419
606.996,302.886,98.54,98.54
609.526,303.478,98.54,98.54
611.241,304.665,97.5643,97.5643
612.541,306.254,96.5983,96.5983
615.384,307.431,94.695,94.695
615.234,305.189,97.5643,97.5643
616.926,303.903,98.54,98.54
619.466,303.015,96.5984,96.5984
621.852,301.091,96.5984,96.5984
626.535,299.301,95.6419,95.6419
630.828,297.909,94.695,94.695
634.602,295.022,95.6419,95.6419
638.892,293.246,95.6419,95.6419
640.763,289.446,98.54,98.54
645.978,288.849,96.5984,96.5984
650.353,288.874,95.6419,95.6419
651.613,287.897,98.54,98.54
653.238,287.004,101.526,101.526
656.854,288.025,98.54,98.54
658.929,288.387,96.5984,96.5984
661.219,288.1,96.5984,96.5984
663.354,285.884,96.5984,96.5984
665.853,283.806,96.5984,96.5984
666.403,280.002,99.5254,99.5254
669.394,278.075,98.54,98.54
669.968,274.187,100.521,100.521
671.167,272.266,101.526,101.526
672.351,271.828,101.526,101.526
673.747,272.522,101.526,101.526
675.071,274.41,99.5254,99.5254
676.353,275.809,96.5984,96.5984
674.446,275.936,96.5984,96.5984
672.127,274.791,98.54,98.54
668.85,272.812,101.526,101.526
668.128,273.655,98.54,98.54
665.083,272.561,98.54,98.54
661.122,271.587,98.54,98.54
657.508,271.527,96.5984,96.5984
653.029,270.584,97.5643,97.5643
649.951,270.651,96.5984,96.5984
646.53,271.118,97.5643,97.5643
643.967,271.915,98.54,98.54
639.914,272.514,101.526,101.526
638.136,274.936,99.5254,99.5254
636.188,277.646,98.54,98.54
634.269,279.952,98.54,98.54
633.055,283.133,98.54,98.54
631.019,284.303,101.526,101.526
628.312,286.363,102.541,102.541
627.979,289.938,101.526,101.526
627.883,293.856,100.521,100.521
626.943,297.539,100.521,100.521
627.582,302.754,98.54,98.54
626.203,304.606,101.526,101.526
626.235,307.518,101.526,101.526
624.919,309.337,102.541,102.541
625.189,312.547,99.5254,99.5254
621.303,312.822,102.541,102.541
619.511,315.567,99.5254,99.5254
616.435,316.01,100.521,100.521
611.684,315.605,102.541,102.541
607.282,316.054,103.567,103.567
603.722,315.103,103.567,103.567
600.117,315.456,101.526,101.526
596.085,314.85,101.526,101.526
592.267,313.329,103.567,103.567
591.857,312.347,104.602,104.602
593.624,312.892,102.541,102.541
595.074,312.02,102.541,102.541
595.732,310.545,104.602,104.602
598.708,311.15,103.567,103.567
601.557,310.948,103.567,103.567
604.456,310.63,103.567,103.567
607.32,309.513,104.602,104.602
610.706,310.159,102.541,102.541
613.091,309.128,105.648,105.648
617.556,309.342,102.541,102.541
622.241,309.628,101.526,101.526
625.145,308.81,102.541,102.541
628.693,307.536,104.602,104.602
632.745,307.991,102.541,102.541
636.069,306.636,104.602,104.602
641.212,306.863,102.541,102.541
643.86,305.815,105.648,105.648
647.505,305.81,105.648,105.648
650.973,305.643,105.648,105.648
654.274,304.691,105.648,105.648
657.232,303.915,105.648,105.648
661.042,302.983,104.602,104.602
664.625,300.418,106.705,106.705
668.344,298.646,105.648,105.648
669.768,296.071,106.705,106.705
668.637,292.809,107.772,107.772
670.701,293.331,104.602,104.602
668.137,290.745,107.772,107.772
670.09,291.373,105.648,105.648
668.81,291.048,104.602,104.602
666.789,288.558,107.772,107.772
668.39,289.539,105.648,105.648
664.581,288.55,107.772,107.772
666.904,291.662,104.602,104.602
664.822,291.319,106.705,106.705
664.754,292.954,105.648,105.648
665.523,295.216,102.541,102.541
664.039,295.794,105.648,105.648
659.665,295.6,107.772,107.772
660.211,298.747,105.648,105.648
655.818,298.8,107.772,107.772
657.156,303.184,105.648,105.648
655.846,304.738,106.705,106.705
653.299,304.268,107.772,107.772
655.822,308.167,104.602,104.602
651.825,308.32,107.772,107.772
650.638,308.734,107.772,107.772
652.017,312.01,106.705,106.705
650.249,312.133,107.772,107.772
649.764,312.955,107.772,107.772
649.021,313.434,107.772,107.772
647.452,312.322,111.037,111.037
648.453,314.18,107.772,107.772
646.703,314.34,108.85,108.85
646.282,315.786,107.772,107.772
649.173,318.387,104.602,104.602
645.611,317.17,107.772,107.772
645.828,318.562,107.772,107.772
646.015,319.006,108.85,108.85
644.252,317.223,112.148,112.148
644.445,319.373,113.269,113.269
643.342,319.169,112.148,112.148
643.382,319.912,112.148,112.148
642.661,321.244,114.402,114.402
640.954,322.27,112.148,112.148
641.555,323.327,112.148,112.148
642.201,325.655,108.85,108.85
641.594,326.467,108.85,108.85
640.313,325.231,112.148,112.148
640.27,325.211,112.148,112.148
638.793,325.212,115.546,115.546
639.669,326.158,114.402,114.402
636.656,326.427,112.148,112.148
638.374,327.427,112.148,112.148
636.42,328.155,112.148,112.148
636.088,328.797,115.546,115.546
635.901,330.508,112.148,112.148
635.809,330.592,115.546,115.546
634.669,332.49,112.148,112.148
633.787,332.166,115.546,115.546
631.83,332.966,112.148,112.148
631.774,332.838,115.546,115.546
629.814,332.499,116.701,116.701
628.853,332.589,116.701,116.701
627.52,333.05,116.701,116.701
624.019,331.198,120.238,120.238
624.448,331.917,119.047,119.047
623.381,331.353,120.238,120.238
625.865,332.836,116.701,116.701
625.573,333.227,115.546,115.546
622.107,331.551,119.047,119.047
622.362,334.314,116.701,116.701
620.826,335.617,116.701,116.701
620.331,335.997,116.701,116.701
617.85,337.757,116.701,116.701
617.392,338.338,116.701,116.701
614.82,339.3,116.701,116.701
612.75,339.732,116.701,116.701
611.727,338.907,116.701,116.701
611.526,338.489,115.546,115.546
609.965,337.406,116.701,116.701
609.033,336.452,116.701,116.701
607.153,335.788,115.546,115.546
605.746,334.624,115.546,115.546
603.748,333.94,116.701,116.701
604.398,333.267,115.546,115.546
602.941,332.462,116.701,116.701
601.132,331.676,116.701,116.701
600.255,330.515,116.701,116.701
599.115,329.293,116.701,116.701
596.992,325.635,119.047,119.047
594.925,323.667,120.238,120.238
592.118,321.45,123.881,123.881
591.3,322.564,120.238,120.238
588.894,320.227,123.881,123.881
588.113,317.88,126.371,126.371
589.154,317.996,122.654,122.654
586.713,313.279,126.371,126.371
585.262,311.191,127.635,127.635
585.571,310.365,126.371,126.371
583.958,309.758,123.881,123.881
586.484,309.23,122.654,122.654
585.267,304.832,126.371,126.371
584.685,303.336,126.371,126.371
585.293,300.94,126.371,126.371
584.901,299.554,126.371,126.371
584.969,298.791,126.371,126.371
585.466,297.458,126.371,126.371
587.573,296.909,123.881,123.881
588.271,295.39,123.881,123.881
591.376,296.083,121.44,121.44
589.179,293.282,125.12,125.12
589.971,292.039,127.635,127.635
591.691,292.238,126.371,126.371
596.196,294.216,122.654,122.654
596.434,293.983,123.881,123.881
598.255,293.229,125.12,125.12
599.637,292.794,127.635,127.635
600.441,292.966,127.635,127.635
603.201,292.803,126.371,126.371
602.183,289.225,130.2,130.2
604.194,289.596,130.2,130.2
604.313,287.225,132.817,132.817
607.615,288.874,130.2,130.2
609.805,288.432,130.2,130.2
612.192,287.736,130.2,130.2
613.977,288.529,130.2,130.2
615.734,289.067,128.911,128.911
619.779,289.817,125.12,125.12
621.705,289.132,125.12,125.12
623.909,289.297,123.881,123.881
625.488,287.538,125.12,125.12
624.229,285.452,128.911,128.911
626.735,286.042,127.635,127.635
625.99,286.099,126.371,126.371
621.479,282.894,130.2,130.2
622.083,284.414,127.635,127.635
622.163,283.478,126.371,126.371
621.647,283.607,126.371,126.371
620.579,282.764,127.635,127.635
617.027,281.067,130.2,130.2
617.778,282.62,127.635,127.635
613.592,281.434,130.2,130.2
615.129,283.745,126.371,126.371
613.526,282.804,127.635,127.635
610.325,280.639,131.502,131.502
607.866,279.697,131.502,131.502
606.069,278.509,131.502,131.502
602.535,275.857,135.487,135.487
601.153,278.148,131.502,131.502
598.133,275.858,132.817,132.817
596.27,275.372,132.817,132.817
593.405,275.448,134.145,134.145
591.071,275.747,135.487,135.487
592.168,276.045,132.817,132.817
591.314,275.779,135.487,135.487
591.289,275.543,135.487,135.487
591.438,277.33,131.502,131.502
587.763,275.915,134.145,134.145
587.054,276.902,132.817,132.817
584.484,276.877,134.145,134.145
583.42,275.923,135.487,135.487
583.153,275.134,136.842,136.842
584.457,276.592,134.145,134.145
585.226,275.675,134.145,134.145
585.916,275.748,134.145,134.145
586.302,276.995,132.817,132.817
585.934,275.976,135.487,135.487
586.56,275.386,134.145,134.145
588.029,275.195,134.145,134.145
587.88,273.6,135.487,135.487
588.142,272.25,136.842,136.842
587.019,271.505,138.21,138.21
585.872,270.721,142.398,142.398
586.484,268.236,143.822,143.822
590.288,270.647,139.592,139.592
592.799,272.255,135.487,135.487
592.647,272.736,135.487,135.487
591.57,271.187,136.842,136.842
592.624,273.075,135.487,135.487
591.874,271.495,139.592,139.592
590.331,270.221,142.398,142.398
589.935,269.886,145.26,145.26
589.542,270.851,145.26,145.26
589.651,270.903,143.822,143.822
591.619,271.941,140.988,140.988
593.355,273.264,139.592,139.592
592.84,273.124,139.592,139.592
590.104,271.329,143.822,143.822
592.065,273.882,139.592,139.592
593.765,277.234,135.487,135.487
591.765,275.254,139.592,139.592
591.301,275.525,139.592,139.592
589.733,273.699,142.398,142.398
587.106,271.851,146.713,146.713
586.52,272.684,143.822,143.822
585.42,272.999,143.822,143.822
584.187,273.202,143.822,143.822
580.343,271.321,148.18,148.18
580.551,271.39,148.18,148.18
582.517,273.238,143.822,143.822
583.28,273.864,142.398,142.398
581.802,271.642,146.713,146.713
580.949,270.496,146.713,146.713
578.7,269.848,148.18,148.18
580.385,270.035,143.822,143.822
578.2,267.172,148.18,148.18
578.641,266.611,148.18,148.18
577.942,265.947,148.18,148.18
577.549,266.3,148.18,148.18
579.75,266.327,146.713,146.713
579.971,265.496,145.26,145.26
581.163,264.609,145.26,145.26
581.004,263.026,146.713,146.713
577.268,259.552,151.158,151.158
576.741,258.181,152.67,152.67
578.081,258.981,148.18,148.18
576.745,256.715,152.67,152.67
578.21,256.012,152.67,152.67
579.143,257.659,148.18,148.18
580.956,257.333,149.662,149.662
580.316,257.754,148.18,148.18
580.837,256.637,148.18,148.18
579.664,255.605,152.67,152.67
580.644,254.174,151.158,151.158
580.127,253.699,152.67,152.67
579.213,252.041,154.196,154.196
580.459,252.604,152.67,152.67
581.621,252.558,152.67,152.67
583.138,252.489,152.67,152.67
583.597,252.407,152.67,152.67
583.19,253.066,152.67,152.67
585.66,255.325,148.18,148.18
584.739,254.625,151.158,151.158
584.933,256.058,151.158,151.158
585.802,256.331,152.67,152.67
586.954,257.101,152.67,152.67
589.006,258.856,148.18,148.18
587.426,258.683,151.158,151.158
589.618,260.094,148.18,148.18
589.882,259.936,148.18,148.18
589.241,260.898,149.662,149.662
589.426,260.189,152.67,152.67
593.091,262.426,148.18,148.18
591.71,262.636,151.158,151.158
592.778,263.602,151.158,151.158
591.859,263.575,154.196,154.196
590.023,262.449,158.869,158.869
589.953,262.775,160.457,160.457
588.029,261.996,162.062,162.062
589.765,262.416,162.062,162.062
590.552,261.922,163.683,163.683
589.474,261.486,165.319,165.319
592.109,263.941,160.457,160.457
591.465,261.65,163.683,163.683
591.644,262.535,165.319,165.319
594.822,265.349,160.457,160.457
594.601,265.408,160.457,160.457
595.446,267.41,158.869,158.869
593.459,264.656,163.683,163.683
596.339,265.929,160.457,160.457
597,266.383,162.062,162.062
597.923,267.321,160.457,160.457
597.225,266.265,162.062,162.062
596.106,266.972,163.683,163.683
598.151,268.259,162.062,162.062
597.815,266.73,163.683,163.683
596.302,265.916,168.642,168.642
595.99,266.965,168.642,168.642
594.543,264.519,172.032,172.032
595.953,265.385,170.329,170.329
598.192,267.786,166.973,166.973
596.791,264.414,172.032,172.032
597.757,266.069,168.642,168.642
595.787,266.607,170.329,170.329
593.52,267.807,170.329,170.329
590.357,263.116,173.752,173.752
590.333,268.152,170.329,170.329
589.29,268.777,165.319,165.319
587.414,267.589,168.642,168.642
583.658,265.897,172.032,172.032
581.961,266.185,172.032,172.032
580.021,268.531,168.642,168.642
577.984,270.738,166.973,166.973
575.804,270.946,168.642,168.642
572.937,267.556,173.752,173.752
574.094,271.535,168.642,168.642
570.419,271.461,172.032,172.032
568.721,273.45,170.329,170.329
567.777,275.61,168.642,168.642
566.551,277.463,168.642,168.642
561.709,273.803,173.752,173.752
561.602,276.156,172.032,172.032
556.376,274.588,177.245,177.245
554.494,275.033,173.752,173.752
549.612,273.168,177.245,177.245
545.964,270.941,182.616,182.616
545.908,272.92,180.807,180.807
541.68,269.906,184.442,184.442
542.127,274.077,180.807,180.807
540.177,273.837,180.807,180.807
538.241,273.927,180.807,180.807
537.477,274.669,180.807,180.807
532.714,272.404,184.442,184.442
530.107,271.282,186.286,186.286
531.885,275.489,182.616,182.616
533.21,276.944,179.017,179.017
531.644,277.185,179.017,179.017
529.156,276.943,180.807,180.807
526.188,277.44,182.616,182.616
522.45,274.487,186.286,186.286
521.771,273.736,186.286,186.286
518.254,272.929,191.931,191.931
517.524,272.389,193.85,193.85
513.617,271.173,199.724,199.724
513.965,271.853,199.724,199.724
513.429,273.654,199.724,199.724
515.955,275.131,199.724,199.724
516.908,279.824,195.789,195.789
516.695,279.482,193.85,193.85
516.393,280.443,195.789,195.789
516.356,278.389,197.746,197.746
512.003,275.3,203.738,203.738
512.221,276.09,203.738,203.738
515.777,279.316,197.746,197.746
517.516,281.885,195.789,195.789
515.925,279.442,199.724,199.724
519.288,282.879,193.85,193.85
516.33,282.785,197.746,197.746
517.234,282.856,201.721,201.721
516.138,282.213,203.738,203.738
517.531,286.199,199.724,199.724
519.267,287.061,201.721,201.721
517.304,286.139,203.738,203.738
517.601,285.497,203.738,203.738
517.569,284.529,203.738,203.738
517.439,283.411,203.738,203.738
515.862,281.497,207.834,207.834
519.357,282.415,203.738,203.738
519.039,282.001,205.776,205.776
517.663,278.624,212.011,212.011
514.663,275.181,216.272,216.272
513.374,273.791,218.435,218.435
515.603,275.539,214.131,214.131
515.772,274.373,214.131,214.131
516.291,272.565,218.435,218.435
516.613,272.773,218.435,218.435
517.547,275.51,214.131,214.131
516.614,272.824,218.435,218.435
516.334,272.366,218.435,218.435
518.08,271.831,218.435,218.435
517.397,269.497,225.054,225.054
519.884,272.621,218.435,218.435
521.703,271.682,218.435,218.435
521.088,271.668,216.272,216.272
520.284,269.723,218.435,218.435
519.251,267.906,225.054,225.054
520.062,266.872,225.054,225.054
520.975,266.35,225.054,225.054
516.06,260.909,231.873,231.873
518.083,261.772,229.578,229.578
516.509,260.262,234.192,234.192
519.131,260.159,231.873,231.873
522.945,266.3,225.054,225.054
520.639,262.174,229.578,229.578
523.223,261.238,229.578,229.578
524.93,265.935,225.054,225.054
522.941,262.599,229.578,229.578
524.935,265.679,227.305,227.305
525.95,267.251,225.054,225.054
522.496,261.35,229.578,229.578
519.859,257.952,234.192,234.192
519.465,257.523,234.192,234.192
519.487,256.757,234.192,234.192
517.897,253.19,241.288,241.288
516.431,249.847,243.701,243.701
514.059,249.606,246.138,246.138
512.477,246.97,253.596,253.596
517.45,249.027,246.138,246.138
517.094,250.171,243.701,243.701
521.179,253.194,241.288,241.288
516.998,249.955,248.6,248.6
515.785,248.304,251.086,251.086
518.264,246.227,243.701,243.701
516.059,245.8,243.701,243.701
516.074,242.72,246.138,246.138
516.352,242.178,246.138,246.138
515.956,240.413,246.138,246.138
512.406,235.784,253.596,253.596
516.452,239.703,246.138,246.138
514.736,235.996,253.596,253.596
514.327,235.036,253.596,253.596
515.103,234.344,253.596,253.596
512.958,232.785,261.281,261.281
514.334,234.76,261.281,261.281
515.73,236.354,253.596,253.596
515.235,236.88,258.694,258.694
517.875,238.905,253.596,253.596
517.752,239.696,253.596,253.596
515.941,238.926,261.281,261.281
519.172,242.34,253.596,253.596
516.476,240.078,261.281,261.281
517.103,241.91,261.281,261.281
517.549,242.623,261.281,261.281
517.321,242.181,266.532,266.532
510.461,238.279,274.609,274.609
512.128,239.961,271.89,271.89
517.239,244.451,269.198,269.198
512.066,240.035,274.609,274.609
511.588,239.702,271.89,271.89
511.026,240.947,271.89,271.89
509.694,238.53,274.609,274.609
509.463,238.224,274.609,274.609
515.67,242.869,266.532,266.532
515.581,242.52,263.893,263.893
517.008,242.68,261.281,261.281
515.448,240.645,263.893,263.893
514.657,240.153,266.532,266.532
513.195,239.224,263.893,263.893
507.412,231.323,271.89,271.89
503.421,228.085,277.355,277.355
506.057,229.297,271.89,271.89
503.881,224.587,280.128,280.128
501.001,221.941,282.93,282.93
502.235,220.509,282.93,282.93
500.723,219.211,282.93,282.93
501.81,218.205,282.93,282.93
502.877,217.981,282.93,282.93
500.579,215.77,282.93,282.93
502.981,214.502,282.93,282.93
499.302,213.309,291.503,291.503
502.94,216.577,285.759,285.759
502.14,214.418,288.616,288.616
501.689,214.81,288.616,288.616
502.985,216.069,285.759,285.759
503.494,217.453,285.759,285.759
504.301,215.33,282.93,282.93
501.726,213.734,282.93,282.93
503.395,215.356,280.128,280.128
502.034,214.767,288.616,288.616
504.427,216.482,285.759,285.759
504.057,216.826,288.616,288.616
500.977,216.022,288.616,288.616
504.228,217.983,285.759,285.759
501.352,215.573,291.503,291.503
493,209.301,300.335,300.335
497.465,210.778,294.418,294.418
494.784,211.481,303.339,303.339
497.4,212.559,297.362,297.362
500.447,218.716,288.616,288.616
499.575,218.196,291.503,291.503
502.371,220.82,288.616,288.616
501.229,219.795,291.503,291.503
500.009,220.489,291.503,291.503
501.075,221.469,291.503,291.503
497.072,218.371,294.418,294.418
500.729,222.008,288.616,288.616
491.995,217.225,297.362,297.362
490.319,214.718,300.335,300.335
498.787,222.164,291.503,291.503
492.524,219.012,297.362,297.362
494.6,218.038,297.362,297.362
490.382,213.401,306.372,306.372
492.682,215.392,306.372,306.372
493.995,219.576,300.335,300.335
494.882,220.4,303.339,303.339
496.62,223.088,303.339,303.339
495.797,222.198,303.339,303.339
495.34,222.124,303.339,303.339
493.14,221.512,303.339,303.339
493.596,222.187,303.339,303.339
493.187,219.454,303.339,303.339
492.762,220.763,297.362,297.362
490.641,218.946,297.362,297.362
486.623,216.711,303.339,303.339
486.441,214.981,300.335,300.335
484.616,209.907,306.372,306.372
485.262,212.958,303.339,303.339
484.77,210.983,303.339,303.339
481.569,207.344,303.339,303.339
479.844,206.008,303.339,303.339
470.7,199.209,309.436,309.436
471.473,198.095,306.372,306.372
470.58,197.188,303.339,303.339
469.589,197.35,297.362,297.362
464.57,189.362,306.372,306.372
465.043,190.576,300.335,300.335
465.017,188.834,303.339,303.339
462.953,186.424,303.339,303.339
453.534,177.059,306.372,306.372
447.293,169.895,315.656,315.656
445.851,167.057,315.656,315.656
441.053,162.943,322,322
441.701,160.299,322,322
432.627,155.838,328.472,328.472
439.089,158.12,318.812,318.812
432.152,152.314,315.656,315.656
431.343,149.925,318.812,318.812
431.205,148.609,318.812,318.812
421.67,142.11,328.472,328.472
426.281,140.849,325.22,325.22
418.28,133.572,331.757,331.757
410.208,125.501,338.426,338.426
412.873,128.396,331.757,331.757
411.746,127.388,331.757,331.757
405.463,118.308,338.426,338.426
408.893,125.107,335.075,335.075
410.935,126.371,328.472,328.472
408.597,125.11,331.757,331.757
404.709,120.735,335.075,335.075
401.641,117.975,338.426,338.426
399.631,119.097,338.426,338.426
403.476,124.534,335.075,335.075
403.697,122.272,335.075,335.075
397.346,117.679,341.81,341.81
394.159,117.953,345.228,345.228
396.234,120.108,341.81,341.81
396.913,122.257,338.426,338.426
393.445,120.351,348.68,348.68
392.119,120.582,348.68,348.68
392.68,123.602,348.68,348.68
393.543,125.173,348.68,348.68
395.476,132.131,345.228,345.228
396.913,133.843,352.167,352.167
399.345,139.448,345.228,345.228
402.158,145.881,341.81,341.81
401.935,144.703,352.167,352.167
402.651,151.973,348.68,348.68
406.562,157.694,352.167,352.167
402.531,156.787,362.838,362.838
411.827,167.086,352.167,352.167
409.636,169.877,362.838,362.838
410.554,171.604,366.466,366.466
408.403,172.629,373.832,373.832
414.795,183.544,366.466,366.466
415.839,184.646,370.131,370.131
409.786,183.227,381.346,381.346
414.085,189.889,381.346,381.346
420.748,196.914,373.832,373.832
429.197,211.15,362.838,362.838
421.569,205.704,373.832,373.832
417.56,204.28,381.346,381.346
421.577,207.022,377.571,377.571
419.069,204.436,385.16,385.16
415.472,202.996,396.83,396.83
424.518,211.464,385.16,385.16
425.782,213.107,385.16,385.16
429.941,217.499,381.346,381.346
429.305,219.247,381.346,381.346
431.711,217.297,385.16,385.16
437.152,218.524,385.16,385.16
