539.973,295.021,188,130
539.493,294.729,188,130
539.692,294.049,188,130
539.939,293.671,188,130
540.399,292.903,188,130
539.447,292.986,188,130
538.638,293.095,188,130
538.74,292.879,188,130
538.42,291.849,188,130
537.749,291.552,188,130
536.471,291.734,188,130
536.692,291.304,188,130
536.338,290.897,188,130
536.4,291.07,188,130
539.951,293.508,182.471,126.177
540.966,295.181,178.876,123.691
542.588,294.845,175.351,121.253
539.79,292.572,180.664,124.927
539.161,291.77,180.664,124.927
540.414,294.152,177.105,122.466
542.004,295.101,173.615,120.053
544.342,296.298,170.194,117.687
546.654,297.915,165.189,114.226
542.442,295.809,170.194,117.687
537.795,293.644,175.351,121.253
536.318,293.438,177.105,122.466
539.515,294.345,173.615,120.053
539.735,295.139,170.194,117.687
540.845,296.424,165.189,114.226
540.392,295.062,163.553,113.095
540.385,294.928,165.189,114.226
539.312,294.116,165.189,114.226
535.844,291.171,168.509,116.522
537.528,292.485,166.84,115.368
538.317,292.479,163.553,113.095
536.558,291.115,166.84,115.368
533.88,289.586,171.896,118.864
533.778,290.458,170.194,117.687
535.435,291.864,165.189,114.226
536.969,292.309,161.934,111.975
536.114,292.774,161.934,111.975
536.096,292.599,158.743,109.769
536.895,294.35,154.074,106.541
535.269,292.292,158.743,109.769
535.97,294.22,154.074,106.541
536.141,293.596,157.171,108.682
536.036,293.725,155.615,107.606
532.984,291.476,158.743,109.769
536.202,293.087,155.615,107.606
532.862,290.74,158.743,109.769
533.23,291.121,158.743,109.769
534.884,292.126,154.074,106.541
534.863,291.936,155.615,107.606
534.604,291.671,154.074,106.541
536.854,293.411,151.039,104.442
534.744,291.355,154.074,106.541
536.854,293.64,151.039,104.442
537.654,293.969,149.543,103.407
535.056,291.969,152.549,105.486
536.329,291.855,152.549,105.486
536.979,291.419,152.549,105.486
539.142,292.55,149.543,103.407
540.992,293.812,145.145,100.366
540.981,294.348,145.145,100.366
539.875,292.235,148.062,102.384
539.149,292.656,148.062,102.384
541.117,292.02,146.597,101.37
544.761,294.456,143.708,99.3726
544.667,293.889,140.876,97.4145
544.242,293.551,140.876,97.4145
546.114,293.489,139.482,96.45
548.02,295.813,135.379,93.6134
546.827,293.963,138.101,95.4951
546.172,293.003,140.876,97.4145
547.963,293.8,138.101,95.4951
549.783,296.476,134.039,92.6866
549.541,296.443,135.379,93.6134
547.474,294.426,138.101,95.4951
549.332,294.088,138.101,95.4951
551.416,295.487,135.379,93.6134
548.764,293.846,139.482,96.45
549.208,294.429,138.101,95.4951
549.785,294.611,138.101,95.4951
547.697,293.591,140.876,97.4145
550.095,295.415,138.101,95.4951
549.437,295.516,138.101,95.4951
549.704,294.723,139.482,96.45
549.52,296.082,139.482,96.45
549.674,296.316,139.482,96.45
550.479,296.283,139.482,96.45
549.566,296.696,140.876,97.4145
552.541,299.25,136.733,94.5496
553.126,301.487,134.039,92.6866
554.8,302.375,132.712,91.7689
554.713,302.754,134.039,92.6866
554.664,303.76,130.097,89.9607
556.877,305.92,127.534,88.1881
555.714,306.482,127.534,88.1881
556.44,307.105,127.534,88.1881
556.691,308.704,126.271,87.315
556.486,309.353,127.534,88.1881
555.364,308.913,130.097,89.9607
557.366,311.062,126.271,87.315
556.829,310.853,127.534,88.1881
555.011,311.273,130.097,89.9607
557.898,313.33,126.271,87.315
559.081,314.826,125.021,86.4505
556.702,314.148,127.534,88.1881
560.235,316.581,123.783,85.5945
559.213,316.159,125.021,86.4505
557.898,316.557,126.271,87.315
558.509,318.594,126.271,87.315
556.329,317.621,128.809,89.07
556.517,319.065,128.809,89.07
558.68,320.815,125.021,86.4505
560.954,322.112,121.344,83.908
561.574,323.754,120.142,83.0772
563.033,324.869,116.609,80.6339
562.108,324.003,120.142,83.0772
562.719,324.967,117.775,81.4403
564.337,326.943,114.311,79.0451
565.776,328.54,112.059,77.4876
563.239,328.05,115.455,79.8356
561.712,327.02,118.953,82.2547
560.463,326.187,120.142,83.0772
560.84,326.176,120.142,83.0772
562.243,327.859,117.775,81.4403
561.004,327.249,120.142,83.0772
559.34,325.963,122.557,84.7471
560.791,326.878,120.142,83.0772
559.756,326.11,121.344,83.908
560.175,326.762,118.953,82.2547
560.895,327.177,117.775,81.4403
561.634,327.894,116.609,80.6339
560.73,327.157,117.775,81.4403
558.964,325.58,121.344,83.908
558.097,325.806,121.344,83.908
559.612,327.198,117.775,81.4403
561.664,328.532,114.311,79.0451
561.551,328.426,113.18,78.2625
560.31,328.307,114.311,79.0451
559.927,327.663,116.609,80.6339
561.52,328.831,113.18,78.2625
558.895,327.388,116.609,80.6339
556.476,325.998,120.142,83.0772
556.421,326.339,120.142,83.0772
557.919,327.5,117.775,81.4403
556,327.883,117.775,81.4403
557.916,329.126,116.609,80.6339
558.905,330.959,113.18,78.2625
559.814,332.212,112.059,77.4876
559.354,333.777,109.851,75.9608
560.338,335.492,106.62,73.7268
560.025,334.915,108.763,75.2087
558.081,335.252,112.059,77.4876
557.783,335.259,112.059,77.4876
557.585,335.976,110.95,76.7204
558.175,336.341,112.059,77.4876
556.431,336.475,113.18,78.2625
557.841,337.236,112.059,77.4876
558.992,338.561,108.763,75.2087
558.557,338.007,110.95,76.7204
558.334,339.072,109.851,75.9608
558.514,339.305,109.851,75.9608
557.007,337.813,113.18,78.2625
558.341,339.286,110.95,76.7204
559.005,340.423,108.763,75.2087
560.119,340.064,110.95,76.7204
559.449,341.345,107.687,74.4641
562.273,341.997,106.62,73.7268
561.638,342.445,106.62,73.7268
563.071,342.432,105.565,72.9969
562.637,341.937,107.687,74.4641
561.17,340.915,110.95,76.7204
562.098,341.532,107.687,74.4641
563.444,341.361,108.763,75.2087
564.296,342.497,105.565,72.9969
565.827,342.357,105.565,72.9969
563.414,341.554,107.687,74.4641
566.169,340.501,109.851,75.9608
564.943,339.319,112.059,77.4876
566.061,340.607,109.851,75.9608
567.291,341.249,106.62,73.7268
567.978,339.878,109.851,75.9608
567.943,339.891,109.851,75.9608
568.407,338.286,112.059,77.4876
570.333,339.576,109.851,75.9608
570.043,340.063,109.851,75.9608
571.673,340.54,108.763,75.2087
573.182,341.192,107.687,74.4641
575.281,341.66,105.565,72.9969
575.544,342.04,105.565,72.9969
576.909,341.918,104.519,72.2741
576.683,341.192,107.687,74.4641
578.801,341.828,105.565,72.9969
579.511,342.621,105.565,72.9969
579.724,341.746,107.687,74.4641
581.276,342.92,105.565,72.9969
583.48,343.435,104.519,72.2741
584.876,344.357,101.446,70.1485
586.78,344.129,101.446,70.1485
586.458,343.605,104.519,72.2741
586.165,342.451,107.687,74.4641
587.525,342.565,109.851,75.9608
587.085,340.617,113.18,78.2625
588.095,341.63,109.851,75.9608
590.434,341.735,109.851,75.9608
590.113,341.832,109.851,75.9608
592.46,341.674,109.851,75.9608
591.79,341.087,108.763,75.2087
594.214,342.023,106.62,73.7268
596.468,342.672,104.52,72.2741
596.493,342.801,103.485,71.5585
597.42,342.761,104.52,72.2741
599.771,343.609,102.46,70.85
598.907,341.879,104.52,72.2741
601.365,342.697,101.446,70.1486
602.634,342.967,102.46,70.85
604.563,344.31,99.4467,68.7663
604.463,344.315,97.4872,67.4114
606.849,344.463,96.522,66.7439
607.307,344.76,99.4467,68.7663
606.232,345.048,101.446,70.1486
607.887,345.716,98.4621,68.0855
607.82,345.564,98.4621,68.0855
607.812,346.178,101.446,70.1486
606.235,345.56,103.485,71.5585
606.331,344.831,106.62,73.7268
606.66,345.298,104.52,72.2741
606.915,345.302,104.52,72.2741
607.088,344.81,106.62,73.7268
606.586,346.315,103.485,71.5585
608.035,346.782,104.52,72.2741
609.185,348.966,101.446,70.1486
609.873,349.702,99.4467,68.7664
609.493,349.606,101.446,70.1486
609.504,349.546,102.46,70.85
610.631,350.684,99.4467,68.7664
610.571,350.477,100.441,69.454
608.959,350.127,103.485,71.5585
609.318,350.021,103.485,71.5585
609.346,350.718,103.485,71.5585
611,352.313,101.446,70.1486
611.393,353.964,98.4621,68.0855
611.847,354.055,100.441,69.454
611.02,354.279,102.46,70.85
611.599,355.271,102.46,70.85
612.148,356.772,100.441,69.454
612.817,357.639,99.4467,68.7664
612.265,359.011,99.4467,68.7664
613.336,360.267,99.4467,68.7664
611.332,360.874,98.4621,68.0855
612.884,362.782,96.522,66.7439
613.326,364.577,93.6833,64.781
611.663,364.665,95.5664,66.0831
611.222,365.676,97.4872,67.4114
611.01,366.715,97.4872,67.4114
610.066,366.948,98.4621,68.0855
609.824,368.551,99.4467,68.7664
608.991,369.529,100.441,69.454
607.767,369.701,102.46,70.85
607.167,370.752,102.46,70.85
606.787,372.337,100.441,69.454
606.088,373.081,102.46,70.85
605.849,373.975,101.446,70.1486
606.416,375.162,99.4467,68.7664
606.605,377.326,96.522,66.744
607.586,378.667,94.6202,65.4288
605.756,378.684,96.522,66.744
606.3,380.033,93.6833,64.781
606.357,380.715,92.7558,64.1396
604.548,381.02,94.6202,65.4288
603.294,380.954,95.5664,66.0831
603.356,382.025,93.6833,64.781
602.306,381.902,94.6202,65.4288
600.39,381.679,97.4873,67.4114
601.287,383.985,94.6202,65.4288
599.576,383.714,94.6202,65.4288
600.317,384.462,94.6202,65.4288
600.669,385.267,91.8374,63.5046
599.581,385.958,90.0279,62.2533
598.906,385.826,90.0279,62.2533
600.327,386.564,88.254,61.0267
598.262,386.795,85.6584,59.2319
595.85,385.954,88.254,61.0267
594.288,385.357,90.9281,62.8758
592.389,384.963,93.6833,64.781
592.228,384.641,93.6833,64.781
589.834,384.521,96.522,66.744
589.225,383.189,98.4621,68.0855
589.198,384.441,96.522,66.744
586.436,383.395,99.4468,68.7664
584.836,383.258,98.4621,68.0855
583.061,382.223,100.441,69.454
582.192,383.025,98.4621,68.0855
582.273,384.364,96.522,66.744
580.214,383.628,99.4467,68.7664
578.602,383.557,99.4467,68.7664
579.588,385.227,96.522,66.744
576.421,384.417,99.4467,68.7664
575.616,384.473,98.4621,68.0855
574.345,383.797,100.441,69.454
572.006,384.122,100.441,69.454
573.437,385.862,99.4467,68.7664
570.132,384.707,101.446,70.1486
568.661,385.44,101.446,70.1486
568.487,385.732,98.4621,68.0855
567.406,385.784,99.4467,68.7664
565.84,386.398,99.4467,68.7664
564.289,387.016,99.4467,68.7664
564.562,387.687,97.4873,67.4114
560.556,386.335,100.441,69.454
559.723,387.091,101.446,70.1486
558.252,387.151,100.441,69.454
558.394,388.34,98.4621,68.0855
557.125,388.601,98.4621,68.0855
556.506,388.679,99.4468,68.7664
555.366,388.962,99.4468,68.7664
554.864,389.275,99.4468,68.7664
553.616,388.889,100.441,69.454
550.098,387.841,103.485,71.5586
548.65,386.47,103.485,71.5586
546.795,385.871,105.565,72.9969
547.727,386.68,103.485,71.5586
547.131,386.531,105.565,72.9969
546.513,386.705,103.485,71.5586
545.527,387.155,101.446,70.1486
545.588,387.941,101.446,70.1486
546.09,387.369,99.4468,68.7664
543.035,386.734,102.46,70.8501
541.463,386.942,105.565,72.9969
538.759,384.998,108.763,75.2088
541.176,385.973,105.565,72.9969
540.842,386.259,104.52,72.2742
539.753,386.594,104.52,72.2742
538.81,386.864,105.565,72.9969
539.877,388.627,102.46,70.8501
540.031,389.163,102.46,70.8501
539.905,389.943,101.446,70.1486
537.728,388.529,104.52,72.2742
536.412,387.835,107.687,74.4641
538.351,388.596,105.565,72.9969
537.032,388.188,104.52,72.2742
536.345,387.602,107.687,74.4641
536.082,386.463,108.763,75.2088
537.486,388.39,106.62,73.7269
538.568,388.827,103.485,71.5586
540.004,390.878,101.446,70.1486
539.463,388.492,103.485,71.5586
538.647,388.321,103.485,71.5586
541.507,390.244,101.446,70.1486
539.204,390.443,101.446,70.1486
542.346,391.083,99.4468,68.7664
539.927,391.728,97.4873,67.4114
540.34,390.163,100.441,69.4541
538.544,390.603,100.441,69.4541
540.645,391.691,98.4622,68.0855
539.981,391.67,99.4468,68.7664
539.839,392.906,99.4468,68.7664
538.798,392.384,97.4873,67.4114
536.53,391.625,100.441,69.4541
533.639,391.289,103.485,71.5586
532.511,391.656,103.485,71.5586
530.996,390.587,105.565,72.9969
531.404,391.485,103.485,71.5586
530.717,391.35,103.485,71.5586
529.381,391.334,103.485,71.5586
529.299,392.882,101.446,70.1486
527.264,392.433,102.46,70.8501
526.882,393.075,100.441,69.4541
525.515,393.301,102.46,70.8501
525.664,393.322,101.446,70.1486
525.295,394.209,98.4622,68.0855
525.8,394.96,97.4873,67.4114
523.954,394.43,99.4468,68.7664
523.3,393.603,102.46,70.8501
520.425,391.664,105.565,72.9969
518.759,391.238,106.62,73.7269
519.574,392.782,104.52,72.2742
517.275,391.703,106.62,73.7269
515.584,392.869,103.485,71.5586
518.287,394.427,100.441,69.4541
516.53,394.168,100.441,69.4541
516.999,394.885,99.4468,68.7664
513.641,394.391,102.46,70.8501
512.779,393.825,103.485,71.5586
512.277,394.002,103.485,71.5586
511.26,393.728,104.52,72.2742
510.927,392.871,106.62,73.7269
509.393,393.736,104.52,72.2742
510.966,394.666,103.485,71.5586
510.418,396.725,100.441,69.4541
508.986,396.844,100.441,69.4541
509.283,398.015,98.4622,68.0856
509.052,397.739,98.4622,68.0856
507.174,397.803,101.446,70.1486
506.81,397.552,100.441,69.4541
504.792,397.265,102.46,70.8501
502.818,397.531,104.52,72.2742
502.21,397.698,103.485,71.5586
501.761,397.468,104.52,72.2742
500.323,397.526,103.485,71.5586
498.891,398.217,103.485,71.5586
498.992,399.309,100.441,69.4541
499.14,399.558,102.46,70.8501
497.535,399.632,102.46,70.8501
497.477,400.47,101.446,70.1486
497.09,401.433,101.446,70.1486
496.109,400.956,103.485,71.5586
493.652,400.66,104.52,72.2742
493.432,401.29,104.52,72.2742
492.205,401.556,106.62,73.7269
491.745,402.649,103.485,71.5586
492.656,403.668,101.446,70.1486
490.907,404.101,101.446,70.1486
490.299,404.956,100.441,69.4541
489.923,405.499,100.441,69.4541
488.996,406.744,97.4873,67.4115
487.984,406.816,99.4468,68.7664
486.961,407.332,99.4468,68.7664
485.614,407.543,100.441,69.4541
483.851,407.798,101.446,70.1486
483.082,408.059,102.46,70.8501
481.661,407.152,104.52,72.2742
480.507,407.914,105.565,72.9969
477.448,405.425,108.764,75.2088
476.829,406.212,107.687,74.4642
478.355,409.106,105.565,72.9969
476.598,409.24,103.485,71.5586
476.697,409.583,105.565,72.9969
476.369,410.924,102.46,70.8501
475.428,412.44,100.441,69.4541
475.648,413.227,101.446,70.1486
474.374,412.613,102.46,70.8501
473.395,411.827,105.565,72.9969
471.067,412.112,104.52,72.2742
470.533,413.233,104.52,72.2742
470.359,413.322,103.485,71.5586
469.884,415.439,100.441,69.4541
469.043,416.241,99.4468,68.7664
468.263,417.276,99.4468,68.7664
467.706,418.099,97.4873,67.4115
467.175,418.349,97.4873,67.4115
466.785,418.132,99.4468,68.7664
464.203,416.558,102.46,70.8501
465.38,417.906,101.446,70.1486
463.998,418.048,101.446,70.1486
464.756,420.21,99.4468,68.7664
462.55,419.581,98.4622,68.0856
460.81,418.524,101.446,70.1486
460.76,420.373,99.4468,68.7664
461.264,420.883,97.4874,67.4115
460.647,420.986,99.4469,68.7664
460.844,422.368,96.5221,66.744
458.175,421.535,99.4469,68.7664
456.83,422.032,97.4874,67.4115
455.601,422.707,97.4874,67.4115
457.127,422.91,99.4469,68.7664
454.564,422.603,101.446,70.1486
454.511,422.202,101.446,70.1486
454.75,422.226,102.46,70.8501
451.705,421.654,104.52,72.2742
451.643,422.438,105.565,72.997
451.052,423.059,103.485,71.5586
452.769,425.783,101.446,70.1486
452.229,426.191,99.4469,68.7664
451.06,426.497,97.4874,67.4115
452.246,426.81,99.4469,68.7664
452.897,428.543,96.5221,66.744
452.581,429.623,94.6203,65.4289
451.433,427.773,97.4874,67.4115
449.584,428.411,100.441,69.4541
449.514,429.312,99.4469,68.7664
450.011,429.084,99.4469,68.7664
452.65,430.89,96.5221,66.744
450.56,430.739,98.4622,68.0856
450.418,430.385,101.446,70.1486
449.409,431.205,99.4469,68.7664
450.097,431.876,99.4469,68.7664
449.198,432.605,98.4622,68.0856
448.409,431.553,101.446,70.1486
447.864,432.062,102.46,70.8501
447.606,431.387,105.565,72.997
448.072,432.211,103.485,71.5586
446.673,432.058,103.485,71.5586
446.653,432.008,106.62,73.7269
447.988,434.128,105.565,72.997
447.259,434.304,103.485,71.5586
447.019,434.415,104.52,72.2742
446.82,435.413,105.565,72.997
447.146,436.173,102.46,70.8501
446.76,436.212,103.485,71.5586
447.665,438.623,101.446,70.1486
446.706,438.723,101.446,70.1486
446.111,438.596,103.485,71.5586
447.483,439.87,101.446,70.1486
446.921,439.976,99.4469,68.7664
449.89,441.831,99.4469,68.7664
448.669,441.357,100.441,69.4541
448.23,441.906,102.46,70.8501
448.068,442.76,102.46,70.8501
446.796,441.758,103.485,71.5586
447.889,442.603,105.565,72.997
448.812,443.558,104.52,72.2742
446.846,444.19,103.485,71.5586
