628.508,440.997,95,82
628.662,441.293,95,82
628.585,441.434,95,82
627.757,440.322,96.9095,83.6482
629.35,441.97,94.0594,81.1881
628.84,442.013,95.95,82.82
629.961,442.505,95,82
630.33,443.259,93.1281,80.3843
630.097,443.078,95,82
630.478,443.088,95,82
630.507,443.272,95,82
630.728,443.532,94.0594,81.1881
630.188,443.267,95.95,82.82
630.624,444.008,95,82
630.1,444.019,95.95,82.82
630.859,444.635,95,82
630.464,444.874,95,82
630.047,444.792,95.95,82.82
629.842,445.033,95.95,82.82
629.828,445.221,95.95,82.82
630.033,445.57,95.95,82.82
630.145,445.886,95.95,82.82
629.904,445.985,95.95,82.82
631.036,446.247,94.0594,81.1881
631.062,446.677,94.0594,81.1881
629.425,445.725,96.9095,83.6482
628.921,445.601,97.8786,84.4847
628.241,445.389,99.846,86.1828
629.163,445.813,97.8786,84.4847
629.87,446.213,96.9095,83.6482
629.713,446.365,96.9095,83.6482
629.548,446.266,98.8574,85.3295
629.33,446.748,98.8574,85.3295
629.043,446.429,99.846,86.1828
628.764,446.289,100.844,87.0447
629.686,447.261,98.8574,85.3295
631.244,448.861,95.95,82.82
630.029,447.317,98.8574,85.3295
629.858,447.038,98.8574,85.3295
629.496,446.845,99.846,86.1828
628.986,447.158,99.846,86.1828
628.779,446.614,100.844,87.0447
628.222,446.274,101.853,87.9151
626.879,445.248,102.871,88.7943
628.516,447.579,99.846,86.1828
627.259,446.499,101.853,87.9151
626.567,446.588,101.853,87.9151
625.979,445.908,102.871,88.7943
627.341,447.307,100.844,87.0447
625.158,446.24,102.871,88.7943
627.014,447.264,100.844,87.0447
624.051,445.754,103.9,89.6822
625.988,447.775,100.844,87.0447
626.996,449.189,98.8574,85.3296
625.141,447.9,101.853,87.9151
626.024,449.243,99.846,86.1828
625.018,449.489,99.846,86.1828
624.439,449.145,100.844,87.0447
624.137,449.454,100.844,87.0447
622.075,447.462,103.9,89.6822
623.042,448.971,101.853,87.9151
621.697,447.405,103.9,89.6822
619.914,446.304,107.048,92.3997
619.431,446.734,107.048,92.3997
619.09,446.552,107.048,92.3997
618.164,445.993,108.119,93.3237
619.055,447.684,105.989,91.4848
617.194,446.317,108.119,93.3237
617.489,447.428,107.048,92.3997
617.123,446.9,108.119,93.3237
617.864,447.869,105.989,91.4848
618.598,449.043,103.9,89.6822
617.985,449.809,102.871,88.7943
617.393,449.325,103.9,89.6822
615.504,447.992,107.048,92.3997
614.824,447.634,107.048,92.3997
614.089,448.257,107.048,92.3997
613.044,447.435,108.119,93.3237
613.222,448.207,107.048,92.3997
611.859,447.619,108.119,93.3237
611.845,448.179,107.048,92.3997
611.834,448.637,105.989,91.4848
610.623,448.166,107.048,92.3997
609.997,447.847,107.048,92.3997
608.905,447.192,108.119,93.3237
606.633,445.372,111.395,96.1515
604.918,444.26,114.77,99.065
605.03,445.899,111.395,96.1515
604.53,445.363,111.395,96.1515
603.389,445.864,110.292,95.1995
603.237,446.319,109.2,94.2569
603.653,447.232,107.048,92.3997
602.226,447.428,107.048,92.3997
602.077,447.839,107.048,92.3997
601.129,446.956,108.119,93.3237
600.365,447.294,108.119,93.3237
599.126,447.078,108.119,93.3237
596.335,446.011,110.292,95.1995
595.164,444.716,113.634,98.0841
592.417,442.011,117.077,101.056
593.265,443.873,115.918,100.056
593.081,444.949,113.634,98.0841
592.151,444.673,113.634,98.0841
591.112,444.704,113.634,98.0841
587.867,442.172,117.077,101.056
588.901,444.142,114.77,99.0649
587.979,444.574,113.634,98.0841
584.727,442.628,117.077,101.056
585.92,444.106,114.77,99.0649
584.355,443.541,115.918,100.056
584.26,444.076,114.77,99.0649
580.83,442.034,118.248,102.067
582.768,444.075,114.77,99.0649
579.887,442.178,118.248,102.067
581.085,444.479,114.77,99.0649
581.37,445.213,113.634,98.0841
578.525,442.678,117.077,101.056
576.847,441.248,119.43,103.087
576.832,442.734,117.077,101.056
575.564,442.32,118.248,102.067
574.974,442.628,118.248,102.067
576.175,444.379,115.918,100.056
575.487,444.731,115.918,100.056
573.932,443.281,117.077,101.056
575.226,445.424,114.77,99.0649
574.152,445.321,114.77,99.0649
573.363,444.832,115.918,100.056
573.881,446.112,113.634,98.0841
571.99,445.209,115.918,100.056
568.888,442.538,119.43,103.087
569.1,444.025,117.077,101.056
569.743,445.401,115.918,100.056
569.043,445.621,115.918,100.056
566.486,444.064,118.248,102.067
567.981,445.778,115.918,100.056
567.89,446.684,114.77,99.0649
565.072,444.433,118.248,102.067
565.069,444.32,118.248,102.067
566.113,445.219,117.077,101.056
567.267,446.848,115.918,100.056
567.733,448.064,114.77,99.0649
565.953,446.008,118.248,102.067
564.255,444.86,120.625,104.118
566.385,446.744,117.077,101.056
564.798,445.277,119.43,103.087
565.717,445.523,119.43,103.087
564.824,444.902,120.625,104.118
565.034,445.447,120.625,104.118
567.793,447.002,117.077,101.056
566.564,445.82,120.625,104.118
565.99,445.49,123.049,106.211
566.551,445.372,121.831,105.159
568.797,446.987,118.248,102.067
568.117,446.647,119.43,103.087
567.709,446.369,123.049,106.211
568.901,446.717,120.625,104.118
569.363,445.559,121.831,105.159
571.437,448.14,118.248,102.067
573.982,449.685,115.918,100.056
573.753,449.063,117.077,101.056
573.873,449.229,117.077,101.056
572.91,448.208,119.43,103.087
573.776,447.381,120.625,104.118
573.61,447.412,121.831,105.159
574.788,448.312,119.43,103.087
573.973,447.822,120.625,104.118
574.09,448.669,120.625,104.118
573.846,448.558,120.625,104.118
573.031,448.161,121.831,105.159
573.131,448.335,121.831,105.159
573.88,448.04,121.831,105.159
572.667,448.38,123.049,106.211
571.344,448.339,124.28,107.273
570.426,447.679,125.523,108.346
569.314,447.782,125.523,108.346
567.766,445.264,128.046,110.524
567.238,445.504,128.046,110.524
569.45,446.981,125.523,108.346
570.497,447.048,121.831,105.159
570.974,448.003,120.625,104.118
570.239,447.49,123.049,106.211
569.435,446.732,125.523,108.346
566.001,444.331,128.046,110.524
564.988,443.649,128.046,110.524
567.887,446.619,125.523,108.346
564.659,443.947,129.326,111.629
564.633,443.746,129.326,111.629
564.796,444.318,128.046,110.524
563.837,442.958,129.326,111.629
564.028,443.591,128.046,110.524
563.931,443.185,129.326,111.629
564.514,442.723,129.326,111.629
565.106,442.745,129.326,111.629
566.479,443.743,128.046,110.524
567.837,443.184,126.778,109.429
566.683,442.388,130.619,112.745
568.179,442.331,128.046,110.524
568.397,441.961,128.046,110.524
571.126,442.925,125.523,108.346
568.349,440.174,129.326,111.629
567.337,439.001,131.926,113.873
568.257,439.313,129.326,111.629
566.856,436.435,133.245,115.011
566.518,435.796,133.245,115.011
565.958,435.574,133.245,115.011
567.951,437.698,129.326,111.629
568.222,438.101,128.046,110.524
567.839,437.2,130.619,112.745
566.789,436.488,131.926,113.873
565.4,434.404,135.923,117.323
565.719,435.909,131.926,113.873
566.243,435.809,128.046,110.524
566.266,435.873,126.778,109.429
564.551,434.763,129.326,111.629
563.826,433.854,131.926,113.873
562.247,431.725,135.923,117.323
560.127,429.009,138.655,119.681
561.923,430.63,135.923,117.323
560.352,429.834,137.282,118.496
557.113,427.662,140.042,120.878
556.635,426.648,142.856,123.308
555.055,424.988,144.285,124.541
555.208,426.404,142.856,123.308
555.193,425.837,141.442,122.087
555.856,425.092,141.442,122.087
556.832,426.076,141.442,122.087
557.613,426.833,137.282,118.496
555.682,426.717,137.282,118.496
556.74,426.343,134.577,116.161
555.56,425.647,137.282,118.496
554.153,425.561,137.282,118.496
552.974,422.535,140.042,120.878
555.521,424.165,137.282,118.496
555.161,424.447,137.282,118.496
553.045,421.496,140.042,120.878
552.547,420.781,142.857,123.308
551.666,420.601,142.857,123.308
553.222,420.128,141.442,122.087
553.092,419.847,138.655,119.681
552.09,419.606,138.655,119.681
551.047,418.512,141.442,122.087
550.097,416.562,144.285,124.541
551.664,418.911,140.042,120.878
553.693,420.765,135.923,117.323
551.821,417.98,138.655,119.681
550.749,416.493,141.442,122.087
552.4,417.929,137.282,118.496
552.754,417.732,134.577,116.161
552.331,417.859,134.577,116.161
552.674,418.341,133.245,115.011
550.687,417.586,137.282,118.496
548.395,415.096,140.042,120.878
549.468,415.358,138.655,119.681
548.415,413.719,140.042,120.878
547.231,413.976,142.857,123.308
545.868,412.334,144.285,124.541
546.837,413.446,140.042,120.878
547.297,414.102,138.655,119.681
548.625,415.29,135.923,117.323
548.981,414.744,135.923,117.323
547.788,414.459,134.577,116.161
545.634,412.792,138.655,119.681
546.068,413.479,138.655,119.681
545.196,412.087,140.042,120.878
546.696,414.426,135.923,117.323
544.688,414.284,137.282,118.496
543.478,411.109,141.442,122.087
543.382,411.816,141.442,122.087
544.1,412.426,137.282,118.496
541.851,410.739,138.655,119.681
541.369,410.511,141.442,122.087
543.506,412.507,137.282,118.496
540.084,411.096,138.655,119.681
541.255,410.233,141.442,122.087
540.85,410.428,138.655,119.681
540.206,409.683,142.857,123.308
539.023,409.227,142.857,123.308
540.754,409.543,138.655,119.681
541.56,410.218,137.282,118.496
541.752,411.118,135.923,117.323
540.082,410.313,137.282,118.496
540.074,409.124,137.282,118.496
538.933,407.306,140.042,120.878
538.933,407.165,140.042,120.878
540.118,409.023,135.923,117.323
539.049,407.952,137.282,118.496
537.026,405.539,140.042,120.878
536.781,406.11,138.655,119.681
538.088,405.828,141.442,122.087
536.303,403.5,145.728,125.786
537.731,404.485,141.442,122.087
537.691,405.035,138.655,119.681
538.187,406.2,137.282,118.496
536.728,405.099,138.655,119.681
538.163,405.846,134.577,116.162
541.767,409.275,130.619,112.745
541.515,408.049,131.926,113.873
540.115,407.087,129.326,111.629
538.131,405.879,133.245,115.011
537.88,405.701,133.245,115.011
537.994,404.555,135.923,117.323
536.516,403.823,134.577,116.162
537.618,404.166,133.245,115.011
537.226,403.831,133.245,115.011
538.179,402.497,137.282,118.496
536.482,399.42,141.442,122.087
538.344,400.994,137.282,118.496
536.033,399.053,141.442,122.087
536.99,397.232,141.442,122.087
536.121,397.174,140.042,120.878
535.407,394.368,144.285,124.541
535.644,393.858,144.285,124.541
533.82,394.688,145.728,125.786
536.009,396.432,142.857,123.308
536.366,393.939,142.857,123.308
536.245,394.526,140.042,120.878
535.155,393.848,142.857,123.308
534.652,391.213,144.285,124.541
536.616,393.71,141.442,122.087
536.887,393.523,138.655,119.681
537,392.873,138.655,119.681
537.819,393.858,141.442,122.087
539.616,395.073,137.282,118.496
541.454,394.897,133.245,115.011
542.127,394.698,134.577,116.162
539.6,392.858,138.655,119.681
539.899,391.84,140.042,120.878
541.191,391.114,140.042,120.878
539.147,388.597,144.285,124.541
539.96,391.403,140.042,120.878
541.703,390.867,138.655,119.681
540.883,390.343,140.042,120.878
540.693,390.2,140.042,120.878
542.336,390.378,138.655,119.681
541.694,390.552,138.655,119.681
543.932,392.281,135.923,117.323
542.56,389.573,140.042,120.878
544.198,389.944,138.655,119.681
545.561,391.473,137.282,118.496
546.117,391.431,134.577,116.162
544.254,390.18,138.655,119.681
545.926,391.16,134.577,116.162
548.422,392.291,131.926,113.873
548.777,391.117,134.577,116.162
549.577,392.651,131.926,113.873
548.747,390.659,133.245,115.011
550.466,392.512,131.926,113.873
548.873,389.642,135.923,117.323
546.294,387.436,140.042,120.878
547.003,387.858,138.655,119.681
548.522,388.581,134.577,116.161
546.447,387.144,138.655,119.681
546.115,385.789,142.857,123.308
545.685,385.018,145.728,125.786
546.791,384.846,142.857,123.308
547.117,386.196,140.042,120.878
549.138,387.533,137.282,118.496
547.373,385.748,140.042,120.878
549.848,387.957,137.282,118.496
550.225,387.893,134.577,116.162
552.471,388.857,133.245,115.011
551.93,387.56,137.282,118.496
551.902,387.948,135.923,117.323
552.429,388.103,133.245,115.011
553.699,387.593,133.245,115.011
554.256,387.153,133.245,115.011
553.192,385.896,134.577,116.162
551.743,384.973,138.655,119.681
552.34,384.885,137.282,118.496
555.004,385.779,134.577,116.162
555.607,384.563,134.577,116.162
556.442,384.294,133.245,115.011
555.579,384.813,133.245,115.011
556.601,383.041,134.577,116.162
557.072,384.403,135.923,117.323
554.327,382.752,138.655,119.681
554.952,381.625,141.442,122.087
556.354,381.601,138.655,119.681
558.719,383.132,134.577,116.162
559.243,382.706,134.577,116.162
559.45,382.383,134.577,116.162
562.435,384.876,131.926,113.873
563.75,384.4,128.046,110.524
562.694,383.645,129.326,111.629
563.66,383.535,129.326,111.629
561.992,382.408,133.245,115.011
562.386,381.085,133.245,115.011
565.229,383.612,130.619,112.745
563.819,383.415,131.926,113.873
563.912,381.663,133.245,115.011
563.766,380.679,134.577,116.162
563.86,380.486,134.577,116.162
562.633,377.757,138.655,119.681
565.147,380.021,134.577,116.162
567.329,382.348,131.926,113.873
566.568,378.665,135.923,117.323
568.018,378.484,133.245,115.011
570.362,380.446,129.326,111.629
570.479,380.641,129.326,111.629
571.442,380.646,128.046,110.524
570.924,380.237,128.046,110.524
571.92,378.896,129.326,111.629
573.579,377.864,129.326,111.629
570.91,376.885,133.245,115.011
572.289,376.183,133.245,115.011
571.521,375.562,134.577,116.162
573.018,375.615,133.245,115.011
573.399,375.375,133.245,115.011
574.676,376.556,129.326,111.629
572.522,374.174,133.245,115.011
573.037,374.393,133.245,115.011
572.525,373.963,135.923,117.323
571.905,372.389,137.282,118.496
569.857,370.809,140.042,120.878
570.502,370.349,138.655,119.681
573.24,371.773,135.923,117.323
574.763,373.606,131.926,113.873
572.973,371.332,135.923,117.323
570.857,369.734,138.655,119.681
572.747,370.216,135.923,117.323
574.111,370.445,135.923,117.323
573.352,369.481,137.282,118.496
573.476,369.272,134.577,116.162
573.664,368.721,134.577,116.162
574.169,369.085,133.245,115.011
574.554,369.33,133.245,115.011
575.23,368.78,133.245,115.011
575.061,367.996,133.245,115.011
575.985,367.608,135.923,117.323
576.814,367.526,133.245,115.011
576.553,366.534,134.577,116.162
576.334,365.847,134.577,116.162
577.762,365.344,134.577,116.162
576.391,364.597,137.282,118.496
577.735,364.399,134.577,116.162
577.263,364.468,137.282,118.496
576.436,363.687,138.655,119.681
575.492,362.698,138.655,119.681
577.748,364.078,134.577,116.162
577.88,363.247,137.282,118.496
577.29,362.401,141.442,122.087
576.416,361.358,140.042,120.878
576.924,362.454,138.655,119.681
579.148,362.077,134.577,116.162
577.033,360.559,138.655,119.681
578.981,362.84,137.282,118.496
580.595,362.592,134.577,116.162
580.669,362.702,133.245,115.011
581.427,364.406,131.926,113.873
580.288,361.311,134.577,116.162
582.919,363.947,131.926,113.873
581.131,362.194,135.923,117.323
581.745,361.608,133.245,115.011
581.591,362.76,133.245,115.011
582.987,363.099,129.326,111.629
580.923,361.491,133.245,115.011
578.485,360.905,137.282,118.496
576.232,358.494,140.042,120.878
579.196,360.593,135.923,117.323
577.094,359.985,137.282,118.496
575.246,358.68,138.655,119.681
576.006,360.086,137.282,118.496
573.963,358.73,140.042,120.878
574.5,358.877,138.655,119.681
575.885,359.277,137.282,118.496
575.332,359.54,135.923,117.323
576.051,360.029,134.577,116.162
575.8,360.593,134.577,116.162
577.767,362.278,131.926,113.873
574.906,359.271,134.577,116.162
575.965,359.51,133.245,115.011
575.846,360.374,133.245,115.011
575.263,360.692,133.245,115.011
574.914,360.208,134.577,116.162
574.287,359.644,134.577,116.162
575.064,360.539,133.245,115.011
576.569,360.189,133.245,115.011
575.46,359.14,134.577,116.162
575.744,360.132,133.245,115.011
574.524,360.049,134.577,116.162
575.542,359.874,134.577,116.162
576.723,359.662,134.577,116.162
579.075,361.894,131.926,113.873
576.967,359.509,134.577,116.162
577.745,360.253,134.577,116.162
577.152,360.017,134.577,116.162
577.686,360.594,133.245,115.011
577.207,360.083,134.577,116.162
577.424,360.353,134.577,116.162
577.625,360.427,135.923,117.323
575.847,358.255,138.655,119.681
578.934,358.862,134.577,116.162
577.403,357.687,138.655,119.681
577.981,359.594,134.577,116.162
579.657,359.927,133.245,115.011
579.104,360.165,134.577,116.162
578.178,359.437,135.923,117.323
576.21,358.221,138.655,119.681
575.362,357.283,142.857,123.308
575.983,357.234,140.042,120.878
573.547,355.783,144.285,124.541
575.272,357.577,140.042,120.878
575.364,358.209,138.655,119.681
576.481,361.381,134.577,116.162
577.791,361.277,135.923,117.323
576.109,360.568,137.282,118.496
574.951,358.346,141.442,122.087
573.151,357.206,144.285,124.541
570.606,356.698,147.185,127.044
568.904,356.213,148.657,128.315
567.825,356.262,148.657,128.315
569.256,357.093,147.185,127.044
570.012,358.597,144.285,124.541
572.816,360.613,140.042,120.878
572.047,360.674,140.042,120.878
571.251,361.196,141.442,122.087
574.594,362.097,137.282,118.496
573.026,361.361,138.655,119.681
572.386,361.808,138.655,119.681
571.489,362.077,138.655,119.681
571.145,362.626,138.655,119.681
570.052,362.007,141.442,122.087
570.305,362.942,138.655,119.681
569.866,362.458,140.042,120.878
568.211,362.142,142.857,123.308
566.206,361.589,144.285,124.541
567.895,364.073,140.042,120.878
567.118,363.381,142.857,123.308
565.693,362.336,147.185,127.044
565.447,362.7,147.185,127.044
563.552,361.715,150.144,129.598
563.868,361.905,150.144,129.598
565.276,363.926,145.728,125.786
566.567,364.722,142.857,123.308
566.823,365.825,141.442,122.087
564.398,366.224,142.857,123.308
564.889,367.022,142.857,123.308
562.334,366.023,147.185,127.044
561.552,366.154,144.285,124.541
563.908,368.476,140.042,120.878
563.929,369.083,141.442,122.087
559.778,367.915,145.728,125.786
558.834,368.296,144.285,124.541
556.697,367.368,147.185,127.044
554.798,367.196,150.144,129.598
554.528,368.088,150.144,129.598
551.138,366.358,154.693,133.525
553.147,369.233,150.144,129.598
551.664,369.462,150.144,129.598
550.659,368.776,153.162,132.203
551.372,370.082,150.144,129.598
548.51,368.884,154.693,133.525
546.677,368.66,154.693,133.525
