670.901,160.225,26.2059,15.5294
671.386,160.41,25.6896,15.2235
671.076,159.976,25.9465,15.3757
671.743,160.177,25.1834,14.9235
672.532,160.809,24.4428,14.4846
672.382,160.307,25.1834,14.9235
673.154,160.82,24.934,14.7757
673.948,161.152,24.2007,14.3412
673.496,160.618,24.6872,14.6294
673.446,160.393,25.1834,14.9235
673.76,160.561,25.1834,14.9235
673.636,160.407,25.9465,15.3757
673.989,160.387,25.9465,15.3757
674.541,160.727,25.1834,14.9235
674.581,160.574,25.9465,15.3757
674.725,160.282,26.468,15.6847
675.312,160.679,25.9465,15.3757
675.613,160.654,25.9465,15.3757
676.183,160.789,25.9465,15.3757
676.047,160.694,26.468,15.6847
676.45,161.108,25.9465,15.3757
676.457,161.122,25.9465,15.3757
676.949,161.188,25.9465,15.3757
677.167,161.118,26.468,15.6847
677.324,161.082,26.468,15.6847
677.517,160.772,27.27,16.16
677.5,160.786,27.27,16.16
678.063,161.268,26.468,15.6847
678.094,161.047,27.27,16.16
678.956,161.29,26.468,15.6847
678.816,161.129,27.27,16.16
678.818,161.131,27.27,16.16
679.437,161.493,26.468,15.6847
680.326,161.795,25.9465,15.3757
680.516,161.807,25.9465,15.3757
680.749,161.977,25.9465,15.3757
681.471,162.654,25.6896,15.2235
681.344,162.162,25.9465,15.3757
681.389,162.003,26.468,15.6847
682.312,162.287,25.9465,15.3757
682.155,162.117,26.468,15.6847
682.168,162.121,26.468,15.6847
681.942,161.781,27.27,16.16
683.138,162.017,26.468,15.6847
682.96,161.809,27.27,16.16
683.116,161.627,27.8181,16.4848
683.173,161.663,27.8181,16.4848
683.737,161.926,27.27,16.16
683.86,161.806,27.8181,16.4848
684.505,162.192,28.0963,16.6497
685.136,162.451,28.0963,16.6497
685.43,162.637,27.5427,16.3216
685.82,162.942,27,16
686.733,163.113,26.2059,15.5294
686.642,162.852,27,16
686.664,162.784,27.5427,16.3216
686.42,162.533,28.0963,16.6497
686.76,162.4,27.27,16.16
687.777,162.5,26.468,15.6847
688.137,162.569,26.468,15.6847
688.234,162.531,26.468,15.6847
687.822,162.227,27.27,16.16
688.108,162.254,27.8181,16.4848
688.227,162.132,28.661,16.9843
689.587,162.801,28.0963,16.6497
690.217,163.183,27.5427,16.3216
690.242,163.201,27.5427,16.3216
689.802,162.74,27.8181,16.4848
690.514,162.866,27.8181,16.4848
690.679,162.906,27.8181,16.4848
691.114,162.89,27.8181,16.4848
691.106,162.871,27.8181,16.4848
691.398,162.948,27.8181,16.4848
691.958,163.035,27.8181,16.4848
692.32,163.058,27.8181,16.4848
692.263,162.936,28.661,16.9843
692.781,163.195,27.8181,16.4848
692.758,162.758,28.661,16.9843
693.034,163.077,28.661,16.9843
693.31,163.283,28.661,16.9843
693.814,163.439,29.5295,17.499
693.694,163.469,28.661,16.9843
694.526,163.71,27.8181,16.4848
694.809,163.953,27.8181,16.4848
695.314,164.323,27.27,16.16
695.621,164.525,27.27,16.16
695.672,164.812,28.0963,16.6497
695.452,164.542,28.9477,17.1542
695.836,164.494,28.661,16.9843
695.49,164.318,29.2371,17.3257
695.922,164.711,28.661,16.9843
695.917,164.689,28.661,16.9843
696.198,164.794,28.661,16.9843
696.292,164.978,29.2371,17.3257
696.162,165.092,29.8248,17.674
696.49,165.169,29.8248,17.674
696.663,165.467,29.2371,17.3257
697.098,165.985,28.9477,17.1542
697.495,166.467,28.9477,17.1542
697.365,166.627,28.9477,17.1542
697.253,166.599,28.661,16.9843
697.649,166.942,27.8181,16.4848
697.826,167.003,27.8181,16.4848
697.664,167.064,27.8181,16.4848
698.091,167.623,27.27,16.16
697.967,168.085,27.27,16.16
697.969,168.081,27.27,16.16
697.938,167.873,27.8181,16.4848
697.583,167.764,28.661,16.9843
697.509,167.831,28.661,16.9843
697.007,167.838,29.2371,17.3257
697.002,168.109,30.123,17.8507
697.054,168.104,30.123,17.8507
696.272,168.224,29.8248,17.674
696.206,168.186,29.8248,17.674
696.342,168.731,30.123,17.8507
696.074,168.811,30.7285,18.2095
696.134,169.174,30.1231,17.8507
696.214,169.653,29.5295,17.499
696.11,169.718,29.5295,17.499
696.273,169.995,28.9477,17.1542
696.046,170.125,29.5295,17.499
695.921,170.325,28.9477,17.1542
695.024,170.443,29.5295,17.499
694.612,170.176,30.1231,17.8507
694.448,170.161,30.1231,17.8507
694.46,170.166,30.1231,17.8507
693.79,170.175,30.7285,18.2095
693.078,170.259,29.8248,17.674
693.414,170.906,28.9477,17.1542
692.467,170.414,29.8248,17.674
692.284,170.421,29.8248,17.674
691.903,170.061,30.4243,18.0292
691.361,170.222,31.3462,18.5755
690.914,170.704,31.3462,18.5755
690.989,170.928,30.7285,18.2095
690.492,170.552,30.4243,18.0292
690.51,170.902,30.7285,18.2095
690.09,171.322,30.1231,17.8507
689.136,170.95,30.7285,18.2095
688.979,171.216,30.1231,17.8507
688.599,170.88,30.7285,18.2095
688.238,171.002,30.7285,18.2095
686.908,170.95,30.4243,18.0292
686.101,170.75,31.0358,18.3916
685.75,170.821,31.0358,18.3916
685.681,170.802,31.0358,18.3916
684.823,170.49,31.9762,18.9489
684.096,170.774,32.296,19.1384
682.976,170.435,32.619,19.3298
682.715,170.656,31.9762,18.9489
682.702,170.656,31.9762,18.9489
682.73,171.178,31.0358,18.3916
681.911,171.27,31.0358,18.3916
681.398,171.589,30.4243,18.0292
681.875,172.633,29.5295,17.499
681.928,172.623,29.5295,17.499
680.423,172.129,30.4243,18.0292
679.693,172.346,29.8248,17.674
679.083,172.477,29.8248,17.674
678.869,172.753,30.1231,17.8507
678.554,172.784,30.7285,18.2095
678.072,172.872,30.7285,18.2095
676.316,172.471,31.0358,18.3916
676.685,173.379,30.1231,17.8507
675.751,173.091,30.7285,18.2095
675.4,172.867,30.4243,18.0292
674.595,172.703,31.0358,18.3916
673.574,173.058,30.4243,18.0292
672.512,172.928,31.0358,18.3916
672.145,173.149,31.3462,18.5755
671.654,172.816,32.296,19.1384
671.467,173.258,31.3462,18.5755
670.531,174.189,30.7285,18.2095
669.659,173.959,31.3462,18.5755
669.069,173.934,31.3462,18.5755
669.056,173.94,31.3462,18.5755
668.123,173.706,31.0358,18.3916
667.097,174.125,31.3462,18.5755
665.717,173.617,31.9762,18.9489
665.964,174.13,31.3462,18.5755
665.997,174.127,31.3462,18.5755
664.813,173.768,32.296,19.1384
662.989,173.62,32.619,19.3298
662.678,173.902,31.9762,18.9489
661.737,173.819,32.619,19.3298
661.921,174.101,31.9762,18.9489
662.281,174.831,31.3462,18.5755
661.076,175.121,31.3462,18.5755
659.592,174.533,31.9762,18.9489
659.594,174.843,32.296,19.1384
660.029,175.186,31.3462,18.5755
659.311,175.365,30.4243,18.0292
658.28,175.553,31.3462,18.5755
657.783,175.76,31.3462,18.5755
657.18,175.785,31.3462,18.5755
657.176,175.792,31.3462,18.5755
655.524,175.382,31.9762,18.9489
655.09,175.779,31.0358,18.3916
654.857,176.097,31.3462,18.5755
654.228,176.032,31.3462,18.5755
653.782,175.618,32.296,19.1384
652.719,175.191,32.619,19.3298
651.533,175.175,32.619,19.3298
651.253,175.548,31.9762,18.9489
650.648,175.572,32.9451,19.5231
650.012,175.097,33.2746,19.7183
649.959,175.627,32.9451,19.5231
648.661,175.523,32.619,19.3298
647.643,175.389,33.2746,19.7183
646.652,175.014,34.2829,20.3158
646.522,174.993,35.3217,20.9314
646.56,175.329,34.6257,20.5189
645.82,175.901,33.6073,19.9155
645.406,176.191,33.6073,19.9155
645.075,176.112,32.619,19.3298
644.93,176.042,32.619,19.3298
644.69,176.14,32.619,19.3298
643.634,176.17,33.6073,19.9155
643.415,176.381,32.9451,19.5231
643.152,176.626,32.9451,19.5231
643.157,176.627,32.9451,19.5231
642.41,176.4,33.6073,19.9155
641.539,176.256,33.9434,20.1146
640.29,175.605,34.9719,20.7241
639.842,175.511,34.9719,20.7241
640.044,175.812,35.3217,20.9314
639.807,175.828,35.3217,20.9314
639.228,176.056,34.2829,20.3158
638.795,176.029,34.2829,20.3158
638.199,175.876,34.9719,20.7241
638.258,175.872,34.9719,20.7241
637.694,175.947,34.9719,20.7241
637.41,176.352,35.3217,20.9314
637.433,176.947,34.6257,20.5189
637.271,177.298,33.9434,20.1146
637.191,177.324,33.9434,20.1146
635.921,176.455,34.9719,20.7241
635.406,176.704,35.3217,20.9314
635.348,176.823,35.3217,20.9314
634.906,176.896,35.3217,20.9314
634.906,176.919,35.3217,20.9314
634.602,176.857,35.3217,20.9314
634.108,177.273,34.2829,20.3158
633.26,177.039,34.9719,20.7241
633.334,177.413,34.2829,20.3158
633.526,177.906,34.6257,20.5189
633.782,178.217,33.9434,20.1146
632.602,178.162,34.6257,20.5189
632.841,178.447,33.9434,20.1146
632.507,178.382,34.6257,20.5189
632.063,178.452,34.6257,20.5189
631.928,178.929,33.9434,20.1146
631.355,179.145,33.9434,20.1146
630.821,179.024,33.9434,20.1146
630.812,179.021,33.9434,20.1146
629.501,178.393,34.9719,20.7241
629.85,179.031,34.6257,20.5189
630.029,179.587,33.6073,19.9155
629.503,179.795,33.6073,19.9155
628.477,179.009,34.2829,20.3158
628.63,179.121,34.6257,20.5189
628.456,179.215,34.6257,20.5189
627.626,179.023,35.3217,20.9314
627.078,179.205,34.2829,20.3158
627.135,179.111,34.2829,20.3158
626.601,178.903,34.9719,20.7241
626.565,179.164,35.3217,20.9314
626.166,179.89,34.6257,20.5189
625.603,179.605,35.3217,20.9314
625.595,179.624,35.3217,20.9314
625.164,179.77,35.3217,20.9314
623.737,178.986,36.3919,21.5656
623.852,179.867,36.0316,21.3521
623.406,179.896,36.7559,21.7812
623.721,180.23,36.0316,21.3521
623.192,180.142,36.0316,21.3521
622.599,179.919,36.7559,21.7813
621.607,179.92,37.4947,22.2191
621.752,180.305,36.7559,21.7813
621.726,180.278,36.7559,21.7813
621.384,180.318,36.7559,21.7813
620.828,180.145,36.3919,21.5656
619.778,179.954,37.1234,21.9991
618.8,179.497,38.2483,22.6657
618.796,179.495,38.2483,22.6657
619.42,180.046,37.8696,22.4412
619.621,180.632,36.7559,21.7812
619.154,180.983,36.7559,21.7812
618.287,180.718,37.8696,22.4412
617.694,180.236,38.6308,22.8923
618.038,180.873,37.8696,22.4412
617.037,180.595,38.6308,22.8923
616.207,180.562,38.2483,22.6657
616.593,181.054,37.8696,22.4412
615.877,180.585,38.2483,22.6657
615.401,180.719,38.2483,22.6657
615.841,181.397,37.8696,22.4412
614.939,181.837,37.1234,21.9991
615.035,181.939,37.4947,22.2191
615.056,181.92,37.4947,22.2191
614.658,182.083,37.4947,22.2191
614.221,182.359,37.4947,22.2191
613.819,182.861,36.7559,21.7813
613.128,183.197,36.7559,21.7813
613.194,183.116,36.7559,21.7813
612.604,182.87,37.8696,22.4412
612.516,183.279,36.7559,21.7813
611.36,183.209,37.4947,22.2191
610.6,182.904,38.6308,22.8923
611.009,183.122,37.8696,22.4412
610.363,183.332,37.8696,22.4412
610.009,183.692,37.8696,22.4412
609.018,183.806,37.8696,22.4412
608.367,183.373,38.2483,22.6657
607.813,183.078,39.0171,23.1212
607.388,183.044,39.0171,23.1212
606.403,182.499,40.1993,23.8218
605.955,182.241,41.0074,24.3007
605.181,182.353,41.8316,24.7891
605.138,182.574,41.8316,24.7891
604.512,182.447,41.4174,24.5437
605.239,183.367,40.6013,24.0601
604.493,183.239,40.1993,23.8218
603.349,182.561,41.4174,24.5437
603.723,182.899,41.8316,24.7891
603.183,183.003,41.0074,24.3007
603.962,183.766,39.8013,23.586
603.007,183.96,40.6013,24.0601
602.944,184.566,39.4073,23.3525
603.515,184.838,38.6308,22.8923
603.085,184.794,38.6308,22.8923
602.241,184.333,39.8013,23.586
601.41,184.345,40.6013,24.0601
601.099,184.171,40.6013,24.0601
600.552,183.727,41.8316,24.7891
600.233,183.59,41.8316,24.7891
599.895,183.686,41.8316,24.7891
599.492,183.775,41.0074,24.3007
598.989,183.812,41.0074,24.3007
598.711,183.73,41.4174,24.5437
598.546,183.747,41.4174,24.5437
598.668,183.853,41.0074,24.3007
598.008,183.723,41.4174,24.5437
598.178,183.806,41.8316,24.7891
598.157,183.811,41.8316,24.7891
598.432,184.436,40.6013,24.0601
597.278,183.709,41.4174,24.5437
596.318,183.405,42.2499,25.037
595.96,183.395,43.0991,25.5402
596.279,183.432,43.0991,25.5402
595.558,182.957,43.9654,26.0536
595.732,183.322,43.0991,25.5402
594.556,182.848,44.4051,26.3141
594.807,183.078,43.0991,25.5402
594.577,183.04,42.2499,25.037
594.413,183.094,43.0991,25.5402
594.278,183.126,43.0991,25.5402
593.808,183.15,43.0991,25.5402
593.583,183.052,43.0991,25.5402
593.621,183.034,43.0991,25.5402
593.313,183.094,43.0991,25.5402
592.264,182.338,43.5301,25.7956
591.906,182.157,43.5301,25.7956
591.608,182.076,43.5301,25.7956
592.156,182.89,42.6724,25.2874
591.876,183.159,42.6724,25.2874
591.45,183.193,42.6724,25.2874
591.384,183.31,41.8316,24.7891
590.685,182.822,42.6724,25.2874
590.578,182.543,42.6724,25.2874
591.034,182.843,41.8316,24.7891
590.078,182.465,42.6724,25.2874
588.918,181.951,43.9654,26.0536
587.666,181.104,44.8491,26.5773
587.746,180.858,44.8491,26.5773
588.124,181.147,43.5301,25.7956
588.068,181.727,42.2499,25.037
587.746,181.563,42.2499,25.037
587.493,181.459,43.0992,25.5402
587.537,181.423,43.0992,25.5402
587.052,181.507,43.0992,25.5402
587.09,181.727,42.6724,25.2874
586.43,181.847,42.6724,25.2874
585.965,181.538,43.0992,25.5402
585.962,181.542,43.0992,25.5402
585.92,182.275,41.8316,24.7891
584.505,182.132,42.2499,25.037
583.48,181.688,43.5301,25.7956
583.054,181.623,43.5301,25.7956
583.09,181.637,43.5301,25.7956
583.445,182.355,43.0992,25.5402
582.486,181.622,44.4051,26.3141
582.077,182.458,43.0992,25.5402
580.999,182.356,43.9654,26.0536
580.574,182.101,44.4051,26.3141
580.079,182.077,44.4051,26.3141
579.115,181.897,45.2976,26.843
578.392,181.911,45.7506,27.1115
577.502,181.773,45.7506,27.1115
577.564,181.994,45.2976,26.843
576.155,181.338,46.2081,27.3826
575.437,181.366,46.2081,27.3826
574.511,181.392,47.6083,28.2123
574.149,181.956,46.2081,27.3826
573.804,181.975,46.6702,27.6564
573.772,182.683,45.7506,27.1115
573.417,182.887,44.8492,26.5773
572.397,183.002,44.8492,26.5773
572.326,183.62,44.4051,26.3141
572.573,184.109,43.9655,26.0536
571.21,183.366,44.8492,26.5773
571.258,183.912,44.4051,26.3141
570.118,184.147,43.5302,25.7956
569.538,184.149,44.4051,26.3141
569.709,184.392,43.9655,26.0536
569.366,184.467,43.9655,26.0536
568.39,184.529,43.9655,26.0536
566.701,184.223,44.8492,26.5773
565.938,184.293,45.7506,27.1115
565.921,184.289,45.7506,27.1115
564.82,183.813,46.2081,27.3826
563.941,183.77,47.6083,28.2123
562.167,183.297,49.0509,29.0672
562.087,183.906,47.6083,28.2123
562.155,184.198,46.2081,27.3826
561.212,183.937,47.6083,28.2123
560.836,183.903,47.6083,28.2123
559.64,184.225,47.6083,28.2123
558.05,183.639,49.0509,29.0672
558.728,184.178,47.6083,28.2123
558.339,184.382,47.6083,28.2123
557.073,183.661,49.0509,29.0672
556.316,184.457,47.6083,28.2123
555.782,184.587,47.6083,28.2123
555.749,184.622,47.6083,28.2123
554.577,183.982,49.0509,29.0672
553.631,184.275,49.0509,29.0672
552.322,184.133,49.0509,29.0672
551.587,184.116,49.0509,29.0672
551.931,184.575,47.6083,28.2123
551.639,185.044,47.1369,27.933
550.88,185.157,47.1369,27.933
549.483,184.929,47.6083,28.2123
548.452,185.235,47.1369,27.933
548.075,184.961,47.6083,28.2123
547.412,185.058,47.6083,28.2123
545.924,184.545,49.0509,29.0672
544.411,184.64,49.0509,29.0672
543.456,184.581,49.0509,29.0672
543.29,184.574,49.0509,29.0672
542.718,184.731,49.0509,29.0672
541.761,184.829,49.0509,29.0672
540.107,185.06,49.0509,29.0672
539.439,185.375,49.0509,29.0672
539.028,185.158,49.5414,29.3578
538.365,185.539,49.0509,29.0672
537.468,185.497,49.0509,29.0672
535.932,185.906,49.0509,29.0672
535.072,185.913,49.0509,29.0672
535.071,185.897,49.0509,29.0672
534.059,185.835,49.5414,29.3578
533.565,186.481,49.0509,29.0672
531.499,186.377,49.0509,29.0672
530.25,186.834,49.0509,29.0672
530.216,186.852,49.0509,29.0672
529.291,186.743,49.0509,29.0672
528.767,186.963,49.0509,29.0672
526.693,187.022,49.0509,29.0672
525.357,187.467,49.0509,29.0672
525.312,187.507,49.0509,29.0672
524.806,187.749,49.0509,29.0672
524.121,187.913,49.0509,29.0672
522.849,188.385,49.0509,29.0672
521.871,188.824,49.0509,29.0672
521.349,188.466,49.5414,29.3578
520.903,188.849,49.0509,29.0672
520.018,189.226,49.0509,29.0672
518.898,189.808,49.5414,29.3578
517.132,189.485,51.0425,30.2474
516.5,189.396,51.5529,30.5499
515.896,189.531,50.5371,29.9479
516.219,191.043,49.0509,29.0672
514.873,191.504,49.5414,29.3578
512.971,191.179,50.5371,29.9479
513.724,191.997,49.0509,29.0672
513.235,192.504,49.0509,29.0672
512.302,192.678,49.5414,29.3578
510.914,193.303,49.5414,29.3578
509.923,193.904,49.5414,29.3578
509.688,193.987,49.5414,29.3578
509.186,194.601,49.0509,29.0672
508.405,194.829,49.5414,29.3578
506.678,195.518,49.5414,29.3578
505.821,195.644,49.5414,29.3578
505.811,195.648,49.5414,29.3578
505.239,196.035,49.0509,29.0672
504.646,196.684,49.0509,29.0672
502.689,197.206,49.0509,29.0672
502.421,197.268,49.0509,29.0672
501.627,197.259,49.5414,29.3578
501.07,197.76,49.0509,29.0672
500.094,197.427,49.5414,29.3578
497.64,197.459,51.0425,30.2474
496.471,196.328,52.5892,31.1639
496.536,197.463,51.5529,30.5499
494.966,196.652,52.5892,31.1639
494.022,196.984,53.6462,31.7903
492.361,197.813,53.6462,31.7903
491.672,197.034,54.7245,32.4293
491.492,197.769,53.6462,31.7903
490.624,197.954,53.6462,31.7903
489.532,198.5,53.6462,31.7903
488.544,199.275,52.0685,30.8554
487.835,199.157,53.6462,31.7903
486.65,198.954,54.7245,32.4293
486.601,200.311,53.6462,31.7903
485.536,200.542,53.6462,31.7903
483.46,200.889,54.7245,32.4293
483.648,201.6,53.6462,31.7903
482.825,201.824,53.115,31.4756
482.953,203.56,51.5529,30.5499
481.619,203.261,52.5892,31.1639
481.08,205.15,51.5529,30.5499
480.821,205.212,51.5529,30.5499
480.071,205.94,51.5529,30.5499
479.624,206.634,51.0425,30.2474
478.732,206.795,50.5371,29.9479
477.152,207.901,51.5529,30.5499
476.969,208.413,51.0425,30.2474
475.422,208.313,52.0685,30.8554
474.455,208.432,53.6462,31.7903
473.448,208.571,54.1827,32.1082
471.768,209.088,55.2717,32.7536
471.148,209.147,55.2717,32.7536
471.74,210.516,54.1827,32.1082
470.125,210.207,55.2717,32.7536
469.405,210.737,55.8245,33.0812
467.592,211.696,56.3827,33.412
468.738,213.109,54.7245,32.4293
467.082,212.786,55.8245,33.0812
467.075,213.845,55.2717,32.7536
465.878,214.2,56.9465,33.7461
464.099,215.436,57.516,34.0836
464.04,215.554,57.516,34.0836
463.84,216.57,56.9465,33.7461
463.252,216.789,56.3827,33.412
462.622,217.826,56.9465,33.7461
460.823,218.855,58.0912,34.4244
460.706,219.08,57.516,34.0836
459.686,219.279,58.6721,34.7686
459.72,220.603,57.516,34.0836
458.435,220.879,58.6721,34.7686
458.061,222.512,56.9465,33.7461
457.526,222.464,57.516,34.0836
455.961,222.486,59.2588,35.1163
456.607,223.912,57.516,34.0836
456.011,224.818,56.9465,33.7461
455.092,226.501,56.9465,33.7461
454.866,226.295,57.516,34.0836
453.274,226.149,59.2588,35.1163
453.805,227.935,57.516,34.0836
453.408,229.148,56.9465,33.7461
452.174,230.261,56.9465,33.7461
452.416,230.366,55.8245,33.0812
451.205,230.749,56.3827,33.412
450.538,231.541,55.8245,33.0812
450.187,232.387,57.516,34.0836
449.564,233.858,57.516,34.0836
449.124,233.829,58.0912,34.4244
448.563,234.113,58.6721,34.7686
446.889,233.74,60.4499,35.8222
446.662,235.181,59.2588,35.1163
446.401,237.284,58.0912,34.4244
445.82,237.522,58.0912,34.4244
446.083,238.38,58.0912,34.4244
444.477,237.63,59.8514,35.4675
443.202,237.743,61.0544,36.1804
443.148,239.147,60.4499,35.8222
442.288,238.705,61.6649,36.5422
441.226,238.879,62.9044,37.2767
441.375,239.814,61.6649,36.5422
440.67,239.858,62.2816,36.9076
439.151,240.013,62.9044,37.2767
439.23,240.359,62.2816,36.9076
438.454,239.863,63.5334,37.6494
437.413,239.907,64.8105,38.4062
436.884,239.793,65.4586,38.7903
436.987,240.857,64.1688,38.0259
437.469,241.799,62.2816,36.9076
437.446,242.482,61.6649,36.5422
435.877,242.186,62.9044,37.2767
434.73,242.147,63.5334,37.6494
434.098,243.064,62.9044,37.2767
433.537,242.784,63.5334,37.6494
433.784,243.886,62.2816,36.9076
432.422,243.335,64.1688,38.0259
431.848,243.65,64.8105,38.4062
431.422,244.637,64.1688,38.0259
431.824,245.259,62.9044,37.2767
430.879,244.81,62.9044,37.2767
430.731,244.838,64.1688,38.0259
429.06,244.245,66.1131,39.1782
427.809,244.258,67.442,39.9656
427.791,244.265,67.442,39.9656
426.847,243.723,69.4856,41.1766
426.391,243.842,70.1804,41.5884
427.445,245.064,68.1164,40.3653
426.742,244.785,68.7976,40.7689
427.263,245.082,68.1164,40.3653
426.918,245.305,68.1164,40.3653
427.128,245.975,66.7743,39.5699
426.931,245.85,66.7743,39.5699
426.47,246.319,66.7743,39.5699
427.26,247.104,64.8105,38.4062
426.139,246.397,66.7743,39.5699
425.309,246.452,68.1164,40.3653
424.684,245.938,70.1804,41.5884
424.034,245.898,72.307,42.8486
422.878,245.456,73.7603,43.7098
422.93,245.554,73.7603,43.7098
423.223,246.389,73.03,43.2771
423.05,246.416,73.7603,43.7098
422.628,246.279,74.4979,44.1469
422.303,245.953,75.2429,44.5884
421.056,245.338,77.5229,45.9395
421.675,246.097,75.2429,44.5884
422.178,247.3,73.7603,43.7098
420.956,246.593,75.9953,45.0343
421.057,246.77,75.2429,44.5884
422.22,248.051,73.7603,43.7098
422.463,249.048,73.03,43.2771
422.259,248.68,73.7603,43.7098
420.684,248.185,75.9953,45.0343
420.687,248.175,75.9953,45.0343
420.9,248.237,75.9953,45.0343
420.238,248.243,77.5229,45.9395
419.792,248.308,77.5229,45.9395
420.279,249.314,76.7553,45.4846
420.179,249.278,77.5229,45.9395
419.978,249.386,77.5229,45.9395
420.114,249.853,77.5229,45.9395
421.291,250.447,75.2429,44.5884
420.205,250.264,77.5229,45.9395
419.688,250.13,78.2981,46.3989
419.731,250.491,78.2981,46.3989
420.031,251.057,77.5229,45.9395
419.347,250.221,79.0811,46.8629
419.582,250.431,79.0811,46.8629
419.582,250.458,79.0811,46.8629
418.765,250.47,80.6706,47.8048
418.901,251.063,79.8719,47.3315
418.934,250.17,82.2921,48.7657
417.912,250.295,84.7856,50.2433
418.908,251.262,82.2921,48.7657
418.396,250.764,83.115,49.2533
418.195,250.843,83.9461,49.7459
418.507,250.956,83.115,49.2533
418.159,251.664,83.9461,49.7459
417.714,251.019,85.6334,50.7457
417.652,251.203,86.4898,51.2532
418.738,251.918,83.9461,49.7459
417.637,251.578,86.4898,51.2532
417.858,252.036,87.3547,51.7657
416.856,250.873,89.1105,52.8062
417.944,252.068,87.3547,51.7657
418.502,252.968,85.6334,50.7457
419.394,254.08,83.9461,49.7459
419.015,253.548,86.4898,51.2532
418.692,253.17,86.4898,51.2532
419.491,254.347,87.3547,51.7657
418.747,254.443,86.4898,51.2532
419.733,254.757,87.3547,51.7657
418.289,254.418,90.0016,53.3343
418.313,254.436,90.0016,53.3343
417.706,254.084,90.9016,53.8676
419.053,255.567,88.2282,52.2834
417.916,254.958,90.9016,53.8676
420.608,256.468,90.0016,53.3343
418.798,254.717,92.7287,54.9504
419.032,255.793,91.8106,54.4063
418.49,255.557,94.5926,56.0549
418.519,254.707,96.4939,57.1816
418.953,255.27,96.4939,57.1816
419.136,255.257,95.5385,56.6154
418.631,255.074,97.4588,57.7534
418.638,254.992,97.4588,57.7534
418.12,255.078,99.4178,58.9142
417.823,253.727,102.43,60.6994
417.682,254.327,104.489,61.9194
416.682,252.897,106.589,63.164
419.062,255.372,103.455,61.3064
417.266,253.372,106.589,63.164
417.516,254.044,106.589,63.164
418.065,253.953,106.589,63.164
417.936,254.669,105.534,62.5386
417.072,254.133,107.655,63.7957
417.7,255.229,109.819,65.078
417.172,253.824,112.026,66.386
416.542,253.465,113.147,67.0499
416.234,253.472,113.147,67.0499
418.222,255.51,110.917,65.7287
417.56,253.942,114.278,67.7204
417.777,255.031,113.147,67.0499
417.238,254.763,116.575,69.0816
418.987,254.934,113.147,67.0499
419.74,255.49,112.026,66.386
419.364,255.822,113.147,67.0499
420.655,256.611,112.026,66.386
420.459,255.975,113.147,67.0499
420.233,256.301,114.278,67.7204
419.548,256.311,117.741,69.7724
419.514,256.268,118.918,70.4701
420.326,256.802,118.918,70.4701
422.154,257.207,115.421,68.3976
420.911,257.364,118.918,70.4701
421.25,256.936,118.918,70.4701
420.358,257.111,122.522,72.6054
421.481,258.181,122.522,72.6054
420.043,255.766,124.984,74.0648
422.285,257.908,122.522,72.6054
421.456,256.906,124.984,74.0648
422.638,258.412,123.747,73.3315
424.756,259.284,122.522,72.6054
423.844,258.957,123.747,73.3315
422.984,258.081,126.234,74.8054
423.424,258.582,126.234,74.8054
422.691,256.742,130.059,77.0721
422.554,257.534,131.36,77.8428
421.327,256.487,135.34,80.2015
422.688,256.696,138.06,81.8136
423.037,256.409,139.441,82.6317
422.398,255.885,142.244,84.2926
422.432,255.796,145.103,85.9869
420.729,254.391,146.554,86.8468
421.835,255.832,145.103,85.9869
419.722,253.994,148.019,87.7152
419.263,253.78,152.505,90.3731
419.888,255.212,152.505,90.3731
417.262,253.743,157.126,93.1115
418.217,252.841,154.03,91.2768
420.829,255.756,149.5,88.5924
420.399,256.556,152.505,90.3731
421.503,257.029,152.505,90.3731
420.759,255.949,152.505,90.3731
419.626,255.035,155.57,92.1896
419.94,255.527,158.697,94.0426
420.452,256.992,158.697,94.0426
420.931,256.603,157.126,93.1115
420.609,255.812,154.03,91.2768
421.807,256.19,155.57,92.1896
421.522,257.837,157.126,93.1115
422.82,257.418,160.284,94.983
418.705,254.562,165.141,97.8611
421.069,255.564,161.887,95.9329
420.998,256.41,163.506,96.8922
421.559,257.238,163.506,96.8922
424.415,257.668,161.887,95.9329
422.549,257.065,166.792,98.8397
426.35,259.683,161.887,95.9329
428.058,261.178,166.792,98.8397
426.708,260.243,168.46,99.8281
424.222,256.127,173.564,102.853
421.912,254.267,178.824,105.97
424.374,256.284,180.612,107.029
422.847,256.112,186.085,110.272
422.46,253.831,187.945,111.375
422.325,253.613,191.723,113.614
422.621,254.24,191.723,113.614
422.004,251.331,197.533,117.056
420.47,250.908,203.518,120.603
418.37,249.534,209.685,124.258
421.099,249.964,211.782,125.5
414.479,245.249,218.199,129.303
417.981,247.495,224.81,133.221
415.734,245.92,229.329,135.899
412.888,243.889,233.939,138.63
416.222,245.117,231.622,137.258
415.359,243.842,238.641,141.417
416.253,245.212,243.437,144.259
412.866,242.534,250.814,148.63
416.759,241.747,255.855,151.618
420.194,245.531,250.814,148.63
418.199,242.218,253.322,150.117
421.768,245.115,260.998,154.665
420.525,243.085,268.906,159.352
421.955,241.868,274.311,162.555
424.883,244.258,268.906,159.352
428.192,246.494,271.595,160.945
434.16,248.902,268.906,159.352
444.015,257.331,260.998,154.665
439.69,253.366,268.906,159.352
445.011,252.557,274.311,162.555
433.565,250.514,279.825,165.822
441.427,253.44,285.449,169.155
450.672,257.038,285.449,169.155
457.373,260.151,291.187,172.555
455.246,260.8,294.099,174.281
450.547,256.809,297.04,176.024
460.148,258.796,303.01,179.562
474.014,267.209,306.04,181.357
476.657,267.234,312.192,185.003
472.174,264.696,321.652,190.608
470.015,266.188,331.398,196.384
500.718,279.39,334.712,198.348
