779.003,309.5,90,91
775.037,317.393,88.2266,89.2069
768.15,318.951,90.9,91.91
763.621,322.322,90,91
758.641,324.199,90,91
753.854,325.653,88.2266,89.2069
750.93,326.184,85.6319,86.5834
746.517,325.302,83.9446,84.8773
741.9,323.612,83.9446,84.8773
739.065,323.618,82.2906,83.2049
733.8,322.161,80.6691,81.5655
730.849,321.534,78.2967,79.1666
725.857,318.189,80.6691,81.5655
720.427,315.689,81.4758,82.3811
717.757,315.218,80.6691,81.5655
713.241,314.007,78.2967,79.1666
710.127,312.876,76.7539,77.6067
707.03,311.813,75.2416,76.0776
703.949,311.006,73.0287,73.8402
700.444,309.197,73.759,74.5786
695.268,307.148,73.759,74.5786
692.402,305.788,73.759,74.5786
689.697,304.836,71.5898,72.3852
686.676,303.903,69.4843,70.2564
684.482,303.525,68.1152,68.8721
681.579,303.203,66.112,66.8465
678.482,301.447,66.7731,67.515
674.535,299.085,68.7964,69.5608
671.42,298.163,67.4408,68.1901
668.406,296.674,68.7964,69.5608
665.089,295.875,68.1152,68.8721
662.185,294.331,68.7964,69.5608
660.578,294.103,66.7731,67.515
658.341,293.04,66.7731,67.515
654.117,290.8,68.7964,69.5608
651.945,290.926,66.7731,67.515
649.233,289.648,66.7731,67.515
646.88,289.192,66.7731,67.515
645.308,289.005,64.8093,65.5294
643.11,288.374,64.1676,64.8806
639.743,287.523,62.9033,63.6022
637.996,287.341,62.2805,62.9725
636.003,287.252,60.4488,61.1204
634.733,287.651,58.671,59.3229
631.497,285.731,59.8503,60.5153
628.07,284.051,61.0533,61.7317
627.532,284.581,59.2577,59.9161
624.694,283.142,59.8503,60.5153
622.383,282.124,59.8503,60.5153
621.001,281.557,59.8503,60.5153
619.678,281.736,58.671,59.3229
618.34,280.815,58.671,59.3229
616.436,279.967,58.671,59.3229
614.639,279.536,58.0901,58.7356
613.86,279.796,56.3817,57.0082
612.939,279.708,55.2708,55.8849
610.025,277.744,56.9455,57.5782
610.103,278.487,55.2708,55.8849
608.366,277.572,55.2708,55.8849
607.165,277.782,54.1817,54.7837
605.385,276.68,54.1817,54.7837
604.023,276.232,52.5882,53.1725
602.467,275.246,54.1817,54.7837
600.676,274.604,54.1817,54.7837
599.893,274.201,53.6453,54.2413
597.99,273.362,52.5882,53.1725
597.25,273.258,51.552,52.1248
595.306,271.998,52.0676,52.6461
594.535,271.74,51.552,52.1248
593.323,271.509,51.0416,51.6087
590.838,270.115,52.0676,52.6461
590.157,269.924,51.0416,51.6087
589.448,270.326,49.5405,50.0909
588.047,269.696,49.5405,50.0909
586.43,268.93,50.0359,50.5919
584.911,268.339,50.0359,50.5919
583.738,267.933,49.5405,50.0909
581.787,266.584,50.5363,51.0978
581.087,266.331,49.5405,50.0909
579.959,265.709,49.5405,50.0909
577.994,264.893,49.5405,50.0909
576.59,264.04,49.5405,50.0909
575.495,263.398,49.5405,50.0909
573.754,262.385,50.0359,50.5919
573.414,262.788,48.5644,49.104
571.143,261.681,49.05,49.595
570.455,261.799,48.0835,48.6178
570.579,262.45,47.1361,47.6598
569.178,262.244,47.1361,47.6598
568.231,262.489,46.2073,46.7207
566.504,261.873,46.6694,47.1879
565.352,261.929,45.7498,46.2582
564.701,261.98,45.2969,45.8002
563.994,261.873,44.8484,45.3467
562.804,261.632,44.8484,45.3467
560.874,261.278,44.8484,45.3467
560.083,260.424,45.2969,45.8002
558.738,260.08,43.9647,44.4532
558.544,260.933,42.6717,43.1458
556.77,259.671,43.9647,44.4532
555.821,259.733,43.0984,43.5773
553.861,258.735,44.4043,44.8977
553.245,258.57,44.8484,45.3467
552.106,258.491,43.9647,44.4532
552.254,259.43,42.6717,43.1458
550.028,258.658,43.0984,43.5773
550.286,259.144,42.6717,43.1458
548.073,258.385,43.0984,43.5773
547.661,258.309,43.0984,43.5773
546.815,258.01,43.0984,43.5773
546.557,258.521,42.6717,43.1458
545.877,258.621,42.2492,42.7186
544.158,257.659,43.0984,43.5773
544.619,258.377,42.2492,42.7186
543.797,258.589,41.0067,41.4623
543.006,258.503,41.8309,42.2957
542.349,258.529,41.0067,41.4623
541.923,258.606,40.6007,41.0518
541.135,258.518,40.6007,41.0518
540.559,258.397,40.6007,41.0518
539.482,258.5,40.6007,41.0518
538.837,258.504,40.6007,41.0518
538.125,258.201,41.8309,42.2957
537.194,257.94,41.4167,41.8769
537.659,259.022,40.1987,40.6453
537.084,259.257,40.1987,40.6453
536.349,259.533,39.0164,39.4499
536.528,260.212,38.2477,38.6726
535.368,259.471,39.0164,39.4499
534.419,259.192,39.4066,39.8444
533.686,259.003,39.4066,39.8444
533.178,259.108,39.4066,39.8444
533.47,260.2,38.2477,38.6726
533.251,260.416,38.2477,38.6726
532.493,260.351,38.6301,39.0594
530.834,259.819,39.0164,39.4499
531.298,260.881,38.2477,38.6726
530.758,260.989,38.2477,38.6726
530.79,261.572,37.1228,37.5353
529.574,261.288,37.494,37.9106
528.96,261.594,38.6301,39.0594
527.894,261.901,37.869,38.2897
527.519,262.231,37.869,38.2897
527.908,263.689,36.7552,37.1636
526.254,263.229,37.869,38.2897
525.715,263.913,38.2477,38.6726
525.188,264.484,38.2477,38.6726
525.17,265.742,37.1228,37.5353
524.563,266.099,37.1228,37.5353
524.146,266.789,36.031,36.4314
523.264,267.235,37.1228,37.5353
522.986,267.881,36.7552,37.1636
523.18,268.922,35.6743,36.0707
522.406,269.523,35.6743,36.0707
522.054,270.078,35.6743,36.0707
520.854,269.872,36.031,36.4314
520.321,270.559,36.7552,37.1636
519.787,271.181,36.031,36.4314
519.716,272.043,34.9714,35.3599
519.104,272.684,34.9714,35.3599
518.084,272.955,36.031,36.4314
518.343,274.064,35.6743,36.0707
517.624,274.577,34.9714,35.3599
517.426,274.8,34.9714,35.3599
517.257,275.386,34.9714,35.3599
517.042,275.946,35.6743,36.0707
516.69,276.567,35.6743,36.0707
517.28,277.416,34.6251,35.0098
516.941,277.124,35.3211,35.7135
517.354,277.708,34.6251,35.0098
517.368,277.775,33.9429,34.32
517.614,277.975,34.2823,34.6632
517.683,278.221,33.9429,34.32
518.174,278.434,34.2823,34.6632
518.093,278.782,34.2823,34.6632
518.865,279.354,33.2741,33.6438
518.713,279.059,34.2823,34.6632
519.392,279.763,33.2741,33.6438
519.487,279.86,33.2741,33.6438
520.114,280.353,32.2955,32.6543
520.201,280.47,32.2955,32.6543
520.325,280.753,32.2955,32.6543
520.497,280.73,32.2955,32.6543
520.442,280.865,32.2955,32.6543
520.517,281.034,32.2955,32.6543
519.923,280.66,33.2741,33.6438
519.374,280.699,32.9446,33.3107
519.933,281.368,32.6184,32.9809
520.008,281.798,32.6184,32.9809
519.913,282.033,32.6184,32.9809
519.926,282.504,32.6184,32.9809
519.897,282.597,32.6184,32.9809
519.798,282.975,32.6184,32.9809
520.17,283.676,31.6591,32.0109
520.414,284.172,31.3457,31.6939
520.015,284.532,31.6591,32.0109
519.514,284.21,31.9757,32.331
519.346,284.348,31.9757,32.331
519.832,285.362,31.3457,31.6939
519.37,285.147,32.2955,32.6543
519.592,285.833,31.6591,32.0109
519.868,286.647,30.728,31.0695
519.585,286.822,30.4238,30.7618
519.172,286.742,31.0353,31.3801
519.287,287.134,30.4238,30.7618
518.86,287.659,30.4238,30.7618
518.877,287.755,31.3457,31.6939
518.933,288.332,31.3457,31.6939
519.266,288.824,30.728,31.0695
519.141,289.084,30.728,31.0695
519.269,289.783,30.1226,30.4573
519.093,290.188,29.8243,30.1557
518.953,290.23,30.1226,30.4573
518.74,290.425,29.529,29.8571
518.819,290.525,30.1226,30.4573
518.86,290.72,30.728,31.0695
519.18,291.203,30.1226,30.4573
518.977,290.832,30.4238,30.7618
519.302,291.059,30.4238,30.7618
520.015,291.242,30.4238,30.7618
520.91,292.111,29.529,29.8571
521.791,292.787,28.9472,29.2688
522.071,292.806,29.529,29.8571
522.864,293.236,29.529,29.8571
523.988,294.031,28.9472,29.2688
524.831,294.114,29.529,29.8571
525.983,294.867,28.9472,29.2688
526.765,295.12,29.529,29.8571
527.714,295.47,29.529,29.8571
528.865,296.139,28.9472,29.2688
530.955,296.977,28.3768,28.6921
531.903,297.125,28.3768,28.6921
533.424,297.642,28.3768,28.6921
534.797,297.818,28.9472,29.2688
536.745,298.031,29.529,29.8571
539.042,298.84,28.9472,29.2688
540.942,299.411,28.9472,29.2688
543.634,300.495,28.6606,28.979
544.342,300.245,29.529,29.8571
547.399,301.729,28.6606,28.979
549.394,301.871,28.3768,28.6921
551.377,302.354,28.3768,28.6921
553.417,302.942,28.3768,28.6921
555.057,303.571,28.0959,28.408
556.903,304.171,28.0959,28.408
559.207,304.846,28.3768,28.6921
560.775,305.798,27.5423,27.8483
562.332,306.55,26.9996,27.2996
563.617,306.989,27.5423,27.8483
564.82,307.782,26.9996,27.2996
566.471,308.824,27.8177,28.1268
567.662,309.723,27.2696,27.5726
567.814,309.589,28.0959,28.408
568.867,309.959,28.0959,28.408
570.056,310.788,27.5423,27.8483
571.63,311.665,27.5423,27.8483
572.545,311.945,28.0959,28.408
573.829,313.01,27.5423,27.8483
574.832,314.13,26.9996,27.2996
575.878,315.166,26.4676,26.7617
576.528,316.062,27.2696,27.5726
577.165,316.679,26.4676,26.7617
577.761,317.466,25.9461,26.2344
578.541,318.546,26.2055,26.4967
578.822,319.04,26.7323,27.0293
579.556,320.224,26.2055,26.4967
579.867,320.568,26.7323,27.0293
579.209,320.389,27.5423,27.8483
579.365,320.711,28.0959,28.408
580.051,321.728,27.5423,27.8483
580.717,322.853,26.9996,27.2996
581.169,323.818,26.4676,26.7617
581.398,324.549,25.9461,26.2344
581.659,325.483,25.4348,25.7174
581.495,325.617,25.9461,26.2344
581.364,326.165,26.4676,26.7617
582.115,327.342,26.2055,26.4967
582.264,328.18,25.6892,25.9746
581.897,328.19,26.2055,26.4967
581.898,328.648,26.2055,26.4967
581.532,329.111,26.7323,27.0293
581.554,329.995,26.2055,26.4967
581.318,330.563,25.4348,25.7174
581.333,330.945,26.2055,26.4967
581.683,331.792,25.6892,25.9746
581.236,332.454,25.4348,25.7174
581.062,332.624,25.9461,26.2344
581.26,333.589,25.4348,25.7174
581.319,334.053,25.4348,25.7174
581.316,334.563,25.4348,25.7174
581.27,335.092,25.4348,25.7174
582.029,336.495,24.6868,24.9611
581.835,336.887,24.6868,24.9611
581.818,337.061,24.6868,24.9611
581.42,337.159,25.183,25.4628
581.449,337.416,25.183,25.4628
581.731,337.655,24.6868,24.9611
581.51,337.822,24.6868,24.9611
581.205,337.636,25.183,25.4628
581.257,337.797,25.183,25.4628
581.247,338.513,24.6868,24.9611
580.474,338.02,24.9337,25.2107
580.779,338.374,25.183,25.4628
580.943,338.74,24.6868,24.9611
580.634,338.635,25.183,25.4628
580.538,338.754,24.4424,24.7139
581.049,339.399,24.2004,24.4693
580.986,339.772,24.2004,24.4693
580.579,339.618,24.6868,24.9611
580.179,339.743,23.9608,24.227
581.082,340.523,23.7235,23.9871
580.721,340.574,24.2004,24.4693
580.276,340.323,23.4886,23.7496
580.71,340.513,23.7235,23.9871
580.915,340.834,23.2561,23.5145
580.811,340.864,23.2561,23.5145
580.938,340.939,23.2561,23.5145
580.293,340.483,23.0258,23.2817
580.877,340.88,22.7978,23.0511
580.769,340.725,22.7978,23.0511
580.612,340.655,23.2561,23.5145
580.22,340.359,23.7235,23.9871
580.143,340.164,23.7235,23.9871
580.394,340.428,23.2561,23.5145
580.508,340.25,23.2561,23.5145
580.131,340.014,23.7235,23.9871
580.118,340.05,23.7235,23.9871
580.096,339.93,23.7235,23.9871
580.051,339.791,23.7235,23.9871
579.728,339.531,24.2004,24.4693
580.138,339.677,23.7235,23.9871
579.856,339.684,23.7235,23.9871
579.903,339.675,23.7235,23.9871
580.146,339.967,23.2561,23.5145
579.445,339.73,23.7235,23.9871
579.218,339.755,23.7235,23.9871
578.966,339.714,23.7235,23.9871
578.958,340.141,23.2561,23.5145
578.637,340.051,23.7235,23.9871
578.711,340.301,23.2561,23.5145
578.917,340.626,22.7978,23.0511
578.5,340.742,22.7978,23.0511
577.417,339.985,23.4886,23.7496
577.785,340.644,23.2561,23.5145
577.425,340.561,23.2561,23.5145
576.216,340.318,23.0258,23.2817
576.116,340.259,23.7235,23.9871
575.973,340.43,23.2561,23.5145
575.095,340.005,22.5721,22.8229
574.719,339.444,23.0258,23.2817
574.993,339.646,22.7978,23.0511
574.359,339.246,23.2561,23.5145
573.936,339.041,23.2561,23.5145
573.956,339.148,22.7978,23.0511
573.58,338.667,22.7978,23.0511
573.429,338.752,22.1274,22.3732
573.195,338.577,22.1274,22.3732
572.533,338.134,22.7978,23.0511
572.196,337.854,22.7978,23.0511
571.165,337.063,23.0258,23.2817
571.843,337.499,22.3486,22.5969
571.224,337.262,22.7978,23.0511
571.315,337.422,22.1274,22.3732
571.254,337.346,21.6914,21.9324
570.951,336.842,22.1274,22.3732
570.365,336.38,21.4766,21.7152
570.839,336.703,21.264,21.5002
570.53,336.299,21.6914,21.9324
570.386,336.176,21.6914,21.9324
570.25,336.277,21.264,21.5002
569.318,335.615,21.0534,21.2873
569.672,335.679,21.6914,21.9324
569.419,335.928,21.264,21.5002
569.544,335.914,21.264,21.5002
569.263,335.766,21.264,21.5002
568.972,335.683,21.264,21.5002
567.755,334.802,21.9083,22.1517
568.562,335.481,21.264,21.5002
568.337,335.363,21.264,21.5002
567.7,335.097,21.0534,21.2873
567.54,334.945,21.0534,21.2873
567.714,335.26,21.264,21.5002
567.863,335.288,21.264,21.5002
567.509,335.062,21.264,21.5002
567.655,335.419,20.6386,20.8679
567.318,335.097,21.264,21.5002
566.424,334.631,21.0534,21.2873
566.362,334.552,21.0534,21.2873
566.607,334.821,21.264,21.5002
566.902,335.177,20.6386,20.8679
566.526,334.673,21.264,21.5002
565.482,333.656,21.9083,22.1517
566.171,334.239,21.264,21.5002
565.485,333.898,21.0534,21.2873
566.384,334.4,20.6386,20.8679
565.501,333.753,21.0534,21.2873
566.001,334.097,20.6386,20.8679
566.022,334.312,20.6386,20.8679
565.585,333.972,21.264,21.5002
565.898,334.325,20.6386,20.8679
565.977,334.231,20.6386,20.8679
566.456,334.462,20.2319,20.4567
565.894,333.741,20.4342,20.6613
566.439,334.017,20.0316,20.2542
566.673,334.033,20.0316,20.2542
567.54,334.529,20.2319,20.4567
567.832,334.272,20.6386,20.8679
567.532,333.966,20.4342,20.6613
568.55,334.96,19.8333,20.0536
568.247,334.325,20.4342,20.6613
568.754,334.615,20.0316,20.2542
569.567,335.108,20.2319,20.4567
569.911,335.14,20.2319,20.4567
569.51,334.617,20.4342,20.6613
570.268,335.106,20.0316,20.2542
570.907,335.443,19.4425,19.6585
571.64,335.883,19.6369,19.8551
571.57,335.657,20.2319,20.4567
572.013,335.663,20.2319,20.4567
572.636,336.058,19.6369,19.8551
572.73,335.742,20.2319,20.4567
572.994,335.608,20.6386,20.8679
573.271,335.763,20.6386,20.8679
573.253,335.599,20.0316,20.2542
573.302,335.564,20.4342,20.6613
574.583,336.41,19.8333,20.0536
574.93,336.525,19.6369,19.8551
574.718,335.99,20.0316,20.2542
575.445,336.311,19.4425,19.6585
575.463,336.193,20.0316,20.2542
576.19,336.485,19.4425,19.6585
576.693,336.633,19.4425,19.6585
576.98,336.555,19.4425,19.6585
577.765,337.073,19.6369,19.8551
578.137,336.969,19.6369,19.8551
578.778,337.015,19.6369,19.8551
579.133,337.048,19.6369,19.8551
579.764,337.19,19.6369,19.8551
580.125,337.165,19.6369,19.8551
580.762,337.438,19.25,19.4639
581.301,337.568,19.25,19.4639
581.708,337.629,19.25,19.4639
581.977,337.424,18.8707,19.0804
581.95,337.215,19.4425,19.6585
582.34,336.998,20.0316,20.2542
582.877,337.097,20.0316,20.2542
583.701,337.523,19.4425,19.6585
584.058,337.546,19.4425,19.6585
584.963,338.039,18.8707,19.0804
585.238,338.243,18.8707,19.0804
586.206,338.465,18.8707,19.0804
586.962,338.71,19.25,19.4639
586.9,338.283,19.4425,19.6585
587.737,338.617,18.8707,19.0804
588.212,338.937,18.4989,18.7044
588.642,338.885,18.8707,19.0804
589.142,338.929,18.8707,19.0804
589.905,339.407,19.25,19.4639
590.362,339.233,19.6369,19.8551
590.987,339.397,19.25,19.4639
591.939,339.769,18.6838,18.8914
592.115,339.464,19.25,19.4639
592.641,339.512,19.25,19.4639
593.056,339.491,19.25,19.4639
593.904,339.874,18.6838,18.8914
594.456,339.94,18.6838,18.8914
595.162,340.304,18.1344,18.3359
595.125,339.746,18.4989,18.7044
595.211,339.616,18.8707,19.0804
596.278,340.242,18.6838,18.8914
597.056,340.562,18.6838,18.8914
597.327,340.723,18.6838,18.8914
598.142,341.07,18.1344,18.3358
598.467,341.18,18.1344,18.3358
599.075,341.374,18.1344,18.3358
599.62,341.543,18.1344,18.3358
599.954,341.388,18.6838,18.8914
600.275,341.471,18.6838,18.8914
601.107,341.943,18.1344,18.3358
601.248,341.774,18.6838,18.8914
602.203,342.353,18.1344,18.3358
602.289,342.177,18.6838,18.8914
603.246,342.66,18.1344,18.3358
603.645,342.853,18.1344,18.3358
604.055,342.955,18.1344,18.3358
604.407,342.743,17.9548,18.1543
604.45,342.661,18.4989,18.7044
605.196,342.712,18.4989,18.7044
605.633,342.81,18.4989,18.7044
606.323,343.217,17.9548,18.1543
606.969,343.255,17.9548,18.1543
607.319,343.159,18.4989,18.7044
607.91,343.445,18.4989,18.7044
608.461,343.571,18.4989,18.7044
609.233,343.849,17.9548,18.1543
609.492,343.834,18.4989,18.7044
609.99,343.829,18.4989,18.7044
610.659,344.191,17.9548,18.1543
611.457,344.504,17.4268,17.6204
611.629,344.25,17.9548,18.1543
612.093,343.987,18.4989,18.7044
612.804,344.247,17.9548,18.1543
613.251,344.29,17.9548,18.1543
613.575,344.322,17.9548,18.1543
614.513,344.995,17.777,17.9746
614.57,344.742,17.4268,17.6204
614.324,344.352,17.9548,18.1543
614.05,344,18.4989,18.7044
614.548,344.383,17.9548,18.1543
615.19,344.674,18.1344,18.3358
615.357,344.892,17.777,17.9746
615.312,344.741,18.1344,18.3358
615.404,344.69,18.1344,18.3358
615.525,344.72,18.1344,18.3358
615.878,344.645,17.777,17.9746
615.844,344.72,17.777,17.9746
615.787,344.467,18.1344,18.3358
616.038,344.598,17.777,17.9746
616.127,344.603,17.777,17.9746
616.121,344.429,17.777,17.9746
616.682,344.762,17.2542,17.4459
616.38,344.503,17.777,17.9746
616.356,344.333,18.1344,18.3358
616.391,344.32,18.1344,18.3358
616.539,344.529,17.777,17.9746
616.572,344.137,17.4268,17.6204
616.368,344.004,17.9548,18.1543
616.865,344.266,17.4268,17.6204
617.236,344.433,17.777,17.9746
617.096,344.429,17.4268,17.6204
617.303,344.529,17.4268,17.6204
617.143,344.167,17.9548,18.1543
617.477,344.427,17.4268,17.6204
617.863,344.715,16.9142,17.1022
617.949,344.666,16.9142,17.1022
617.974,344.728,16.9142,17.1022
618.219,344.847,16.9142,17.1022
619.036,345.311,16.7468,16.9328
619.17,345.172,16.7468,16.9328
619.234,345.044,17.2542,17.4459
619.353,344.792,17.2542,17.4459
619.708,345.026,16.7468,16.9328
620.047,344.991,16.7468,16.9328
620.342,345.174,16.2543,16.4349
620.331,344.742,16.7468,16.9328
620.814,344.582,16.7468,16.9328
620.991,344.602,16.7468,16.9328
620.688,343.977,16.9142,17.1022
621.121,344.14,16.4168,16.5992
621.034,343.704,16.9142,17.1022
621.267,343.757,16.9142,17.1022
621.955,343.993,17.2542,17.4459
622.152,343.945,17.2542,17.4459
622.662,344.186,16.7468,16.9328
622.615,344.001,17.2542,17.4459
623.166,344.376,16.7468,16.9328
623.087,344.029,17.2542,17.4459
623.316,344.045,17.2542,17.4459
623.489,343.975,17.2542,17.4459
623.956,344.455,16.7468,16.9328
623.94,344.12,16.4168,16.5992
624.301,344.278,15.934,16.111
624.131,344.048,16.4168,16.5992
624.107,343.774,16.9142,17.1022
624.724,344.052,16.4168,16.5992
624.667,343.853,16.9142,17.1022
625.024,343.992,16.4168,16.5992
625.229,344.122,16.4168,16.5992
625.258,344.085,16.4168,16.5992
625.675,344.357,15.934,16.111
625.758,344.047,16.4168,16.5992
626.245,344.359,15.934,16.111
626.327,344.421,15.934,16.111
626.223,344.203,16.4168,16.5992
626.581,344.491,16.7468,16.9328
627.18,344.816,16.2543,16.4349
626.653,343.842,16.4168,16.5992
627.426,344.494,16.2543,16.4349
627.525,344.127,16.7468,16.9328
627.76,344.038,16.7468,16.9328
627.751,344.103,16.7468,16.9328
627.643,343.574,16.4168,16.5992
627.901,343.765,16.4168,16.5992
628.325,343.936,15.934,16.111
628.481,343.958,15.934,16.111
629.047,344.022,16.2543,16.4349
628.698,343.427,16.4168,16.5992
629.287,344.028,16.2543,16.4349
629.543,344.014,16.2543,16.4349
629.983,344.206,15.7762,15.9515
629.655,343.568,15.934,16.111
629.629,343.224,16.4168,16.5992
629.879,343.593,15.934,16.111
631.012,344.208,15.62,15.7936
630.503,343.36,15.934,16.111
630.83,343.339,15.934,16.111
631.235,343.639,15.4654,15.6372
631.157,343.25,15.934,16.111
631.717,343.399,16.2543,16.4349
631.633,342.975,15.934,16.111
631.841,343.039,15.934,16.111
632.566,343.317,16.2543,16.4349
632.584,342.952,15.934,16.111
632.542,343.094,15.934,16.111
632.557,342.575,16.4168,16.5992
632.943,342.819,15.934,16.111
633.021,342.609,15.934,16.111
634.339,343.284,15.62,15.7936
633.867,342.998,15.4654,15.6372
633.997,342.96,15.4654,15.6372
634.231,342.568,15.934,16.111
634.027,342.232,16.4168,16.5992
635.215,342.951,16.2543,16.4349
635.128,342.697,16.7468,16.9328
635.654,342.801,16.2543,16.4349
635.906,342.812,16.2543,16.4349
635.452,342.224,16.4168,16.5992
636.561,342.81,16.2543,16.4349
636.763,343.322,15.7762,15.9515
637.938,343.115,15.62,15.7936
636.772,342.594,15.934,16.111
637.268,342.346,16.4168,16.5992
637.403,342.287,16.4168,16.5992
638.36,342.876,16.2543,16.4349
639.052,342.944,15.7762,15.9515
639.666,342.847,16.2543,16.4349
639.447,342.469,16.7468,16.9328
640.343,342.863,16.2543,16.4349
640.518,343.025,16.2543,16.4349
641.086,342.42,16.7468,16.9328
641.109,342.47,17.2542,17.4459
642.135,342.368,16.7468,16.9328
641.816,342.135,16.4168,16.5992
642.896,342.754,16.2543,16.4349
643.971,342.636,15.7762,15.9515
643.586,342.679,16.2543,16.4349
644.02,342.345,16.7468,16.9328
645.286,342.616,16.2543,16.4349
645.85,342.448,16.2543,16.4349
646.543,341.729,15.934,16.111
646.995,342.566,15.4654,15.6372
648.422,342.759,15.62,15.7936
648.055,343.116,15.62,15.7936
650.291,342.46,15.62,15.7936
650.716,342.598,15.62,15.7936
650.79,342.443,15.62,15.7936
652.036,342.677,15.1606,15.3291
651.256,343.064,15.0105,15.1773
651.41,342.777,15.4654,15.6372
653.33,343.063,15.62,15.7936
653.572,341.989,15.4654,15.6372
653.75,342.814,15.0105,15.1773
655.719,342.691,15.1606,15.3291
655.835,342.337,15.4654,15.6372
656.664,342.47,15.0105,15.1773
657.332,343.037,14.7148,14.8783
658.45,343.175,14.282,14.4407
659.062,343.583,14.1406,14.2977
659.427,343.256,14.0006,14.1562
660.815,343.599,14.1406,14.2977
661.386,342.932,14.0006,14.1562
661.859,343.587,13.5888,13.7398
662.425,343.457,14.0006,14.1562
663.42,343.031,13.5888,13.7398
664.954,343.556,13.7247,13.8772
665.404,343.312,14.0006,14.1562
665.83,343.636,13.5888,13.7398
666.376,343.058,14.0006,14.1562
668.14,343.536,13.7247,13.8772
668.332,343.224,14.0006,14.1562
670.058,343.269,13.7247,13.8772
670.57,343.521,13.7247,13.8772
670.8,343.483,13.4543,13.6038
671.946,343.385,13.0586,13.2037
673.308,343.83,13.1892,13.3357
674.144,343.683,12.9293,13.073
675.151,343.807,12.5491,12.6885
676.531,344.007,12.6746,12.8154
677.624,344.25,12.3018,12.4385
678.214,344.377,12.6746,12.8154
678.77,343.798,12.9293,13.073
680.051,343.79,13.1892,13.3357
680.254,343.499,13.4543,13.6038
682.324,343.806,13.1892,13.3357
682.465,343.695,12.9293,13.073
684.723,344.438,12.6746,12.8154
684.797,343.795,12.9293,13.073
686.307,344.25,13.1892,13.3357
687.145,344.685,12.8013,12.9435
687.861,344.059,12.9293,13.073
689.672,344.84,12.6746,12.8154
690.89,344.669,12.6746,12.8154
691.124,344.248,12.9293,13.073
692.194,344.28,12.9293,13.073
693.414,344.424,12.5491,12.6885
695.565,344.689,12.6746,12.8154
695.993,344.666,12.9293,13.073
697.717,344.748,12.6746,12.8154
698.332,344.569,12.9293,13.073
699.423,344.429,12.9293,13.073
701.374,345.133,12.6746,12.8154
702.066,344.427,12.9293,13.073
703.092,344.639,12.9293,13.073
704.3,344.792,12.5491,12.6885
705.552,344.855,12.4248,12.5629
706.903,344.765,12.0594,12.1934
708.125,344.992,11.94,12.0727
709.816,345.3,12.18,12.3153
710.596,345.378,12.18,12.3153
711.627,345.298,12.18,12.3153
712.679,344.914,12.4248,12.5629
713.67,344.967,12.4248,12.5629
715.358,345.422,12.6746,12.8154
714.527,344.732,12.9293,13.073
714.337,345.304,13.1892,13.3357
712.551,345.598,12.8013,12.9435
709.726,344.89,12.9293,13.073
707.127,344.936,12.9293,13.073
704.941,344.892,12.9293,13.073
701.793,345.335,13.1892,13.3357
697.13,344.764,13.4543,13.6038
694.718,345.733,13.1892,13.3357
691.546,345.613,13.1892,13.3357
687.764,345.399,12.9293,13.073
684.768,345.473,13.1892,13.3357
679.324,344.742,13.4543,13.6038
675.173,344.712,13.4543,13.6038
671.368,344.924,13.0586,13.2037
667.556,344.884,12.9293,13.073
663.539,344.97,12.9293,13.073
658.028,344.903,12.9293,13.073
654.376,345.193,13.1892,13.3357
649.741,344.605,13.4543,13.6038
646.663,345.218,13.1892,13.3357
642.433,344.576,13.4543,13.6038
638.606,345.149,13.1892,13.3357
634.536,344.543,13.4543,13.6038
631.557,345.061,13.1892,13.3357
627.501,344.554,13.4543,13.6038
624.474,344.592,13.4543,13.6038
621.62,345.062,13.1892,13.3357
619.354,345.137,12.8013,12.9435
617.161,344.854,12.9293,13.073
616,345.195,13.1892,13.3357
614.072,345.33,13.1892,13.3357
612.029,344.945,13.4543,13.6038
610.912,345.456,13.7247,13.8772
609.927,345.532,13.7247,13.8772
609.324,345.794,13.3211,13.4691
608.916,345.73,13.1892,13.3357
608.359,345.392,13.4543,13.6038
608.5,345.733,13.7247,13.8772
608.636,345.859,13.3211,13.4691
608.278,345.854,13.1892,13.3357
608.289,345.981,13.1892,13.3357
609.245,346.025,12.8013,12.9435
610.263,346.023,13.1892,13.3357
610.452,345.435,13.4543,13.6038
611.383,345.497,13.4543,13.6038
612.24,345.918,13.7247,13.8772
613.588,346.218,13.3211,13.4691
614.15,346.015,13.7247,13.8772
614.736,345.852,13.4543,13.6038
615.77,345.801,13.4543,13.6038
616.539,345.924,13.0586,13.2037
617.725,345.816,13.4543,13.6038
618.883,346.137,13.7247,13.8772
619.914,346.286,14.1406,14.2977
620.745,346.358,13.7247,13.8772
621.985,346.654,13.3211,13.4691
622.788,346.691,13.1892,13.3357
622.758,346.133,13.4543,13.6038
623.901,346.266,13.0586,13.2037
624.812,346.692,12.9293,13.073
626.237,347.13,13.1892,13.3357
627.407,347.154,13.1892,13.3357
628.347,347.081,13.1892,13.3357
628.777,347.165,13.1892,13.3357
629.162,346.987,12.9293,13.073
630.31,347.448,12.6746,12.8154
630.799,346.959,12.9293,13.073
631.692,347.165,13.1892,13.3357
632.342,347.349,13.1892,13.3357
632.52,346.903,12.9293,13.073
633.793,347.194,13.1892,13.3357
633.935,346.914,12.9293,13.073
635.563,347.517,12.6746,12.8154
636.248,347.547,12.6746,12.8154
636.74,347.424,12.6746,12.8154
637.451,347.625,12.6746,12.8154
638.093,347.47,12.6746,12.8154
638.636,347.706,12.3018,12.4385
639.143,347.582,12.6746,12.8154
639.981,347.528,12.6746,12.8154
640.239,347.335,12.9293,13.073
641.315,347.826,12.6746,12.8154
641.159,347.676,12.9293,13.073
641.922,347.368,12.9293,13.073
642.421,347.524,12.9293,13.073
643.25,347.595,12.9293,13.073
644.425,347.337,12.9293,13.073
645.181,347.552,12.9293,13.073
646.049,347.652,12.9293,13.073
647.025,348.242,13.1892,13.3357
647.945,348.736,12.8013,12.9435
648.175,348.146,12.9293,13.073
649.226,348.779,12.6746,12.8154
649.889,348.994,12.6746,12.8154
651.422,348.958,12.3018,12.4385
651.203,348.686,12.4248,12.5629
653.557,349.402,12.6746,12.8154
653.327,348.757,12.9293,13.073
655.181,349.053,13.1892,13.3357
655.935,349.506,12.8013,12.9435
656.792,349.371,12.4248,12.5629
657.977,349.404,12.4248,12.5629
658.844,349.667,12.4248,12.5629
660.244,349.667,12.4248,12.5629
661.463,349.661,12.4248,12.5629
662.004,349.674,12.4248,12.5629
663.778,349.848,12.6746,12.8154
664.651,349.372,12.9293,13.073
665.885,349.459,12.9293,13.073
666.92,349.629,12.9293,13.073
668.195,349.892,12.5491,12.6885
669.265,349.841,12.4248,12.5629
670.39,349.907,12.4248,12.5629
671.555,350.252,12.0594,12.1934
672.66,350.245,11.94,12.0727
674.2,350.534,12.18,12.3153
674.981,350.203,11.94,12.0727
676.224,349.905,11.94,12.0727
677.713,350.31,12.18,12.3153
678.03,349.883,12.4248,12.5629
679.421,349.887,12.0594,12.1934
680.487,350.039,11.94,12.0727
681.817,350.817,11.7047,11.8348
682.769,351.015,11.3605,11.4867
683.531,351.095,11.7047,11.8348
683.913,350.362,11.94,12.0727
685.9,351.074,11.7047,11.8348
687.391,351.186,11.7047,11.8348
688.976,351.479,11.7047,11.8348
689.602,350.798,11.4741,11.6016
691.953,351.374,11.7047,11.8348
693.466,351.55,11.7047,11.8348
695.167,351.616,11.7047,11.8348
696.15,350.982,11.94,12.0727
698.23,351.627,11.7047,11.8348
699.671,351.851,11.3605,11.4867
701.797,352.144,11.1367,11.2604
703.009,352.056,10.9172,11.0385
704.771,352.173,11.1367,11.2604
706.232,352.435,10.8091,10.9292
707.703,352.181,11.1367,11.2604
709.172,352.361,10.9172,11.0385
710.225,352.679,10.9172,11.0385
712.184,352.002,10.9172,11.0385
714.274,352.405,10.7021,10.821
714.93,352.053,10.9172,11.0385
717.477,353.105,11.1367,11.2604
719.253,352.773,11.1367,11.2604
719.577,352.36,10.9172,11.0385
722.351,353.262,11.1367,11.2604
723.15,353.11,10.8091,10.9292
725.106,353.358,11.1367,11.2604
727.116,353.628,11.1367,11.2604
727.738,353.025,11.4741,11.6016
729.453,353.976,11.7047,11.8348
730.897,353.523,11.7047,11.8348
732.128,353.381,11.4741,11.6016
734.065,354.178,11.1367,11.2604
734.972,354.033,11.1367,11.2604
736.254,354.269,10.9172,11.0385
737.89,354.223,11.1367,11.2604
739.312,354.502,11.1367,11.2604
739.75,353.874,11.4741,11.6016
741.536,354.195,11.7047,11.8348
742.808,354.307,11.7047,11.8348
744.617,354.587,11.3605,11.4867
745.488,354.136,11.7047,11.8348
746.431,354.332,11.4741,11.6016
747.717,354.347,11.4741,11.6016
749.138,354.473,11.4741,11.6016
750.653,354.708,11.7047,11.8348
752.364,354.814,11.7047,11.8348
753.419,354.872,11.7047,11.8348
757.682,353.619,11.4741,11.6016
758.89,353.613,11.4741,11.6016
761.037,354.67,11.1367,11.2604
762.6,354.437,11.1367,11.2604
759.645,354.929,11.4741,11.6016
760.859,354.89,11.4741,11.6016
762.144,354.728,11.4741,11.6016
766.532,354.064,11.4741,11.6016
764.886,355.583,11.7047,11.8348
765.179,354.687,11.94,12.0727
766.233,354.388,11.94,12.0727
767.418,355.12,11.7047,11.8348
767.933,355.375,11.7047,11.8348
769.451,355.44,11.4741,11.6016
774.735,355.077,11.1367,11.2604
774.743,354.283,10.9172,11.0385
775.07,354.707,10.9172,11.0385
780.414,353.105,10.9172,11.0385
781.114,353.61,11.1367,11.2604
780.751,353.034,11.4741,11.6016
780.923,353.132,11.4741,11.6016
780.9,353.007,11.4741,11.6016
780.802,353.009,11.4741,11.6016
780.863,353.09,11.4741,11.6016
780.43,353.176,11.4741,11.6016
780.159,353.329,11.4741,11.6016
779.29,353.378,11.4741,11.6016
778.72,353.338,11.4741,11.6016
778.412,354.655,11.1367,11.2604
777.9,354.766,10.8091,10.9292
772.85,355.956,10.7021,10.821
776.483,354.554,10.9172,11.0385
775.167,354.54,10.9172,11.0385
777.947,350.418,10.9172,11.0385
783.026,352.112,10.5962,10.7139
791.184,350.377,10.7021,10.821
791.667,354.337,10.9172,11.0385
789.487,357.599,10.5962,10.7139
790.593,364.244,10.9172,11.0385
798.776,357.846,11.1367,11.2604
804.216,357.845,11.1367,11.2604
808.373,353.061,10.8091,10.9292
808.949,350.074,10.7021,10.821
806.37,353.227,10.3874,10.5028
810.304,350.899,10.7021,10.821
806.548,353.474,10.9172,11.0385
808.381,352.373,10.7021,10.821
806.971,358.847,10.7021,10.821
804.88,357.598,10.7021,10.821
803.41,356.838,10.3874,10.5028
809.138,362.172,10.0819,10.1939
813.857,354.746,9.78537,9.8941
813.043,353.835,9.88323,9.99304
815.467,356.587,9.59256,9.69915
818.922,349.862,9.88323,9.99304
818.123,349.873,9.68849,9.79614
820.397,353.919,9.68849,9.79614
827.298,359.933,9.40355,9.50804
828.206,357.57,9.127,9.22841
834.196,360.816,8.85857,8.957
841.469,360.757,8.68402,8.78051
848.084,355.07,8.94716,9.04657
856.619,356.574,8.68402,8.78051
856.757,356,8.42863,8.52228
863.003,356.285,8.42863,8.52228
865.825,351.497,8.68402,8.78051
865.977,354.007,8.42863,8.52228
863.381,354.683,8.42863,8.52228
864.579,351.863,8.42863,8.52228
868.775,352.541,8.18074,8.27164
867.614,355.463,8.42863,8.52228
874.039,354.407,8.42863,8.52228
875.768,349.803,8.68402,8.78051
876.406,349.102,8.42863,8.52228
875.124,349.754,8.18074,8.27164
879.075,352.019,8.18074,8.27164
885.896,354.701,8.18074,8.27164
889.043,352.672,8.18074,8.27164
886.159,353.29,8.18074,8.27164
888.627,353.006,8.18074,8.27164
889.277,353.077,7.94015,8.02837
888.143,353.793,8.18074,8.27164
890.364,352.557,8.18074,8.27164
896.756,354.746,8.42863,8.52228
897.615,351.007,8.42863,8.52228
895.242,354.638,8.18074,8.27164
894.118,354.905,7.94015,8.02837
899.948,354.99,7.94015,8.02837
899.862,361.888,8.18074,8.27164
895.501,362.142,7.94015,8.02837
896.216,358.881,7.70663,7.79226
897.27,363.104,7.94015,8.02837
897.041,363.749,7.70663,7.79226
899.66,367.751,7.63033,7.71511
903.398,368.272,7.63033,7.71511
905.022,367.295,7.63033,7.71511
902.412,368.036,7.63033,7.71511
900.668,367.772,7.40592,7.48821
898.664,366.308,7.18811,7.26798
896.937,366.578,7.18811,7.26798
899.616,364.793,6.97671,7.05423
900.844,359.294,7.18811,7.26798
900.544,358.805,7.18811,7.26798
905.804,357.646,7.18811,7.26798
901.479,355.568,7.18811,7.26798
900.776,355.076,7.40592,7.48821
901.093,356.128,7.18811,7.26798
902.572,354.239,7.18811,7.26798
905.069,356.923,7.18811,7.26798
909.175,356.939,7.40592,7.48821
915.865,357.242,7.63033,7.71511
919.296,357.938,7.63033,7.71511
919.33,364.624,7.40592,7.48821
921.314,368.456,7.63033,7.71511
923.861,375.317,7.40592,7.48821
925.197,372.723,7.40592,7.48821
927.959,373.577,7.63033,7.71511
934.749,374.753,7.40592,7.48821
938.167,372.396,7.40592,7.48821
939.427,370.927,7.18811,7.26798
938.633,371.703,6.97671,7.05423
939.438,371.458,7.18811,7.26798
942.711,369.241,6.97671,7.05423
940.736,367.056,7.18811,7.26798
938.42,364.773,7.18811,7.26798
938.33,364.506,7.18811,7.26798
940.23,370.002,7.18811,7.26798
943.001,369.16,7.18811,7.26798
945.699,368.676,6.97671,7.05423
948.968,369.977,6.90764,6.98439
946.073,370.58,6.70448,6.77898
949.997,369.18,6.50731,6.57961
950.498,366.002,6.31593,6.38611
952.196,364.575,6.37909,6.44997
950.523,365.725,6.19148,6.26027
952.56,368.843,6.00939,6.07616
950.152,370.241,5.83265,5.89746
947.789,374.12,5.89098,5.95644
951.134,374.205,5.89098,5.95644
955.074,373.197,5.71773,5.78126
954.193,373.738,5.89098,5.95644
956.975,371.116,5.89098,5.95644
959.067,367.141,5.71773,5.78126
958.886,366.946,5.66112,5.72402
963.148,364.243,5.66112,5.72402
961.245,364.203,5.49463,5.55568
961.54,365.514,5.33303,5.39228
961.184,364.517,5.17619,5.2337
962.038,360.623,5.12494,5.18188
964.432,363.699,4.97421,5.02948
965.243,364.776,5.12494,5.18188
968.562,360.542,5.12494,5.18188
967.249,362.85,4.97421,5.02948
967.533,360.314,4.82792,4.88157
966.469,361.776,4.68593,4.738
966.388,361.725,4.63954,4.69109
964.733,360.628,4.63954,4.69109
966.591,360.833,4.50309,4.55312
967.693,359.155,4.63954,4.69109
971.334,359.409,4.50309,4.55312
974.37,359.304,4.63954,4.69109
975.503,359.77,4.63954,4.69109
975.895,358.134,4.63954,4.69109
977.502,355.083,4.63954,4.69109
977.417,355.737,4.50309,4.55312
977.772,355.983,4.41436,4.46341
979.409,355.834,4.28454,4.33214
983.247,354.642,4.41436,4.46341
983.431,358.395,4.41436,4.46341
980.818,359.913,4.28454,4.33214
979.541,360.459,4.15853,4.20473
982.829,358.292,4.15853,4.20473
982.083,357.462,4.03623,4.08107
984.014,357.495,4.15853,4.20473
985.448,357.765,4.15853,4.20473
985.875,358.032,4.15853,4.20473
985.154,357.82,4.03623,4.08107
984.802,360.819,4.15853,4.20473
987.605,360.829,4.03623,4.08107
988.463,361.786,4.15853,4.20473
990.781,361.514,4.15853,4.20473
990.9,365.844,4.03623,4.08107
991.043,366.371,3.91752,3.96105
991.655,365.743,3.87873,3.92183
991.626,366.602,3.87873,3.92183
994.827,367.112,3.76466,3.80649
995.354,367.188,3.65394,3.69454
995.104,367.281,3.65394,3.69454
995.205,367.023,3.65394,3.69454
995.358,366.266,3.65394,3.69454
993.442,367.158,3.54648,3.58589
994.446,369.173,3.65394,3.69454
994.983,370.334,3.54648,3.58589
994.503,370.792,3.44218,3.48043
995.081,372.939,3.34095,3.37807
996.386,374.583,3.37436,3.41185
994.73,375.831,3.37436,3.41185
995.112,376.237,3.27512,3.31151
995.058,376.716,3.37436,3.41185
994.628,376.668,3.37436,3.41185
994.803,377.623,3.37436,3.41185
991.944,378.079,3.37436,3.41185
993.231,380.835,3.37436,3.41185
992.5,382.429,3.37436,3.41185
991.577,382.863,3.37436,3.41185
991.758,381.368,3.27512,3.31151
991.872,381.084,3.1788,3.21412
991.588,380.56,3.14732,3.18229
991.612,380.389,3.14732,3.18229
992.945,380.029,3.14732,3.18229
995.715,379.973,3.05476,3.0887
996.344,380.235,2.96492,2.99786
996.678,380.426,2.87772,2.9097
996.742,380.62,2.87772,2.9097
997.443,381.193,2.87772,2.9097
998.248,381.489,2.79309,2.82412
999.182,381.637,2.71095,2.74107
999.391,381.85,2.63122,2.66045
999.488,380.825,2.63122,2.66045
999.33,382.656,2.63122,2.66045
998.889,381.466,2.55383,2.58221
999.446,382.594,2.63122,2.66045
998.267,381.741,2.63122,2.66045
998.341,382.566,2.63122,2.66045
999.394,382.443,2.63122,2.66045
1002.15,382.75,2.63122,2.66045
1002.28,383.54,2.63122,2.66045
1002.44,383.86,2.63122,2.66045
1004.34,383.914,2.63122,2.66045
1006.54,381.759,2.63122,2.66045
1007.48,382.739,2.63122,2.66045
1009.05,383.043,2.63122,2.66045
1007.39,381.947,2.63122,2.66045
1007.35,381.591,2.63122,2.66045
1007.22,381.925,2.63122,2.66045
1007.11,382.325,2.55383,2.58221
1007.1,382.706,2.63122,2.66045
1006.07,383.273,2.63122,2.66045
1007.56,382.353,2.55383,2.58221
1009.88,382.33,2.47873,2.50627
1010.14,382.163,2.40583,2.43256
1010.39,382.506,2.38201,2.40847
1011.5,382.889,2.31195,2.33764
1012.1,381.646,2.38201,2.40847
1012.67,383.808,2.38201,2.40847
1013.73,384.336,2.38201,2.40847
1014.35,384.02,2.31195,2.33764
1014.2,383.855,2.24396,2.26889
1013.56,382.954,2.17796,2.20216
1013.89,382.563,2.11391,2.1374
1013.98,383.91,2.05174,2.07454
1015.05,383.94,1.9914,2.01353
1015,384.073,1.93283,1.95431
1015,382.899,1.87599,1.89683
1015.08,383.677,1.87599,1.89683
1015.82,384.784,1.87599,1.89683
1015.44,386.152,1.82082,1.84105
1016,385.802,1.87599,1.89683
1017.14,386.378,1.87599,1.89683
1017.3,386.414,1.87599,1.89683
1018.71,386.567,1.87599,1.89683
1018.45,387.1,1.82082,1.84105
1017.64,387.177,1.76727,1.7869
1019.61,385.346,1.71529,1.73435
1020.37,386.565,1.66484,1.68334
1020.41,384.921,1.63204,1.65017
1020.62,386.379,1.63204,1.65017
1019.96,385.677,1.58404,1.60164
1020.57,386.025,1.63204,1.65017
1019.77,385.287,1.63204,1.65017
1021.37,385.569,1.63204,1.65017
1020.97,385.122,1.63204,1.65017
1021,385.394,1.58404,1.60164
1022.17,385.807,1.53746,1.55454
1023.02,384.778,1.49224,1.50882
1023.63,385.612,1.44835,1.46445
1023.89,384.898,1.40576,1.42138
1023.51,385.269,1.36441,1.37957
1024.09,385.938,1.37806,1.39337
1023.99,385.851,1.37806,1.39337
1023.89,386.504,1.33753,1.35239
1024.18,386.848,1.37806,1.39337
1023.19,386.845,1.37806,1.39337
1023.12,387.784,1.37806,1.39337
1022.43,387.841,1.37806,1.39337
1023.03,387.96,1.37806,1.39337
1024.3,387.621,1.37806,1.39337
1024.45,387.523,1.37806,1.39337
1023.36,387.324,1.33753,1.35239
1024.13,387.171,1.29819,1.31262
1024.82,387.667,1.26001,1.27401
1024.63,388.464,1.25217,1.26608
1024.71,387.621,1.25217,1.26608
1024.43,387.239,1.25217,1.26608
1024.66,386.921,1.25217,1.26608
1025.4,387.22,1.25217,1.26608
1025.33,387.059,1.25217,1.26608
1025.53,388.354,1.25217,1.26608
1026.54,387.482,1.25217,1.26608
1026.67,386.608,1.25217,1.26608
1026.4,386.532,1.25217,1.26608
1025.91,385.378,1.25217,1.26608
1025.76,385.505,1.25217,1.26608
1024.94,385.774,1.25217,1.26608
1025.69,384.501,1.25217,1.26608
1025.63,383.454,1.25217,1.26608
1025.91,383.351,1.25217,1.26608
1026.67,384.294,1.25217,1.26608
1026.52,385.54,1.25217,1.26608
1026.12,385.658,1.25217,1.26608
1027.09,385.201,1.25217,1.26608
1027.68,384.421,1.25217,1.26608
1027.74,384.67,1.25217,1.26608
1027.31,384.213,1.25217,1.26608
1027.5,384.494,1.25217,1.26608
1026.79,384.514,1.25217,1.26608
1027.57,383.924,1.25217,1.26608
1028.55,385.378,1.25217,1.26608
1027.66,386.353,1.25217,1.26608
1027.25,386.548,1.25217,1.26608
1026.51,387.405,1.25217,1.26608
1026.04,387.35,1.25217,1.26608
1026.66,386.485,1.25217,1.26608
1026.68,386.486,1.25217,1.26608
1025.93,386.904,1.25217,1.26608
1027.11,388.1,1.25217,1.26608
1027.65,389.368,1.25217,1.26608
1027.84,389.412,1.25217,1.26608
1027.55,389.519,1.25217,1.26608
1028.63,389.013,1.25217,1.26608
1029.59,389.424,1.25217,1.26608
1028.64,389.458,1.25217,1.26608
1027.69,388.62,1.25217,1.26608
1027.03,388.053,1.25217,1.26608
1027.52,389.47,1.25217,1.26608
1026.63,389.411,1.25217,1.26608
1026.37,388.932,1.25217,1.26608
1026.34,390.21,1.25217,1.26608
1026.08,389.319,1.25217,1.26608
1025.85,389.105,1.25217,1.26608
1025.67,390.1,1.25217,1.26608
1024.74,389.578,1.25217,1.26608
1024.59,388.483,1.25217,1.26608
1023.7,388.575,1.25217,1.26608
1023.55,388.416,1.25217,1.26608
1022.64,388.514,1.25217,1.26608
1022.58,387.476,1.25217,1.26608
1022.54,387.328,1.25217,1.26608
1021.87,387.623,1.25217,1.26608
1022.71,387.363,1.25217,1.26608
1022.68,387.351,1.25217,1.26608
1022.53,387.242,1.25217,1.26608
1021.79,387.074,1.25217,1.26608
1022.26,388.353,1.25217,1.26608
1023.58,388.369,1.25217,1.26608
1023.67,388.807,1.25217,1.26608
1023.91,388.777,1.25217,1.26608
1024.33,389.052,1.25217,1.26608
1024.68,389.396,1.25217,1.26608
1023.65,389.489,1.25217,1.26608
1023.81,389.073,1.25217,1.26608
1023.35,389.365,1.25217,1.26608
1023.68,388.599,1.25217,1.26608
1024.54,387.525,1.25217,1.26608
1024.91,387.395,1.25217,1.26608
1025.68,387.662,1.25217,1.26608
1025.4,388.346,1.25217,1.26608
1024.74,389.067,1.25217,1.26608
1025.18,389.33,1.25217,1.26608
1025.35,389.621,1.25217,1.26608
1024.69,388.339,1.25217,1.26608
1024.8,389.443,1.25217,1.26608
1024.63,390.372,1.25217,1.26608
1024.67,389.34,1.25217,1.26608
1024.62,388.443,1.25217,1.26608
1024.96,388.693,1.25217,1.26608
1024.63,388.355,1.25217,1.26608
1024.65,388.379,1.25217,1.26608
1024.93,388.604,1.25217,1.26608
1026.58,388.366,1.25217,1.26608
1026.66,387.362,1.25217,1.26608
1026.24,387.378,1.25217,1.26608
1027.72,388.371,1.25217,1.26608
1028.59,388.37,1.25217,1.26608
1028.9,389.29,1.25217,1.26608
1028.49,388.796,1.25217,1.26608
1028.21,388.693,1.25217,1.26608
1028.52,387.487,1.25217,1.26608
1028.67,387.22,1.25217,1.26608
1028.83,388.457,1.25217,1.26608
1029.69,388.577,1.25217,1.26608
1028.74,388.055,1.25217,1.26608
1028.57,388.759,1.25217,1.26608
1028.5,388.315,1.25217,1.26608
1029.1,388.133,1.25217,1.26608
1029.08,388.405,1.25217,1.26608
1029.71,387.926,1.25217,1.26608
1028.96,388.665,1.25217,1.26608
1029.62,388.699,1.25217,1.26608
1030.54,389.384,1.25217,1.26608
1031.85,389.478,1.25217,1.26608
1030.91,389.458,1.25217,1.26608
1031.58,388.508,1.25217,1.26608
1032.55,388.364,1.25217,1.26608
1031.95,388.525,1.25217,1.26608
1031.68,388.398,1.25217,1.26608
1031.73,388.057,1.25217,1.26608
1032.74,388.093,1.25217,1.26608
1031.64,388.807,1.25217,1.26608
1030.8,388.801,1.25217,1.26608
1029.68,387.922,1.25217,1.26608
1029.37,388.763,1.25217,1.26608
1028.66,389.473,1.25217,1.26608
1029.67,389.982,1.25217,1.26608
1029.08,390.367,1.25217,1.26608
1028.5,390.224,1.25217,1.26608
1028.42,391.106,1.25217,1.26608
1027.67,391.393,1.25217,1.26608
1026.63,392.387,1.25217,1.26608
1026.5,392.375,1.25217,1.26608
1026.6,392.386,1.25217,1.26608
1026.49,391.345,1.25217,1.26608
1026.56,391.562,1.25217,1.26608
1026.68,391.355,1.25217,1.26608
1026.85,391.953,1.25217,1.26608
1027.55,392.498,1.25217,1.26608
1027.02,391.658,1.25217,1.26608
1026.52,391.851,1.25217,1.26608
1026.94,391.322,1.25217,1.26608
1027.65,392.355,1.25217,1.26608
1027.65,391.481,1.25217,1.26608
1026.84,391.065,1.25217,1.26608
1025.84,391.184,1.25217,1.26608
1025.23,391.66,1.25217,1.26608
1026.63,391.382,1.25217,1.26608
1026.74,390.45,1.25217,1.26608
1026.65,389.479,1.25217,1.26608
1027.66,389.159,1.25217,1.26608
1027.8,389.923,1.25217,1.26608
1026.67,391.463,1.25217,1.26608
1027.53,391.388,1.25217,1.26608
1027.67,390.966,1.25217,1.26608
1026.49,391.367,1.25217,1.26608
1026.71,391.39,1.25217,1.26608
1026.81,391.66,1.25217,1.26608
1027.43,392.126,1.25217,1.26608
1027.97,393.372,1.25217,1.26608
1027.63,392.493,1.25217,1.26608
1028.58,392.309,1.25217,1.26608
1028.64,391.496,1.25217,1.26608
1027.88,391.381,1.25217,1.26608
1029.53,391.454,1.25217,1.26608
1029.63,391.418,1.25217,1.26608
1029.72,391.476,1.25217,1.26608
1030.17,391.491,1.25217,1.26608
1030.86,392.587,1.25217,1.26608
1029.66,392.437,1.25217,1.26608
1029.53,393.402,1.25217,1.26608
1028.79,393.514,1.25217,1.26608
1029.55,393.356,1.25217,1.26608
1028.66,392.952,1.25217,1.26608
1028.64,394.415,1.25217,1.26608
1028.52,394.66,1.25217,1.26608
1028.44,395.398,1.25217,1.26608
1028.66,395.362,1.25217,1.26608
1028.55,395.616,1.25217,1.26608
1029.55,395.954,1.25217,1.26608
1029.23,396.074,1.25217,1.26608
1029.13,396.623,1.25217,1.26608
1030.87,395.929,1.25217,1.26608
1029.79,396.367,1.25217,1.26608
1029.67,396.49,1.25217,1.26608
1029.67,395.929,1.25217,1.26608
1029.13,396.207,1.25217,1.26608
1029.96,397.1,1.25217,1.26608
1029.35,397.669,1.25217,1.26608
1029.68,397.248,1.25217,1.26608
1029.57,397.668,1.25217,1.26608
1028.67,398.359,1.25217,1.26608
1028.97,398.324,1.25217,1.26608
1029.96,398.333,1.25217,1.26608
1030.69,397.555,1.25217,1.26608
1029.63,397.21,1.25217,1.26608
1029.62,397.521,1.25217,1.26608
1029.65,397.446,1.25217,1.26608
1030.42,396.895,1.25217,1.26608
1029.79,397.514,1.25217,1.26608
1029.64,397.361,1.25217,1.26608
1028.62,397.052,1.25217,1.26608
1028.37,397.367,1.25217,1.26608
1028.09,396.658,1.25217,1.26608
1027.66,396.478,1.25217,1.26608
1027.58,396.389,1.25217,1.26608
1027.23,395.378,1.25217,1.26608
1027.41,396.659,1.25217,1.26608
1027.67,395.897,1.25217,1.26608
1027.06,397.394,1.25217,1.26608
1027.63,397.414,1.25217,1.26608
1027.48,396.292,1.25217,1.26608
1026.69,395.478,1.25217,1.26608
1027.67,395.592,1.25217,1.26608
1027.27,395.366,1.25217,1.26608
1027.66,395.968,1.25217,1.26608
1027.52,396.807,1.25217,1.26608
1027.65,396.208,1.25217,1.26608
1027.72,397.554,1.25217,1.26608
1027.23,398.353,1.25217,1.26608
1026.82,398.039,1.25217,1.26608
1025.78,398.804,1.25217,1.26608
1024.93,398.675,1.25217,1.26608
1026,399.087,1.25217,1.26608
1025.64,400.1,1.25217,1.26608
