1038.54,406.907,165,74
1035.3,406.44,165,74
1027.21,405.322,168.316,75.4874
1024.27,405.88,166.65,74.74
1022.63,405.826,161.749,72.5419
1015,405.744,160.147,71.8237
1010.31,405.311,163.366,73.2673
1005.73,404.976,160.147,71.8237
1002.4,405.48,161.749,72.5419
997.819,405.661,158.562,71.1125
994.207,405.66,155.437,69.7114
989.532,406.03,155.437,69.7114
981.94,404.744,160.147,71.8237
977.006,404.781,161.749,72.5419
974.4,404.935,156.992,70.4085
966.514,404.842,158.562,71.1125
962.57,405.211,156.992,70.4085
957.576,405.206,156.992,70.4085
956.453,405.451,152.375,68.3378
948.226,405.161,156.992,70.4085
941.08,404.643,161.749,72.5419
936.838,405.296,156.992,70.4085
930.962,404.456,158.562,71.1125
926.612,404.848,156.992,70.4085
922.122,404.442,158.562,71.1125
916.06,404.038,158.562,71.1125
909.865,403.451,160.147,71.8237
906.342,403.209,160.147,71.8237
902.414,403.478,158.562,71.1125
896.297,403.305,163.366,73.2673
890.7,404.156,158.562,71.1125
884.853,404.031,160.147,71.8237
882.159,404.446,156.992,70.4085
878.129,404.273,156.992,70.4085
874.586,404.663,155.437,69.7114
867.067,404.366,156.992,70.4085
860.614,403.585,160.147,71.8237
858.366,403.417,156.992,70.4085
851.849,403.791,161.749,72.5419
847.94,403.743,158.562,71.1126
841.548,402.913,160.147,71.8237
836.42,403.466,160.147,71.8237
831.48,403.284,160.147,71.8237
825.854,403.036,165,74
819.612,403.625,163.366,73.2673
813.644,402.869,160.147,71.8237
809.686,404.241,156.992,70.4085
804.24,404.039,156.992,70.4085
797.593,403.728,158.562,71.1126
791.799,403.144,160.147,71.8237
787.003,402.735,158.562,71.1126
779.493,402.621,160.147,71.8237
774.499,402.524,160.147,71.8237
769.316,402.697,158.562,71.1126
762.012,402.893,163.366,73.2673
755.575,403.184,163.366,73.2673
747.557,402.52,165,74
744.49,403.182,160.147,71.8237
739.038,402.107,158.562,71.1126
734.965,403.17,156.992,70.4085
726.849,402.792,158.562,71.1126
721.762,402.776,158.562,71.1126
717.015,403.027,158.562,71.1126
710.439,403.065,161.749,72.5419
703.503,401.633,166.65,74.74
695.629,399.934,170,76.2423
692.317,401.933,165,74
687.718,402.254,166.65,74.74
681.177,401.987,168.317,75.4874
678.805,403.067,163.366,73.2673
670.738,402.656,166.65,74.74
664.273,402.442,168.317,75.4874
658.288,402.886,168.317,75.4874
655.051,402.895,166.65,74.74
649.315,402.909,168.317,75.4874
644.532,403.917,163.366,73.2673
639.423,404.043,158.562,71.1126
633.764,404.793,160.147,71.8237
630.515,404.746,156.992,70.4085
622.962,404.454,160.147,71.8237
617.124,404.831,158.562,71.1126
610.17,405.187,160.147,71.8237
606.607,405.574,156.992,70.4085
600.831,405.327,156.992,70.4085
594.1,405.175,160.147,71.8237
585.271,404.835,165,74
580.389,405.69,163.366,73.2673
575.335,406.028,160.147,71.8237
569.045,406.702,163.366,73.2673
564.995,407.057,163.366,73.2673
556.539,408.144,158.562,71.1126
555.098,408.604,153.899,69.0212
546.729,407.653,158.562,71.1126
539.762,407.719,163.366,73.2673
534.11,408.057,163.366,73.2673
524.108,407.278,168.317,75.4874
516.285,405.835,170,76.2423
510.053,405.505,171.7,77.0047
507.798,408.243,166.65,74.74
503.85,409.868,161.749,72.5419
495.435,409.761,161.749,72.5419
488.379,410.231,163.366,73.2674
481.774,411.296,161.749,72.5419
475.415,410.27,163.366,73.2674
467.949,410.393,165,74
460.202,411.587,163.366,73.2674
455.282,411.863,158.562,71.1126
448.214,411.943,160.147,71.8237
442.666,413.023,158.562,71.1126
434.91,413.733,163.366,73.2674
426.844,414.769,163.366,73.2674
420.547,415.202,165,74
415.61,415.971,160.147,71.8237
409.082,417.348,165,74
400.884,417.379,168.317,75.4874
392.961,418.915,168.317,75.4874
385.163,418.953,170,76.2423
377.736,420.27,175.151,78.5525
372.179,420.301,173.417,77.7748
366.003,422.21,175.151,78.5525
358.096,424.569,175.151,78.5525
348.83,422.775,180.458,80.9327
345.626,425.897,175.151,78.5525
338.772,426.655,176.902,79.338
329.775,426.255,182.263,81.7421
324.21,429.172,182.263,81.7421
317.554,432.947,184.085,82.5595
312.744,435.726,185.926,83.3851
308.096,438.276,185.926,83.3851
301.313,438.585,189.663,85.0611
295.886,441.83,193.476,86.7709
292.119,445.169,189.663,85.0611
285.124,445.838,195.41,87.6386
285.141,449.756,189.663,85.0611
281.361,451.587,187.785,84.2189
275.949,454.091,187.785,84.2189
269.071,457.206,193.476,86.7709
265.464,460.359,191.56,85.9117
257.731,461.172,195.41,87.6386
254.502,464.86,193.476,86.7709
249.723,469.057,193.476,86.7709
244.797,472.163,189.663,85.0611
236.205,472.721,195.41,87.6386
235.389,476.439,189.663,85.0611
230.147,479.618,191.56,85.9117
221.876,482.248,195.41,87.6386
215.214,483.315,197.364,88.515
208.5,485.087,201.331,90.2941
204.223,487.501,201.331,90.2941
196.363,488.3,207.432,93.0301
189.779,491.624,207.432,93.0301
182.389,492.459,213.717,95.849
174.731,495.173,220.193,98.7533
169.394,496.782,222.395,99.7409
165.745,500.109,218.013,97.7756
162.29,503.784,213.717,95.849
157.263,505.395,218.013,97.7756
154.333,507.547,213.717,95.849
153.704,510.743,207.432,93.0301
152.379,512.518,203.345,91.197
149.415,514.309,203.345,91.197
143.443,515.954,209.506,93.9604
141.376,515.962,203.345,91.197
142.547,517.621,201.331,90.2941
136.063,518.144,207.432,93.0301
134.271,519.406,209.506,93.9604
132.649,520.585,209.506,93.9604
134.377,521.398,203.345,91.197
131.792,520.744,209.506,93.9604
132.338,521.475,211.601,94.9
125.701,520.742,218.013,97.7756
124.749,520.572,222.395,99.7409
126.334,521.138,226.865,101.746
135.644,521.93,222.395,99.7409
146.192,523.618,215.855,96.8075
156.732,524.306,211.601,94.9
163.055,522.979,218.013,97.7756
167.519,521.671,224.619,100.738
181.281,521.673,224.619,100.738
198.795,520.654,220.193,98.7533
226.649,519.044,213.717,95.849
244.188,518.96,209.506,93.9604
256.598,514.898,207.432,93.0301
267.394,512.724,203.345,91.197
275.67,508.783,207.432,93.0301
285.143,503.496,213.717,95.849
298.442,501.223,207.432,93.0301
306.455,498.028,207.432,93.0301
318.446,494.138,201.331,90.2941
327.234,491.031,199.338,89.4001
333.496,484.672,197.364,88.515
337.216,482.824,199.338,89.4001
337.264,477.253,203.345,91.1971
338.029,476.5,197.364,88.515
346.259,477.168,191.56,85.9118
344.988,473.365,193.476,86.7709
341.664,472.741,191.56,85.9118
336.943,472.352,193.476,86.7709
335.011,472.59,187.786,84.219
331.919,473.337,182.263,81.7421
323.334,472.106,187.786,84.219
321.762,472.889,184.085,82.5595
312.538,471.856,187.786,84.219
306.607,470.482,193.476,86.7709
303.29,469.538,191.56,85.9118
300.376,467.096,189.663,85.0611
295.338,465.369,195.41,87.6386
296.503,465.54,189.663,85.0611
297.726,463.115,189.663,85.0611
298.68,462.409,185.926,83.3851
298.07,460.307,185.926,83.3851
298.587,458.883,185.926,83.3851
299.701,455.321,184.085,82.5595
297.168,452.619,184.085,82.5595
301.027,450.306,185.926,83.3851
293.967,443.669,189.663,85.0612
297.705,441.672,193.476,86.7709
298.708,437.055,195.41,87.6386
301.328,435.559,189.663,85.0612
308.304,434.904,185.926,83.3851
308.265,430.587,187.786,84.219
314.308,430.165,184.085,82.5595
317.224,428.421,185.926,83.3851
321.411,427.35,180.458,80.9328
326.171,428.34,175.151,78.5526
328.518,428.462,178.672,80.1315
334.013,428.087,175.151,78.5526
337.891,425.99,173.417,77.7748
341.294,425.524,178.672,80.1315
345.213,425.059,173.417,77.7748
351.223,424.058,176.902,79.3381
355.385,422.817,173.417,77.7748
362.244,423.521,168.317,75.4875
367.885,423.402,163.366,73.2674
371.19,422.474,161.749,72.542
378.37,420.694,156.992,70.4085
379.587,418.075,161.749,72.542
381.333,415.428,166.65,74.7401
382.517,414.157,168.317,75.4874
386.124,414.044,163.366,73.2674
390.515,411.569,165,74
390.929,409.862,166.65,74.74
392.348,407.35,166.65,74.74
392.785,405.903,165,74
395.888,403.275,165,74
401.993,401.042,160.147,71.8237
405.302,400.26,156.992,70.4085
407.872,397.79,161.749,72.542
412.189,395.955,158.562,71.1126
415.387,394.404,163.366,73.2674
419.797,392.005,165,74
423.992,390.604,161.749,72.542
430.447,388.414,161.749,72.542
431.385,386.783,163.366,73.2674
440.983,385.391,161.749,72.542
445.091,383.5,158.562,71.1126
449.967,381.868,160.147,71.8237
454.746,380.968,155.438,69.7114
460.868,380.72,153.899,69.0212
467.231,379.993,152.375,68.3378
474.107,379.73,153.899,69.0212
479.465,379.773,149.372,66.9913
483.426,378.219,149.372,66.9913
486.734,376.16,146.429,65.6713
490.841,374.969,150.866,67.6612
497.925,372.551,155.438,69.7114
503.637,371.115,150.866,67.6612
510.2,370.421,149.372,66.9913
515.261,366.378,152.375,68.3378
524.251,365.535,155.438,69.7114
527.956,362.556,152.375,68.3378
534.664,361.207,149.372,66.9913
538.229,358.096,149.372,66.9913
544.277,356.097,153.899,69.0212
548.158,355.975,150.866,67.6612
551.638,355.959,146.429,65.6713
560.181,355.515,143.544,64.3773
561.984,354.828,144.979,65.0211
561.311,354.524,144.979,65.0211
563.995,351.727,149.372,66.9913
567.41,351.065,149.372,66.9913
567.72,351.32,149.372,66.9913
574.506,351.521,146.429,65.6713
576.058,352.481,143.544,64.3773
575.399,349.278,146.429,65.6713
578.893,350.03,142.123,63.7399
587.78,351.028,137.943,61.8653
588.681,350.282,137.943,61.8653
591.664,349.767,137.943,61.8653
597.855,349.321,133.886,60.0459
602.796,348.6,136.577,61.2528
604.292,347.759,136.577,61.2528
608.269,347.641,137.943,61.8653
619.249,348.814,136.577,61.2528
619.926,347.445,137.943,61.8653
620.578,347.171,136.577,61.2528
621.06,346.01,133.886,60.0459
621.771,344.969,135.225,60.6463
624.413,344.274,137.943,61.8653
623.982,344.302,139.322,62.484
625.26,343.92,135.225,60.6463
623.727,343.169,136.577,61.2528
622.865,342.991,137.943,61.8653
626.657,344.175,133.886,60.0459
624.35,343.599,133.886,60.0459
622.97,343.56,133.886,60.0459
619.203,341.943,135.225,60.6463
622.036,342.437,132.56,59.4514
620.003,342.261,129.949,58.2799
620.355,343.286,128.662,57.7029
618.072,341.956,128.662,57.7029
614.461,341.01,131.248,58.8627
613.65,340.367,132.56,59.4514
612.456,340.046,132.56,59.4514
610.519,340.274,131.248,58.8627
606.99,339.056,135.225,60.6463
605.454,338.947,135.225,60.6463
600.358,338.61,139.322,62.484
597.201,337.053,143.544,64.3773
597.828,338.355,139.322,62.484
599.215,340.439,135.225,60.6463
600.415,341.333,131.248,58.8627
598.793,341.622,131.248,58.8627
596.993,342.49,133.886,60.0459
594.448,342.973,135.225,60.6463
595.053,345.166,132.56,59.4514
597.392,346.704,128.662,57.7029
596.167,348.072,127.388,57.1316
596.971,349.029,123.642,55.4514
594.238,347.82,127.388,57.1316
593.151,348.101,126.127,56.5659
589.407,347.333,129.949,58.2799
586.666,347.546,132.56,59.4514
586.628,348.457,129.949,58.2799
586.301,349.433,129.949,58.2799
585.936,351.984,127.388,57.1316
586.375,353.854,123.642,55.4514
583.274,354.917,127.388,57.1316
582.454,355.349,127.388,57.1316
582.507,357.085,126.127,56.5659
580.135,359.419,127.388,57.1316
577.475,359.55,131.248,58.8627
577.525,361.833,129.949,58.2799
578.835,365.78,127.388,57.1316
580.416,367.733,123.642,55.4514
578.635,370.791,124.878,56.0059
579.821,373.585,121.205,54.3588
578.313,375.164,122.417,54.9024
576.068,376.356,126.127,56.5659
574.361,379.033,127.388,57.1316
574.864,380.764,126.127,56.5659
575.401,383.118,123.642,55.4514
575.865,384.266,124.878,56.0059
574.291,384.57,126.127,56.5659
575.414,385.654,122.417,54.9024
577.463,386.816,120.005,53.8206
576.924,385.956,118.817,53.2877
577.521,385.842,118.817,53.2877
574.915,384.655,121.205,54.3588
576.227,385.663,117.641,52.7601
574.14,385.321,117.641,52.7601
572.866,383.972,118.817,53.2877
573.055,384.546,118.817,53.2877
570.741,383.143,122.417,54.9024
569.126,384.661,124.878,56.0059
570.387,385.382,121.205,54.3588
569.489,385.336,120.005,53.8206
572.395,386.299,116.476,52.2377
571.45,386.099,116.476,52.2377
575.771,388.116,113.05,50.7014
574.72,389.017,113.05,50.7014
574.553,389.304,110.823,49.7024
573.201,388.609,113.05,50.7014
573.944,388.748,110.823,49.7024
573.114,387.42,114.181,51.2084
572.528,386.823,111.931,50.1994
572.237,386.884,111.931,50.1994
570.807,386.532,114.181,51.2084
572.57,386.674,111.931,50.1994
572.028,385.662,114.181,51.2084
572.542,386.188,111.931,50.1994
572.783,387.937,110.823,49.7024
572.878,386.836,111.931,50.1994
575.54,386.933,108.639,48.7231
574.737,386.23,109.726,49.2103
571.2,387.238,113.05,50.7014
571.97,385.794,111.931,50.1994
573.145,386.339,109.726,49.2103
576.103,386.596,107.564,48.2407
577.099,388.11,106.499,47.763
576.57,387.483,107.564,48.2407
578.595,388.611,106.499,47.763
579.364,388.514,104.4,46.8219
580.989,389.503,104.4,46.8219
582.831,388.871,102.343,45.8993
583.198,389.015,102.343,45.8993
584.977,389.679,101.33,45.4449
585.253,388.276,103.367,46.3583
583.923,385.196,105.444,47.2901
584.318,384.253,106.499,47.763
584.717,386.049,105.444,47.2901
586.523,387.352,106.499,47.763
589.164,388.695,103.367,46.3583
591.839,388.484,100.327,44.9949
592.253,388.384,102.343,45.8993
591.098,387.473,104.4,46.8219
589.741,386.372,107.564,48.2407
592.005,388.738,105.444,47.2901
594.942,388.437,102.343,45.8993
597.478,388.965,99.3332,44.5494
598.716,388.636,101.33,45.4449
600.766,388.623,99.3332,44.5494
602.74,389.359,96.4118,43.2392
607.333,390.793,93.5764,41.9676
606.166,390.277,96.4118,43.2392
607.471,390.929,97.376,43.6716
611.068,390.596,94.5121,42.3873
611.67,390.534,95.4573,42.8111
614.702,390.55,92.6499,41.5521
614.831,391.271,95.4573,42.8111
617.258,391.183,95.4573,42.8111
619.614,393.083,93.5764,41.9676
621.342,392.437,92.6499,41.5521
622.41,393.709,95.4573,42.8111
624.175,393.614,94.5121,42.3873
627.051,393.584,91.7326,41.1407
628.13,393.969,92.6499,41.5521
629.378,394.404,94.5121,42.3873
631.125,393.672,95.4573,42.8111
633.056,392.842,96.4118,43.2392
636.767,394.735,94.5121,42.3873
635.955,394.06,97.3759,43.6716
639.547,395.289,94.5121,42.3873
641.274,394.898,95.4573,42.8111
644.448,396.282,93.5764,41.9676
646.667,396.543,92.6499,41.5521
648.691,396.03,92.6499,41.5521
649.197,395.683,95.4573,42.8111
651.125,396.121,96.4118,43.2392
653.439,396.16,95.4573,42.8111
656.671,397.315,94.5121,42.3873
659.732,398.023,92.6499,41.5521
659.939,396.568,95.4573,42.8111
661.991,395.829,96.4118,43.2392
662.412,396.031,99.3332,44.5494
667.749,397.119,97.3759,43.6716
668.475,396.831,100.327,44.9949
672.367,397.57,98.3497,44.1083
674.772,397.468,98.3497,44.1083
678.446,398.116,95.4573,42.8111
681.682,397.186,96.4118,43.2392
683.017,396.084,99.3332,44.5494
684.911,397.108,100.327,44.9949
688.696,396.573,99.3332,44.5494
691.126,396.421,98.3497,44.1083
695.026,395.269,99.3332,44.5494
699.081,396.666,98.3497,44.1083
699.865,396.205,99.3332,44.5494
702.612,396.97,100.327,44.9949
703.942,395.861,103.367,46.3583
705.025,395.581,106.499,47.763
706.637,394.246,107.564,48.2407
709.794,395.293,108.639,48.7231
713.392,394.917,105.444,47.2901
717.093,395.99,103.367,46.3583
719.392,395.51,106.499,47.763
720.237,394.928,107.564,48.2407
723.207,394.89,108.639,48.7231
726.503,394.918,105.444,47.2901
730.507,395.376,103.367,46.3583
731.971,394.603,104.4,46.8219
733.418,394.13,107.564,48.2407
734.13,393.646,109.726,49.2103
737.399,393.927,108.639,48.7231
739.103,392.76,109.726,49.2103
740.402,392.536,111.931,50.1994
743.332,392.951,110.823,49.7024
747.656,393.805,107.564,48.2407
749.015,393.683,108.639,48.7231
751.137,393.598,108.639,48.7231
753.148,394.292,108.639,48.7231
753.273,393.937,109.726,49.2103
752.564,392.584,111.931,50.1994
753.086,393.42,109.726,49.2103
755.164,394.155,108.639,48.7231
757.367,393.78,105.444,47.2901
756.945,394.944,102.343,45.8993
755.802,395.291,103.367,46.3583
753.387,395.066,106.499,47.763
752.311,395.108,104.4,46.8219
749.316,394.563,105.444,47.2901
748.085,394.459,105.444,47.2901
745.616,393.586,108.639,48.7231
741.455,392.933,111.931,50.1994
741.732,393.158,109.726,49.2103
738.132,393.076,111.931,50.1994
737.174,394.834,108.639,48.7231
734.587,394.739,108.639,48.7231
732.751,394.607,107.564,48.2407
730.672,394.566,108.639,48.7231
727.846,395.046,106.499,47.763
726.647,395.106,104.4,46.8219
720.887,394.718,107.564,48.2407
718.548,394.533,107.564,48.2407
715.488,394.911,107.564,48.2407
710.383,393.645,109.726,49.2103
706.743,393.943,111.931,50.1994
705.603,394.371,109.726,49.2103
704.193,395.496,107.564,48.2407
700.403,394.979,107.564,48.2407
695.532,394.434,109.726,49.2103
692.39,394.353,110.823,49.7024
685.171,393.339,114.181,51.2084
681.706,393.432,114.181,51.2084
675.123,393.037,116.476,52.2377
671.192,393.911,115.323,51.7205
664.75,393.148,118.817,53.2877
661.814,392.942,116.476,52.2377
658.07,393.266,116.476,52.2377
653.773,393.583,115.323,51.7205
647.235,393.937,117.641,52.7601
643.284,393.869,115.323,51.7205
638.271,393.812,117.641,52.7601
636.349,394.636,117.641,52.7601
633.166,393.385,118.817,53.2877
634.489,394.013,115.323,51.7205
632.431,393.023,118.817,53.2877
633.987,393.897,117.641,52.7601
634.038,393.373,117.641,52.7601
633.815,393.841,116.476,52.2377
636.837,393.584,114.181,51.2084
636.965,393.02,116.476,52.2377
635.769,392.442,120.005,53.8206
638.994,392.339,117.641,52.7601
636.303,391.799,121.205,54.3588
