0.984874
0.984874
0.970229
0.955799
0.891614
0.900132
0.970229
0.984874
0.977469
0.838026
0.920367
0.920367
0.933906
0.89788
0.906199
0.96998
0.96998
0.96998
0.96998
0.96998
0.96998
0.948176
0.91354
0.920367
0.920367
0.920367
0.920367
0.920367
0.920367
0.93487
0.93523
0.928826
0.928826
0.928826
0.928826
0.922114
0.858972
0.902954
0.902954
0.902954
0.902954
0.923404
0.930269
0.944249
0.944249
0.944249
0.944249
0.944249
0.944249
0.944249
0.944249
0.937473
0.860881
0.860881
0.860881
0.860881
0.860881
0.937473
0.910836
0.899019
0.917828
0.917828
0.931507
0.926208
0.920653
0.920653
0.920653
0.920653
0.858118
0.860833
0.896891
0.896891
0.896891
0.896891
0.89722
0.89722
0.891546
0.891546
0.85976
0.832662
0.862588
0.874949
0.864224
0.864224
0.864224
0.858528
0.864573
0.864841
0.865031
0.865031
0.87037
0.87037
0.865031
0.859756
0.854545
0.854545
0.791469
0.800469
0.810192
0.827364
0.818029
0.82267
0.832112
0.836915
0.836915
0.836915
0.836915
0.836915
0.836915
0.831629
0.827364
0.82267
0.820435
0.820435
0.820435
0.820435
0.815972
0.80719
0.80287
0.80287
0.80287
0.80287
0.807859
0.81781
0.822773
0.822773
0.822773
0.822773
0.813845
0.809453
0.80081
0.80081
0.796557
0.796557
0.79235
0.788564
0.78444
0.78444
0.78444
0.78444
0.78444
0.78444
0.782869
0.778909
0.77499
0.771109
0.77554
0.77554
0.77996
0.77996
0.77996
0.77996
0.77996
0.77996
0.77996
0.77996
0.77996
0.77996
0.772139
0.760697
0.753255
0.756461
0.756461
0.753255
0.753255
0.748805
0.730963
0.753531
0.750566
0.743391
0.751076
0.754902
0.763208
0.755974
0.747774
0.736387
0.736387
0.736387
0.736387
0.727061
0.720472
0.714001
0.710329
0.706646
0.705545
0.709358
0.713161
0.716953
0.716953
0.716953
0.716953
0.716953
0.716953
0.716953
0.716953
0.716953
0.716953
0.716953
0.716953
0.716953
0.716953
0.716953
0.716953
0.704557
0.692583
0.681008
0.681008
0.681008
0.681008
0.677586
0.674152
0.670707
0.670707
0.670707
0.670707
0.670707
0.670707
0.670707
0.659157
0.653868
0.642842
0.642842
0.642842
0.642842
0.646093
0.652561
0.655777
0.650543
0.647957
0.642846
0.642846
0.642846
0.642846
0.642846
0.642846
0.642846
0.637815
0.630415
0.625576
0.625576
0.625576
0.625576
0.618455
0.613797
0.60896
0.60896
0.60896
0.60896
0.60896
0.60896
0.60896
0.60896
0.60896
0.60896
0.606087
0.606087
0.603202
0.603202
0.603202
0.603202
0.603202
0.603202
0.603202
0.598902
0.592564
0.588413
0.588413
0.588413
0.588413
0.582295
0.574332
0.568502
0.565929
0.565929
0.563344
0.563344
0.563344
0.563344
0.563344
0.563344
0.563344
0.563344
0.563344
0.563344
0.559591
0.557733
0.554055
0.551543
0.54902
0.546484
0.546484
0.546484
0.546484
0.546484
0.546484
0.549988
0.549988
0.549988
0.549988
0.549988
0.549988
0.549988
0.549988
0.549988
0.549988
0.546513
0.544792
0.541382
0.535475
0.528044
0.522354
0.522354
0.522354
0.522354
0.522354
0.522354
0.522354
0.519856
0.514825
0.512291
0.512291
0.512291
0.512291
0.512291
0.512291
0.512291
0.512291
0.512291
0.512291
0.509275
0.506294
0.503348
0.503348
0.503348
0.503348
0.50089
0.49842
0.495937
0.49311
0.491708
0.488929
0.486504
0.486504
0.481175
0.483948
0.485346
0.488166
0.485346
0.483948
0.481175
0.481175
0.481175
0.481175
0.481175
0.481175
0.481175
0.481175
0.481175
0.481175
0.476454
0.474074
0.469274
0.469274
0.469274
0.469274
0.469274
0.469274
0.469274
0.465374
0.461538
0.457766
0.457766
0.457766
0.457766
0.457766
0.457766
0.457766
0.457766
0.457766
0.457766
0.457766
0.457766
0.457766
0.459016
0.461538
0.46281
0.46281
0.46281
0.46281
0.458088
0.453311
0.448478
0.448478
0.448478
0.448478
0.448478
0.449679
0.449679
0.450886
0.450886
0.452099
0.450886
0.450886
0.449679
0.448478
0.447284
0.446097
0.448478
0.43855
0.437049
0.43822
0.443277
0.444474
0.444474
0.444474
0.444474
0.453319
0.447284
0.442571
0.440197
0.440197
0.437809
0.437809
0.437809
0.437809
0.437809
0.438953
0.438953
0.434109
0.426731
0.421738
0.421738
0.421738
0.421738
0.418586
0.41651
0.413435
0.413435
0.413435
0.413435
0.413435
0.411014
0.411014
0.411014
0.411014
0.411014
0.411014
0.411014
0.411014
0.411014
0.411014
0.411014
0.411014
0.411014
0.411014
0.411014
0.411014
0.411014
0.411014
0.411014
0.411014
0.411014
0.411014
0.411014
0.406124
0.403656
0.398671
0.398671
0.398671
0.398671
0.398671
0.398671
0.398671
0.397727
0.396788
0.395853
0.395853
0.395853
0.395853
0.395853
0.395853
0.395853
0.395853
0.395853
0.395853
0.395853
0.395853
0.396858
0.398951
0.398951
0.398951
0.398951
0.398951
0.398951
0.398951
0.398951
0.398951
0.398951
0.398951
0.398951
0.393608
0.390913
0.385477
0.385477
0.385477
0.385477
0.385477
0.385477
0.385477
0.383873
0.383873
0.383282
0.385038
0.385923
0.387704
0.387704
0.387704
0.387704
0.387704
0.387704
0.387704
0.387704
0.387704
0.387704
0.387704
0.387704
0.387704
0.387704
0.387704
0.387704
0.387704
0.387704
0.387704
0.387704
0.387704
0.387704
0.387704
0.387704
0.387704
0.383312
0.381505
0.376931
0.377778
0.37863
0.379485
0.382253
0.385002
0.387735
0.385002
0.382253
0.379485
0.380616
0.380616
0.379006
0.379006
0.379006
0.380616
0.380616
0.380616
0.380616
0.386027
0.391536
0.397146
0.399896
0.402628
0.405343
0.407369
0.406646
0.408685
0.408685
0.408685
0.408685
0.414262
0.393845
0.412012
0.407821
0.407332
0.4106
0.4106
0.4106
0.4106
0.402732
0.392
0.383765
0.387233
0.387504
0.391015
0.391015
0.391015
0.391015
0.391015
0.391015
0.391015
0.40842
0.400198
0.402324
0.402324
0.402324
0.402324
0.405153
0.410755
0.413528
0.407963
0.405153
0.399475
0.402324
0.408921
0.411765
0.420929
0.423615
0.415336
0.415336
0.430152
0.426547
0.426547
0.426547
0.426547
0.424006
0.434211
0.438148
0.435978
0.431658
0.427365
0.427365
0.427365
0.427365
0.445199
0.44795
0.443925
0.440908
0.434813
0.44344
0.432179
0.418897
0.441174
0.434894
0.425473
0.419193
0.422103
0.422103
0.459849
0.4557
0.449167
0.442633
0.442633
0.442633
0.442633
0.425404
0.408312
0.427421
0.42926
0.432444
0.43419
0.454632
0.444791
0.44787
0.472764
0.458808
0.448341
0.448341
0.448341
0.448341
0.439828
0.463403
0.454687
0.451148
0.44761
0.444071
0.434501
0.42146
0.449478
0.449478
0.466574
0.465761
0.461178
0.450327
0.443093
0.446233
0.449275
0.49167
0.493311
0.502396
0.503874
0.495845
0.49183
0.4838
0.4838
0.500924
0.492212
0.517423
0.511041
0.498436
0.498436
0.498436
0.498436
0.490094
0.485923
0.522019
0.502032
0.481624
0.462201
0.462201
0.476814
0.474195
0.474195
0.474195
0.534313
0.513489
0.513489
0.506673
0.506673
0.506673
0.544942
0.537117
0.518516
0.499914
0.4976
0.4976
0.495308
0.494348
0.538138
0.536902
0.527441
0.51325
0.520639
0.510021
0.542806
0.534462
0.533816
0.533816
0.556521
0.522668
0.559911
0.558844
0.568424
0.573257
0.573257
0.547318
0.570256
0.543484
0.534892
0.529313
0.521159
0.569512
0.569512
0.569512
0.546405
0.528965
0.506791
0.506791
0.506791
0.506791
0.506791
0.506791
0.554291
0.538529
0.528021
0.512259
0.504355
0.562395
0.536599
0.514584
0.484401
0.462507
0.536657
0.527378
0.507883
0.507883
0.507883
0.507883
0.533137
0.524625
0.507883
0.485455
0.511717
0.505077
0.506951
0.517305
0.583052
0.551839
0.536505
0.506365
0.506365
0.552893
0.552893
0.540808
0.564242
0.552645
0.552645
0.504037
0.549716
0.521982
0.513514
0.486726
0.522659
0.513514
0.495549
0.486726
0.522659
0.513514
0.504698
0.495658
0.53283
0.520871
0.508889
0.496884
0.535267
0.535267
0.525488
0.506299
0.545172
0.518898
0.497405
0.491394
0.527848
0.511233
0.504785
0.492355
0.492355
0.543353
0.543353
0.536952
0.536952
0.53054
0.519492
0.540694
0.529239
0.518594
0.508096
0.497743
0.497743
0.497743
0.540035
0.540035
0.540035
0.540035
0.540035
0.540035
0.596381
0.584784
0.573355
0.562089
0.548482
0.541666
0.584935
0.584935
0.584935
0.584935
0.573212
0.550279
0.539062
0.596833
0.596833
0.596833
0.573212
0.561662
0.596833
0.584935
0.573212
0.561662
0.544121
0.555481
0.537936
0.537936
0.596354
0.596354
0.572462
0.560782
0.537936
0.570673
0.563549
0.538903
0.538903
0.538903
0.597466
0.584805
0.56094
0.547997
0.577171
0.564058
0.545317
0.545317
0.580496
0.580496
0.568593
0.545317
0.533937
0.583032
0.56668
0.557829
0.557829
0.557829
0.557829
0.550823
0.536787
0.575816
0.568593
0.561362
0.554123
0
