0.984874
0.984874
0.970229
0.955799
0.891614
0.900132
0.970229
0.984874
0.977469
0.838026
0.920367
0.920367
0.933906
0.89788
0.906199
0.96998
0.96998
0.96998
0.96998
0.933906
0.962658
0.96998
0.96998
0.96998
0.96998
0.96998
0.96998
0.96998
0.880504
0.92799
0.928398
0.922114
0.922114
0.922114
0.922114
0.928826
0.928826
0.922114
0.922114
0.922114
0.922114
0.929455
0.860195
0.884205
0.910089
0.910089
0.910089
0.923299
0.923299
0.936693
0.943461
0.943461
0.936693
0.923299
0.936693
0.923299
0.897058
0.917788
0.944249
0.944249
0.944249
0.944249
0.931458
0.906354
0.888142
0.9006
0.9006
0.913223
0.913466
0.907415
0.901445
0.901445
0.901445
0.901445
0.889421
0.877278
0.873392
0.891546
0.891546
0.891546
0.880413
0.874949
0.864224
0.864224
0.864224
0.864224
0.864573
0.859099
0.848024
0.848024
0.87037
0.87037
0.865031
0.859756
0.854545
0.848943
0.829768
0.851662
0.841774
0.827364
0.818029
0.82267
0.832112
0.836915
0.836915
0.836915
0.836915
0.836915
0.836915
0.836915
0.827364
0.82267
0.81344
0.81344
0.820435
0.820435
0.815972
0.80719
0.80287
0.80287
0.80287
0.80287
0.807859
0.81781
0.822773
0.822773
0.822773
0.822773
0.813845
0.809453
0.80081
0.80081
0.796557
0.796557
0.79235
0.788564
0.78444
0.78444
0.78444
0.78444
0.78444
0.78444
0.78444
0.778909
0.77499
0.771109
0.77554
0.77554
0.77996
0.77996
0.77996
0.77996
0.77996
0.77996
0.77996
0.77996
0.77996
0.77996
0.772139
0.760697
0.756461
0.758044
0.756461
0.756461
0.758044
0.758044
0.756461
0.753531
0.750566
0.749939
0.758209
0.76233
0.770545
0.758781
0.74497
0.733771
0.733771
0.733771
0.736387
0.729793
0.723316
0.716953
0.713161
0.709358
0.705545
0.709358
0.713161
0.716953
0.716953
0.716953
0.716953
0.716953
0.716953
0.716953
0.716953
0.716953
0.716953
0.716953
0.716953
0.716953
0.716953
0.716953
0.716953
0.704557
0.692583
0.681295
0.681295
0.681295
0.681295
0.677747
0.676224
0.672533
0.672533
0.672533
0.672533
0.672533
0.672533
0.672533
0.661164
0.656148
0.645275
0.645275
0.645275
0.645275
0.648767
0.65572
0.659182
0.654196
0.651732
0.646858
0.646858
0.646858
0.646858
0.646858
0.646858
0.646858
0.642057
0.634987
0.630359
0.630359
0.630359
0.630359
0.623543
0.619081
0.612505
0.618151
0.618151
0.618151
0.618151
0.618151
0.618151
0.618151
0.618151
0.618151
0.615021
0.615021
0.611881
0.611881
0.611881
0.611881
0.611881
0.611881
0.611881
0.607726
0.601599
0.597582
0.597582
0.597582
0.597582
0.591656
0.583936
0.578276
0.575462
0.575462
0.572637
0.572637
0.572637
0.572637
0.572637
0.572637
0.572637
0.572637
0.572637
0.572637
0.568996
0.567193
0.563621
0.560874
0.558115
0.555346
0.555346
0.555346
0.555346
0.555346
0.555346
0.555346
0.555346
0.555346
0.555346
0.555346
0.555346
0.555346
0.555346
0.555346
0.555346
0.551921
0.550225
0.546863
0.540878
0.533391
0.527623
0.527623
0.527623
0.527623
0.527623
0.527623
0.527623
0.525004
0.519731
0.517077
0.517077
0.517077
0.517077
0.517077
0.517077
0.517077
0.517077
0.517077
0.517077
0.514107
0.511171
0.508268
0.508268
0.508268
0.508268
0.505692
0.503104
0.500505
0.497721
0.496341
0.493604
0.491063
0.491063
0.488511
0.491192
0.492543
0.495269
0.492543
0.491192
0.488511
0.488511
0.488511
0.488511
0.488511
0.488511
0.488511
0.488511
0.488511
0.488511
0.483369
0.480779
0.475562
0.475562
0.475562
0.475562
0.475562
0.475562
0.475562
0.471802
0.4681
0.464456
0.464456
0.464456
0.464456
0.464456
0.464456
0.464456
0.464456
0.464456
0.464456
0.464456
0.464456
0.464456
0.465665
0.4681
0.469327
0.469327
0.469327
0.469327
0.464196
0.459013
0.453777
0.453777
0.453777
0.453777
0.453777
0.454931
0.454931
0.45609
0.45609
0.457255
0.45609
0.450546
0.449405
0.451937
0.45263
0.451488
0.453777
0.451692
0.450293
0.451445
0.445191
0.44633
0.44633
0.44633
0.44633
0.430941
0.447141
0.448097
0.445525
0.445525
0.442939
0.442939
0.442939
0.442939
0.442939
0.444038
0.444038
0.4388
0.42228
0.420396
0.420396
0.420396
0.420396
0.422448
0.420463
0.417521
0.417521
0.417521
0.417521
0.417521
0.414911
0.414911
0.414911
0.414911
0.414911
0.414911
0.412378
0.411014
0.410636
0.410636
0.410636
0.410636
0.410636
0.410636
0.410636
0.410636
0.410636
0.410636
0.410636
0.410636
0.410636
0.411014
0.411014
0.406124
0.403656
0.398671
0.398671
0.398671
0.398671
0.398671
0.399608
0.399608
0.398688
0.397771
0.396858
0.396858
0.396858
0.396858
0.396858
0.396858
0.396858
0.396858
0.396858
0.396858
0.395853
0.395853
0.395853
0.395853
0.395853
0.395853
0.395853
0.395853
0.395853
0.396858
0.396858
0.396858
0.396858
0.396858
0.396858
0.391712
0.389116
0.383873
0.381016
0.379339
0.383653
0.383653
0.383653
0.383653
0.383653
0.383653
0.383653
0.38526
0.386068
0.389673
0.38818
0.38818
0.38818
0.38818
0.38818
0.38818
0.38818
0.38818
0.38818
0.38818
0.38818
0.38818
0.38818
0.38818
0.38818
0.38818
0.38818
0.38818
0.38818
0.38818
0.38818
0.38818
0.38818
0.38818
0.383601
0.38169
0.376932
0.377755
0.378582
0.379412
0.382259
0.374381
0.377094
0.374381
0.371651
0.379485
0.379485
0.379485
0.380616
0.380616
0.380616
0.380616
0.380616
0.380616
0.380616
0.386027
0.391536
0.397146
0.399896
0.402628
0.405343
0.407369
0.406646
0.408685
0.408685
0.396431
0.396431
0.401793
0.404449
0.40971
0.424744
0.418625
0.422012
0.422012
0.422012
0.422012
0.41386
0.402747
0.394222
0.397743
0.398092
0.401658
0.401658
0.401658
0.401658
0.401658
0.401658
0.401658
0.403717
0.404754
0.406845
0.406845
0.406845
0.406845
0.40981
0.420382
0.42324
0.417506
0.41461
0.408762
0.411696
0.41461
0.417506
0.415127
0.404239
0.427152
0.427152
0.427152
0.427152
0.427152
0.427152
0.427152
0.418803
0.410455
0.438124
0.434031
0.429961
0.425915
0.441548
0.43521
0.43521
0.429415
0.423512
0.452055
0.448866
0.442433
0.439187
0.430724
0.418215
0.409996
0.437523
0.428624
0.422692
0.425825
0.444303
0.433986
0.427764
0.421542
0.451444
0.451444
0.451444
0.451444
0.434084
0.417122
0.400462
0.437465
0.440832
0.442769
0.446076
0.446076
0.449364
0.4397
0.445944
0.46544
0.46544
0.46544
0.46544
0.457
0.445206
0.436893
0.433493
0.439884
0.436461
0.461074
0.446591
0.435515
0.435515
0.435515
0.435515
0.429039
0.419325
0.412849
0.455367
0.459529
0.463639
0.465617
0.474703
0.476536
0.489289
0.474369
0.466869
0.466869
0.506412
0.506412
0.494898
0.489207
0.477954
0.477954
0.477954
0.477954
0.470397
0.486776
0.537816
0.505006
0.484908
0.465538
0.465538
0.465538
0.465538
0.465538
0.465538
0.465538
0.495681
0.495681
0.489553
0.489553
0.489553
0.489553
0.541468
0.510435
0.492909
0.490759
0.511302
0.502193
0.501452
0.502894
0.550875
0.541578
0.527632
0.518334
0.510638
0.498929
0.531476
0.531331
0.531331
0.531087
0.526489
0.521891
0.581866
0.577976
0.577976
0.577976
0.553381
0.528786
0.504192
0.541699
0.536344
0.528506
0.528506
0.528506
0.528506
0.529324
0.512764
0.49179
0.49179
0.49179
0.49179
0.49179
0.49179
0.543116
0.528371
0.518541
0.503796
0.49644
0.481944
0.518725
0.522681
0.486417
0.465828
0.468563
0.514958
0.542727
0.526079
0.526079
0.526079
0.559743
0.578584
0.54305
0.503908
0.495931
0.528357
0.531183
0.551348
0.561074
0.531669
0.561848
0.532089
0.532089
0.532089
0.580987
0.580509
0.562256
0.550081
0.550081
0.599226
0.592868
0.564005
0.554541
0.57427
0.554541
0.544861
0.525858
0.564343
0.554541
0.544861
0.535084
0.58467
0.574498
0.561556
0.548612
0.535666
0.576613
0.576613
0.566173
0.545702
0.587193
0.566173
0.55297
0.546368
0.591868
0.518068
0.566076
0.551705
0.551705
0.536401
0.580336
0.573676
0.573676
0.56701
0.555693
0.52413
0.576834
0.565752
0.554824
0.544049
0.544049
0.544049
0.544049
0.544049
0.599475
0.599475
0.599475
0.599475
0.599475
0.588074
0.576834
0.622776
0.608461
0.601299
0.586967
0.586967
0.586967
0.586967
0.634643
0.610452
0.598623
0.598623
0.598623
0.598623
0.586967
0.575479
0.622457
0.610452
0.598623
0.586967
0.569112
0.592198
0.574154
0.574154
0.574154
0.633907
0.609469
0.597523
0.574154
0.549663
0.600034
0.574624
0.574624
0.574624
0.574624
0.634009
0.609275
0.596078
0.577313
0.564329
0.603928
0.603928
0.603928
0.603928
0.591985
0.568624
0.557199
0.606823
0.590556
0.581966
0.581966
0.581966
0.558397
0.630638
0.616057
0.608766
0.601476
0.594185
0.586894
0
