0.735139 4.11058 0.658726 0.977846
0.722374 4.04042 0.670858 0.977846
0.697307 3.8809 0.668506 0.977846
0.691788 3.84733 0.675627 0.926449
0.664425 3.67837 0.669205 0.946881
0.636705 3.51917 0.664042 0.90825
0.595962 3.25634 0.676458 0.873737
0.572811 3.1496 0.645538 0.883703
0.555567 3.03831 0.655353 0.87511
0.538735 2.95733 0.64515 0.83691
0.582953 3.20605 0.651077 0.806159
0.577603 3.17805 0.654804 0.756178
0.60597 3.40663 0.657467 0.769905
0.612917 3.35316 0.650268 0.800551
0.605685 3.28447 0.660291 0.800551
0.606405 3.31154 0.659388 0.800551
0.614947 3.36252 0.657186 0.800551
0.615956 3.35521 0.65054 0.846682
0.632334 3.49029 0.676745 0.813473
0.637167 3.53474 0.677751 0.860662
0.638011 3.5668 0.688757 0.793526
0.634697 3.52165 0.680405 0.793526
0.613351 3.38445 0.687234 0.793526
0.606472 3.36928 0.678986 0.793526
0.599301 3.29149 0.697715 0.793526
0.588805 3.25917 0.685013 0.793526
0.586018 3.23155 0.698627 0.793526
0.579048 3.16024 0.689582 0.751504
0.557196 3.03716 0.689432 0.769905
0.555493 3.06116 0.667011 0.800551
0.548274 3.00165 0.674066 0.800551
0.547956 2.98051 0.670073 0.800551
0.549242 2.9851 0.676035 0.850981
0.524121 2.8608 0.667025 0.885365
0.510122 2.78096 0.677904 0.852288
0.526613 2.86871 0.67408 0.852288
0.528843 2.90324 0.678689 0.852288
0.515794 2.82954 0.672119 0.842413
0.528167 2.83914 0.667608 0.842413
0.526297 2.84724 0.661618 0.835656
0.515109 2.8207 0.666413 0.806485
0.510648 2.79771 0.668177 0.829391
0.508192 2.76817 0.668092 0.845266
0.498137 2.69428 0.668341 0.785647
0.533075 2.92187 0.672354 0.792456
0.535734 2.91199 0.661898 0.792652
0.523983 2.86706 0.682054 0.786321
0.531334 2.93681 0.670427 0.786321
0.52694 2.89744 0.679681 0.786321
0.518896 2.84716 0.665845 0.786321
0.524686 2.88571 0.675623 0.786321
0.511485 2.8113 0.660281 0.786321
0.513639 2.80051 0.683392 0.786321
0.500902 2.72876 0.662899 0.779841
0.510117 2.80073 0.681432 0.767023
0.499835 2.72708 0.662049 0.741932
0.500613 2.75264 0.666141 0.741932
0.497586 2.70941 0.655885 0.786321
0.514114 2.79387 0.670161 0.786321
0.502816 2.77535 0.660207 0.796342
0.515421 2.85863 0.675741 0.807208
0.497566 2.73799 0.667769 0.792801
0.510504 2.8073 0.679341 0.792801
0.518202 2.83024 0.659476 0.792801
0.506519 2.7681 0.680476 0.792801
0.484819 2.6494 0.667751 0.792801
0.479899 2.60832 0.671773 0.792801
0.484381 2.6213 0.68264 0.792801
0.484649 2.66318 0.692968 0.792801
0.473493 2.59396 0.678888 0.792801
0.469837 2.56523 0.683369 0.792801
0.4548 2.497 0.664719 0.792801
0.45721 2.54314 0.677636 0.793541
0.462681 2.53556 0.66007 0.806879
0.461728 2.51045 0.668642 0.806879
0.453763 2.47124 0.657715 0.841108
0.458589 2.50937 0.670993 0.841108
0.460013 2.52941 0.651904 0.841108
0.478021 2.62857 0.665046 0.841108
0.482429 2.65454 0.645151 0.841108
0.486813 2.65701 0.666189 0.841108
0.478933 2.62432 0.655001 0.841108
0.475796 2.62895 0.681911 0.834159
0.469309 2.56245 0.658436 0.820417
0.451008 2.4701 0.673971 0.813874
0.452296 2.494 0.664752 0.826389
0.482919 2.69198 0.685742 0.834455
0.489293 2.72156 0.664399 0.842681
0.483287 2.66143 0.674383 0.85107
0.468923 2.58679 0.660783 0.85107
0.456318 2.49326 0.681435 0.85107
0.437833 2.42052 0.670823 0.85107
0.44476 2.49449 0.672966 0.83762
0.460157 2.56014 0.662235 0.831053
0.457149 2.55503 0.671092 0.818224
0.450983 2.55876 0.664405 0.805785
0.441496 2.45792 0.67363 0.787819
0.438997 2.43853 0.662757 0.776281
0.434021 2.4159 0.683282 0.776281
0.434269 2.42508 0.663421 0.776281
0.45369 2.55098 0.67703 0.776281
0.450797 2.50202 0.669743 0.770637
0.45086 2.47794 0.683447 0.770637
0.444756 2.45315 0.66927 0.759013
0.436681 2.42725 0.686987 0.759593
0.428492 2.39898 0.671518 0.754189
0.440667 2.48511 0.677367 0.748861
0.449022 2.52974 0.668014 0.754189
0.458295 2.5905 0.684054 0.754189
0.45861 2.55355 0.668432 0.759593
0.441406 2.45421 0.693424 0.767235
0.426298 2.39603 0.688189 0.782989
0.42765 2.40159 0.68765 0.791112
0.425761 2.37282 0.671229 0.791112
0.441522 2.48377 0.681906 0.791112
0.45773 2.59301 0.672131 0.791112
0.449313 2.54926 0.68377 0.791112
0.43226 2.44779 0.669084 0.791112
0.432785 2.47158 0.679621 0.791112
0.419742 2.36576 0.660142 0.798931
0.416331 2.33039 0.662688 0.806487
0.422471 2.37453 0.659568 0.806487
0.420477 2.39446 0.673698 0.795332
0.439604 2.48557 0.657437 0.779166
0.433156 2.43745 0.665454 0.768749
0.422456 2.37823 0.657814 0.768749
0.426734 2.40457 0.667475 0.707229
0.424429 2.39451 0.654565 0.707229
0.420624 2.36977 0.655635 0.707229
0.399914 2.26878 0.652852 0.707229
0.404014 2.28388 0.660729 0.707229
0.411169 2.3005 0.659184 0.707229
0.426536 2.37323 0.663766 0.720527
0.43205 2.40718 0.658325 0.720527
0.437927 2.44749 0.660927 0.720527
0.436245 2.45628 0.653787 0.720527
0.439717 2.46507 0.65668 0.720527
0.449835 2.54428 0.657728 0.715872
0.453572 2.51057 0.660744 0.715872
0.442064 2.45379 0.658314 0.711277
0.439746 2.45782 0.661223 0.712771
0.447781 2.51288 0.657516 0.696509
0.440182 2.45796 0.648801 0.723996
0.443724 2.47979 0.648085 0.720879
0.440601 2.48033 0.6489 0.722177
0.44682 2.52008 0.647007 0.718845
0.439 2.46388 0.65639 0.718845
0.425794 2.37444 0.655174 0.718845
0.429311 2.40142 0.665874 0.718845
0.423643 2.36206 0.669243 0.718845
0.427163 2.39815 0.671975 0.718845
0.416849 2.33177 0.651611 0.726147
0.406133 2.24838 0.653318 0.746051
0.415718 2.31211 0.658572 0.746662
0.4187 2.3224 0.662764 0.740677
0.431401 2.38301 0.657538 0.740677
0.43309 2.39385 0.653409 0.740677
0.439121 2.41249 0.653805 0.740677
0.437933 2.43527 0.657235 0.74212
0.432697 2.36683 0.647316 0.743449
0.42166 2.34321 0.656961 0.744667
0.421047 2.33447 0.650383 0.735686
0.415266 2.2956 0.652998 0.731276
0.417308 2.31034 0.650517 0.722613
0.409758 2.26047 0.652796 0.722613
0.404651 2.24861 0.652596 0.722613
0.41313 2.28714 0.655945 0.722613
0.414892 2.28799 0.659903 0.722613
0.415475 2.29987 0.664643 0.722613
0.414307 2.31081 0.649416 0.722613
0.41697 2.33182 0.664516 0.722613
0.424773 2.36727 0.65561 0.722613
0.430446 2.41324 0.666758 0.722613
0.428666 2.39434 0.648977 0.722613
0.418877 2.36049 0.651724 0.722613
0.424162 2.37094 0.646959 0.722613
0.417469 2.33886 0.654656 0.722613
0.423819 2.37982 0.651928 0.722613
0.41431 2.28534 0.65854 0.722613
0.424195 2.34845 0.651087 0.722613
0.413022 2.29198 0.661321 0.722613
0.414182 2.30146 0.661253 0.722613
0.417641 2.33877 0.663822 0.722613
0.417152 2.29781 0.649453 0.722613
0.414488 2.2975 0.661701 0.722613
0.408857 2.25252 0.65656 0.722613
0.410748 2.27075 0.663514 0.722613
0.416691 2.31726 0.659046 0.722613
0.419633 2.33762 0.659283 0.714153
0.418619 2.33761 0.647047 0.709997
0.422938 2.3702 0.655402 0.701828
0.419702 2.37351 0.65341 0.701828
0.430479 2.42014 0.655473 0.701828
0.430817 2.42946 0.658864 0.703578
0.432251 2.40654 0.648438 0.695391
0.425839 2.34922 0.649907 0.688
0.409781 2.25217 0.640142 0.677682
0.420351 2.32002 0.641392 0.676448
0.405767 2.2189 0.649458 0.672919
0.404246 2.22564 0.640528 0.67158
0.407583 2.23429 0.651099 0.67158
0.393843 2.17202 0.651685 0.67158
0.403007 2.24087 0.65186 0.671663
0.417622 2.30188 0.657222 0.671663
0.422842 2.32651 0.661101 0.671663
0.428188 2.363 0.652554 0.671663
0.415247 2.27539 0.66402 0.671663
0.427298 2.35648 0.656666 0.67158
0.423037 2.28065 0.65682 0.67158
0.42888 2.33308 0.649275 0.67158
0.425357 2.29596 0.647267 0.67158
0.414967 2.25317 0.643273 0.67158
0.413581 2.26042 0.653801 0.67158
0.418024 2.28794 0.649007 0.67158
0.406857 2.25815 0.65404 0.67158
0.403284 2.21927 0.646939 0.671663
0.428515 2.33566 0.669548 0.671663
0.413804 2.25093 0.659931 0.671663
0.420168 2.34389 0.665762 0.675036
0.414899 2.25985 0.655188 0.681705
0.41701 2.28149 0.663034 0.68599
0.417748 2.2863 0.649232 0.68599
0.406588 2.21163 0.657774 0.68599
0.400855 2.21517 0.649338 0.68599
0.402671 2.20052 0.653976 0.68599
0.389062 2.14293 0.647563 0.68599
0.388446 2.13742 0.65414 0.68599
0.387578 2.11576 0.648977 0.682361
0.397228 2.18003 0.659716 0.682361
0.411257 2.26083 0.653435 0.678771
0.4039 2.17373 0.658937 0.678771
0.397944 2.1645 0.651399 0.678771
0.416539 2.25893 0.661024 0.678771
0.418319 2.26936 0.650776 0.678771
0.429204 2.36058 0.65355 0.678771
0.424765 2.34802 0.646741 0.678771
0.429395 2.38234 0.651141 0.680211
0.436977 2.42558 0.649606 0.690123
0.418322 2.30784 0.657533 0.685769
0.399712 2.22024 0.650489 0.67852
0.399565 2.17682 0.65801 0.674953
0.393039 2.18172 0.6507 0.66793
0.392989 2.19929 0.660126 0.66793
0.386449 2.15897 0.654258 0.679727
0.409749 2.21764 0.649404 0.679727
0.40975 2.19986 0.644019 0.679727
0.414483 2.21783 0.649517 0.679727
0.41201 2.23878 0.647556 0.679727
0.398871 2.1693 0.652095 0.679727
0.416319 2.27795 0.651945 0.679727
0.416637 2.28015 0.651122 0.679727
0.420732 2.31667 0.651095 0.679727
0.407833 2.22802 0.648265 0.679727
0.397328 2.17589 0.643881 0.679727
0.406247 2.23247 0.651327 0.679727
0.39617 2.17589 0.650434 0.679727
0.409236 2.22609 0.657687 0.652976
0.390911 2.1061 0.655942 0.670042
0.411471 2.24591 0.650261 0.665163
0.409209 2.21716 0.648854 0.655334
0.398561 2.15094 0.653431 0.665163
0.400425 2.13923 0.64953 0.670042
0.399185 2.17482 0.655052 0.679727
0.4121 2.25328 0.649137 0.680531
0.404408 2.2132 0.651421 0.676224
0.419105 2.29399 0.655196 0.673546
0.407554 2.22586 0.655793 0.660173
0.4174 2.29425 0.650898 0.644185
0.412908 2.25228 0.657655 0.631942
0.419153 2.30319 0.656055 0.631942
0.427394 2.36844 0.652441 0.631942
0.420386 2.31793 0.647658 0.631942
0.42306 2.34483 0.651266 0.628954
0.434272 2.38543 0.646811 0.623061
0.426105 2.36732 0.655178 0.620155
0.431451 2.38442 0.649053 0.630332
0.420994 2.32375 0.647283 0.635382
0.438034 2.42833 0.645115 0.645407
0.422098 2.30677 0.644962 0.645407
0.408248 2.23967 0.64576 0.645407
0.423103 2.31547 0.644896 0.645407
0.409282 2.25336 0.645662 0.645407
0.401772 2.22133 0.653473 0.645407
0.410033 2.29202 0.651946 0.645407
0.41939 2.34854 0.65148 0.639204
0.412179 2.30926 0.639368 0.636146
0.422379 2.36424 0.64594 0.630118
0.426987 2.38311 0.640061 0.630118
0.426598 2.35997 0.644771 0.630118
0.426748 2.37311 0.63664 0.630118
0.42856 2.36039 0.644724 0.630118
0.421902 2.32695 0.636467 0.630118
0.432667 2.3951 0.633419 0.630118
0.423763 2.36696 0.63134 0.620559
0.419865 2.33488 0.639455 0.615741
0.420462 2.3316 0.627587 0.606026
0.411748 2.2834 0.632013 0.615741
0.406757 2.28735 0.630605 0.627147
0.41484 2.34698 0.630496 0.636516
0.4165 2.32263 0.632357 0.636516
0.408284 2.30166 0.643933 0.641163
0.410442 2.33929 0.632565 0.641163
0.413487 2.31231 0.635794 0.636516
0.425074 2.4417 0.635072 0.631844
0.441559 2.50859 0.641428 0.627147
0.431385 2.39574 0.640799 0.627147
0.43791 2.49282 0.640206 0.627147
0.425779 2.41509 0.638857 0.627147
0.435093 2.46677 0.644834 0.627147
0.439543 2.49736 0.636712 0.627147
0.431618 2.44065 0.647455 0.627147
0.426367 2.45866 0.64085 0.627147
0.423931 2.42253 0.645645 0.627147
0.420781 2.40636 0.637356 0.627147
0.422397 2.41318 0.643408 0.631844
0.411316 2.33782 0.635744 0.636516
0.418394 2.36165 0.642007 0.641163
0.418434 2.37469 0.638838 0.641163
0.399207 2.27627 0.648708 0.641163
0.419466 2.40173 0.63656 0.641163
0.413119 2.32583 0.647283 0.63504
0.395066 2.24655 0.650442 0.632022
0.400022 2.2896 0.65114 0.626072
0.408303 2.31413 0.647657 0.612702
0.397364 2.25538 0.648886 0.594512
0.400658 2.2532 0.64727 0.580591
0.429267 2.45217 0.653668 0.578068
0.424596 2.41301 0.646827 0.578068
0.432629 2.44649 0.647812 0.575566
0.431653 2.46894 0.644639 0.575566
0.420932 2.36384 0.644876 0.575566
0.428073 2.39286 0.641064 0.575566
0.423263 2.36776 0.647008 0.575566
0.411304 2.28327 0.64331 0.575566
0.425703 2.35282 0.649592 0.575566
0.425479 2.34596 0.640413 0.575566
0.417976 2.30963 0.651944 0.575566
0.429496 2.35942 0.6488 0.575566
0.410408 2.26199 0.660227 0.575566
0.428104 2.36286 0.647749 0.575566
0.415331 2.32362 0.655252 0.575566
0.415478 2.30676 0.646397 0.575566
0.421344 2.35056 0.658894 0.575566
0.418473 2.33975 0.652267 0.575566
0.416303 2.33776 0.654028 0.575566
0.414637 2.31762 0.650956 0.575566
0.385383 2.17198 0.66079 0.575566
0.389377 2.1966 0.657762 0.575566
0.38942 2.18316 0.65636 0.575566
0.39572 2.19282 0.658446 0.575566
0.398555 2.22215 0.66111 0.575566
0.395888 2.23114 0.658106 0.575566
0.376561 2.11376 0.669402 0.575566
0.381287 2.16111 0.661379 0.575566
0.372145 2.10126 0.662063 0.575566
0.379791 2.13621 0.663708 0.575566
0.38424 2.16033 0.671783 0.575566
0.395666 2.1993 0.665954 0.575566
0.386098 2.14932 0.674093 0.575566
0.4005 2.22145 0.666689 0.575566
0.41311 2.29022 0.64902 0.575566
0.403271 2.22074 0.651292 0.575566
0.406664 2.27212 0.656958 0.575566
0.405478 2.25488 0.658467 0.575566
0.399504 2.23063 0.665084 0.575566
0.398934 2.23879 0.662454 0.575566
0.405923 2.28378 0.665685 0.575566
0.3954 2.20087 0.66058 0.575566
0.402291 2.26025 0.67089 0.575566
0.399196 2.23732 0.67513 0.575566
0.396177 2.21782 0.684028 0.575566
0.387299 2.17339 0.681748 0.575566
0.390467 2.21389 0.684985 0.575566
0.388035 2.17693 0.688433 0.575566
0.388267 2.15463 0.694337 0.573086
0.3837 2.14326 0.690034 0.570627
0.377767 2.10478 0.691919 0.568189
0.379368 2.11809 0.688519 0.565772
0.381752 2.16937 0.691094 0.560999
0.380983 2.13438 0.688389 0.558643
0.370435 2.0703 0.691157 0.549919
0.37719 2.1307 0.683718 0.54108
0.377876 2.11276 0.693227 0.532125
0.375713 2.11865 0.688882 0.530005
0.376593 2.1093 0.694546 0.527901
0.362453 2.0132 0.691115 0.525814
0.368093 2.07181 0.690661 0.525814
0.355634 1.96756 0.683728 0.525814
0.367633 2.03792 0.681348 0.525814
0.380475 2.13445 0.68311 0.525814
0.376532 2.11262 0.680815 0.525814
0.370998 2.05213 0.682964 0.525814
0.380871 2.12705 0.690296 0.525814
0.392803 2.19284 0.684081 0.525814
0.388868 2.18969 0.68824 0.525814
0.392768 2.18234 0.676592 0.525814
0.397806 2.24258 0.690385 0.525814
0.394701 2.21284 0.677117 0.525814
0.395002 2.23629 0.679891 0.523743
0.378805 2.14733 0.674641 0.523743
0.37685 2.15284 0.679911 0.521689
0.375702 2.10921 0.673098 0.521689
0.395617 2.23491 0.676529 0.521689
0.385638 2.18334 0.675753 0.521689
0.378698 2.16355 0.675696 0.521689
0.371028 2.10224 0.669869 0.521689
0.374383 2.13357 0.676696 0.521689
0.387035 2.19752 0.681273 0.521689
0.385934 2.16829 0.681915 0.521689
0.405994 2.27485 0.673018 0.521689
0.404307 2.2945 0.681798 0.525814
0.403505 2.2973 0.671565 0.532125
0.40989 2.31371 0.683131 0.536418
0.407866 2.29893 0.677455 0.540983
0.396147 2.22287 0.679229 0.545519
0.396518 2.24122 0.669616 0.550026
0.391953 2.22544 0.669335 0.540983
0.384157 2.18659 0.661887 0.527198
0.390811 2.24409 0.66222 0.517858
0.394933 2.25861 0.662322 0.517858
0.378647 2.19837 0.666431 0.517858
0.383346 2.20825 0.666213 0.517858
0.380399 2.15356 0.667735 0.517858
0.383894 2.13644 0.665329 0.517858
0.383535 2.12699 0.670827 0.517858
0.381335 2.13736 0.663651 0.511879
0.387328 2.16615 0.670038 0.507969
0.377525 2.10184 0.664259 0.502214
0.379443 2.09898 0.663994 0.502214
0.386439 2.15783 0.658074 0.502214
0.386714 2.18161 0.664723 0.502214
0.393146 2.21 0.649568 0.510994
0.414014 2.31059 0.656074 0.523934
0.406792 2.29432 0.65093 0.532411
0.405506 2.27504 0.654921 0.534551
0.396466 2.22555 0.647276 0.536708
0.40223 2.25773 0.653361 0.538883
0.410969 2.33451 0.649241 0.534551
0.4074 2.32879 0.654846 0.532411
0.408665 2.33393 0.649513 0.528183
0.409243 2.32384 0.651913 0.528183
0.401418 2.28732 0.647535 0.528183
0.413157 2.35507 0.653552 0.528183
0.408927 2.35906 0.648842 0.528183
0.398394 2.27287 0.6557 0.528183
0.388662 2.19604 0.646223 0.528183
0.38671 2.20012 0.651511 0.528183
0.38656 2.20704 0.645873 0.528183
0.38389 2.15893 0.655204 0.528183
0.399905 2.22708 0.64839 0.528183
0.394971 2.20807 0.648489 0.528183
0.40873 2.2848 0.644005 0.528183
0.414347 2.33606 0.6527 0.528183
0.411093 2.31251 0.649004 0.528183
0.410127 2.33073 0.655391 0.528183
0.413952 2.31197 0.652838 0.519838
0.421697 2.36855 0.655076 0.515621
0.415962 2.33309 0.647123 0.507097
0.419853 2.34686 0.650654 0.507097
0.423954 2.37722 0.644978 0.507097
0.399082 2.22009 0.64696 0.507097
0.386368 2.15103 0.645363 0.507097
0.390471 2.19683 0.647995 0.507097
0.378236 2.12966 0.648164 0.507097
0.376709 2.1067 0.651093 0.507097
0.381913 2.14092 0.655987 0.507097
0.393118 2.2072 0.647712 0.507097
0.387101 2.19432 0.649173 0.50326
0.379939 2.14037 0.646678 0.501363
0.384658 2.17094 0.647437 0.497611
0.3731 2.10667 0.648314 0.497611
0.374455 2.10406 0.651214 0.497611
0.379259 2.13098 0.647377 0.497611
0.394826 2.21486 0.648355 0.497611
0.390256 2.19643 0.645649 0.497611
0.396356 2.20253 0.645475 0.497611
0.38651 2.16813 0.650649 0.497611
0.395908 2.2071 0.645764 0.497611
0.399457 2.20699 0.643133 0.497611
0.384632 2.12947 0.644025 0.493915
0.396388 2.20672 0.6458 0.492088
0.397046 2.20972 0.643108 0.488473
0.395545 2.19468 0.646935 0.484474
0.401351 2.21214 0.642635 0.484474
0.406002 2.27945 0.645017 0.480444
0.398067 2.22187 0.641785 0.488473
0.417679 2.37748 0.640156 0.492441
0.414984 2.3287 0.644707 0.500284
0.414304 2.33278 0.645445 0.496378
0.412732 2.31853 0.642377 0.492441
0.403362 2.27975 0.64264 0.488473
0.421205 2.36479 0.638686 0.488473
0.405996 2.25166 0.634892 0.488473
0.416141 2.30106 0.637464 0.488473
0.408399 2.27842 0.638234 0.488473
0.401149 2.23292 0.644251 0.488473
0.414797 2.34767 0.643749 0.488473
0.413417 2.35534 0.643174 0.488473
0.41031 2.30561 0.649041 0.488473
0.414322 2.33352 0.642895 0.488473
0.423685 2.38899 0.647835 0.488473
0.419067 2.35424 0.646317 0.488473
0.428986 2.44235 0.646628 0.488473
0.429234 2.42851 0.641322 0.486685
0.416663 2.36094 0.642636 0.486685
0.423803 2.39376 0.634007 0.484911
0.417468 2.32653 0.640795 0.484911
0.424728 2.3603 0.637937 0.483149
0.43415 2.42429 0.641177 0.483149
0.42571 2.35222 0.639072 0.483149
0.426827 2.34509 0.634711 0.479425
0.409119 2.26028 0.635048 0.479425
0.407165 2.25053 0.641169 0.479425
0.418641 2.33183 0.645644 0.479425
0.403453 2.22866 0.644002 0.479425
0.401374 2.26283 0.639386 0.472402
0.396786 2.23871 0.639649 0.465582
0.399147 2.25319 0.637516 0.458957
0.393012 2.20815 0.647578 0.458957
0.395447 2.22425 0.647684 0.462968
0.422119 2.41186 0.634495 0.462968
0.42759 2.40582 0.637916 0.462968
0.443153 2.49416 0.63423 0.462968
0.445795 2.52211 0.638056 0.462968
0.438573 2.47073 0.638369 0.462968
0.431913 2.44804 0.633175 0.462968
0.439124 2.48333 0.635767 0.462968
0.438707 2.47843 0.63725 0.466213
0.431354 2.44547 0.638027 0.471168
0.438708 2.46002 0.637301 0.47453
0.413687 2.33987 0.646354 0.472843
0.421195 2.37013 0.644196 0.472787
0.413281 2.31494 0.637627 0.467853
0.403536 2.31165 0.641639 0.471161
0.405626 2.25235 0.641604 0.469604
0.381298 2.09694 0.632926 0.469604
0.419906 2.36166 0.646479 0.470336
0.410204 2.28563 0.639583 0.472557
0.43714 2.44489 0.647342 0.473117
0.449698 2.53348 0.64516 0.473117
0.452066 2.51451 0.650147 0.469411
0.430288 2.39473 0.649674 0.468876
0.42347 2.34907 0.661986 0.467277
0.4194 2.31154 0.652329 0.467614
0.419226 2.31589 0.673738 0.466023
0.408794 2.26475 0.66823 0.467614
0.397549 2.19992 0.672993 0.470828
0.385745 2.1496 0.669267 0.473117
0.371372 2.08021 0.673439 0.469964
0.38681 2.14793 0.66549 0.465311
0.399523 2.21041 0.670116 0.46226
