0.720455 3.93135 0.710308 0.984874
0.670084 3.6673 0.743532 0.984874
0.683362 3.72398 0.745136 0.970229
0.64285 3.51926 0.749824 0.955799
0.625447 3.46927 0.756289 0.891614
0.619852 3.42407 0.78331 0.900132
0.659721 3.67114 0.764924 0.970229
0.648647 3.59053 0.772375 0.984874
0.622052 3.41929 0.772801 0.977469
0.58461 3.25187 0.777278 0.838026
0.600893 3.31464 0.72218 0.920367
0.630064 3.46812 0.7564 0.920367
0.620172 3.46406 0.75288 0.933906
0.600549 3.28655 0.779776 0.89788
0.569116 3.10681 0.799697 0.906199
0.602863 3.27483 0.783163 0.96998
0.612663 3.34543 0.783288 0.96998
0.60102 3.29199 0.790014 0.96998
0.583273 3.16781 0.787087 0.96998
0.565624 3.10961 0.781798 0.933906
0.594779 3.18995 0.790301 0.962658
0.588866 3.19095 0.791636 0.96998
0.586326 3.18803 0.787212 0.96998
0.57854 3.18882 0.788545 0.96998
0.554603 3.05363 0.78934 0.96998
0.54822 2.98213 0.791392 0.96998
0.558445 3.0824 0.789014 0.96998
0.553305 3.04164 0.790807 0.96998
0.537466 2.95316 0.796005 0.854884
0.549428 3.00651 0.775682 0.900955
0.561355 3.01017 0.771859 0.901548
0.556187 2.99063 0.779629 0.895728
0.577446 3.15539 0.775182 0.895728
0.588549 3.20124 0.77773 0.895728
0.585061 3.20813 0.778175 0.895728
0.58949 3.22464 0.781489 0.922114
0.588164 3.21805 0.781452 0.928826
0.585328 3.19579 0.783934 0.928826
0.599598 3.31182 0.788039 0.928826
0.589452 3.23951 0.78684 0.928826
0.568977 3.11441 0.783634 0.928826
0.574264 3.15667 0.779534 0.949973
0.544481 2.95806 0.781702 0.950152
0.527644 2.89334 0.783318 0.936693
0.525237 2.85657 0.78224 0.936693
0.533835 2.90291 0.787975 0.936693
0.518985 2.81955 0.779349 0.808971
0.56788 3.10407 0.766077 0.82192
0.551116 2.97329 0.740287 0.862487
0.563417 3.01855 0.743402 0.862487
0.562439 3.01517 0.749202 0.862487
0.567266 3.06796 0.749052 0.862487
0.556965 3.00991 0.745456 0.862487
0.557183 3.05942 0.751156 0.862487
0.550178 3.01704 0.7499 0.862487
0.535547 2.92713 0.752085 0.862487
0.524334 2.8588 0.748066 0.812144
0.532773 2.8378 0.726197 0.834295
0.538692 2.8906 0.728099 0.834295
0.545753 2.93295 0.726945 0.834295
0.537989 2.88765 0.726153 0.834295
0.544988 2.96938 0.729907 0.834295
0.524329 2.84678 0.729576 0.841357
0.504923 2.74231 0.738703 0.865899
0.501204 2.68358 0.732812 0.872871
0.523763 2.85898 0.739194 0.872871
0.529054 2.83204 0.737219 0.872871
0.533253 2.8476 0.747969 0.872871
0.535684 2.87795 0.742226 0.87904
0.547037 2.96715 0.747377 0.885209
0.534344 2.89731 0.743455 0.891377
0.534841 2.91379 0.747969 0.902965
0.533633 2.88904 0.768853 0.902965
0.521822 2.82001 0.77418 0.902965
0.512575 2.7379 0.770162 0.89722
0.505615 2.75581 0.769497 0.89722
0.496226 2.73414 0.76596 0.798347
0.524332 2.81274 0.746194 0.824913
0.508084 2.74108 0.747018 0.824913
0.531903 2.88303 0.749492 0.824913
0.534558 2.90568 0.743616 0.83674
0.529549 2.92193 0.746332 0.842653
0.535903 2.92179 0.745143 0.85448
0.536851 2.94594 0.747398 0.85448
0.533337 2.90939 0.749883 0.85448
0.522844 2.82703 0.751276 0.85448
0.506558 2.72257 0.747994 0.860663
0.502222 2.71106 0.756295 0.861264
0.505309 2.76617 0.754911 0.861786
0.481135 2.60058 0.757888 0.861786
0.465425 2.54178 0.755776 0.866938
0.461614 2.5229 0.759958 0.769899
0.472809 2.56307 0.733586 0.810296
0.48472 2.65035 0.731337 0.815904
0.488981 2.65571 0.733142 0.821512
0.484892 2.62625 0.738575 0.821512
0.492049 2.65169 0.735355 0.821512
0.496676 2.65564 0.740345 0.821512
0.509694 2.73259 0.745582 0.832727
0.513881 2.78 0.745164 0.834122
0.503622 2.72086 0.740161 0.824947
0.49753 2.669 0.742296 0.829509
0.487866 2.62673 0.740687 0.838786
0.488008 2.61578 0.751752 0.798005
0.496186 2.6881 0.744796 0.798005
0.490892 2.62266 0.749075 0.798005
0.504044 2.72185 0.752042 0.798005
0.505033 2.72716 0.750532 0.80792
0.506536 2.69715 0.753788 0.817946
0.503757 2.71667 0.754269 0.828083
0.496605 2.67308 0.747582 0.834122
0.492324 2.67458 0.757239 0.829509
0.48911 2.64894 0.750859 0.820435
0.481337 2.5857 0.760618 0.820435
0.475462 2.52161 0.755666 0.820435
0.461112 2.47829 0.760038 0.820435
0.467686 2.51675 0.753768 0.801274
0.480074 2.56601 0.755482 0.80719
0.484814 2.61868 0.757392 0.80287
0.474855 2.56188 0.757629 0.80287
0.492955 2.64765 0.755569 0.80287
0.485075 2.6045 0.75892 0.80287
0.47018 2.52292 0.755518 0.807859
0.477173 2.56434 0.757819 0.81781
0.468311 2.52815 0.753507 0.822773
0.452743 2.42774 0.759913 0.822773
0.451094 2.41941 0.757712 0.798115
0.485894 2.63436 0.758994 0.807898
0.47573 2.56065 0.756151 0.813845
0.475452 2.57289 0.758354 0.809453
0.474181 2.55712 0.757081 0.80081
0.475359 2.55465 0.764221 0.80081
0.477781 2.57119 0.755433 0.796557
0.458602 2.45166 0.76249 0.796557
0.460744 2.50777 0.764605 0.79235
0.44973 2.40722 0.767144 0.788564
0.453671 2.42355 0.764821 0.78444
0.444685 2.39295 0.764867 0.78444
0.446088 2.38878 0.762971 0.78444
0.459085 2.48184 0.765681 0.78444
0.461345 2.48783 0.763489 0.78444
0.462125 2.47013 0.76059 0.782869
0.44534 2.36485 0.74164 0.782869
0.427988 2.25496 0.745668 0.778909
0.430846 2.31683 0.744501 0.77499
0.432082 2.31821 0.75591 0.771109
0.429208 2.31779 0.753274 0.77554
0.436119 2.35874 0.756134 0.77554
0.45634 2.46281 0.754399 0.77996
0.452433 2.42383 0.76049 0.77996
0.453561 2.44654 0.758077 0.77996
0.440945 2.3764 0.757688 0.77996
0.43271 2.30488 0.752787 0.77996
0.433579 2.32504 0.757302 0.77996
0.421849 2.24766 0.757589 0.77996
0.426362 2.30943 0.755803 0.77996
0.428571 2.28994 0.75354 0.77996
0.420163 2.25885 0.759654 0.757705
0.446793 2.41982 0.756766 0.767707
0.448562 2.43007 0.754893 0.760697
0.441824 2.4255 0.758122 0.752293
0.423724 2.28353 0.738136 0.745865
0.414799 2.24298 0.718157 0.758044
0.396067 2.11052 0.719034 0.756461
0.434372 2.34222 0.739044 0.756461
0.418152 2.21799 0.734968 0.737839
0.400715 2.13964 0.717103 0.745865
0.41555 2.22069 0.721591 0.753531
0.429086 2.29674 0.733241 0.746444
0.416746 2.2211 0.737039 0.743473
0.416074 2.22122 0.736795 0.751429
0.400149 2.15293 0.734421 0.726005
0.385849 2.05811 0.721574 0.749865
0.385688 2.04865 0.723052 0.738548
0.395708 2.08426 0.720491 0.735829
0.402828 2.15799 0.722534 0.733771
0.429158 2.31805 0.738231 0.733771
0.417099 2.26329 0.736614 0.733771
0.426088 2.29438 0.734293 0.733771
0.426023 2.26607 0.741588 0.710646
0.41081 2.19142 0.718044 0.723316
0.39253 2.08952 0.720474 0.716953
0.398974 2.13358 0.720554 0.713161
0.420487 2.22905 0.72085 0.709358
0.417988 2.21089 0.720585 0.705545
0.422704 2.26245 0.721907 0.709358
0.417604 2.22287 0.720038 0.713161
0.403983 2.13686 0.725276 0.716953
0.402998 2.14982 0.724508 0.716953
0.397009 2.09812 0.720601 0.716953
0.400262 2.1312 0.72115 0.716953
0.40096 2.10982 0.723874 0.716953
0.398334 2.09918 0.722278 0.716953
0.409772 2.18779 0.725086 0.716953
0.406986 2.15159 0.725124 0.716953
0.410692 2.18054 0.724381 0.716953
0.418469 2.23214 0.731366 0.716953
0.414765 2.20832 0.724178 0.716953
0.417114 2.21543 0.726632 0.716953
0.408698 2.17165 0.730215 0.716953
0.413459 2.20274 0.731283 0.716953
0.411814 2.21387 0.730177 0.716953
0.421672 2.25686 0.727068 0.716953
0.415669 2.2095 0.73042 0.704557
0.416573 2.2358 0.726512 0.692583
0.414045 2.22293 0.733221 0.681008
0.408976 2.2029 0.728283 0.681008
0.383864 2.03533 0.735239 0.681008
0.395425 2.11278 0.735377 0.681008
0.39584 2.11694 0.739603 0.677586
0.392635 2.112 0.733617 0.674152
0.38731 2.07899 0.730454 0.670707
0.374554 2.01288 0.7353 0.670707
0.383646 2.0649 0.739041 0.653696
0.385079 2.07452 0.734494 0.653696
0.388144 2.09397 0.734171 0.653696
0.385295 2.08525 0.734083 0.653696
0.385631 2.08204 0.739502 0.653696
0.372962 2.01017 0.732916 0.659157
0.392428 2.12056 0.732542 0.653868
0.381743 2.06902 0.729632 0.642842
0.387604 2.10199 0.734805 0.642842
0.40266 2.1474 0.730734 0.642842
0.405693 2.21239 0.736482 0.642842
0.412101 2.25272 0.728759 0.646093
0.410393 2.24402 0.732244 0.652561
0.408666 2.1936 0.731967 0.655777
0.40639 2.16216 0.732527 0.650543
0.413043 2.21245 0.733383 0.647957
0.421432 2.27491 0.733674 0.642846
0.424671 2.28232 0.73234 0.642846
0.422026 2.28639 0.735222 0.642846
0.413511 2.21344 0.73277 0.642846
0.40772 2.1885 0.73217 0.642846
0.404865 2.15646 0.731356 0.642846
0.406764 2.19964 0.732143 0.642846
0.413455 2.21341 0.730219 0.637815
0.407364 2.19524 0.730852 0.630415
0.409258 2.20031 0.726381 0.625576
0.421433 2.27371 0.727979 0.625576
0.401756 2.16154 0.725757 0.625576
0.399389 2.16495 0.727209 0.625576
0.407592 2.20619 0.728185 0.618455
0.39733 2.13416 0.725722 0.613797
0.399482 2.16345 0.724898 0.606941
0.3936 2.1361 0.725821 0.606941
0.389162 2.09342 0.724681 0.606941
0.401092 2.18535 0.724417 0.606941
0.409914 2.2274 0.726655 0.606941
0.400987 2.17962 0.724486 0.606941
0.393516 2.11525 0.720663 0.606941
0.384144 2.04962 0.722877 0.606941
0.389833 2.1232 0.720738 0.606941
0.39064 2.09523 0.723081 0.606941
0.383628 2.0488 0.72068 0.604184
0.383569 2.07453 0.720093 0.604184
0.380466 2.07782 0.720684 0.601416
0.387114 2.11998 0.718907 0.601416
0.38473 2.0836 0.715587 0.601416
0.373738 2.02642 0.716875 0.601416
0.371299 2.00783 0.715566 0.601416
0.363785 1.96628 0.717423 0.601416
0.376178 2.05193 0.714361 0.601416
0.375379 2.03446 0.717635 0.59701
0.375842 2.06127 0.713596 0.590522
0.369866 2.01635 0.712365 0.586274
0.375353 2.03462 0.714606 0.586274
0.372966 2.01522 0.710447 0.586274
0.370611 2.01981 0.711446 0.586274
0.368202 1.99964 0.711376 0.580015
0.366832 1.99674 0.711853 0.571876
0.373145 2.02427 0.716013 0.565919
0.377713 2.03032 0.708352 0.563457
0.385917 2.09901 0.710228 0.563457
0.39192 2.13213 0.708593 0.560983
0.395571 2.17386 0.710335 0.560983
0.399334 2.18149 0.70854 0.560983
0.404164 2.23086 0.71087 0.560983
0.401582 2.21876 0.711093 0.560983
0.406939 2.24736 0.707295 0.560983
0.39774 2.17605 0.709544 0.560983
0.395999 2.17549 0.705106 0.560983
0.395336 2.1948 0.707536 0.560983
0.395623 2.17773 0.70185 0.560983
0.396164 2.1865 0.705756 0.557148
0.388906 2.14462 0.705151 0.55525
0.390155 2.15079 0.704298 0.551492
0.403447 2.22281 0.703375 0.549089
0.393319 2.18055 0.703368 0.546674
0.393016 2.16492 0.70496 0.544247
0.383354 2.127 0.702371 0.544247
0.397598 2.17025 0.701062 0.544247
0.388529 2.09131 0.702662 0.544247
0.400993 2.18597 0.700924 0.544247
0.406243 2.21066 0.70278 0.544247
0.399503 2.17932 0.700554 0.544247
0.402364 2.17843 0.701379 0.544247
0.396985 2.15758 0.701542 0.544247
0.39655 2.15459 0.703593 0.544247
0.393133 2.11815 0.705991 0.544247
0.402507 2.17893 0.700033 0.544247
0.403312 2.17627 0.700818 0.544247
0.397597 2.17717 0.700043 0.544247
0.398107 2.17139 0.700723 0.544247
0.399958 2.17913 0.700746 0.544247
0.397342 2.16339 0.699622 0.540636
0.392287 2.13161 0.703398 0.538849
0.392091 2.14835 0.702697 0.53531
0.391243 2.13798 0.702269 0.529487
0.386059 2.10676 0.698915 0.52208
0.389717 2.13667 0.69784 0.516477
0.384599 2.11077 0.699385 0.516477
0.38669 2.12751 0.702757 0.516477
0.384335 2.12265 0.701448 0.516477
0.390949 2.15509 0.699681 0.516477
0.394933 2.20097 0.699709 0.516477
0.407394 2.27267 0.703068 0.516477
0.408668 2.29034 0.701891 0.514184
0.413845 2.30947 0.701889 0.509561
0.41806 2.33915 0.705328 0.50723
0.414992 2.32269 0.703518 0.50723
0.411957 2.3074 0.702049 0.50723
0.407314 2.28679 0.703944 0.50723
0.409179 2.28182 0.702518 0.50723
0.413503 2.29822 0.702124 0.50723
0.412335 2.27875 0.703577 0.50723
0.418159 2.31041 0.700286 0.50723
0.426562 2.35073 0.701375 0.50723
0.423877 2.35003 0.701668 0.50723
0.424397 2.3642 0.700218 0.504093
0.428651 2.37542 0.701245 0.500994
0.421663 2.3123 0.699048 0.497934
0.426792 2.34115 0.699089 0.497934
0.418614 2.28166 0.698227 0.497934
0.405362 2.21679 0.701011 0.497934
0.40426 2.21166 0.699065 0.495675
0.40216 2.19379 0.697913 0.493404
0.404837 2.23093 0.699274 0.49112
0.407096 2.21717 0.699333 0.488178
0.398882 2.18487 0.699738 0.48672
0.401054 2.18792 0.697932 0.483831
0.404162 2.22705 0.693906 0.481601
0.403792 2.2384 0.695353 0.481601
0.407963 2.25084 0.69621 0.479358
0.40476 2.24024 0.698447 0.482194
0.397091 2.17846 0.69872 0.483625
0.393608 2.17467 0.697119 0.486512
0.391928 2.17087 0.701645 0.483625
0.398261 2.2029 0.696908 0.482194
0.405104 2.24445 0.69825 0.479358
0.403485 2.23376 0.697022 0.479358
0.409759 2.2678 0.697506 0.479358
0.408415 2.26626 0.697951 0.479358
0.403187 2.24381 0.696873 0.479358
0.406168 2.25876 0.698237 0.479358
0.410083 2.27667 0.696353 0.479358
0.406644 2.27597 0.698639 0.479358
0.41514 2.29525 0.695634 0.479358
0.418875 2.31252 0.697565 0.479358
0.428078 2.36991 0.696018 0.474832
0.431101 2.38741 0.698007 0.472549
0.431715 2.37889 0.701316 0.467943
0.416824 2.30012 0.699708 0.467943
0.421468 2.3261 0.697446 0.467943
0.423187 2.35274 0.698749 0.467943
0.423665 2.35857 0.700441 0.467943
0.414779 2.32307 0.699277 0.467943
0.413015 2.31089 0.695603 0.467943
0.413076 2.30872 0.696864 0.463947
0.408636 2.29939 0.698329 0.460019
0.410843 2.29408 0.693214 0.456157
0.417222 2.32576 0.690849 0.456157
0.423132 2.35826 0.691511 0.456157
0.421186 2.33191 0.692688 0.456157
0.41004 2.26291 0.696793 0.456157
0.406127 2.25079 0.697252 0.456157
0.408644 2.25716 0.694749 0.456157
0.407875 2.26541 0.695925 0.456157
0.402103 2.21839 0.695166 0.456157
0.407318 2.26431 0.694964 0.456157
0.410824 2.28689 0.696008 0.456157
0.402246 2.2427 0.698112 0.456157
0.411714 2.31565 0.69445 0.456157
0.415554 2.34785 0.695746 0.457437
0.421637 2.39504 0.695173 0.460019
0.424853 2.4067 0.698826 0.461321
0.417996 2.37715 0.698263 0.461321
0.423592 2.41443 0.697246 0.461321
0.423784 2.40514 0.697549 0.461321
0.425055 2.41869 0.697614 0.456789
0.428605 2.42308 0.693728 0.452201
0.426915 2.40552 0.698306 0.447556
0.42416 2.39904 0.703577 0.447556
0.410857 2.32545 0.702405 0.447556
0.402773 2.28168 0.704138 0.447556
0.406441 2.29145 0.703593 0.447556
0.403533 2.27247 0.703511 0.44283
0.408668 2.32767 0.706985 0.44283
0.42472 2.41204 0.705569 0.444047
0.430218 2.43494 0.705598 0.444047
0.427219 2.39928 0.702299 0.445272
0.432698 2.43074 0.704471 0.444047
0.422899 2.39683 0.702059 0.444047
0.424735 2.40645 0.702551 0.44283
0.427462 2.44108 0.702514 0.445572
0.421605 2.39051 0.70202 0.446331
0.419789 2.37437 0.702576 0.445112
0.415214 2.35191 0.703013 0.447556
0.414368 2.33606 0.702816 0.417906
0.433806 2.44091 0.701203 0.416328
0.440701 2.48999 0.702784 0.41746
0.429154 2.43956 0.704587 0.422477
0.431734 2.43721 0.705081 0.423636
0.431437 2.42486 0.702623 0.423636
0.422787 2.38196 0.701531 0.423636
0.419377 2.3448 0.702827 0.423636
0.407742 2.27989 0.703984 0.442514
0.417515 2.36354 0.700881 0.446331
0.418168 2.37473 0.701949 0.441495
0.422774 2.39642 0.703221 0.439214
0.419059 2.39066 0.704387 0.439214
0.424965 2.40916 0.702945 0.436918
0.42334 2.38604 0.700117 0.436918
0.41277 2.31601 0.702639 0.436918
0.425005 2.38844 0.699634 0.436918
0.426543 2.3913 0.697878 0.436918
0.414126 2.31971 0.69686 0.438092
0.400891 2.24138 0.692513 0.438092
0.404919 2.28995 0.693459 0.433431
0.399828 2.24249 0.693003 0.424922
0.399387 2.22425 0.684719 0.412871
0.419631 2.30929 0.682393 0.412871
0.419041 2.32705 0.685075 0.412871
0.415516 2.32078 0.687754 0.412871
0.412504 2.30842 0.686579 0.418586
0.400663 2.25381 0.689934 0.41651
0.391551 2.20078 0.686971 0.413435
0.384554 2.14326 0.685367 0.413435
0.376167 2.09015 0.684769 0.413435
0.371967 2.08391 0.685896 0.414886
0.374642 2.07907 0.672705 0.413435
0.389932 2.15758 0.685178 0.402436
0.396803 2.20036 0.682597 0.402436
0.387414 2.12748 0.6866 0.405855
0.406527 2.24326 0.688681 0.411014
0.410783 2.29488 0.689574 0.411014
0.417964 2.33524 0.689127 0.411014
0.414788 2.33736 0.685015 0.411014
0.418794 2.36054 0.691474 0.40929
0.431261 2.44079 0.691945 0.411014
0.425829 2.41112 0.688213 0.411014
0.421093 2.36689 0.689861 0.411014
0.417557 2.33733 0.690004 0.411014
0.432049 2.44733 0.695065 0.411014
0.430451 2.42679 0.692244 0.411014
0.433208 2.47327 0.692156 0.411014
0.438149 2.47781 0.692823 0.411014
0.426329 2.43333 0.686884 0.411014
0.420834 2.38402 0.691294 0.411014
0.415054 2.34715 0.688945 0.411014
0.413459 2.35181 0.688505 0.395649
0.421395 2.37888 0.691647 0.399034
0.41972 2.3496 0.69124 0.399034
0.435693 2.45116 0.688957 0.402436
0.435859 2.44827 0.689628 0.401044
0.42749 2.40615 0.69269 0.401971
0.433648 2.42674 0.6874 0.398671
0.43302 2.43116 0.693804 0.398671
0.421356 2.36805 0.692311 0.398671
0.429868 2.42483 0.689327 0.398671
0.415805 2.34837 0.693259 0.398671
0.405557 2.29125 0.692232 0.377425
0.410036 2.29899 0.693886 0.380651
0.419228 2.3561 0.691681 0.386241
0.409613 2.27268 0.69039 0.39514
0.426983 2.4068 0.695916 0.395853
0.420493 2.3659 0.692191 0.395853
0.433384 2.43944 0.693159 0.395853
0.422738 2.38261 0.700028 0.395853
0.410986 2.29839 0.692641 0.395853
0.421093 2.37263 0.691869 0.387679
0.431757 2.42528 0.697195 0.387679
0.436253 2.46645 0.689667 0.39421
0.433562 2.44716 0.696406 0.395853
0.431676 2.43166 0.69503 0.395853
0.429194 2.42576 0.701286 0.395853
0.415547 2.32961 0.697941 0.395853
0.422783 2.38035 0.69784 0.384436
0.422991 2.39155 0.702517 0.373232
0.413154 2.30324 0.688792 0.382586
0.420619 2.34927 0.682469 0.385732
0.427248 2.38058 0.688487 0.388893
0.422213 2.36097 0.68712 0.378974
0.402424 2.24596 0.678116 0.3912
0.404354 2.24868 0.680709 0.39429
0.386675 2.14935 0.683995 0.397394
0.39495 2.18353 0.684069 0.372942
0.391422 2.15837 0.685475 0.375951
0.402003 2.22569 0.681466 0.378974
0.399596 2.20957 0.683079 0.38201
0.40784 2.26127 0.688664 0.376955
0.403218 2.24742 0.687092 0.374405
0.404606 2.22762 0.687131 0.369259
0.408024 2.27034 0.688323 0.372179
0.406041 2.2455 0.688007 0.378058
0.398731 2.212 0.686446 0.381016
0.400788 2.25714 0.688489 0.381016
0.402709 2.25652 0.681566 0.383987
0.401439 2.24186 0.687338 0.354841
0.396731 2.20121 0.694251 0.354841
0.413321 2.30073 0.692252 0.354841
0.405744 2.23455 0.696748 0.354841
0.409269 2.2533 0.69146 0.356342
0.412777 2.27282 0.696671 0.362874
0.42262 2.33694 0.694913 0.380436
0.424695 2.33934 0.716455 0.386105
0.437216 2.43737 0.721272 0.376585
0.446196 2.47574 0.721207 0.376585
0.431744 2.40268 0.720555 0.379744
0.44269 2.4827 0.725289 0.382917
0.434164 2.42428 0.715375 0.388243
0.433438 2.43363 0.736373 0.388243
0.423868 2.37151 0.729913 0.388243
0.428227 2.4364 0.730279 0.367078
0.418662 2.3384 0.730567 0.370292
0.432868 2.42176 0.728235 0.376766
0.434226 2.43863 0.724224 0.380026
0.44052 2.46248 0.727525 0.380026
0.445327 2.4824 0.722492 0.380026
0.439349 2.43839 0.718842 0.380026
0.432879 2.38432 0.725235 0.386592
0.42201 2.34547 0.722838 0.388243
0.442686 2.45715 0.72209 0.388243
0.44339 2.45982 0.722023 0.388243
0.438681 2.4208 0.719672 0.388243
0.430698 2.39173 0.720915 0.383301
0.446292 2.47045 0.722442 0.386592
0.45222 2.49693 0.722669 0.386592
0.453305 2.5093 0.720524 0.388243
0.455018 2.52278 0.727237 0.384046
0.443636 2.46679 0.719191 0.382352
0.44429 2.47874 0.722479 0.377969
0.422065 2.34699 0.713783 0.378847
0.418532 2.32487 0.718525 0.37973
0.40392 2.27206 0.713146 0.380616
0.410226 2.29856 0.717136 0.35933
0.435476 2.43891 0.714902 0.361788
0.446189 2.49525 0.711374 0.36423
0.450021 2.53668 0.710288 0.361788
0.437138 2.41798 0.715837 0.35933
0.411437 2.29066 0.706159 0.380616
0.435165 2.42007 0.705949 0.375798
0.438001 2.43134 0.703541 0.369424
0.442666 2.45461 0.706248 0.36311
0.451525 2.48382 0.706032 0.36311
0.447412 2.47282 0.704296 0.36311
0.439173 2.43059 0.700759 0.36311
0.451602 2.47614 0.706825 0.36311
0.451211 2.48721 0.701452 0.36311
0.449724 2.45008 0.702851 0.36311
0.447677 2.4372 0.704161 0.368206
0.456033 2.47699 0.705812 0.370143
0.450751 2.44992 0.70482 0.375364
0.452017 2.46057 0.706835 0.377923
0.442183 2.45615 0.701588 0.380464
0.422481 2.33764 0.702544 0.382988
0.416466 2.31501 0.699996 0.384872
0.428909 2.39861 0.702957 0.387606
0.423371 2.35757 0.699914 0.402546
0.435725 2.40711 0.716447 0.395413
0.43626 2.44513 0.712507 0.395413
0.435987 2.44194 0.713342 0.382759
0.446878 2.49725 0.726821 0.376735
0.455973 2.59359 0.727768 0.379038
0.455159 2.56872 0.720415 0.383594
0.464939 2.58567 0.723566 0.386674
0.457798 2.5551 0.716773 0.386064
0.463434 2.60788 0.719321 0.389205
0.463744 2.59559 0.717698 0.389205
0.445863 2.46941 0.711724 0.373851
0.440989 2.43484 0.6914 0.384673
0.436773 2.37978 0.689558 0.377434
0.435979 2.39588 0.68586 0.367553
0.420449 2.35317 0.687324 0.359965
0.43369 2.44562 0.685984 0.363315
0.453042 2.51299 0.687425 0.363411
0.432284 2.41644 0.685136 0.366801
0.441998 2.4597 0.689921 0.366801
0.4401 2.46874 0.686689 0.366801
0.446943 2.46966 0.688696 0.366801
0.442026 2.43555 0.686087 0.382558
0.448347 2.48102 0.703013 0.371884
0.452116 2.52631 0.703472 0.386235
0.457378 2.55148 0.711737 0.380889
0.464778 2.59299 0.708153 0.38191
0.458739 2.58357 0.708062 0.383968
0.452056 2.52399 0.706271 0.383968
0.450044 2.5061 0.708767 0.383968
0.441307 2.44383 0.703474 0.383968
0.439458 2.42783 0.698903 0.386551
0.437498 2.42804 0.699712 0.391663
0.43507 2.41139 0.698949 0.394191
0.438077 2.39694 0.697242 0.389116
0.440701 2.39613 0.696818 0.386551
0.444651 2.41592 0.693235 0.367034
0.449507 2.46391 0.685827 0.376731
0.438687 2.43346 0.688409 0.382962
0.420509 2.34399 0.690237 0.385576
0.417831 2.30857 0.689251 0.377626
0.426629 2.35287 0.687522 0.400427
0.423922 2.34501 0.686127 0.392282
0.424394 2.34391 0.686832 0.392282
0.425678 2.37744 0.678474 0.407945
0.431962 2.38363 0.686668 0.416133
0.434728 2.41019 0.698976 0.403834
0.436965 2.42632 0.700439 0.403834
0.420863 2.32841 0.69626 0.403834
0.407088 2.23878 0.698382 0.379996
0.423926 2.30342 0.682144 0.383196
0.408032 2.25013 0.684415 0.406359
0.424511 2.36579 0.68127 0.402332
0.419326 2.3239 0.680939 0.398328
0.436305 2.38343 0.677929 0.410445
0.426821 2.32459 0.692706 0.414218
0.434832 2.42356 0.708623 0.405624
0.417902 2.32145 0.706356 0.405624
0.40885 2.26317 0.705313 0.434149
0.411438 2.29701 0.703443 0.427879
0.441409 2.44868 0.704083 0.421202
0.449991 2.48318 0.703815 0.418475
0.459763 2.53301 0.699556 0.412963
0.443945 2.45398 0.699408 0.410178
0.459889 2.56288 0.701583 0.401565
0.421589 2.35086 0.698737 0.402003
0.433563 2.38129 0.680706 0.402003
0.430107 2.35255 0.679624 0.396069
0.444365 2.42054 0.68086 0.387169
0.428051 2.32262 0.679291 0.381235
0.418431 2.26069 0.681693 0.399971
0.413367 2.29675 0.698749 0.39131
0.401254 2.22619 0.690972 0.445937
0.431963 2.44789 0.706408 0.429825
0.452204 2.51717 0.70384 0.423237
0.44712 2.49075 0.700424 0.41665
0.45851 2.5402 0.70223 0.41665
0.450075 2.51383 0.700892 0.41665
0.444807 2.43065 0.697017 0.41665
0.433187 2.3833 0.696333 0.40004
0.414828 2.30326 0.691657 0.414976
0.428617 2.39908 0.689823 0.383137
0.421933 2.32677 0.676415 0.393417
0.413914 2.31578 0.677633 0.379788
0.401722 2.18683 0.660229 0.389834
0.411011 2.22374 0.657806 0.392638
0.38081 2.06865 0.664183 0.427814
0.37807 2.0588 0.664674 0.430927
0.37876 2.04526 0.668822 0.421386
0.38487 2.06675 0.669307 0.408665
0.383364 2.07135 0.673374 0.416774
0.418316 2.28204 0.688781 0.407426
0.415137 2.28509 0.690097 0.423508
0.422742 2.30751 0.698393 0.413811
0.407015 2.2298 0.699916 0.462915
0.422557 2.35924 0.71072 0.439969
0.437276 2.43383 0.706617 0.431237
0.430572 2.39507 0.709953 0.427658
0.433531 2.41407 0.701545 0.42408
0.433197 2.38211 0.703791 0.420501
0.419715 2.32517 0.69898 0.411847
0.401384 2.23415 0.697603 0.38427
0.378526 2.07807 0.681902 0.416103
0.39447 2.15151 0.679633 0.416103
0.404409 2.22716 0.678392 0.416103
0.411244 2.27163 0.675912 0.416103
0.419069 2.30864 0.679665 0.427018
0.419407 2.33136 0.693443 0.407076
0.410399 2.26543 0.695622 0.417457
0.431034 2.37764 0.708161 0.40969
0.422113 2.32293 0.704706 0.449275
0.425858 2.37722 0.69804 0.451543
0.419304 2.31331 0.700296 0.45301
0.422201 2.34519 0.694496 0.461443
0.415351 2.31435 0.696317 0.462764
0.412519 2.29993 0.697341 0.454954
0.406409 2.24153 0.693149 0.433055
0.406344 2.23814 0.678836 0.436327
0.391399 2.15045 0.675429 0.436327
0.38961 2.15181 0.676668 0.47534
0.409154 2.27592 0.677764 0.47534
0.405445 2.24582 0.675813 0.463979
0.416508 2.29746 0.679758 0.477866
0.441892 2.44188 0.689936 0.463444
0.439366 2.42556 0.702542 0.461851
0.414354 2.29442 0.704188 0.461851
0.410746 2.29576 0.700753 0.461851
0.395863 2.2045 0.697699 0.453713
0.3923 2.19023 0.700839 0.492147
0.390876 2.17887 0.697938 0.48377
0.401846 2.25841 0.699493 0.461332
0.426847 2.34767 0.697071 0.445152
0.416529 2.30056 0.693188 0.426716
0.427447 2.36241 0.692692 0.426716
0.421492 2.3468 0.694124 0.426716
0.406862 2.2576 0.686287 0.426716
0.397443 2.2022 0.691526 0.468288
0.400712 2.24714 0.684722 0.468288
0.412634 2.30495 0.687538 0.468288
0.410332 2.29797 0.684155 0.480549
0.415768 2.30868 0.696744 0.467896
0.41725 2.3411 0.689045 0.46165
0.390329 2.17387 0.690405 0.46165
0.378021 2.0997 0.690273 0.506521
0.375018 2.13525 0.689086 0.506521
0.37771 2.14534 0.683492 0.485157
0.382323 2.14808 0.686155 0.490785
0.408712 2.31055 0.697006 0.448696
0.413442 2.31791 0.698809 0.446689
0.410249 2.30375 0.691245 0.446689
0.40861 2.30308 0.693678 0.444701
0.395966 2.246 0.690823 0.482893
0.417249 2.38147 0.687934 0.491781
0.421522 2.38031 0.685755 0.490724
0.420847 2.37827 0.687468 0.470763
0.421025 2.41128 0.699438 0.465334
0.409304 2.33305 0.703366 0.456274
0.391423 2.21809 0.70265 0.502452
0.424953 2.44242 0.716629 0.505475
0.404274 2.32708 0.707305 0.498136
0.405497 2.3212 0.706411 0.49697
0.393593 2.24038 0.709821 0.49697
0.372335 2.11547 0.705437 0.540859
0.373386 2.15614 0.70582 0.535827
0.390886 2.24501 0.709797 0.492464
0.416897 2.33804 0.704812 0.487912
0.400202 2.2553 0.703766 0.496161
0.396772 2.23977 0.700588 0.512935
0.396263 2.25382 0.69913 0.568424
0.414192 2.37659 0.70208 0.542778
0.419054 2.38997 0.696132 0.517126
0.417894 2.38309 0.698313 0.48078
0.393314 2.25196 0.713137 0.474094
0.400886 2.28115 0.709891 0.514815
0.41091 2.37347 0.706676 0.506732
0.413499 2.40942 0.703426 0.506732
0.422224 2.43287 0.706694 0.506732
0.424768 2.45308 0.702427 0.506732
0.407571 2.34006 0.700287 0.48534
0.404983 2.30419 0.699183 0.477131
0.397756 2.29367 0.701406 0.456205
0.382349 2.16582 0.697059 0.501111
0.386989 2.21772 0.702491 0.501111
0.394687 2.23721 0.693122 0.501111
0.396736 2.27337 0.689005 0.501111
0.404964 2.30712 0.686143 0.501111
0.414045 2.35236 0.683132 0.501111
0.392678 2.23789 0.684716 0.485819
0.390745 2.18796 0.686176 0.47562
0.380993 2.14289 0.685643 0.506814
0.394664 2.24773 0.68986 0.507356
0.398681 2.24487 0.685683 0.495447
0.400373 2.26525 0.682 0.48748
0.381173 2.13446 0.679536 0.466169
0.378008 2.11682 0.679046 0.491736
0.394327 2.2677 0.694346 0.424332
0.392325 2.2291 0.695055 0.426994
0.40358 2.27726 0.6959 0.42731
0.399265 2.25743 0.689864 0.42991
0.39963 2.26921 0.686177 0.474391
0.40881 2.34627 0.686364 0.474391
0.405327 2.34684 0.68782 0.474391
0.414216 2.37702 0.690854 0.45926
0.401368 2.31142 0.691828 0.474391
0.423863 2.41246 0.686039 0.45926
0.412932 2.36556 0.68305 0.444436
0.405852 2.31933 0.685583 0.467752
0.425125 2.47307 0.693912 0.461564
0.417602 2.41194 0.697139 0.469688
0.417281 2.38612 0.692791 0.48621
0.400711 2.28095 0.692567 0.537577
0.423764 2.44332 0.69197 0.508895
0.409751 2.35463 0.688461 0.49479
0.398379 2.28708 0.689029 0.46704
0.391357 2.20537 0.686207 0.517983
0.398362 2.2637 0.688032 0.517983
0.407176 2.32485 0.683747 0.517983
0.392064 2.216 0.684456 0.506575
0.377039 2.11411 0.686189 0.48945
0.3783 2.1221 0.68238 0.531258
0.394329 2.27078 0.685881 0.477436
0.399965 2.25124 0.685869 0.477436
0.384282 2.14124 0.685971 0.477436
0.38343 2.14103 0.682172 0.493551
0.413501 2.34074 0.684503 0.486142
0.408237 2.29207 0.681113 0.462049
0.400377 2.22941 0.685379 0.446416
0.399107 2.21961 0.67964 0.479528
0.432453 2.47877 0.702165 0.464654
0.442126 2.53018 0.696162 0.456644
0.422525 2.417 0.695666 0.448721
0.417549 2.34961 0.696437 0.440884
0.422925 2.40045 0.69847 0.473052
0.443049 2.5362 0.688196 0.464851
0.432049 2.44928 0.693645 0.456644
0.41873 2.36538 0.693514 0.496169
0.419911 2.37067 0.68732 0.485001
0.432579 2.45072 0.687138 0.473812
0.418653 2.36451 0.689107 0.465294
0.410209 2.3135 0.691316 0.465294
0.404993 2.30282 0.690935 0.499973
0.420494 2.37468 0.686002 0.482431
0.422863 2.37928 0.689252 0.473812
0.415019 2.34848 0.69139 0.451505
0.424349 2.40592 0.704568 0.483011
0.445713 2.54317 0.70345 0.47738
0.431189 2.44091 0.708762 0.466096
0.426574 2.44202 0.701934 0.449402
0.419131 2.4204 0.727009 0.487643
0.439737 2.54948 0.727562 0.475917
0.435687 2.54076 0.721916 0.475917
0.434439 2.51994 0.718566 0.475917
0.428567 2.50232 0.722864 0.475917
0.415123 2.41735 0.714794 0.517272
0.42518 2.48042 0.714625 0.517272
0.434698 2.49598 0.71096 0.511234
0.446231 2.61065 0.710733 0.50122
0.428368 2.48788 0.70906 0.467421
0.437932 2.56088 0.719888 0.456652
0.434256 2.53236 0.72265 0.447407
0.415617 2.39256 0.728926 0.485106
0.432111 2.50229 0.717434 0.475499
0.439346 2.54769 0.712405 0.475499
0.437906 2.52441 0.714612 0.475499
0.438554 2.56082 0.711291 0.475499
0.434039 2.49811 0.713704 0.475499
0.431122 2.49578 0.704976 0.475499
0.4205 2.42526 0.704792 0.475499
0.415784 2.43117 0.701272 0.524822
0.429026 2.51524 0.703362 0.524822
0.431922 2.54195 0.699956 0.524822
0.435245 2.54683 0.704956 0.514695
0.422354 2.44462 0.704044 0.504702
0.422683 2.44484 0.704095 0.49484
0.41116 2.34656 0.701788 0.482478
0.412198 2.36628 0.702069 0.526421
0.413576 2.39134 0.697938 0.51366
0.429834 2.4912 0.697937 0.51366
0.420972 2.42557 0.701114 0.51366
0.422297 2.42785 0.694901 0.51366
0.41319 2.38722 0.691076 0.503431
0.403535 2.32098 0.692391 0.483383
0.399986 2.32158 0.691835 0.51366
0.422014 2.47113 0.688423 0.51366
0.411029 2.37771 0.686474 0.509992
0.423728 2.50455 0.706595 0.509473
0.412257 2.42586 0.706717 0.489106
0.407091 2.37352 0.702961 0.530404
0.421503 2.48392 0.702527 0.509473
0.425679 2.50168 0.70344 0.49922
0.418954 2.45932 0.698189 0.489106
0.397242 2.34311 0.69926 0.530404
0.422853 2.52056 0.692428 0.514161
0.431755 2.54069 0.705279 0.483447
0.427615 2.5092 0.698763 0.467815
0.41283 2.41919 0.696526 0.508429
0.431228 2.55452 0.68908 0.508429
0.440978 2.60344 0.686073 0.508429
0.440092 2.55802 0.683267 0.487845
0.417294 2.43683 0.686548 0.518936
0.44364 2.61236 0.681179 0.498066
0.441241 2.56882 0.689408 0.476034
0.429525 2.46904 0.697452 0.469665
0.418025 2.42915 0.688089 0.501446
0.414037 2.42799 0.670767 0.502231
0.424026 2.45553 0.668702 0.502231
0.427971 2.46529 0.673439 0.502231
0.411958 2.34773 0.684496 0.491133
0.410715 2.33325 0.681575 0.522507
0.420177 2.4594 0.678907 0.510977
0.424392 2.46945 0.671345 0.4942
0.417334 2.42032 0.67481 0.48261
0.408416 2.3643 0.6768 0.517016
0.422505 2.49069 0.666278 0.517016
0.421742 2.48808 0.660912 0.517016
0.412986 2.44423 0.676852 0.517016
0.414394 2.41753 0.672037 0.506561
0.415374 2.41396 0.675133 0.490229
0.397659 2.27375 0.662898 0.543269
0.403595 2.34762 0.661887 0.535233
0.416718 2.43107 0.657679 0.520877
0.411799 2.37183 0.658459 0.513389
0.396034 2.30562 0.660675 0.513389
0.398913 2.3204 0.659227 0.513389
0.408533 2.40423 0.665479 0.513389
0.396037 2.30439 0.668067 0.50692
0.387141 2.23411 0.671922 0.493962
0.403654 2.32577 0.6688 0.539221
0.419869 2.43549 0.66529 0.532526
0.420242 2.40802 0.663898 0.525825
0.408374 2.35056 0.668719 0.519117