0.977846
0.977846
0.977846
0.926449
0.946881
0.90825
0.873737
0.883703
0.87511
0.885463
0.852589
0.887122
0.903928
0.845086
0.807031
0.831614
0.831614
0.831614
0.831614
0.831614
0.831614
0.871387
0.886821
0.868827
0.831171
0.831171
0.831171
0.793403
0.859545
0.859545
0.812404
0.845086
0.890214
0.893386
0.852288
0.895906
0.895906
0.895906
0.872605
0.865784
0.835656
0.859188
0.875608
0.892761
0.885167
0.877702
0.869206
0.801493
0.905008
0.801493
0.801493
0.801493
0.801493
0.801493
0.795012
0.76955
0.76955
0.76955
0.76955
0.779507
0.797585
0.866062
0.866062
0.866062
0.866062
0.882786
0.882786
0.891261
0.891261
0.891261
0.891261
0.89865
0.89865
0.891261
0.891261
0.891261
0.891261
0.891261
0.891261
0.891261
0.89865
0.89865
0.89865
0.890072
0.882926
0.859196
0.867475
0.875915
0.891827
0.891827
0.891827
0.891827
0.877863
0.871043
0.857717
0.844792
0.826119
0.814122
0.814122
0.814122
0.814122
0.801922
0.808254
0.802469
0.796767
0.791145
0.785602
0.791145
0.791145
0.796767
0.804715
0.813462
0.806487
0.806487
0.806487
0.806487
0.806487
0.806487
0.806487
0.806149
0.806149
0.806149
0.795282
0.779521
0.769356
0.769356
0.769356
0.774911
0.774911
0.774911
0.774911
0.774911
0.774911
0.774911
0.774911
0.773395
0.773395
0.76864
0.76864
0.763942
0.766048
0.761381
0.763335
0.760509
0.762195
0.759125
0.759125
0.759125
0.759125
0.759125
0.759125
0.758603
0.752274
0.745926
0.739558
0.739558
0.740718
0.740718
0.742441
0.744048
0.745542
0.736753
0.732436
0.723952
0.723952
0.723952
0.723952
0.723952
0.723952
0.723952
0.723952
0.723952
0.723952
0.723952
0.723952
0.723952
0.723952
0.723952
0.723952
0.723952
0.723952
0.723952
0.723952
0.723952
0.723952
0.723952
0.723952
0.723952
0.715662
0.711588
0.703578
0.703578
0.703578
0.703578
0.695391
0.688
0.680438
0.679567
0.676113
0.675127
0.675127
0.675127
0.675127
0.675127
0.675127
0.675127
0.67158
0.67158
0.67158
0.67158
0.67158
0.67158
0.67158
0.67158
0.675127
0.675127
0.675127
0.675127
0.67968
0.687356
0.69114
0.69114
0.69114
0.69114
0.69114
0.68599
0.68599
0.682361
0.682361
0.678771
0.678771
0.678771
0.684031
0.684031
0.684031
0.684031
0.68574
0.69609
0.697552
0.690311
0.686747
0.679727
0.679727
0.679727
0.679727
0.679727
0.679727
0.674308
0.674308
0.674308
0.674308
0.674308
0.674308
0.674308
0.674308
0.674308
0.674308
0.670042
0.665163
0.655334
0.665163
0.670042
0.679727
0.680531
0.676224
0.673546
0.660173
0.644185
0.631942
0.631942
0.631942
0.631942
0.628954
0.623061
0.620155
0.630332
0.635382
0.645407
0.645407
0.645407
0.645407
0.645407
0.645407
0.645407
0.639204
0.636146
0.630118
0.630118
0.630118
0.630118
0.630118
0.630118
0.630118
0.620559
0.615741
0.606026
0.615741
0.627147
0.636516
0.636516
0.641163
0.641163
0.636516
0.631844
0.627147
0.627147
0.627147
0.627147
0.627147
0.627147
0.627147
0.627147
0.627147
0.627147
0.631844
0.636516
0.641163
0.641163
0.641163
0.641163
0.63504
0.632022
0.626072
0.612702
0.594512
0.580591
0.578068
0.578068
0.575566
0.575566
0.575566
0.575566
0.575566
0.575566
0.575566
0.575566
0.575566
0.575566
0.575566
0.575566
0.575566
0.575566
0.575566
0.575566
0.575566
0.575566
0.575566
0.575566
0.575566
0.575566
0.575566
0.575566
0.575566
0.575566
0.575566
0.575566
0.575566
0.575566
0.575566
0.575566
0.575566
0.575566
0.578918
0.578918
0.578918
0.578918
0.578918
0.578918
0.578918
0.578918
0.578918
0.578918
0.578918
0.578918
0.576482
0.574066
0.571671
0.569295
0.564603
0.562286
0.553221
0.544048
0.534763
0.532684
0.530621
0.528573
0.528573
0.528573
0.528573
0.528573
0.528573
0.528573
0.528573
0.528573
0.528573
0.528573
0.528573
0.528573
0.526542
0.526542
0.524526
0.524526
0.524526
0.524526
0.524526
0.524526
0.524526
0.524526
0.524526
0.524526
0.528573
0.534763
0.538971
0.543701
0.548403
0.553078
0.543701
0.529425
0.519766
0.519766
0.519766
0.519766
0.519766
0.519766
0.519766
0.513917
0.51009
0.504455
0.504455
0.504455
0.504455
0.513549
0.52697
0.535775
0.537878
0.539998
0.542135
0.537878
0.535775
0.531617
0.531617
0.531617
0.531617
0.531617
0.531617
0.531617
0.531617
0.531617
0.531617
0.531617
0.531617
0.531617
0.531617
0.531617
0.531617
0.522947
0.51857
0.509727
0.509727
0.509727
0.509727
0.509727
0.509727
0.509727
0.509727
0.509727
0.509727
0.505962
0.504101
0.500418
0.500418
0.500418
0.500418
0.500418
0.500418
0.500418
0.500418
0.500418
0.500418
0.496789
0.494994
0.491443
0.487291
0.487291
0.483108
0.491443
0.495565
0.50372
0.499657
0.495565
0.491443
0.491443
0.491443
0.491443
0.491443
0.491443
0.491443
0.491443
0.491443
0.491443
0.491443
0.491443
0.491443
0.489686
0.489686
0.487942
0.487942
0.48621
0.48621
0.48621
0.48621
0.48621
0.48621
0.48621
0.48621
0.479405
0.472787
0.462968
0.462968
0.462968
0.462968
0.462968
0.46635
0.46635
0.466497
0.466497
0.466497
0.469604
0.474343
0.477557
0.475945
0.472753
0.471173
0.471173
0.469604
0.469604
0.470336
0.472557
0.473117
0.473117
0.469345
0.469411
0.467853
0.468402
0.466851
0.468402
0.471634
0.473173
0.474684
0.470219
0.46729
