661.983,450.024,128,132
662.888,451.479,125.478,129.399
663.045,451.618,125.478,129.399
663.183,452.367,125.478,129.399
664.613,454.317,123.005,126.849
664.959,455.431,123.005,126.849
664.817,455.726,123.005,126.849
663.669,455.951,126.733,130.693
662.899,456.898,128,132
663.937,458.79,126.733,130.693
665.472,461.657,123.005,126.849
665.879,463.682,121.788,125.593
665.413,464.205,123.005,126.849
664.009,464.707,125.478,129.399
665.674,467.227,123.005,126.849
666.764,470.548,120.582,124.35
665.984,470.303,123.006,126.849
666.987,472.955,120.582,124.35
665.307,472.036,124.236,128.118
666.425,474.56,121.788,125.593
666.431,475.647,121.788,125.593
667.096,477.366,120.582,124.35
666.632,477.842,123.006,126.849
667.857,479.784,120.582,124.35
667.714,480.05,120.582,124.35
667.156,479.958,121.788,125.594
667.014,479.848,123.006,126.849
665.737,478.528,126.733,130.693
665.657,478.84,125.478,129.399
666.89,480.799,123.006,126.849
666.642,480.795,123.006,126.849
665.324,479.616,125.478,129.399
665.289,479.573,126.733,130.693
665.625,480.227,125.478,129.399
665.889,481.406,124.236,128.118
666.766,482.526,123.006,126.849
664.708,481.307,126.733,130.693
665.726,483.267,124.236,128.118
664.763,482.476,126.733,130.693
665.624,484.172,124.236,128.118
664.156,483.007,128,132
662.198,481.202,131.879,136
662.507,481.212,131.879,136
664.716,484.088,128,132
663.089,482.172,131.879,136
662.566,481.431,133.197,137.36
665.039,484.385,129.28,133.32
664.6,483.978,130.573,134.653
666.275,486.108,128,132
667.203,487.5,125.478,129.399
666.493,487.154,128,132
664.428,485.272,131.879,136
665.038,486.478,130.573,134.653
667.27,489.401,126.733,130.693
665.633,488.441,130.573,134.653
665.612,489.275,130.573,134.653
665.41,490.495,130.573,134.653
666.457,492.352,129.28,133.32
664.061,491.134,133.197,137.36
665.025,493.338,130.573,134.653
665.862,495.274,129.28,133.32
664.974,495.144,130.573,134.653
663.946,495.124,131.879,136
662.509,494.427,134.529,138.733
662.64,495.169,134.529,138.733
665.21,498.404,130.573,134.653
663.206,496.695,134.529,138.733
664.64,498.498,133.197,137.36
666.067,500.321,130.573,134.653
666.691,501.199,130.573,134.653
668.327,502.993,129.28,133.32
668.069,502.758,130.573,134.653
667.891,503.06,130.573,134.653
667.203,502.408,133.197,137.36
666.472,502.159,134.529,138.733
666.688,503.017,134.529,138.733
667.059,503.578,134.529,138.733
667.127,504.425,134.529,138.733
667.3,505.224,134.529,138.733
669.953,508.362,130.573,134.653
671.686,510.28,129.28,133.32
670.524,509.301,131.879,136
668.742,507.882,135.875,140.121
667.538,506.419,138.606,142.937
667.706,506.672,138.606,142.937
670.26,509.296,134.529,138.733
671.385,509.91,134.529,138.733
669.626,507.938,138.606,142.937
670.103,508.342,138.606,142.937
672.912,510.963,134.529,138.733
673.703,511.355,134.529,138.733
672.094,509.683,138.606,142.937
674.745,511.965,134.529,138.733
673.335,510.229,138.606,142.937
673.847,510.63,138.606,142.937
676.669,513.195,134.529,138.733
677.554,513.554,135.875,140.121
675.961,512.222,138.606,142.937
678.681,514.479,134.529,138.733
679.217,514.811,134.529,138.733
679.799,515.126,134.529,138.733
680.386,515.202,135.875,140.121
678.703,513.112,139.992,144.367
677.112,511.291,144.234,148.741
677.538,511.867,144.234,148.741
678.233,511.995,144.234,148.741
678.493,511.937,144.234,148.741
679.349,512.195,144.234,148.741
680.556,513.549,141.392,145.81
681.287,513.553,141.392,145.81
685.117,516.512,137.233,141.522
683.338,514.069,141.392,145.81
682.441,512.936,144.234,148.741
683.223,513.009,144.234,148.741
683.566,513.109,144.234,148.741
685.693,514.556,141.392,145.81
689.36,517.518,137.233,141.522
688.353,516.239,139.992,144.367
686.611,514.154,144.234,148.741
686.045,513.386,145.676,150.228
688.123,515.017,144.234,148.741
689.045,514.983,144.234,148.741
689.523,515.011,144.234,148.741
689.08,513.656,147.133,151.731
689.83,513.721,147.133,151.731
692.359,516.193,142.806,147.268
692.764,515.203,144.234,148.741
692.312,514.058,145.676,150.228
691.048,512.027,148.604,153.248
693.371,513.85,145.676,150.228
695.494,514.869,144.234,148.741
693.609,511.875,148.604,153.248
696.87,514.126,144.234,148.741
696.74,513.005,145.676,150.228
695.892,511.492,148.604,153.248
694.051,508.986,153.107,157.892
697.416,511.427,148.604,153.248
698.146,511.503,148.604,153.248
696.328,509.227,153.107,157.892
699.814,511.497,150.09,154.78
701.152,512.28,148.604,153.248
700.095,510.789,151.591,156.328
704.463,513.99,147.133,151.731
702.373,511.804,151.591,156.328
701.137,509.759,154.638,159.47
702.597,510.089,153.107,157.892
702.348,508.935,154.638,159.47
703.354,508.768,154.638,159.47
706.719,510.492,151.591,156.328
709.789,511.796,148.604,153.248
707.664,508.882,153.107,157.892
708.506,508.591,153.107,157.892
708.492,507.701,154.638,159.47
708.633,506.621,156.184,161.065
712.531,509.618,151.591,156.328
712.943,509.898,151.591,156.328
711.563,508.094,154.638,159.47
710.732,506.629,157.746,162.676
712.409,507.523,154.638,159.47
711.337,506.092,157.746,162.676
712.781,506.422,154.638,159.47
712.961,505.704,154.638,159.47
715.048,507.038,151.591,156.328
713.676,504.105,154.638,159.47
713.575,502.888,154.638,159.47
713.131,501.609,154.638,159.47
712.7,500.07,154.638,159.47
715.695,501.846,150.09,154.78
712.397,497.019,154.638,159.47
712.018,495.342,154.638,159.47
710.536,493.252,156.184,161.065
711.235,492.862,154.638,159.47
710.147,491.008,156.184,161.065
708.885,488.925,159.324,164.303
711.078,490.143,154.638,159.47
710.639,489.142,154.638,159.47
710.403,488.355,154.638,159.47
710.287,487.766,154.638,159.47
711.645,487.99,153.107,157.892
710.385,486.297,154.638,159.47
708.609,483.905,159.324,164.303
709.614,484.393,156.184,161.065
709.501,483.495,156.184,161.065
710.541,483.478,154.638,159.47
709.329,481.754,156.184,161.065
707.138,478.82,160.917,165.946
709.676,480.608,156.184,161.065
709.581,479.544,156.184,161.065
710.813,479.709,154.638,159.47
709.46,478.564,156.184,161.065
709.535,478.53,156.184,161.065
710.808,478.848,154.638,159.47
709.272,476.91,159.324,164.303
710.872,478.32,156.184,161.065
708.765,476.66,160.917,165.946
707.146,475.225,164.151,169.281
706.91,474.947,164.151,169.281
707.52,475.55,164.151,169.281
706.391,474.925,165.793,170.974
707.294,476.189,164.151,169.281
706.903,475.523,165.793,170.974
707.201,475.991,165.793,170.974
708.837,477.798,162.526,167.605
709.13,478.126,162.526,167.605
706.019,475.177,167.451,172.684
707.921,476.889,165.793,170.974
709.302,478.058,164.151,169.281
709.475,478.402,164.151,169.281
712.758,481.218,159.324,164.303
710.973,479.878,162.526,167.605
710.559,479.531,164.151,169.281
712.337,481.281,160.917,165.946
712.945,481.385,160.917,165.946
713.035,481.677,160.917,165.946
710.827,480.062,165.793,170.974
709.811,479.133,167.451,172.684
711.761,480.743,165.793,170.974
714.71,483.614,160.917,165.946
712.611,481.491,165.793,170.974
709.317,478.606,170.817,176.155
709.627,479.348,169.125,174.411
710.633,481.096,167.451,172.684
710.437,481.026,167.451,172.684
710.962,481.433,167.451,172.684
711.436,481.664,167.451,172.684
711.305,482.045,167.451,172.684
710.822,482.644,167.451,172.684
714.135,485.315,164.151,169.281
713.706,485.009,165.793,170.974
715.534,486.352,162.526,167.605
715.538,486.513,162.526,167.605
714.761,486.11,164.151,169.281
714.368,486.634,164.151,169.281
713.633,485.926,165.793,170.974
711.636,484.678,167.451,172.684
711.167,485.189,167.451,172.684
709.387,484.002,170.817,176.155
708.605,483.031,172.525,177.916
710.301,484.897,169.125,174.411
711.046,485.97,167.451,172.684
711.108,486.216,167.451,172.684
709.809,486.267,169.125,174.411
708.661,483.642,174.25,179.695
707.897,482.865,175.993,181.492
709.204,484.583,172.525,177.916
708.363,484.735,174.25,179.695
707.699,485.454,174.25,179.695
708.546,486.544,170.817,176.155
708.913,487.412,169.125,174.411
707.06,486.912,170.817,176.155
704.806,484.605,175.993,181.492
706.04,485.424,172.525,177.916
708.433,487.921,167.451,172.684
707.852,487.509,167.451,172.684
708.013,487.48,167.451,172.684
707.76,488.001,167.451,172.684
705.101,485.899,170.817,176.155
709.149,489.142,165.793,170.974
706.891,488.849,167.451,172.684
703.741,485.908,172.525,177.916
704.739,488.01,169.125,174.411
704.304,488.609,169.125,174.411
704.214,488.455,169.125,174.411
705.095,489.771,167.451,172.684
704.533,490.055,167.451,172.684
702.124,487.839,170.817,176.155
702.849,488.558,169.125,174.411
700.416,486.93,172.525,177.916
702.257,488.947,169.125,174.411
703.498,489.686,167.451,172.684
703.354,489.945,167.451,172.684
700.56,487.023,172.525,177.916
701.947,488.928,169.125,174.411
703.068,489.856,167.451,172.684
701.687,488.688,169.125,174.411
698.738,486.523,174.25,179.695
699.452,486.485,172.525,177.916
701.371,489.418,167.451,172.684
697.895,486.684,172.525,177.916
700.321,489.77,167.451,172.684
697.804,487.128,170.817,176.155
699.951,488.788,167.451,172.684
699.819,488.551,167.451,172.684
699.648,488.751,167.451,172.684
697.973,487.512,169.125,174.411
696.781,486.759,170.817,176.155
696.938,486.994,169.125,174.411
695.044,485.012,172.525,177.916
696.924,487.308,167.451,172.684
695.205,485.504,170.817,176.155
695.63,486.793,169.125,174.411
694.94,487.488,167.451,172.684
696.372,487.889,165.793,170.974
693.128,485.548,169.125,174.411
692.451,485.764,169.125,174.411
692.96,485.615,169.125,174.411
690.754,482.666,174.25,179.695
691.076,483.854,170.817,176.155
690.687,483.692,170.817,176.155
690.505,483.472,170.817,176.155
690.863,482.987,170.817,176.155
689.329,480.821,174.25,179.695
688.801,480.326,175.993,181.492
690.546,482.321,170.817,176.155
694.629,484.564,165.793,170.974
693.262,482.992,167.451,172.684
692.632,482.787,167.451,172.684
692.016,482.84,167.451,172.684
693.84,483.832,165.793,170.974
696.977,484.793,162.526,167.605
696.31,483.678,164.151,169.281
697.55,485.161,160.917,165.946
697.861,485.183,160.917,165.946
697.545,484.871,160.917,165.946
694.761,482.268,165.793,170.974
695.333,481.728,165.793,170.974
697.375,483.82,160.917,165.946
694.802,480.845,165.793,170.974
694.663,480.607,165.793,170.974
696.399,482.321,162.526,167.605
692.539,479.144,167.451,172.684
689.854,477.292,170.817,176.155
691.034,477.519,169.125,174.411
693.513,479.747,165.793,170.974
695.909,481.272,162.526,167.605
698.001,483.074,159.324,164.303
695.336,480.428,164.151,169.281
696.636,481.104,162.526,167.605
695.509,480.116,164.151,169.281
696.172,480.874,162.526,167.605
697.277,481.452,160.917,165.946
694.745,479.087,164.151,169.281
692.908,479.038,165.793,170.974
694.819,479.677,164.151,169.281
694.312,478.57,164.151,169.281
692.226,477.682,165.793,170.974
690.548,475.817,167.451,172.684
690.263,475.202,167.451,172.684
689.18,474.077,169.125,174.411
686.328,471.824,172.525,177.916
688.545,473.768,169.125,174.411
691.28,476.113,165.793,170.974
692.423,477.21,164.151,169.281
691.9,477.302,164.151,169.281
690.774,475.795,165.793,170.974
692.334,477.863,162.526,167.605
695.807,480.083,157.746,162.676
694.213,477.69,160.917,165.946
694.805,478.297,159.324,164.303
693.021,477.665,160.917,165.946
692.545,477.869,160.917,165.946
693.535,478.785,159.324,164.303
692.779,478.81,159.324,164.303
689.751,475.629,164.151,169.281
687.461,472.506,167.451,172.684
686.412,471.372,169.125,174.411
689.11,474.561,164.151,169.281
692.209,477.701,159.324,164.303
693.696,479.102,156.184,161.065
693.31,479.239,156.184,161.065
692.653,479.126,157.746,162.676
690.518,477.007,160.917,165.946
692.386,479.677,156.184,161.065
693.196,480.806,154.638,159.47
692.439,480.182,156.184,161.065
693.296,482.144,153.107,157.892
691.557,480.083,156.184,161.065
692.183,480.885,154.638,159.47
692.118,481.253,154.638,159.47
690.398,479.731,157.746,162.676
690.914,479.67,156.184,161.065
692.252,481.099,153.107,157.892
690.933,480.367,154.638,159.47
690.608,480.412,154.638,159.47
690.37,480.678,154.638,159.47
690.745,480.548,154.638,159.47
689.901,480.127,154.638,159.47
689.097,479.38,156.184,161.065
688.794,479.332,156.184,161.065
690.682,480.879,153.107,157.892
688.209,479.114,156.184,161.065
687.405,478.92,156.184,161.065
686.227,478.855,157.746,162.676
687.668,479.68,154.638,159.47
686.834,478.257,156.184,161.065
688.084,479.229,154.638,159.47
687.695,479.481,154.638,159.47
686.659,478.162,156.184,161.065
686.391,478.124,156.184,161.065
685.862,477.757,156.184,161.065
685.601,477.701,156.184,161.065
687.257,479.715,153.107,157.892
684.973,477.376,157.746,162.676
685.644,477.332,156.184,161.065
687.898,479.145,153.107,157.892
688.596,479.052,153.107,157.892
689.087,478.958,153.107,157.892
691.45,480.1,151.591,156.328
689.319,476.755,156.184,161.065
691.769,478.784,153.107,157.892
690.907,476.847,156.184,161.065
693.793,478.895,153.107,157.892
692.76,476.8,156.184,161.065
694.357,477.484,154.638,159.47
696.25,478.246,153.107,157.892
695.98,477.111,154.638,159.47
696.467,477.16,154.638,159.47
695.921,476.08,156.184,161.065
698.243,477.807,153.107,157.892
698.168,477.195,154.638,159.47
698.211,477.128,154.638,159.47
698.503,477.208,154.638,159.47
698.224,475.507,156.184,161.065
702.545,478.403,151.591,156.328
699.433,475.791,156.184,161.065
701.491,476.123,154.638,159.47
702.645,476.424,154.638,159.47
704.03,476.891,153.107,157.892
705.116,476.894,153.107,157.892
705.798,476.938,153.107,157.892
709.318,479.835,148.604,153.248
708.547,477.996,151.591,156.328
710.629,479.246,150.09,154.78
707.251,475.859,154.638,159.47
710.359,477.349,151.591,156.328
711.88,478.569,150.09,154.78
713.276,478.894,148.604,153.248
714.265,478.237,150.09,154.78
711.247,474.886,154.638,159.47
710.725,472.562,156.184,161.065
713.233,474.159,153.107,157.892
714.515,473.877,153.107,157.892
717.054,477.396,148.604,153.248
714.969,473.941,153.107,157.892
718.137,477.166,148.604,153.248
715.967,473.918,153.107,157.892
716.963,473.187,153.107,157.892
717.233,472.771,153.107,157.892
717.858,472.679,153.107,157.892
718.2,472.733,153.107,157.892
716.539,470.956,156.184,161.065
719.35,472.362,153.107,157.892
718.304,470.683,156.184,161.065
719.701,472.184,153.107,157.892
718.279,470.076,156.184,161.065
719.945,470.607,154.638,159.47
720.873,471.475,153.107,157.892
722.9,472.903,151.591,156.328
724.567,474.093,150.09,154.78
723.56,470.986,153.107,157.892
725.66,473.545,150.09,154.78
724.057,470.463,153.107,157.892
724.25,470.062,153.107,157.892
724.549,470.159,153.107,157.892
725.1,470.141,153.107,157.892
725.536,469.858,153.107,157.892
724.72,469.318,154.638,159.47
726.691,470.033,153.107,157.892
724.657,467.925,157.746,162.676
727.258,469.404,153.107,157.892
727.531,468.975,153.107,157.892
728.495,469.139,153.107,157.892
728.269,468.146,154.638,159.47
728.032,466.782,157.746,162.676
729.001,466.501,157.746,162.676
731.814,468.529,153.107,157.892
734.873,471.109,148.604,153.248
733.081,468.262,153.107,157.892
734.393,468.329,153.107,157.892
734.648,468.219,153.107,157.892
735.51,468.097,153.107,157.892
736.204,467.713,153.107,157.892
737.065,467.875,153.107,157.892
736.638,465.925,156.184,161.065
739.441,467.352,153.107,157.892
740.641,466.956,153.107,157.892
743.058,468.186,151.591,156.328
745.316,469.764,150.09,154.78
743.356,466.992,153.107,157.892
745.768,467.982,151.591,156.328
745.684,466.713,153.107,157.892
746.449,466.444,153.107,157.892
745.996,464.55,156.184,161.065
747.281,464.394,156.184,161.065
751.412,467.059,151.591,156.328
750.34,464.83,154.638,159.47
751.825,465.36,153.107,157.892
756.416,466.778,150.09,154.78
759.749,469.411,145.676,150.228
760.676,469.408,147.133,151.731
761.414,469.568,147.133,151.731
760.169,466.579,151.591,156.328
759.564,464.969,153.107,157.892
758.372,462.676,156.184,161.065
759.573,463.137,154.638,159.47
760.69,463.135,154.638,159.47
762.649,463.655,153.107,157.892
762.687,462.233,154.638,159.47
767.492,465.109,150.09,154.78
770.657,466.885,147.133,151.731
768.937,464.275,151.591,156.328
768.372,461.831,153.107,157.892
769.653,462.892,151.591,156.328
771.051,464.541,148.604,153.248
771.719,464.051,148.604,153.248
769.983,461.142,153.107,157.892
771.895,462.026,151.591,156.328
771.473,460.643,153.107,157.892
771.946,460.567,153.107,157.892
774.582,463.281,148.604,153.248
773.306,460.421,153.107,157.892
773.732,459.689,153.107,157.892
775.739,461.052,151.591,156.328
775.373,459.267,153.107,157.892
777.467,459.811,151.591,156.328
778.549,459.88,151.591,156.328
781.337,462.663,147.133,151.731
781.618,462.88,147.133,151.731
782.449,462.368,147.133,151.731
783.252,462.075,147.133,151.731
783.606,462.174,147.133,151.731
784.666,461.677,147.133,151.731
786.617,464.083,142.806,147.268
785.799,461.284,147.133,151.731
784.574,458.971,150.09,154.78
787.581,460.416,147.133,151.731
789.832,462.045,144.234,148.741
787.807,458.841,148.604,153.248
791.211,461.301,144.234,148.741
791.07,461.628,144.234,148.741
791.005,459.77,147.133,151.731
793.776,461.74,142.806,147.268
792.438,458.738,147.133,151.731
791.615,456.861,150.09,154.781
794.434,457.841,147.133,151.731
792.526,454.736,151.591,156.328
791.188,453.122,153.107,157.892
794.334,455.075,148.604,153.248
797.717,458.319,144.234,148.741
797.379,456.772,145.676,150.228
797.951,456.37,147.133,151.731
801.386,458.314,142.806,147.268
802.531,458.22,142.806,147.268
803.04,457.866,142.806,147.268
801.127,455.555,145.676,150.228
801.845,454.513,145.676,150.228
804.72,456.25,142.806,147.268
803.529,453.739,147.133,151.731
803.735,454.184,145.676,150.228
806.013,455.543,142.806,147.268
806.651,456.54,138.606,142.937
803.969,454.114,142.806,147.268
804.525,455.432,139.992,144.367
802.843,454.217,141.392,145.81
801.933,453.307,141.392,145.81
801.299,452.435,142.806,147.268
802.56,453.239,139.992,144.367
802.461,452.643,139.992,144.367
803.329,454.282,137.233,141.522
800.761,450.941,141.392,145.81
801.17,451.964,139.992,144.367
801.287,451.392,138.606,142.937
800.554,449.436,142.806,147.268
799.547,448.447,144.234,148.741
799.773,448.507,144.234,148.741
803.115,450.146,139.992,144.367
803.636,449.568,139.992,144.367
804.416,449.494,139.992,144.367
804.83,449.027,139.992,144.367
805.685,448.407,138.606,142.937
807.76,449.894,137.233,141.522
808.318,449.119,137.233,141.522
808.831,448.992,137.233,141.522
809.296,447.917,137.233,141.522
810.019,447.613,137.233,141.522
810.648,447.017,137.233,141.522
811.456,447.007,135.875,140.121
811.916,446.767,135.875,140.121
812.063,445.375,137.233,141.522
812.477,444.908,137.233,141.522
813.412,445.074,135.875,140.121
814.989,446.534,131.879,136
813.527,444.361,135.875,140.121
813.367,443.766,135.875,140.121
813.201,443.373,135.875,140.121
814.933,444.641,131.879,136
816.371,446.556,129.28,133.32
816.455,445.551,129.28,133.32
816.186,445.288,129.28,133.32
816.771,444.502,129.28,133.32
816.029,442.383,130.573,134.653
815.724,442.264,130.573,134.653
816.638,442.885,129.28,133.32
815.857,440.8,130.573,134.653
816.124,441.089,130.573,134.653
815.898,440.896,130.573,134.653
817.562,442.221,126.733,130.693
815.82,439.68,130.573,134.653
817.167,441.894,128,132
815.374,439.161,130.573,134.653
817.527,441.109,126.733,130.693
815.462,437.989,130.573,134.653
816.785,440.217,126.733,130.693
816.391,439.143,126.733,130.693
816.544,439.246,125.478,129.399
815.635,439.061,125.478,129.399
815.065,437.876,125.478,129.399
816.649,439.926,121.788,125.594
816.88,440.376,120.582,124.35
817.634,441.348,119.388,123.119
815.869,439.065,120.582,124.35
815.168,438.595,120.582,124.35
814.625,438.216,120.582,124.35
813.271,437.005,121.788,125.594
814.083,439.401,119.388,123.119
811.025,435.755,121.788,125.594
810.5,435.646,121.788,125.594
807.489,433.201,125.478,129.399
808.815,435.12,121.788,125.594
806.185,432.418,125.478,129.399
806.861,433.933,121.788,125.594
807.686,436.02,119.388,123.119
806.433,435.363,119.388,123.119
804.448,432.694,120.582,124.35
802.999,432.106,121.788,125.594
802.635,431.949,120.582,124.35
800.865,431.131,123.006,126.85
801.893,432.879,119.388,123.119
802.277,433.371,115.877,119.498
802.3,434.157,113.594,117.143
800.23,432.255,115.877,119.498
799.412,431.917,115.877,119.498
798.405,431.321,115.877,119.498
797.39,430.603,115.877,119.498
794.851,429.233,119.388,123.119
795.084,428.963,118.206,121.9
794.753,429.904,114.73,118.315
794.139,429.611,113.594,117.143
795.359,431.96,110.253,113.698
793.79,430.629,111.355,114.835
792.516,430.356,111.355,114.835
791.351,429.255,112.469,115.984
792.459,430.868,109.161,112.573
789.578,428.551,112.469,115.984
789.986,429.08,110.253,113.698
788.029,427.862,111.355,114.835
786.773,426.96,112.469,115.984
786.1,426.819,111.355,114.835
785.897,426.862,110.253,113.698
784.019,426.178,111.355,114.835
783.598,425.967,110.253,113.698
782.425,425.911,110.253,113.698
781.678,425.245,110.253,113.698
779.799,424.413,111.355,114.835
779.832,425.217,108.08,111.458
779.932,425.678,105.951,109.262
779.384,425.456,104.902,108.18
777.416,424.221,107.01,110.354
776.434,423.62,107.01,110.354
776.11,423.818,105.951,109.262
775.498,423.81,104.902,108.18
776.112,425.082,102.835,106.048
773.157,423.241,105.951,109.262
771.825,422.4,105.951,109.262
771.122,421.952,105.951,109.262
770.69,421.778,104.902,108.18
769.297,420.798,105.951,109.262
768.974,421.055,103.863,107.109
767.609,420.103,104.902,108.18
766.741,419.397,104.902,108.18
765.406,418.22,105.951,109.262
764.91,418.212,104.902,108.18
764.055,417.761,104.902,108.18
765.617,419.303,101.817,104.999
762.947,416.845,104.902,108.18
761.774,416.203,104.902,108.18
762.11,417.256,102.835,106.049
763.587,418.646,99.8106,102.93
763.98,419.576,96.8751,99.9025
761.903,417.708,99.8106,102.93
761.542,417.13,99.8106,102.93
760.701,416.83,99.8106,102.93
760.243,416.261,99.8106,102.93
760.36,416.99,97.8439,100.902
761.115,417.436,94.9663,97.934
759.054,415.646,97.8439,100.902
757.267,414.245,99.8106,102.93
756.5,413.795,99.8106,102.93
755.476,413.301,99.8106,102.93
754.901,412.761,99.8106,102.93
754.27,412.362,99.8106,102.93
754.339,413.063,97.8439,100.902
753.501,412.745,97.8439,100.902
752.717,411.732,97.8439,100.902
752.836,412.19,95.916,98.9134
752.077,411.687,95.916,98.9134
751.574,411.478,94.9663,97.934
750.802,410.876,94.9663,97.934
751.523,412.264,92.1734,95.0538
751.912,413.394,90.3572,93.1809
750.908,412.933,90.3572,93.1809
749.987,412.405,90.3572,93.1809
748.051,410.642,92.1734,95.0538
748.02,410.887,90.3572,93.1809
746.777,409.726,91.2608,94.1127
745.948,409.265,91.2608,94.1127
746.111,409.264,90.3572,93.1809
745.213,409.019,90.3572,93.1809
745.593,409.667,87.6998,90.4404
745.608,410.481,85.9718,88.6584
744.746,409.844,86.8315,89.545
742.567,408.357,88.5768,91.3448
743.376,409.456,85.9718,88.6584
741.868,408.71,86.8315,89.545
741.442,408.681,85.9718,88.6584
740.039,407.831,86.8315,89.545
739.164,407.519,86.8315,89.545
738.776,407.445,86.8315,89.545
738.835,408.478,84.2778,86.9115
737.175,407.291,85.9718,88.6584
736.825,407.86,84.2778,86.9115
736.406,407.965,83.4434,86.051
735.192,406.898,84.2778,86.9115
734.316,406.871,83.4434,86.051
732.97,406.118,84.2778,86.9115
731.892,405.539,84.2778,86.9115
730.755,404.94,84.2778,86.9115
730.651,406.297,81.7992,84.3554
731.087,407.322,79.3935,81.8746
729.309,405.787,80.9893,83.5202
728.883,406.905,79.3935,81.8746
728.033,406.357,79.3935,81.8746
728.208,407.038,77.0586,79.4667
726.751,406.569,77.8292,80.2613
725.701,406.035,77.8292,80.2613
723.915,404.651,78.6074,81.0639
722.566,404.257,79.3935,81.8746
722.383,404.891,77.8292,80.2613
722.523,406.103,75.5402,77.9008
720.501,404.821,77.0586,79.4667
719.757,404.463,77.0586,79.4667
717.806,403.494,77.8292,80.2613
718.094,404.709,75.5402,77.9008
717.965,405.498,74.0518,76.3659
717.093,405.202,74.0518,76.3659
715.113,403.958,75.5402,77.9008
714.603,403.685,75.5402,77.9008
712.809,402.479,77.0586,79.4667
712.912,402.776,75.5402,77.9008
712.767,402.76,75.5402,77.9008
712.377,402.717,75.5402,77.9008
711.626,402.603,75.5402,77.9008
710.671,402.528,75.5402,77.9008
710.146,402.206,74.7923,77.1296
709.961,402.22,74.7923,77.1296
709.051,402.3,74.7923,77.1296
708.519,402.85,74.0518,76.3659
708.184,402.838,74.0518,76.3659
706.352,402.034,75.5402,77.9008
703.704,400.673,77.8292,80.2613
703.774,401.626,75.5402,77.9008
703.854,402.481,74.0518,76.3659
703.025,403.155,72.5927,74.8612
701.024,402.535,73.3186,75.6098
699.87,401.874,74.0518,76.3659
699.61,402.637,72.5927,74.8612
697.598,401.466,74.0518,76.3659
697.468,402.492,71.8739,74.12
695.7,402.337,72.5927,74.8612
694.52,402.173,72.5927,74.8612
693.619,402.148,72.5927,74.8612
693.707,403.045,70.4577,72.6595
692.153,402.68,70.4577,72.6595
690.579,402.501,70.4577,72.6595
689.554,402.392,70.4577,72.6595
688.704,402.085,70.4577,72.6595
686.332,400.336,72.5927,74.8612
684.299,399.156,74.0518,76.3659
683.858,399.68,71.8739,74.12
683.01,399.913,71.1623,73.3861
682.641,400.499,70.4577,72.6595
681.466,400.189,70.4577,72.6595
678.739,399.182,71.8739,74.12
676.605,397.626,73.3186,75.6098
675.801,397.834,71.8739,74.12
674.694,397.886,71.8739,74.12
673.439,397.882,71.8739,74.12
672.115,397.919,71.1623,73.3861
672.297,399.158,69.0694,71.2279
671.229,398.869,69.0694,71.2279
670.53,399.071,67.7085,69.8244
670.185,400.328,65.7172,67.7709
668.376,399.462,67.0381,69.1331
666.608,398.975,67.7085,69.8244
663.997,397.46,69.7601,71.9401
662.765,397.247,69.7601,71.9401
661.73,396.849,70.4577,72.6595
660.633,397.149,69.7601,71.9401
660.046,397.564,68.3856,70.5226
658.72,397.983,68.3856,70.5226
658.642,398.97,66.3744,68.4486
657.735,399.218,65.7172,67.7709
657.704,400.051,65.0665,67.0999
656.074,400.129,65.0665,67.0999
653.622,399.027,66.3744,68.4486
651.558,397.619,68.3856,70.5226
651.239,398.771,66.3744,68.4486
648.395,397.501,68.3856,70.5226
647.685,397.623,68.3856,70.5226
645.981,397.025,69.0694,71.2279
645.67,397.928,67.7085,69.8244
644.93,398.351,67.0381,69.1331
644.794,399.138,65.0665,67.0999
643.665,399.251,65.0665,67.0999
642.553,399.043,65.0665,67.0999
641.239,398.777,65.0665,67.0999
640.029,398.309,64.4223,66.4355
640.199,399.801,62.5277,64.4817
639.326,399.772,62.5277,64.4817
638.483,399.5,63.1529,65.1265
636.625,398.668,63.7845,65.7777
636.727,399.31,63.1529,65.1265
634.607,398.261,65.0665,67.0999
634.244,398.713,63.7845,65.7777
632.928,398.101,65.0665,67.0999
631.308,397.383,65.7172,67.7709
630.923,397.701,65.0665,67.0999
630.049,397.768,65.0665,67.0999
628.747,396.778,66.3744,68.4486
628.982,397.652,64.4223,66.4355
628.241,397.779,64.4223,66.4355
627.755,397.882,63.7845,65.7777
628.605,399.144,61.9086,63.8432
629.648,400.855,60.0879,61.9656
627.592,399.536,61.9086,63.8432
628.572,400.856,60.0879,61.9656
626.003,399.455,61.9086,63.8432
626.237,400.364,60.6887,62.5853
624.653,399.614,62.5277,64.4817
623.797,399.685,62.5277,64.4817
623.33,399.661,62.5277,64.4817
622.596,399.632,62.5277,64.4817
621.234,399.431,63.1529,65.1265
619.094,398.25,65.0665,67.0999
618.419,398.113,65.0665,67.0999
616.862,397.566,65.7172,67.7709
615.938,397.131,65.7172,67.7709
616.446,398.188,63.7845,65.7777
616.963,399.151,61.9086,63.8432
617.346,400.099,60.6887,62.5853
615.249,399.117,62.5277,64.4816
616.06,400.047,60.6887,62.5853
614.052,399.107,61.9086,63.8432
614.269,399.806,60.6887,62.5853
614.57,400.414,58.9039,60.7446
615.047,401.632,57.1715,58.9581
613.171,400.631,58.3207,60.1432
611.311,399.984,60.0879,61.9656
610.33,399.9,59.4929,61.3521
609.348,400.213,58.9039,60.7446
607.673,399.992,60.0879,61.9656
607.217,400.586,58.3207,60.1432
605.395,400.107,60.0879,61.9656
603.897,399.56,60.6887,62.5853
602.784,399.704,60.6887,62.5853
601.94,400.084,60.0879,61.9656
600.74,400.113,59.4929,61.3521
599.572,399.818,60.0879,61.9656
598.604,400.329,60.0879,61.9656
597.561,400.433,60.0879,61.9656
596.808,400.27,60.0879,61.9656
594.298,399.576,61.2956,63.2111
593.88,400.551,59.4929,61.3521
593.649,400.955,58.9039,60.7446
592.907,401.101,58.3207,60.1432
591.932,401.359,58.3207,60.1432
590.748,401.452,58.3207,60.1432
589.697,401.753,58.3207,60.1432
589.635,402.457,57.1715,58.9581
587.666,401.811,58.9039,60.7446
587.576,402.526,57.7432,59.5477
585.268,401.73,58.9039,60.7446
585.326,402.749,57.1715,58.9581
583.194,401.766,58.9039,60.7446
582.885,402.063,58.3207,60.1432
581.626,402.045,58.9039,60.7446
582.494,403.1,57.1715,58.9581
580.951,402.601,58.3207,60.1432
580.007,402.404,58.3207,60.1432
577.937,401.436,59.4929,61.3521
576.766,401.744,59.4929,61.3521
576.365,401.782,59.4929,61.3521
575.699,401.784,59.4929,61.3521
576.878,402.992,57.7432,59.5477
576.269,402.916,57.7432,59.5477
576.117,403.215,57.7432,59.5477
574.615,402.542,58.3207,60.1432
575.369,403.455,56.6055,58.3744
575.084,403.846,55.4901,57.2242
575.547,404.147,53.8582,55.5412
575.098,404.468,53.8582,55.5412
