563.998,358.496,80,109
564.2,358.633,80,109
563.914,358.415,80,109
564.03,358.241,80,109
564.056,358.327,80,109
563.879,358.531,80,109
563.623,357.848,80,109
564.316,358.581,79.2079,107.921
564.876,360.411,77.6472,105.794
564.535,359.731,77.6472,105.794
564.535,359.279,77.6472,105.794
565.336,360.521,75.3636,102.683
565.916,361.051,74.6174,101.666
566.352,360.892,74.6174,101.666
565.299,359.717,76.1173,103.71
564.881,359.799,75.3636,102.683
565.123,359.679,74.6174,101.666
564.002,358.521,76.1173,103.71
565.267,358.769,74.6174,101.666
564.494,357.122,76.8784,104.747
564.247,355.815,77.6472,105.794
563.501,354.129,79.2079,107.921
564.4,354.658,77.6472,105.794
564.395,353.236,78.4237,106.852
565.176,353.47,77.6472,105.794
565.57,353.257,76.8784,104.747
566.947,354.549,74.6174,101.666
567.358,353.813,74.6174,101.666
567.671,353.198,74.6174,101.666
567.301,351.832,75.3636,102.683
565.934,350.103,76.8784,104.747
563.405,348.793,77.6472,105.794
558.454,346.55,80,109
554.403,347.496,77.6472,105.794
549.467,348.053,76.1173,103.71
544.466,347.778,76.1173,103.71
539.841,346.543,76.8784,104.747
534.684,344.102,79.2079,107.921
532.026,344.587,76.8784,104.747
527.367,342.013,79.2079,107.921
525.455,343.113,76.8784,104.747
523.349,342.893,76.1173,103.71
520.841,342.373,75.3636,102.683
518.124,339.981,77.6472,105.794
516.436,340.264,76.1173,103.71
514.906,339.015,76.1173,103.71
513.916,338.04,76.1173,103.71
513.103,336.979,76.1173,103.71
512.241,335.801,76.1173,103.71
511.338,334.029,76.8784,104.747
511.198,332.849,76.8784,104.747
511.006,330.956,77.6472,105.794
511.09,329.949,77.6472,105.794
511.659,329.046,76.8784,104.747
512.589,328.277,76.1173,103.71
513.167,327.216,76.1173,103.71
513.558,325.919,76.1173,103.71
513.86,324.129,76.8784,104.747
515.039,324.94,74.6174,101.666
516.227,324.64,73.8787,100.66
516.131,321.911,76.1172,103.71
516.64,320.143,76.8784,104.747
517.539,319.202,76.8784,104.747
519.159,318.663,76.1172,103.71
520.196,317.705,76.1172,103.71
520.667,316.744,76.1172,103.71
522.042,316.171,74.6174,101.666
523.31,316.109,73.1472,99.663
523.735,313.196,75.3636,102.683
525.573,313.374,73.8787,100.66
525.758,310.798,76.1172,103.71
527.404,310.302,74.6174,101.666
528.832,310.104,73.1472,99.663
528.914,307.301,75.3636,102.683
531.534,307.288,73.8787,100.66
532.852,306.427,73.8787,100.66
535.378,307.396,71.7059,97.6993
535.391,304.633,73.8787,100.66
536.929,304.657,72.423,98.6763
538.09,303.316,73.1472,99.663
539.664,302.321,73.1472,99.663
541.037,301.531,73.1472,99.663
542.904,300.856,73.1472,99.663
544.5,300.364,73.1472,99.663
547.397,299.48,73.1472,99.663
551.552,298.702,73.1472,99.663
555.6,296.443,75.3636,102.683
561.515,297.464,73.8787,100.66
565.933,297.474,73.1472,99.663
570.4,296.564,73.8787,100.66
575.276,297.642,71.7059,97.6993
578.921,295.865,73.1472,99.663
583.028,295.505,73.1472,99.663
586.253,293.842,74.6174,101.666
590.135,294.774,73.1472,99.6631
593.445,294.379,73.1472,99.6631
596.814,293.719,73.1472,99.6631
600.141,292.961,73.8787,100.66
604.363,293.383,72.423,98.6763
608.915,294.524,70.9959,96.732
611.76,292.525,73.1472,99.6631
617.083,293.697,70.9959,96.732
620.639,291.868,73.1472,99.6631
625.049,291.905,72.423,98.6763
628.985,290.767,73.8787,100.66
633.164,291.423,72.423,98.6763
636.591,292.389,70.9959,96.732
637.795,290.471,73.1472,99.6631
640.205,289.874,73.8787,100.66
643.003,290.008,73.1472,99.6631
645.928,290.208,72.423,98.6763
649.299,291.799,70.293,95.7742
650.958,290.228,72.423,98.6763
652.538,289.401,73.1472,99.6631
654.774,288.882,73.1472,99.6631
657.228,289.16,72.423,98.6763
659.912,288.882,72.423,98.6763
661.909,288.131,73.1472,99.6631
663.922,288.035,73.1472,99.6631
665.895,288.373,72.423,98.6763
667.843,288.122,72.423,98.6763
670.028,287.657,72.423,98.6763
671.947,287.521,72.423,98.6763
673.884,287.602,72.423,98.6763
675.806,287.598,72.423,98.6763
677.642,287.634,72.423,98.6763
680.336,288.582,71.7059,97.6993
681.076,287.515,73.1472,99.663
681.866,285.667,75.3636,102.683
683.683,285.873,75.3636,102.683
685.186,286.074,75.3636,102.683
687.162,286.926,74.6174,101.666
688.603,287.575,74.6174,101.666
689.938,287.254,75.3636,102.683
691.671,287.387,76.1173,103.71
693.243,287.976,75.3636,102.683
694.436,288.298,75.3636,102.683
695.161,287.751,77.6472,105.794
697.364,289.916,75.3636,102.683
698.653,290.28,75.3636,102.683
699.95,290.798,76.1172,103.71
701.106,290.68,77.6472,105.794
702.886,293.096,75.3636,102.683
704.193,293.773,75.3636,102.683
706.126,296.027,73.8787,100.66
706.913,296.419,74.6174,101.666
707.381,296.839,75.3636,102.683
708.089,298.004,75.3636,102.683
709.365,299.112,75.3636,102.683
710.736,300.378,75.3636,102.683
711.921,301.728,75.3636,102.683
713.498,302.985,75.3636,102.683
714.93,305.012,74.6174,101.666
715.961,305.897,75.3636,102.683
717.814,307.768,74.6174,101.666
718.544,308.799,75.3636,102.683
720.126,310.888,74.6174,101.666
720.875,311.264,76.8784,104.747
722.683,313.257,75.3636,102.683
723.347,313.881,77.6472,105.794
723.745,313.841,79.2079,107.921
725.076,315.898,78.4237,106.852
726.184,317.707,78.4237,106.852
726.272,319.521,78.4237,106.852
725.361,319.537,80.8,110.09
723.631,319.464,83.2483,113.426
720.28,318.673,85.7708,116.863
717.511,320.149,85.7708,116.863
714.386,321.632,85.7708,116.863
711.684,323.003,85.7708,116.863
709.931,324.335,85.7708,116.863
708.733,326.316,85.7708,116.863
707.961,327.976,85.7708,116.863
706.586,329.403,85.7708,116.863
704.604,330.932,85.7708,116.863
702.689,332.561,85.7708,116.863
701.812,334.235,85.7708,116.863
701.357,336.009,85.7708,116.863
700.936,337.594,85.7708,116.863
700.613,339.343,85.7708,116.863
700.175,341.039,85.7708,116.863
700.468,342.85,85.7708,116.863
700.749,344.379,85.7708,116.863
701.411,346.178,85.7708,116.863
701.544,347.867,85.7708,116.863
701.799,349.416,85.7708,116.863
702.203,351.322,85.7708,116.863
702.526,352.99,85.7708,116.863
703.095,354.525,85.7708,116.863
703.724,356.401,85.7708,116.863
703.708,356.511,88.3698,120.404
704.153,358.537,88.3698,120.404
704.592,361.689,85.7708,116.863
702.471,361.815,88.3698,120.404
700.37,363.332,88.3698,120.404
697.735,362.846,91.0474,124.052
695.742,363.308,91.9579,125.293
695.388,365.15,91.9579,125.293
694.445,365.408,93.8063,127.811
694.554,367.311,93.8063,127.811
693.42,365.844,96.6487,131.684
693.331,367.352,96.6487,131.684
691.935,366.536,99.5772,135.674
691.979,367.938,99.5772,135.674
693.202,370.463,98.5913,134.331
692.397,371.185,99.5772,135.674
691.96,372.703,99.5772,135.674
693.441,374.929,98.5913,134.331
692.855,375.569,99.5772,135.674
693.537,377.6,98.5913,134.331
693.33,378.628,99.5772,135.674
693.862,380.356,98.5913,134.331
693.539,381.049,99.5772,135.674
693.852,382.075,99.5772,135.674
694.344,383.335,99.5772,135.674
695.139,385.579,97.6152,133.001
694.423,384.901,99.5772,135.674
694.515,385.956,99.5772,135.674
694.82,386.292,100.573,137.031
695.232,387.172,100.573,137.031
695.419,387.956,100.573,137.031
694.932,388.352,99.5772,135.674
694.936,388.512,99.5772,135.674
694.878,388.582,99.5772,135.674
694.842,388.743,99.5772,135.674
694.343,388.979,100.573,137.031
693.666,389.178,99.5772,135.674
692.929,388.607,99.5772,135.674
693.311,388.178,100.573,137.031
693.659,389.766,97.6152,133.001
691.995,387.928,99.5772,135.674
692.479,389.142,97.6152,133.001
691.222,387.472,99.5773,135.674
689.057,384.446,102.595,139.785
688.264,386.144,99.5773,135.674
686.306,385.532,99.5773,135.674
685.111,386.134,97.6152,133.001
682.399,384.346,99.5773,135.674
680.331,383.666,99.5773,135.674
678.861,383.251,99.5773,135.674
677.442,382.448,99.5773,135.674
676.192,381.528,100.573,137.031
675.058,381.823,98.5914,134.331
673.059,380.739,98.5914,134.331
670.697,379.301,99.5773,135.674
668.173,378.171,99.5773,135.674
664.998,376.286,101.579,138.401
661.374,376.678,98.5914,134.331
657.365,376.508,97.6152,133.001
652.573,373.881,100.573,137.031
648.062,374.554,97.6152,133.001
643.637,374.234,96.6487,131.684
638.426,372.639,97.6152,133.001
633.839,370.182,100.573,137.031
629.112,370.438,98.5913,134.331
626.29,372.03,95.6918,130.38
622.39,371.79,94.7443,129.089
619.005,371.052,94.7443,129.089
616.323,371.242,93.8063,127.811
612.42,369.539,94.7443,129.089
609.408,368.279,95.6918,130.38
604.333,365.332,97.6152,133.001
602.582,366.53,95.6918,130.38
600.345,366.266,95.6918,130.38
598.304,365.594,95.6918,130.38
594.875,362.514,98.5913,134.331
594.552,364.43,95.6918,130.38
592.509,364.071,95.6918,130.38
590.92,363.448,95.6918,130.38
589.811,362.978,95.6918,130.38
588.885,362.37,95.6918,130.38
587.794,362.04,95.6918,130.38
586.777,361.579,95.6918,130.38
586.148,361.313,95.6918,130.38
585.125,360.742,95.6918,130.38
585.172,361.856,93.8063,127.811
583.568,360.133,95.6918,130.38
583.56,359.777,95.6918,130.38
583.418,360.734,93.8063,127.811
583.455,361.249,92.8775,126.546
583.395,361.038,92.8775,126.546
582.602,358.316,95.6918,130.38
582.481,357.974,95.6918,130.38
583.754,358.982,93.8063,127.811
584.109,359.27,92.8775,126.546
584.387,359.182,92.8775,126.546
583.875,356.722,95.6918,130.38
585.556,357.687,93.8063,127.811
585.512,356.928,94.7443,129.089
586.636,357.039,93.8063,127.811
587.29,355.23,95.6918,130.38
588.558,355.583,94.7443,129.089
589.548,355.216,94.7443,129.089
590.763,354.569,94.7443,129.089
590.939,351.466,97.6152,133.001
593.761,352.971,95.6918,130.38
595.32,352.645,95.6918,130.38
596.611,352.253,95.6918,130.38
597.891,351.746,95.6918,130.38
598.67,348.603,98.5913,134.331
601.822,350.654,95.6918,130.38
603.932,350.532,95.6918,130.38
606.409,351.081,94.7443,129.089
609.184,352.426,92.8775,126.546
611.576,352.354,92.8775,126.546
612.716,349.757,95.6918,130.38
615.035,349.157,95.6918,130.38
617.273,348.593,95.6918,130.38
620.725,350.772,92.8775,126.546
622.666,348.639,95.6918,130.38
626,350.733,92.8775,126.546
627.134,348.506,95.6918,130.38
628.853,347.152,96.6487,131.684
631.704,346.835,96.6487,131.684
633.145,344.266,99.5772,135.674
635.66,343.283,100.573,137.031
638.299,342.672,101.579,138.401
641.697,343.307,100.573,137.031
644.199,342.678,101.579,138.401
647.341,343.689,99.5772,135.674
649.567,343.057,100.573,137.031
652.606,344.188,98.5913,134.331
655.31,342.097,101.579,138.401
657.905,340.733,102.595,139.785
660.684,340.57,102.595,139.785
663.565,342.503,99.5772,135.674
665.048,339.876,102.595,139.785
669.253,342.022,99.5772,135.674
672.239,341.443,100.573,137.031
675.016,340.274,101.579,138.401
677.88,339.758,101.579,138.401
681.411,340.314,100.573,137.031
684.225,340.184,100.573,137.031
687.152,340.175,100.573,137.031
688.955,339.241,101.579,138.401
690.8,337.669,102.595,139.785
694.574,339.663,100.573,137.031
697.824,340.497,98.5913,134.331
699.023,338.748,101.579,138.401
700.927,337.46,102.595,139.785
702.652,337.17,102.595,139.785
703.856,335.623,104.657,142.595
706.195,335.837,104.657,142.595
709.24,336.699,103.62,141.183
711.538,337.738,102.595,139.785
713.94,338.253,102.595,139.785
715.393,338.781,102.595,139.785
717.8,339.337,102.595,139.785
719.368,339.702,102.595,139.785
720.858,340.7,102.595,139.785
721.235,339.519,104.657,142.595
720.922,338.819,106.76,145.461
716.221,337.281,108.906,148.385
713.602,338.073,107.828,146.916
709.989,341.342,104.657,142.595
704.047,341.72,104.657,142.595
699.581,343.393,103.62,141.183
692.806,343.026,104.657,142.595
684.282,341.113,107.828,146.916
674.086,341.097,108.906,148.385
662.386,341.28,108.906,148.385
650.485,342.222,108.906,148.385
637.289,343.417,108.906,148.385
622.18,343.847,111.095,151.367
605.065,343.676,113.328,154.41
586.464,346.508,111.095,151.367
567.028,347.718,111.095,151.367
544.772,348.313,112.206,152.881
521.755,347.807,115.606,157.513
501.424,348.408,119.109,162.286
478.203,348.548,122.718,167.204
458.868,350.429,126.437,172.27
439.396,355.132,123.945,168.876
420.133,358.01,126.437,172.27
399.65,356.823,130.268,177.49
391.223,362.204,128.978,175.733
383.183,365.023,132.886,181.057
376.277,366.271,131.571,179.265
371.456,369.919,132.886,181.057
364.545,370.494,130.268,177.49
370.358,375.598,134.215,182.868
360.432,372.42,135.557,184.697
359.18,371.073,139.665,190.293
362.39,374.558,136.913,186.544
369.727,379.225,134.215,182.868
367.503,380.991,130.268,177.49
372.138,384.258,128.978,175.733
372.148,386.363,125.185,170.564
370.391,384.978,127.701,173.993
370.162,388.972,125.185,170.564
369.832,388.017,127.701,173.993
368.702,387.518,131.571,179.265
364.628,385.477,135.557,184.697
361.002,385.448,135.557,184.697
362.967,390.738,131.571,179.265
358.293,388.023,135.557,184.697
353.561,388.25,136.913,186.544
349.115,386.9,141.061,192.196
349.722,389.751,139.665,190.293
346.539,388.874,142.472,194.118
346.849,389.816,142.472,194.118
345.942,389.933,143.897,196.059
347.548,392.916,142.472,194.118
349.565,395.992,138.282,188.409
350.15,396.986,139.665,190.293
349.012,396.472,141.061,192.196
350.944,400.013,138.282,188.409
351.891,404.038,134.215,182.868
352.022,402.741,138.282,188.409
351.662,400.58,141.061,192.196
351.771,401.87,141.061,192.196
355.037,404.722,136.913,186.544
357.928,407.586,135.557,184.697
359.291,408.54,135.557,184.697
358.73,406.145,139.665,190.293
358.59,404.822,142.472,194.118
360.473,402.92,145.336,198.02
364.858,407.749,141.061,192.196
363.689,405.117,145.336,198.02
367.69,408.325,141.061,192.196
368.266,406.223,145.336,198.02
373.19,407.839,143.897,196.059
375.04,407.234,145.336,198.02
378.953,408.547,143.897,196.059
381.217,408.563,145.336,198.02
384.852,410.044,143.897,196.059
386.94,409.719,145.336,198.02
393.695,413.131,141.061,192.196
396.062,411.846,143.897,196.059
400.846,413.192,142.472,194.118
402.909,411.142,145.336,198.02
407.177,412.228,145.336,198.02
411.298,411.997,145.336,198.02
414.846,412.301,145.336,198.02
419.056,412.203,145.336,198.02
423.038,411.773,146.789,200
427.517,413.116,145.336,198.02
433.526,414.478,143.897,196.059
438.958,414.075,145.336,198.02
440.699,412.377,148.257,202
444.03,410.331,151.237,206.06
450.427,412.971,148.257,202
456.987,415.61,143.897,196.059
462.109,414.976,145.336,198.02
467.103,415.942,143.897,196.059
471.268,415.319,143.897,196.059
475.003,413.349,146.789,200
484.188,417.103,142.472,194.118
488.327,416.258,143.897,196.059
490.548,413.464,148.257,202
494.235,412.259,149.74,204.02
501.076,413.23,148.257,202
507.562,413.162,148.257,202
512.941,413.448,148.257,202
516.75,412.39,149.74,204.02
522.47,413.335,148.257,202
527.338,414.819,145.336,198.02
532.203,416.698,142.472,194.118
537.179,418.913,139.665,190.293
538.242,415.408,143.897,196.059
541.103,412.47,146.789,200
542.295,409.845,151.237,206.06
546.558,413.31,146.789,200
549.502,412.114,148.257,202
554.117,414.482,143.897,196.059
555.686,412.557,146.789,200
555.995,409.784,151.237,206.06
560.893,411.774,148.257,202
564.058,413.438,145.336,198.02
565.309,411.451,146.789,200
567.268,412.133,145.336,198.02
569.296,412.901,143.897,196.059
570.695,412.441,143.897,196.059
571.279,411.028,145.336,198.02
574.694,411.952,143.897,196.059
574.219,409.222,148.257,202
570.505,407.631,149.74,204.02
559.748,406.229,148.257,202
561.125,407.68,145.336,198.02
569.769,405.317,149.74,204.02
574.498,406.329,148.257,202
