607.501,343.998,17,8
607.745,344.519,16.665,7.84237
607.087,344.256,16.1749,7.61173
606.389,344.223,16.1749,7.61173
605.172,344.218,16.3367,7.68784
604.713,344.814,15.8562,7.46174
604.562,345.08,15.6992,7.38787
603.994,345.294,15.6992,7.38787
603.055,345.112,15.2375,7.17059
602.166,345.067,15.5438,7.31472
601.308,344.984,15.5438,7.31472
600.77,345.061,15.2375,7.17059
600.202,345.337,15.6992,7.38787
599.567,345.297,15.2375,7.17059
599.227,345.531,15.6992,7.38787
599.045,345.319,15.2375,7.17059
599.034,345.423,15.2375,7.17059
599.099,345.366,15.2375,7.17059
599.312,345.348,15.2375,7.17059
600.396,345.664,14.7894,6.9597
600.377,345.306,15.2375,7.17059
600.622,345.368,15.2375,7.17059
600.899,345.292,15.2375,7.17059
601.555,345.334,15.2375,7.17059
602.489,345.738,14.7894,6.9597
602.501,345.366,15.2375,7.17059
602.897,345.565,15.6992,7.38787
602.616,345.129,16.1749,7.61173
603.501,345.816,15.6992,7.38787
603.862,346.064,15.6992,7.38787
603.697,345.668,16.1749,7.61173
604.467,345.996,15.6992,7.38787
604.106,345.691,16.1749,7.61173
605.051,345.966,15.6992,7.38787
605.408,346.118,15.2375,7.17059
605.652,346.113,15.2375,7.17059
605.944,346.278,15.6992,7.38787
605.572,345.933,16.1749,7.61173
606.258,345.887,16.1749,7.61173
606.626,346.008,16.5,7.76472
607.137,346.005,16.5,7.76472
607.378,345.908,16.0148,7.53636
607.49,345.859,16.5,7.76472
607.938,345.847,16.5,7.76472
608.161,345.806,16.5,7.76472
608.46,345.689,16.5,7.76472
608.898,345.642,16.5,7.76472
609.129,345.549,16.5,7.76472
608.979,344.935,16.1749,7.61173
609.564,345.016,16.5,7.76472
609.847,344.781,16.5,7.76472
610.095,344.577,16.5,7.76472
609.948,343.794,16.1749,7.61173
610.352,343.787,16.5,7.76472
610.414,343.198,16.1749,7.61173
610.547,342.516,16.1749,7.61173
610.528,341.991,16.1749,7.61173
610.617,341.745,16.1749,7.61173
611.394,341.968,15.6992,7.38787
610.893,341.131,16.1749,7.61173
611.238,340.887,16.5,7.76472
611.269,340.608,16.5,7.76472
611.636,340.024,16.5,7.76472
611.65,339.784,16.5,7.76472
611.486,339.086,16.1749,7.61173
611.857,338.815,16.5,7.76472
611.904,338.528,16.5,7.76472
611.652,337.66,16.1749,7.61173
611.526,337.086,16.1749,7.61173
611.73,336.84,16.1749,7.61173
611.51,336.438,16.1749,7.61173
611.397,335.872,16.1749,7.61173
611.198,335.865,16.5,7.76472
611.188,335.439,16.5,7.76472
611.018,334.882,16.5,7.76472
610.829,334.145,16.1749,7.61173
610.888,333.914,16.5,7.76472
610.706,333.588,16.5,7.76472
610.716,333.02,16.5,7.76472
610.427,332.748,16.5,7.76472
610.563,332.276,16.5,7.76472
610.335,331.731,16.5,7.76472
609.916,331.057,16.1749,7.61173
609.87,331.055,16.5,7.76472
609.647,330.8,16.5,7.76472
609.503,330.212,16.1749,7.61173
609.555,330.222,16.5,7.76472
609.308,330.079,16.5,7.76472
609.463,330.024,16.5,7.76472
609.208,329.843,16.5,7.76472
609.078,329.651,16.5,7.76472
608.766,329.165,16.1749,7.61173
608.663,328.884,16.1749,7.61173
608.605,328.803,16.1749,7.61173
608.631,328.764,16.1749,7.61173
608.691,329.098,16.5,7.76472
608.553,329.178,16.5,7.76472
608.523,329.207,16.5,7.76472
608.623,329.242,16.5,7.76472
608.594,329.275,16.5,7.76472
608.54,329.039,16.1749,7.61173
609.064,329.365,16.5,7.76472
609.279,329.377,16.5,7.76472
609.673,329.138,16.1749,7.61173
610.037,329.111,16.1749,7.61173
610.306,329.042,16.1749,7.61173
610.542,329.155,16.1749,7.61173
610.988,329.235,16.1749,7.61173
611.404,329.565,16.5,7.76472
611.673,329.282,16.1749,7.61173
612.201,329.321,16.1749,7.61173
612.452,329.35,16.1749,7.61173
612.886,329.366,16.1749,7.61173
613.154,329.367,16.1749,7.61173
613.444,329.386,16.1749,7.61173
613.988,329.44,16.1749,7.61173
614.606,329.644,16.5,7.76472
615.117,329.928,16.5,7.76472
615.442,329.901,16.5,7.76472
616.057,329.831,16.5,7.76472
616.369,329.891,16.5,7.76472
616.983,329.852,16.5,7.76472
617.346,329.807,16.5,7.76472
617.847,329.795,16.5,7.76472
618.228,329.761,16.5,7.76472
618.681,329.735,16.5,7.76472
619.451,329.595,16.5,7.76472
620.014,329.251,16.5,7.76472
620.108,328.914,16.1749,7.61173
620.297,328.87,16.1749,7.61173
621.039,329.082,16.5,7.76472
621.593,329.072,16.5,7.76472
622.011,328.787,16.1749,7.61173
622.331,329.004,16.5,7.76472
622.974,328.95,16.5,7.76472
623.533,328.897,16.5,7.76472
623.866,328.919,16.5,7.76472
624.229,328.829,16.5,7.76472
624.66,328.782,16.5,7.76472
625.265,328.686,16.5,7.76472
626.099,328.645,16.5,7.76472
626.386,328.571,16.5,7.76472
626.815,328.269,16.5,7.76472
626.995,327.912,16.1749,7.61173
627.623,328.099,16.5,7.76472
628.12,328.043,16.5,7.76472
628.217,327.75,16.1749,7.61173
628.873,327.835,16.5,7.76472
629.344,327.799,16.5,7.76472
629.951,327.782,16.5,7.76472
630.452,327.691,16.5,7.76472
630.972,327.554,16.5,7.76472
631.525,327.276,16.5,7.76472
632.032,327.141,16.5,7.76472
632.111,326.936,16.1749,7.61173
632.959,327.161,16.5,7.76472
633.303,326.815,16.1749,7.61173
633.983,327.093,16.5,7.76472
634.656,327.052,16.5,7.76472
635.097,326.981,16.5,7.76472
635.729,326.985,16.5,7.76472
636.356,326.933,16.5,7.76472
636.911,326.938,16.5,7.76472
637.213,326.917,16.5,7.76472
637.66,326.901,16.5,7.76472
638.321,326.903,16.5,7.76472
638.991,326.954,16.5,7.76472
639.446,326.895,16.5,7.76472
639.99,326.855,16.5,7.76472
640.324,326.893,16.5,7.76472
641.028,326.837,16.5,7.76472
641.391,326.851,16.5,7.76472
641.887,326.827,16.5,7.76472
642.202,326.803,16.5,7.76472
642.602,326.786,16.5,7.76472
643.262,326.745,16.5,7.76472
643.721,326.628,16.5,7.76472
643.988,326.596,16.5,7.76472
644.061,325.985,16.665,7.84237
644.632,326.207,16.5,7.76472
645.327,326.117,16.5,7.76472
645.751,326.124,16.5,7.76472
645.979,326.094,16.5,7.76472
646.237,326.078,16.5,7.76472
646.589,326.134,16.5,7.76472
647.142,326.029,16.5,7.76472
647.195,325.993,16.5,7.76472
647.428,325.955,16.5,7.76472
647.766,325.959,16.5,7.76472
647.951,325.894,16.5,7.76472
648.205,325.837,16.5,7.76472
648.426,325.825,16.5,7.76472
648.91,325.741,16.5,7.76472
649.003,325.732,16.5,7.76472
649.391,325.762,16.5,7.76472
649.967,325.594,16.5,7.76472
650.249,325.268,16.5,7.76472
650.186,324.994,16.665,7.84237
651.008,325.244,16.5,7.76472
650.764,324.951,16.665,7.84237
651.213,324.994,16.665,7.84237
651.99,325.206,16.5,7.76472
652.215,325.241,16.5,7.76472
652.18,324.948,16.665,7.84237
653.075,325.293,16.5,7.76472
653.429,325.357,16.5,7.76472
653.593,325.018,16.665,7.84237
653.764,325.101,16.665,7.84237
654.516,325.478,16.5,7.76472
655.035,325.589,16.5,7.76472
655.469,325.656,16.5,7.76472
656.009,325.965,16.5,7.76472
655.84,325.728,16.665,7.84237
656.188,325.885,16.665,7.84237
657.057,326.316,16.5,7.76472
656.813,326.084,16.665,7.84237
656.85,326.204,16.665,7.84237
656.84,326.263,16.665,7.84237
657.178,326.75,16.5,7.76472
656.695,326.866,16.665,7.84237
656.636,326.977,16.665,7.84237
656.56,327.082,16.665,7.84237
656.51,327.217,16.665,7.84237
656.364,327.236,16.665,7.84237
656.455,327.216,16.665,7.84237
656.232,327.213,16.665,7.84237
656.109,327.195,16.665,7.84237
655.75,327.208,16.665,7.84237
655.646,327.234,16.665,7.84237
655.306,327.244,16.665,7.84237
654.766,327.331,16.665,7.84237
654.214,327.341,16.665,7.84237
653.917,327.354,16.665,7.84237
653.476,327.492,16.665,7.84237
653.217,327.615,16.665,7.84237
652.688,327.895,16.665,7.84237
652.059,328.006,16.665,7.84237
651.456,328.086,16.665,7.84237
651.173,328.14,16.665,7.84237
650.606,328.224,16.665,7.84237
649.886,328.323,16.665,7.84237
649.248,328.34,16.665,7.84237
648.896,328.435,16.665,7.84237
648.26,328.36,16.665,7.84237
647.832,328.406,16.665,7.84237
646.828,328.43,16.665,7.84237
646.199,328.357,16.665,7.84237
645.839,328.433,16.665,7.84237
645.215,328.504,16.665,7.84237
644.777,328.478,16.665,7.84237
643.877,328.582,16.665,7.84237
643.186,328.826,16.665,7.84237
642.674,328.86,16.665,7.84237
642.105,328.862,16.665,7.84237
641.676,328.915,16.665,7.84237
640.872,329.017,16.665,7.84237
640.35,328.98,16.665,7.84237
640.03,328.973,16.665,7.84237
639.348,329.087,16.665,7.84237
639.1,329.039,16.665,7.84237
638.144,329.012,16.665,7.84237
637.644,329.043,16.665,7.84237
637.332,329.003,16.665,7.84237
636.85,329.035,16.665,7.84237
636.376,329.047,16.665,7.84237
635.769,328.943,16.665,7.84237
635.28,328.861,16.665,7.84237
634.921,328.866,16.665,7.84237
634.256,328.755,16.665,7.84237
633.843,328.677,16.665,7.84237
633.102,328.625,16.665,7.84237
632.389,328.6,16.665,7.84237
632.079,328.535,16.665,7.84237
631.417,328.316,16.665,7.84237
631.06,328.267,16.665,7.84237
630.42,328.249,16.665,7.84237
629.974,328.26,16.665,7.84237
629.341,328.283,16.665,7.84237
628.964,328.354,16.665,7.84237
628.339,328.389,16.665,7.84237
627.748,328.464,16.665,7.84237
627.275,328.488,16.665,7.84237
626.815,328.559,16.665,7.84237
626.155,328.598,16.665,7.84237
625.592,328.934,16.665,7.84237
625.22,329.031,16.665,7.84237
624.877,329.228,16.665,7.84237
624.419,329.263,16.665,7.84237
624.121,329.303,16.665,7.84237
623.531,329.423,16.665,7.84237
623.077,329.642,16.665,7.84237
622.459,330.065,16.665,7.84237
622.045,330.231,16.665,7.84237
621.374,330.385,16.665,7.84237
620.955,330.593,16.665,7.84237
620.189,331.027,16.665,7.84237
619.889,331.1,16.665,7.84237
619.416,331.222,16.665,7.84237
618.816,331.42,16.665,7.84237
618.039,331.625,16.665,7.84237
617.439,331.805,16.665,7.84237
617.287,331.789,16.665,7.84237
617.031,331.841,16.665,7.84237
616.192,331.881,16.665,7.84237
615.78,331.97,16.665,7.84237
614.928,331.922,16.665,7.84237
614.116,331.824,16.665,7.84237
613.407,331.803,16.665,7.84237
612.819,331.853,16.665,7.84237
611.988,331.829,16.665,7.84237
611.21,331.827,16.665,7.84237
610.825,331.703,16.665,7.84237
610.112,331.711,16.665,7.84237
609.318,331.614,16.665,7.84237
608.983,331.589,16.665,7.84237
607.897,331.575,16.665,7.84237
607.281,331.409,17,8
606.363,331.138,17.3417,8.1608
605.691,331.164,17.3417,8.1608
604.953,331.226,17.3417,8.1608
604.388,331.256,17.3417,8.1608
603.64,331.364,17.3417,8.1608
602.977,331.377,17.3417,8.1608
602.899,331.412,17.3417,8.1608
602.598,331.647,17.6903,8.32483
601.397,331.5,18.2263,8.57708
601.214,331.561,18.2263,8.57708
600.369,331.402,18.7786,8.83698
600.637,331.712,19.156,9.0146
600.11,331.265,19.5411,9.19579
600.083,331.329,19.5411,9.19579
600.291,331.583,19.9338,9.38063
599.705,331.187,20.3345,9.56918
599.735,331.266,20.3345,9.56918
600.03,331.539,20.7432,9.76152
599.482,331.119,21.1602,9.95773
599.308,331.025,21.8013,10.2595
599.708,331.18,21.1602,9.95773
600.224,331.684,20.7432,9.76152
600.61,331.923,20.7432,9.76152
600.395,331.409,21.1602,9.95773
600.488,331.214,21.1602,9.95773
600.444,331.07,21.8013,10.2595
600.561,331.133,21.8013,10.2595
600.41,331.177,21.8013,10.2595
600.778,331.196,21.1602,9.95773
600.64,331.176,21.8013,10.2595
601.027,331.191,21.8013,10.2595
600.936,331.245,21.8013,10.2595
601.106,331.207,21.8013,10.2595
601.038,331.271,21.8013,10.2595
601.079,331.25,21.8013,10.2595
600.901,331.128,22.0194,10.3621
601.18,331.232,21.8013,10.2595
601.191,331.183,21.8013,10.2595
601.085,331.179,21.8013,10.2595
601.082,331.182,21.8013,10.2595
600.734,330.918,22.4619,10.5703
601.255,330.985,21.8013,10.2595
601.257,330.98,21.8013,10.2595
600.979,330.783,22.4619,10.5703
600.944,330.784,22.4619,10.5703
600.954,330.769,22.4619,10.5703
601.049,330.794,22.4619,10.5703
601.033,330.841,22.4619,10.5703
601.019,330.899,22.4619,10.5703
601.156,330.94,22.4619,10.5703
601.39,330.898,22.4619,10.5703
601.911,330.943,22.4619,10.5703
602.447,331.105,21.8013,10.2595
602.271,330.938,22.4619,10.5703
602.667,330.894,22.4619,10.5703
602.404,330.703,23.1426,10.8906
602.942,330.961,22.4619,10.5703
602.729,330.697,23.1426,10.8906
603.594,331.009,22.4619,10.5703
603.824,331.089,22.4619,10.5703
603.567,330.87,23.1426,10.8906
603.677,330.901,23.1426,10.8906
603.794,330.98,23.1426,10.8906
604.096,331.057,23.1426,10.8906
605.099,331.53,22.4619,10.5703
604.928,331.297,23.1426,10.8906
605.004,331.316,23.1426,10.8906
605.611,331.376,23.374,10.9995
605.578,331.432,23.374,10.9995
605.244,331.167,24.0822,11.3328
605.264,331.185,24.0822,11.3328
605.288,331.232,24.0822,11.3328
605.407,331.241,24.0822,11.3328
605.45,331.31,24.0822,11.3328
605.314,331.119,24.812,11.6762
605.554,331.161,24.812,11.6762
606.206,331.726,24.3231,11.4461
605.782,331.295,24.812,11.6762
605.996,331.317,24.812,11.6762
606.386,331.492,24.0822,11.3328
606.031,331.313,24.812,11.6762
606.053,331.29,24.812,11.6762
605.586,331.189,25.5638,12.03
605.648,331.296,25.5638,12.03
605.792,331.317,25.5638,12.03
606.228,331.364,25.5638,12.03
606.762,331.559,24.812,11.6762
606.737,331.637,24.812,11.6762
606.527,331.578,25.5638,12.03
606.518,331.971,25.5638,12.03
606.102,331.878,26.3384,12.3945
606.698,332.158,25.5638,12.03
606.41,332.096,26.3384,12.3945
606.47,332.078,27.1365,12.7701
607.063,332.363,26.3384,12.3945
607.159,332.728,26.3384,12.3945
607.455,332.839,26.3384,12.3945
607.976,332.91,26.3384,12.3945
607.759,332.817,27.1365,12.7701
607.864,332.819,27.1365,12.7701
607.973,332.854,27.1365,12.7701
608.737,332.962,26.8678,12.6437
608.896,332.914,26.8678,12.6437
609.026,332.934,26.8678,12.6437
608.848,332.821,27.1365,12.7701
608.969,332.864,27.1365,12.7701
609.425,332.941,27.1365,12.7701
609.725,333.075,26.8678,12.6437
609.759,333.039,27.1365,12.7701
609.922,333.083,27.1365,12.7701
610.074,333.108,27.1365,12.7701
610.767,333.281,26.8678,12.6437
610.573,333.435,27.6819,13.0268
611.056,333.643,27.1365,12.7701
611.291,333.617,27.6819,13.0268
611.137,333.593,28.5207,13.4215
611.158,333.527,29.094,13.6913
611.827,333.565,29.094,13.6913
611.926,333.562,29.094,13.6913
612.198,333.635,29.094,13.6913
612.997,333.906,28.5207,13.4215
612.854,334.27,29.3849,13.8282
613.576,334.299,28.5207,13.4215
613.65,334.416,29.3849,13.8282
613.729,334.485,29.3849,13.8282
614.126,334.451,28.5207,13.4215
613.845,334.294,29.094,13.6913
614.174,334.346,29.094,13.6913
614.304,334.219,29.9755,14.1061
614.423,334.214,29.9755,14.1061
615.111,334.478,29.094,13.6913
615.983,334.66,28.5207,13.4215
615.91,334.544,29.094,13.6913
615.746,334.41,29.9755,14.1061
616.791,334.588,29.094,13.6913
616.597,334.438,29.9755,14.1061
617.619,334.693,29.094,13.6913
617.526,334.967,29.9755,14.1061
618.719,335.423,29.3849,13.8282
618.37,335.1,29.9756,14.1061
618.635,335.268,29.9756,14.1061
618.899,335.164,30.5781,14.3897
619.533,335.436,29.9756,14.1061
619.831,335.458,30.5781,14.3897
619.754,335.839,31.1927,14.6789
620.259,336.039,30.5781,14.3897
620.694,336.123,30.5781,14.3897
621.192,336.326,30.5781,14.3897
620.835,336.64,31.5046,14.8257
621.011,336.604,32.1378,15.1237
621.506,336.88,31.5046,14.8257
621.781,336.973,31.5046,14.8257
622.345,337.057,31.5046,14.8257
622.675,337.314,31.5046,14.8257
622.814,337.717,31.5046,14.8257
623.159,337.715,32.1379,15.1237
623.464,337.779,32.1379,15.1237
624.117,337.854,32.1379,15.1237
624.908,337.997,31.5046,14.8257
625.363,338.089,31.5046,14.8257
625.349,338.428,32.1379,15.1237
625.222,338.247,32.7838,15.4277
626.093,338.568,32.1379,15.1237
626.459,338.688,32.1379,15.1237
627.252,338.657,32.1379,15.1237
627.38,338.563,32.7838,15.4277
627.818,338.618,32.7838,15.4277
627.796,338.402,33.4428,15.7378
628.516,338.534,33.4428,15.7378
628.868,338.585,33.4428,15.7378
629.081,338.482,34.115,16.0541
629.151,338.883,34.115,16.0541
629.378,338.896,34.115,16.0541
629.763,338.908,34.115,16.0541
630.731,339.418,33.7772,15.8952
630.988,339.255,33.4428,15.7378
631.673,339.552,32.7838,15.4277
632.119,339.586,32.7838,15.4277
632.873,339.516,32.7838,15.4277
632.701,339.385,33.4428,15.7378
632.9,339.716,33.4428,15.7378
633.847,340.297,32.7838,15.4277
634.142,340.419,33.7772,15.8952
634.43,340.362,33.4428,15.7378
634.882,340.672,33.4428,15.7378
635.924,341.353,32.7838,15.4277
635.89,341.183,33.4428,15.7378
636.745,341.469,33.4428,15.7378
637.362,341.707,33.4428,15.7378
637.86,342.05,33.4428,15.7378
638.987,342.558,32.7838,15.4277
639.221,342.717,32.7838,15.4277
639.494,342.949,33.7772,15.8952
639.06,343.353,34.4561,16.2146
638.642,343.015,35.1487,16.5406
638.467,343.174,35.1487,16.5406
638.489,343.181,35.1487,16.5406
638.329,343.398,35.1487,16.5406
638.473,343.958,35.1487,16.5406
638.4,344.172,35.1487,16.5406
639.025,344.651,34.115,16.0541
639.259,345.273,33.4428,15.7378
639.291,345.55,33.4428,15.7378
639.431,345.749,33.4428,15.7378
639.138,345.987,34.115,16.0541
639.054,346.25,34.115,16.0541
639.135,346.373,34.115,16.0541
639.002,346.935,34.4561,16.2146
638.362,346.978,35.5002,16.706
638.104,347.027,35.1487,16.5406
637.149,347.126,35.8552,16.873
637.773,348.155,34.8007,16.3768
637.658,348.356,34.4561,16.2146
637.601,348.727,33.7772,15.8952
636.6,349.062,34.4561,16.2146
635.704,349.307,34.115,16.0541
635.425,349.583,34.4561,16.2146
635.366,350.09,34.4561,16.2146
634.529,349.99,35.5002,16.706
633.923,349.916,35.1487,16.5406
633.091,350.471,36.2137,17.0418
632.751,350.429,35.8552,16.873
632.126,350.454,36.5759,17.2122
631.728,351.133,35.8552,16.873
632.103,351.872,35.5002,16.706
631.639,351.929,35.1487,16.5406
630.527,351.963,35.8552,16.873
629.77,352.209,35.8552,16.873
629.721,353.25,35.1487,16.5406
628.879,353.98,35.5002,16.706
626.043,355.254,36.2137,17.0418
624.008,355.621,36.9416,17.3843
622.093,355.525,38.061,17.9111
620.275,355.378,39.2143,18.4538
618.947,355.893,40.0025,18.8247
618.001,356.167,40.0025,18.8247
617.006,357.123,40.4025,19.013
616.214,357.949,39.2143,18.4538
615.385,358.24,39.2143,18.4538
614.314,358.47,39.2143,18.4538
613.197,359.049,40.0025,18.8247
611.898,359.267,40.8066,19.2031
610.872,359.912,40.8066,19.2031
609.93,361.009,40.0025,18.8247
608.317,361.125,40.8066,19.2031
607.417,361.9,40.8066,19.2031
606.097,362.858,40.8066,19.2031
605.394,363.02,40.8066,19.2031
604.523,364.003,40.0025,18.8247
603.022,364.116,40.8066,19.2031
601.282,364.586,41.6268,19.5891
599.477,364.24,42.8881,20.1826
597.923,364.35,43.7501,20.5883
596.574,365.339,43.7501,20.5883
594.225,365.448,45.0758,21.2122
592.88,365.92,46.4417,21.8549
591.594,366.322,45.9818,21.6385
589.308,366.737,47.3751,22.2942
586.628,367.033,48.8107,22.9697
585.169,367.75,49.7917,23.4314
583.761,367.439,50.2897,23.6657
583.383,368.004,49.7917,23.4314
581.657,369.292,48.8107,22.9697
579.624,370.014,48.8107,22.9697
578.136,370.912,49.2988,23.1994
577.589,372.214,47.8489,22.5171
575.008,372.089,48.8107,22.9697
572.902,372.871,48.8107,22.9697
570.816,373.826,48.8107,22.9697
569.336,374.188,48.8107,22.9697
569.008,375.03,47.3751,22.2942
565.735,375.302,48.8107,22.9697
563.883,375.778,50.2897,23.6657
563.416,377.275,48.8107,22.9697
561.92,378.024,50.2897,23.6657
561.473,379.133,48.8107,22.9697
561.003,380.441,48.3274,22.7423
559.085,381.07,49.7917,23.4314
556.633,381.499,51.3005,24.1414
553.842,382.377,52.8549,24.8729
550.584,382.914,54.4565,25.6266
549.288,384.02,54.4565,25.6266
547.221,384.38,55.5511,26.1417
544.326,385.379,57.2343,26.9338
542.424,386.454,57.2343,26.9338
540.069,386.805,58.3847,27.4752
537.773,387.581,58.9686,27.7499
535.228,388.197,60.7554,28.5908
533.898,389.761,60.7554,28.5908
531.791,389.75,61.3629,28.8767
530.379,391.733,60.7554,28.5908
529.232,392.547,60.7554,28.5908
527.949,393.541,60.7554,28.5908
525.631,394.823,60.7554,28.5908
523.313,395.971,60.7554,28.5908
521.024,396.574,62.5963,29.4571
518.558,397.358,63.8545,30.0492
515.241,397.906,65.7894,30.9597
512.033,399,66.4473,31.2693
509.073,400.084,67.7829,31.8978
504.664,400.708,69.8367,32.8643
500.378,401.819,71.9529,33.8602
496.803,402.578,74.1331,34.8862
493.023,404.622,74.1331,34.8862
490.801,405.864,73.3991,34.5408
488.037,406.986,74.1331,34.8862
482.955,407.184,76.3794,35.9433
480.836,409.285,74.1331,34.8862
477.866,410.531,76.3794,35.9433
473.708,411.468,78.6938,37.0324
469.061,411.867,81.0783,38.1545
465.191,413.141,83.535,39.3106
461.819,414.185,84.3704,39.7037
458.463,416.868,81.8891,38.536
453.949,417.49,84.3704,39.7037
449.428,418.608,86.9269,40.9068
445.961,420.275,87.7962,41.3158
440.146,420.809,90.4565,42.5677
432.446,421.908,93.1974,43.8576
429.684,424.587,92.2746,43.4234
427.173,426.769,91.361,42.9934
422.194,427.734,93.1974,43.8576
418.631,429.649,94.1294,44.2962
411.701,433.125,92.2746,43.4234
406.928,434.362,94.1294,44.2962
404.492,437.147,91.361,42.9934
398.391,438.526,93.1974,43.8576
393.048,439.759,96.0214,45.1865
386.781,441.008,98.9309,46.5557
381.027,442.72,101.929,47.9664
375.412,444.67,103.977,48.9305
369.882,445.906,106.067,49.914
365.506,447.775,106.067,49.914
359.752,449.263,105.017,49.4198
352.618,450.157,108.199,50.9173
346.712,450.682,110.374,51.9407
340.911,450.776,112.593,52.9848
335.189,450.442,116.004,54.5902
327.779,451.242,117.164,55.1361
319.527,451.342,119.519,56.2444
313.769,451.955,121.922,57.3749
308.747,453.23,121.922,57.3749
302.512,453.764,120.715,56.8068
293.505,455.181,120.715,56.8068
288.111,456.628,121.922,57.3749
280.76,457.942,120.715,56.8068
274.072,459.538,120.715,56.8068
265.874,460.362,124.372,58.5281
257.09,463.828,120.715,56.8068
250.275,467.573,117.164,55.1362
239.551,468.651,119.519,56.2444
229.963,470.817,121.922,57.3749
221.782,473.671,120.715,56.8068
208.169,475.763,124.372,58.5281
195.506,477.077,128.141,60.3016
183.889,479.001,129.422,60.9046
173.832,483.99,126.872,59.7046
161.679,485.701,128.141,60.3016
146.721,488.102,129.422,60.9046
133.594,491.17,128.141,60.3016
123.84,494.593,124.372,58.5281
109.827,496.14,128.141,60.3016
96.4055,499.299,128.141,60.3016
81.2963,501.741,129.422,60.9046
67.1058,504.757,129.422,60.9046
51.1959,506.263,133.344,62.7501
41.3249,508.444,130.717,61.5137
28.5249,508.863,132.024,62.1288
