736.501,308.512,91,91
735.732,308.952,91,91
733.712,309.377,91,91
731.754,311.022,90.099,90.099
730.079,312.595,87.4492,87.4492
727.435,312.224,87.4492,87.4492
725.041,312.052,87.4492,87.4492
722.849,311.704,87.4492,87.4492
720.179,311.384,88.3237,88.3237
716.109,310.255,91,91
715.505,310.971,89.2069,89.2069
715.545,312.343,86.5834,86.5834
713.437,312.41,88.3237,88.3237
710.015,311.883,91,91
706.763,310.778,93.7574,93.7574
703.925,311.85,94.695,94.695
702.954,313.33,91.91,91.91
702.772,314.369,90.099,90.099
699.605,312.78,92.8291,92.8291
697.369,312.941,92.8291,92.8291
694.931,312.923,91.91,91.91
692.219,312.153,92.8291,92.8291
690.991,313.029,90.099,90.099
687.291,310.386,91.91,91.91
684.713,308.738,92.8291,92.8291
682.731,307.168,92.8291,92.8291
680.467,306.167,92.8291,92.8291
676.787,304.187,95.6419,95.6419
675.095,304.7,93.7574,93.7574
672.278,304.735,93.7574,93.7574
669.632,304.234,94.695,94.695
667.812,304.011,93.7574,93.7574
666.195,302.508,93.7574,93.7574
664.122,300.649,93.7574,93.7574
663.161,299.645,92.8291,92.8291
661.067,296.694,93.7574,93.7574
659.354,294.327,93.7574,93.7574
658.304,292.647,92.8291,92.8291
655.237,289.317,95.6419,95.6419
653.444,288.125,94.695,94.695
650.78,286.763,94.695,94.695
647.592,285.797,94.695,94.695
645.212,286.25,92.8291,92.8291
641.194,285.072,94.695,94.695
638.055,284.065,95.6419,95.6419
635.036,284.303,95.6419,95.6419
631.977,284.409,95.6419,95.6419
628.661,284.819,94.695,94.695
625.542,284.614,94.695,94.695
623.807,284.173,94.695,94.695
622.969,283.277,95.6419,95.6419
624.121,283.783,93.7574,93.7574
625.038,283.849,93.7574,93.7574
626.022,283.903,93.7574,93.7574
625.569,282.403,96.5984,96.5984
628.703,283.797,94.695,94.695
629.181,282.835,96.5984,96.5984
630.552,282.971,97.5643,97.5643
632.196,284.34,96.5984,96.5984
632.548,285.666,96.5984,96.5984
634.435,288.582,94.695,94.695
634.251,290.024,95.6419,95.6419
633.695,291.96,96.5984,96.5984
633.949,294.982,96.5984,96.5984
633.847,297.724,96.5984,96.5984
634.008,299.777,96.5984,96.5984
634.242,301.47,97.5643,97.5643
636.206,303.322,96.5984,96.5984
638.038,303.767,98.54,98.54
642.117,306.036,95.6419,95.6419
643.787,305.265,97.5643,97.5643
646.17,304.706,98.54,98.54
649.562,305.075,96.5984,96.5984
652.93,304.321,96.5984,96.5984
655.682,304.142,96.5984,96.5984
658.723,305.067,94.695,94.695
659.095,304.298,95.6419,95.6419
657.478,303.479,96.5984,96.5984
655.653,303.554,97.5643,97.5643
653.473,303.959,97.5643,97.5643
650.738,304.499,98.54,98.54
648.913,305.569,98.54,98.54
646.226,306.557,99.5254,99.5254
644.829,309.276,98.54,98.54
641.836,310.953,99.5254,99.5254
640.283,313.282,98.54,98.54
638.525,314.834,98.54,98.54
636.368,315.155,99.5254,99.5254
635.836,316.107,99.5254,99.5254
637.175,318.238,96.5984,96.5984
636.809,318.68,97.5644,97.5644
637.649,319.287,96.5984,96.5984
638.986,320.272,95.6419,95.6419
639.88,320.478,94.695,94.695
638.633,318.381,96.5984,96.5984
638.016,317.009,96.5984,96.5984
636.511,315.125,96.5984,96.5984
634.308,313.119,96.5984,96.5984
630.787,310.169,98.54,98.54
626.507,307.181,99.5254,99.5254
621.806,305.364,99.5254,99.5254
616.305,302.776,102.541,102.541
613.737,303.367,99.5254,99.5254
611.445,304.373,96.5984,96.5984
608.111,303.549,98.54,98.54
607.395,304.142,96.5984,96.5984
605.691,302.513,99.5254,99.5254
606.74,302.969,98.54,98.54
606.084,301.565,101.526,101.526
607.127,301.933,100.521,100.521
607.193,301.245,101.526,101.526
609.115,302.21,99.5254,99.5254
611.483,303.317,97.5644,97.5644
611.884,302.895,99.5254,99.5254
612.954,303.458,100.521,100.521
614.963,305.335,98.54,98.54
615.218,304.884,100.521,100.521
617.353,304.785,99.5254,99.5254
618.947,304.046,99.5254,99.5254
621.16,302.444,99.5254,99.5254
623.322,300.448,99.5254,99.5254
626.992,298.787,98.54,98.54
629.985,295.822,99.5254,99.5254
634.758,293.996,98.54,98.54
637.615,290.424,101.526,101.526
641.764,288.721,101.526,101.526
645.897,287.227,101.526,101.526
651.002,288.305,98.54,98.54
653.651,287.891,99.5254,99.5254
656.363,288.206,99.5254,99.5254
657.462,286.774,102.541,102.541
658.454,285.486,104.602,104.602
661.933,286.223,101.526,101.526
664.334,285.204,100.521,100.521
666.793,283.006,100.521,100.521
668.23,279.386,102.541,102.541
670.206,276.283,103.567,103.567
671.849,274.114,103.567,103.567
674.601,273.882,100.521,100.521
674.769,271.852,103.567,103.567
677.385,273.205,101.526,101.526
677.559,273.269,102.541,102.541
677.839,274.279,101.526,101.526
676.848,274.202,101.526,101.526
675.277,274.115,101.526,101.526
673.851,274.031,100.521,100.521
671.283,272.559,101.526,101.526
667.957,271.121,102.541,102.541
665.076,270.606,101.526,101.526
660.479,269.432,102.541,102.541
656.903,269.692,101.526,101.526
651.593,267.943,104.602,104.602
649.429,269.098,102.541,102.541
645.751,268.984,104.602,104.602
644.124,270.939,103.567,103.567
641.608,273.082,103.567,103.567
639.113,275.097,103.567,103.567
636.342,276.984,104.602,104.602
636.576,281.128,101.526,101.526
633.725,282.211,104.602,104.602
632.366,284.937,104.602,104.602
631.896,288.427,103.567,103.567
629.421,290.506,106.705,106.705
629.017,294.614,105.648,105.648
629.869,299.79,102.541,102.541
628.156,302.131,105.648,105.648
626.461,302.86,108.849,108.849
626.167,305.584,108.849,108.849
625.965,308.14,107.772,107.772
623.041,309.583,108.849,108.849
620.825,311.554,107.772,107.772
618.062,312.32,107.772,107.772
614.701,313.164,107.772,107.772
612.733,314.934,105.648,105.648
610.16,315.703,103.567,103.567
605.83,314.762,103.567,103.567
599.877,313.395,106.705,106.705
597.42,313.525,105.648,105.648
595.762,312.016,106.705,106.705
594.823,310.323,107.772,107.772
597.193,310.926,106.705,106.705
599.206,310.801,106.705,106.705
601.024,310.446,106.705,106.705
603.179,310.065,106.705,106.705
605.189,308.691,107.772,107.772
607.387,307.47,109.938,109.938
610.68,307.188,108.849,108.849
614.004,306.766,109.938,109.938
616.925,305.971,111.037,111.037
621.479,306.028,108.849,108.849
625.807,306.056,107.772,107.772
629.672,305.671,107.772,107.772
632.413,304.193,111.037,111.037
636.145,303.914,111.037,111.037
640.871,304.319,108.849,108.849
645.343,304.584,107.772,107.772
648.739,304.081,107.772,107.772
651.839,303.301,108.849,108.849
655.37,302.847,108.849,108.849
658.564,301.521,109.938,109.938
662.209,300.43,109.938,109.938
664.573,297.67,112.148,112.148
668.79,296.441,111.037,111.037
670.422,293.806,112.148,112.148
672.103,293.182,109.938,109.938
672.695,292.128,108.849,108.849
672.606,291.232,108.849,108.849
671.773,289.812,109.938,109.938
670.586,288.523,111.037,111.037
671.229,288.624,108.849,108.849
670.193,287.681,111.037,111.037
668.748,287.336,112.148,112.148
667.686,288.024,112.148,112.148
666.813,288.893,112.148,112.148
665.944,289.878,112.148,112.148
665.904,291.636,111.037,111.037
664.602,292.475,112.148,112.148
662.212,293.155,115.546,115.546
662.007,296.048,112.148,112.148
659.288,296.562,115.546,115.546
659.24,299.555,113.269,113.269
658.274,301.447,113.269,113.269
656.252,302.113,115.546,115.546
655.478,303.716,115.546,115.546
655.029,305.121,115.546,115.546
655.275,307.737,112.148,112.148
654.249,309.193,112.148,112.148
653.581,309.943,114.402,114.402
652.401,310.763,115.546,115.546
652.367,312.144,114.402,114.402
651.227,311.409,116.701,116.701
650.889,311.89,116.701,116.701
650.383,312.349,116.701,116.701
647.923,311.227,119.047,119.047
647.607,312.545,117.868,117.868
646.5,312.673,119.047,119.047
647.236,314.222,117.868,117.868
646.329,314.205,119.047,119.047
646.17,314.883,119.047,119.047
646.264,315.361,119.047,119.047
646.809,316.882,117.868,117.868
646.54,318.243,117.868,117.868
644.942,318.597,119.047,119.047
644.173,319.787,119.047,119.047
643.831,320.679,119.047,119.047
643.102,321.701,119.047,119.047
643.171,322.212,119.047,119.047
642.848,322.783,119.047,119.047
642.228,322.988,119.047,119.047
641.727,322.914,120.238,120.238
641.988,323.626,119.047,119.047
640.992,323.877,121.44,121.44
639.735,324.287,122.654,122.654
640.616,326.381,119.047,119.047
639.817,327.279,119.047,119.047
639.288,328.399,119.047,119.047
637.902,328.193,122.654,122.654
638.376,330.082,119.047,119.047
637.336,330.323,119.047,119.047
636.075,330.69,119.047,119.047
634.695,329.976,120.238,120.238
632.244,328.592,123.881,123.881
632.457,330.275,122.654,122.654
632.395,331.414,120.238,120.238
630.679,331.221,122.654,122.654
628.825,330.241,123.881,123.881
628.35,329.76,123.881,123.881
627.815,329.663,123.881,123.881
627.45,329.604,123.881,123.881
626.309,329.765,123.881,123.881
624.517,330.035,126.371,126.371
623.816,330.756,125.12,125.12
622.741,331.903,125.12,125.12
621.427,333.012,126.371,126.371
619.454,333.412,127.635,127.635
617.68,333.887,127.635,127.635
615.726,334.114,127.635,127.635
614.477,334.044,127.635,127.635
612.296,332.378,128.911,128.911
612.42,332.389,127.635,127.635
611.163,331.911,127.635,127.635
609.708,330.559,127.635,127.635
607.346,328.211,128.911,128.911
606.984,328.885,127.635,127.635
606.455,328.237,127.635,127.635
605.364,327.314,127.635,127.635
603.393,325.344,128.911,128.911
602.936,325.44,127.635,127.635
600.633,322.367,130.2,130.2
600.519,321.492,128.911,128.911
598.631,320.23,130.2,130.2
597.935,319.665,128.911,128.911
595.343,318.392,131.502,131.502
595.33,318.464,128.911,128.911
593.864,316.313,131.502,131.502
593.178,314.315,131.502,131.502
589.993,310.355,135.487,135.487
589.205,308.359,134.145,134.145
589.081,307.472,132.817,132.817
589.627,307.551,131.502,131.502
588.449,304.578,132.817,132.817
588.028,301.651,134.145,134.145
588.578,299.871,132.817,132.817
590.059,299.309,131.502,131.502
590.523,298.309,130.2,130.2
588.6,295.095,134.145,134.145
591.034,295.612,130.2,130.2
590.521,292.721,132.817,132.817
590.289,289.413,136.842,136.842
592.862,290.239,132.817,132.817
593.512,289.676,132.817,132.817
592.97,287.225,136.842,136.842
595.702,289.12,132.817,132.817
597.483,288.921,135.487,135.487
598.588,288.487,136.842,136.842
600.4,288.788,136.842,136.842
603.663,290.448,132.817,132.817
604.689,289.644,135.487,135.487
605.134,287.912,136.842,136.842
607.067,287.011,136.842,136.842
609.944,287.729,135.487,135.487
611.199,286.233,136.842,136.842
613.81,287.283,134.145,134.145
615.74,286.849,135.487,135.487
616.971,285.47,136.842,136.842
616.805,283.34,140.988,140.988
620.201,284.434,138.21,138.21
620.568,283.089,140.988,140.988
623.391,283.863,139.592,139.592
625.195,283.858,138.21,138.21
627.114,282.698,138.21,138.21
628.675,281.832,138.21,138.21
628.818,280.629,139.592,139.592
628.383,280.162,139.592,139.592
626.906,279.648,139.592,139.592
625.721,279.05,139.592,139.592
624.902,278.306,139.592,139.592
623.234,276.607,142.398,142.398
623.557,278.092,139.592,139.592
620.171,275.608,143.822,143.822
619.902,277.066,140.988,140.988
617.278,275.721,143.822,143.822
616.985,276.755,142.398,142.398
616.048,276.337,142.398,142.398
615.772,277.147,139.592,139.592
612.705,275.63,142.398,142.398
610.888,275.039,142.398,142.398
608.595,274.235,142.398,142.398
606.451,273.559,142.398,142.398
604.48,273.097,142.398,142.398
601.147,271.456,145.26,145.26
600.535,272.984,142.398,142.398
598.721,273.37,142.398,142.398
596.298,272.402,145.26,145.26
596.341,272.208,143.822,143.822
596.836,272.53,140.988,140.988
594.241,270.786,145.26,145.26
593.054,271.169,145.26,145.26
591.953,272.172,143.822,143.822
590.101,272.454,145.26,145.26
589.61,272.753,145.26,145.26
589.362,272.223,145.26,145.26
589.487,272.288,145.26,145.26
589.098,271.34,146.713,146.713
588.18,270.402,148.18,148.18
588.353,270.296,148.18,148.18
588.777,269.978,148.18,148.18
589.694,269.81,148.18,148.18
590.562,269.478,148.18,148.18
591.399,269.142,148.18,148.18
591.382,268.551,148.18,148.18
591.339,268.356,148.18,148.18
592.111,267.623,148.18,148.18
593.518,267.426,148.18,148.18
593.294,266.118,151.158,151.158
595.299,267.281,148.18,148.18
594.031,265.272,151.158,151.158
595.924,266.834,148.18,148.18
595.998,266.996,148.18,148.18
594.8,266.141,151.158,151.158
596.314,268.359,148.18,148.18
594.938,267.264,151.158,151.158
592.924,265.612,155.738,155.738
593.52,265.549,155.738,155.738
593.812,265.576,155.738,155.738
594.547,265.25,155.738,155.738
594.449,265.216,155.738,155.738
594.011,265.471,155.738,155.738
593.574,265.986,155.738,155.738
593.159,266.406,155.738,155.738
592.948,266.521,155.738,155.738
592.938,266.492,155.738,155.738
590.443,264.54,160.457,160.457
591.718,267.038,157.296,157.296
591.35,268.222,155.738,155.738
588.021,266.364,160.457,160.457
588.78,268.436,157.296,157.296
587.747,268.326,157.296,157.296
587.009,267.947,157.296,157.296
588.727,269.167,154.196,154.196
586.786,267.375,157.296,157.296
583.518,264.67,162.062,162.062
585.525,266.862,157.296,157.296
585.531,266.611,155.738,155.738
584.167,264.601,157.296,157.296
585.108,264.43,155.738,155.738
584.56,263.346,157.296,157.296
581.975,260.686,162.062,162.062
581.736,260.242,162.062,162.062
583.946,261.576,157.296,157.296
584.823,260.883,155.738,155.738
582.709,257.74,160.457,160.457
582.007,255.744,162.062,162.062
582.086,254.786,162.062,162.062
581.902,253.86,162.062,162.062
582.043,253.011,162.062,162.062
582.295,251.997,162.062,162.062
581.863,250.628,163.683,163.683
582.467,250.705,163.683,163.683
582.985,250.967,163.683,163.683
583.036,250.029,165.319,165.319
586.026,251.889,160.457,160.457
583.729,249.067,165.319,165.319
584.418,249.241,163.683,163.683
585.16,248.933,162.062,162.062
585.439,248.008,162.062,162.062
585.579,247.393,162.062,162.062
585.474,246.541,163.683,163.683
584.584,245.009,168.642,168.642
586.56,246.106,165.319,165.319
588.388,248.526,162.062,162.062
588.805,249.537,162.062,162.062
588.677,249.801,163.683,163.683
590.064,251.529,162.062,162.062
588.897,250.616,165.319,165.319
590.766,251.598,163.683,163.683
592.263,252.885,162.062,162.062
591.563,253.115,163.683,163.683
591.67,253.755,163.683,163.683
590.609,252.834,168.642,168.642
588.58,250.271,173.752,173.752
589.187,250.902,173.752,173.752
590.113,251.979,173.752,173.752
590.35,252.115,175.49,175.49
592.188,254.326,173.752,173.752
592.248,254.659,175.49,175.49
593.106,255.797,175.49,175.49
594.555,257.713,173.752,173.752
594.698,258.363,173.752,173.752
594.638,257.623,175.49,175.49
594.852,257.53,175.49,175.49
594.804,256.821,177.245,177.245
597.034,258.725,173.752,173.752
597.796,259.219,173.752,173.752
597.933,258.652,175.49,175.49
597.891,258.129,177.245,177.245
598.511,258.829,177.245,177.245
600.189,260.953,173.752,173.752
599.53,260.472,175.49,175.49
599.471,259.731,177.245,177.245
600.419,259.829,177.245,177.245
601.061,260.311,177.245,177.245
601.617,260.665,177.245,177.245
601.645,261.313,177.245,177.245
602.621,262.867,175.49,175.49
602.58,263.192,175.49,175.49
602.718,262.963,175.49,175.49
601.767,261.862,177.245,177.245
601.752,261.269,177.245,177.245
602.983,262.028,175.49,175.49
603.094,261.202,177.245,177.245
603.83,261.208,177.245,177.245
603.985,261.386,177.245,177.245
602.774,261.354,180.807,180.807
599.782,260.091,184.442,184.442
598.143,260.508,184.442,184.442
597.633,261.828,182.615,182.615
594.935,260.632,184.442,184.442
591.936,259.453,188.149,188.149
590.439,259.85,188.149,188.149
588.222,259.46,190.03,190.03
585.699,260.41,190.03,190.03
583.658,261.274,190.03,190.03
582.793,262.725,188.149,188.149
580.488,262.175,190.03,190.03
578.829,262.957,190.03,190.03
577.95,264.535,188.149,188.149
572.274,263.028,193.85,193.85
572.649,266.343,190.03,190.03
568.562,264.553,195.789,195.789
566.593,265.339,195.789,195.789
564.653,266.294,195.789,195.789
563.127,267.48,193.85,193.85
563.161,269.512,190.03,190.03
557.96,267.183,195.789,195.789
552.923,264.859,201.721,201.721
551.504,265.476,199.724,199.724
548.944,265.231,201.721,201.721
550.471,268.166,195.789,195.789
545.826,265.737,201.721,201.721
541.272,264.262,205.776,205.776
542.774,266.467,199.724,199.724
539.922,264.626,203.738,203.738
538.378,264.869,203.738,203.738
538.078,266.468,201.721,201.721
535.843,265.177,203.738,203.738
534.754,265.532,203.738,203.738
533.321,265.946,203.738,203.738
531.554,266.651,203.738,203.738
527.647,265.539,207.833,207.833
526.792,265.807,207.833,207.833
528.5,267.807,203.738,203.738
527.987,268.028,203.738,203.738
524.337,265.378,209.912,209.912
523.78,266.214,209.912,209.912
523.832,267.21,209.912,209.912
523.83,268.866,209.912,209.912
523.872,269.996,209.912,209.912
523.889,270.934,209.912,209.912
523.187,270.687,212.011,212.011
523.117,271.288,212.011,212.011
521.079,269.122,216.272,216.272
520.038,268.149,218.435,218.435
520.976,269.466,216.272,216.272
520.173,269.149,218.435,218.435
521.316,270.192,216.272,216.272
522.532,271.763,214.131,214.131
522.349,271.885,216.272,216.272
522.15,272.253,218.435,218.435
523.803,274.32,216.272,216.272
523.275,274.913,218.435,218.435
526.012,278.603,214.131,214.131
524.394,276.976,218.435,218.435
524.998,276.156,218.435,218.435
525.044,275.176,218.435,218.435
525.195,274.471,218.435,218.435
525.778,274.351,218.435,218.435
525,272.458,225.054,225.054
522.67,268.774,231.873,231.873
523.388,268.367,231.873,231.873
523.524,267.842,231.873,231.873
523.573,267.542,231.873,231.873
522.664,265.774,234.192,234.192
523.13,265.317,234.192,234.192
523.765,264.701,234.192,234.192
524.525,264.466,234.192,234.192
525.126,264.769,234.192,234.192
525.111,264.488,234.192,234.192
525.68,264.135,234.192,234.192
526.751,263.502,234.192,234.192
527.764,263.224,234.192,234.192
528.549,262.749,234.192,234.192
529.506,262.627,234.192,234.192
528.148,260.161,241.288,241.288
527.039,258.073,243.701,243.701
526.966,257.176,243.701,243.701
526.841,256.318,243.701,243.701
525.989,254.34,246.138,246.138
526.764,254.483,243.701,243.701
527.273,253.794,243.701,243.701
527.065,253.022,246.138,246.138
528.163,253.275,246.138,246.138
529.284,253.182,246.138,246.138
530.189,253.027,246.138,246.138
527.42,250.093,253.596,253.596
527.838,250.118,256.132,256.132
528.753,251.155,253.596,253.596
528.742,251.313,253.596,253.596
528.813,250.859,253.596,253.596
528.178,249.809,256.132,256.132
526.918,247.717,258.694,258.694
527.962,247.621,256.132,256.132
528.535,247.651,253.596,253.596
525.573,243.271,261.281,261.281
527.503,244.391,258.694,258.694
525.884,242.207,263.893,263.893
525.651,240.776,266.532,266.532
527.664,241.748,263.893,263.893
523.644,237.149,271.89,271.89
525.754,238.406,269.198,269.198
523.728,235.562,271.89,271.89
523.479,234.767,271.89,271.89
523.178,233.918,271.89,271.89
523.013,232.43,271.89,271.89
523.072,230.755,271.89,271.89
519.085,226.346,280.128,280.128
520.474,226.229,277.355,277.355
520.309,225.241,277.355,277.355
519.033,223.489,280.128,280.128
520.701,224.138,277.355,277.355
521.081,223.494,277.355,277.355
520.428,221.651,280.128,280.128
519.28,220.588,282.929,282.929
522.699,223.261,277.355,277.355
523.066,223.673,277.355,277.355
522.219,222.914,280.128,280.128
520.943,222.517,282.929,282.929
521.111,223.131,282.929,282.929
522.099,224.399,282.929,282.929
522.797,225.189,282.929,282.929
523.408,226.166,282.929,282.929
523.848,227.392,282.929,282.929
524.355,228.598,282.929,282.929
524.803,229.929,282.929,282.929
524.888,230.859,282.929,282.929
525.319,231.854,282.929,282.929
526.106,232.857,282.929,282.929
526.098,233.159,282.929,282.929
523.357,230.635,291.502,291.502
518.657,225.879,300.335,300.335
521.154,228.424,294.417,294.417
519.101,226.383,297.362,297.362
519.138,225.035,297.362,297.362
518.679,224.06,297.362,297.362
516.361,221.648,300.335,300.335
512.68,217.491,306.372,306.372
511.902,216.621,306.372,306.372
511.377,215.231,306.372,306.372
511.076,213.374,306.372,306.372
513.829,215.793,300.335,300.335
510.432,211.724,306.372,306.372
507.535,208.234,312.53,312.53
505.98,205.322,315.655,315.655
507.005,206.12,312.53,312.53
505.668,203.559,315.655,315.655
507.017,204.072,312.53,312.53
506.204,201.473,315.655,315.655
506.048,200.324,315.655,315.655
506.591,199.609,318.812,318.812
507.034,199.478,315.655,315.655
509.848,201.727,309.436,309.436
508.422,199.22,312.53,312.53
513.742,203.674,303.339,303.339
514.546,204.675,300.335,300.335
514.246,204.549,300.335,300.335
509.667,200.238,309.436,309.436
514.231,205.07,300.335,300.335
514.18,205.314,300.335,300.335
514.497,205.501,300.335,300.335
510,201.091,309.436,309.436
507.817,198.545,315.655,315.655
508.319,198.663,315.655,315.655
508.185,198.704,315.655,315.655
509.598,200.795,312.53,312.53
510.488,201.939,309.436,309.436
507.403,199.948,315.655,315.655
508.374,201.683,312.53,312.53
509.58,202.899,309.436,309.436
507.869,201.65,312.53,312.53
506.594,200.564,315.655,315.655
506.281,200.614,315.655,315.655
509.223,203.882,309.436,309.436
509.41,204.52,309.436,309.436
508.88,205.005,309.436,309.436
508.888,205.415,309.436,309.436
507.3,203.974,312.53,312.53
508.584,206.827,309.436,309.436
505.228,204.702,315.655,315.655
505.092,205.378,315.655,315.655
505.195,205.747,315.655,315.655
504.734,206.629,315.655,315.655
505.205,206.911,315.655,315.655
505.535,207.834,315.655,315.655
506.474,208.671,315.655,315.655
506.218,209.262,315.655,315.655
506.306,209.702,315.655,315.655
506.247,209.963,315.655,315.655
506.956,209.506,318.812,318.812
501.753,205.498,328.472,328.472
496.139,200.049,338.425,338.425
495.013,199.261,338.425,338.425
493.807,198.147,338.425,338.425
492.446,197.171,338.425,338.425
488.872,193.06,345.227,345.227
490.84,195.073,338.425,338.425
489.868,192.902,338.425,338.425
486.622,189.693,341.809,341.809
486.933,189.715,338.425,338.425
483.444,186.077,341.809,341.809
481.379,183.814,341.809,341.809
479.101,182.102,341.809,341.809
477.479,179.644,341.809,341.809
473.424,175.557,345.227,345.227
471.957,172.584,345.227,345.227
471.953,170.782,341.809,341.809
468.068,166.402,345.227,345.227
465.95,163.22,345.227,345.227
461.87,158.444,348.68,348.68
462.727,159.069,341.809,341.809
456.706,152.163,348.68,348.68
451.284,147.756,355.688,355.688
447.473,144.318,359.245,359.245
449.776,145.092,352.167,352.167
444.018,138.598,359.245,359.245
439.71,133.775,362.837,362.837
443.731,135.807,352.167,352.167
437.6,130.095,359.245,359.245
435.555,128.109,359.245,359.245
433.337,125.733,359.245,359.245
431.392,122.936,359.245,359.245
429.743,120.561,359.245,359.245
424.299,113.927,366.466,366.466
426.463,114.813,359.245,359.245
428.477,115.423,352.167,352.167
427.201,113.587,352.167,352.167
421.847,109.103,359.245,359.245
413.526,101.854,370.131,370.131
418.347,107.107,359.245,359.245
421.049,109.619,352.167,352.167
416.768,106.231,359.245,359.245
408.959,100.116,370.131,370.131
402.347,94.7,381.346,381.346
401.156,95.0974,381.346,381.346
405.931,100.847,370.131,370.131
405.245,101.138,370.131,370.131
402.525,100.016,373.832,373.832
399.306,97.4559,381.346,381.346
398.329,98.5473,381.346,381.346
404.536,105.333,370.131,370.131
405.121,107.657,370.131,370.131
401.914,106.335,377.57,377.57
397.927,104.115,389.011,389.011
401.237,109.892,385.159,385.159
402.82,113.694,385.159,385.159
409.758,123.59,373.832,373.832
411.804,128.318,373.832,373.832
408.819,127.441,385.159,385.159
411.027,132.568,385.159,385.159
411.845,135.928,389.011,389.011
417.187,144.969,381.346,381.346
416.518,147.575,389.011,389.011
419.853,153.159,389.011,389.011
422.636,159.27,389.011,389.011
427.553,166.565,385.159,385.159
428.745,169.94,389.011,389.011
433.009,176.477,385.159,385.159
433.207,178.964,389.011,389.011
435.462,183.638,389.011,389.011
437.09,187.673,389.011,389.011
438.574,191.374,389.011,389.011
436.262,189.792,400.798,400.798
431.762,187.319,408.854,408.854
432.212,189.493,408.854,408.854
434.113,190.66,408.854,408.854
436.004,192.737,408.854,408.854
435.434,193.031,412.943,412.943
437.038,195.816,412.943,412.943
439.103,197.865,412.943,412.943
441.956,199.324,412.943,412.943
446.906,200.48,412.943,412.943
