642.978,521.997,110,132
643.042,522.011,110,132
642.985,522.087,110,132
644.251,523.108,107.833,129.399
643.121,521.882,110,132
644.006,522.8,107.833,129.399
643.796,522.273,107.833,129.399
643.489,521.548,108.911,130.693
642.617,520.35,110,132
643.42,520.638,108.911,130.693
643.482,520.362,108.911,130.693
644.196,521.115,106.765,128.118
644.289,520.304,106.765,128.118
643.917,518.848,107.833,129.399
644.284,519.102,106.765,128.118
643.009,516.852,108.911,130.693
642.574,516.19,108.911,130.693
643.879,517.278,105.708,126.849
643.01,515.238,107.833,129.399
642.478,513.953,108.911,130.693
642.359,513.2,108.911,130.693
641.798,511.981,110,132
642.201,511.849,108.911,130.693
641.147,509.634,111.1,133.32
641.425,509.445,110,132
642.105,509.796,107.833,129.399
641.598,508.303,108.911,130.693
640.974,506.826,110,132
640.676,505.802,110,132
640.573,504.683,110,132
640.715,503.793,110,132
640.377,502.78,110,132
641.754,503.931,106.765,128.118
640.812,501.609,108.911,130.693
641.319,501.284,107.833,129.399
641.81,501.045,106.765,128.118
639.832,497.934,110,132
641.139,498.462,107.833,129.399
640.566,496.801,108.911,130.693
641.596,497.231,106.765,128.118
640.986,495.754,107.833,129.399
639.418,493.067,110,132
639.903,492.944,108.911,130.693
640.451,492.874,107.833,129.399
640,491.634,108.911,130.693
639.916,490.707,108.911,130.693
640.911,491.12,106.765,128.118
639.926,488.899,108.911,130.693
639.801,487.934,108.911,130.693
640.191,487.57,107.833,129.399
640.121,486.688,107.833,129.399
638.515,484.248,110,132
639.421,484.469,108.911,130.693
640.443,485.437,106.765,128.118
639.236,483.054,108.911,130.693
640.294,483.912,105.708,126.849
639.232,481.971,107.833,129.399
638.774,480.825,108.911,130.693
639.181,480.734,107.833,129.399
639.133,479.87,107.833,129.399
637.619,477.792,110,132
639.147,478.613,107.833,129.399
637.668,476.212,110,132
637.513,475.203,110,132
638.378,475.213,108.911,130.693
638.462,474.831,108.911,130.693
639.497,475.467,106.765,128.118
639.54,475.202,106.765,128.118
638.943,473.366,107.833,129.399
638.328,471.945,108.911,130.693
638.398,470.898,108.911,130.693
639.488,471.467,106.765,128.118
639.25,470.797,106.765,128.118
639.195,469.901,106.765,128.118
637.119,466.313,110,132
637.824,466.014,108.911,130.693
636.572,464.333,110,132
637.606,464.58,108.911,130.693
637.564,464.13,108.911,130.693
637.391,463.411,108.911,130.693
637.418,463.162,108.911,130.693
637.555,462.846,108.911,130.693
637.329,462.382,108.911,130.693
637.297,462.215,108.911,130.693
637.255,462.045,108.911,130.693
636.164,460.447,110,132
635.756,459.985,110,132
635.692,459.831,110,132
635.685,459.808,110,132
635.611,459.646,110,132
636.97,461.011,107.833,129.399
636.538,460.135,108.911,130.693
636.398,459.669,108.911,130.693
635.281,458.601,110,132
634.162,457.426,112.211,134.653
635.754,459.142,108.911,130.693
634.619,457.706,110,132
634.666,457.506,110,132
635.64,458.268,108.911,130.693
635.548,458.198,108.911,130.693
636.039,458.709,107.833,129.399
633.88,455.764,111.1,133.32
633.875,456.062,110,132
633.165,455.185,111.1,133.32
633.591,455.718,110,132
633.589,455.633,110,132
633.501,455.494,110,132
632.207,453.293,113.333,136
633.26,454.824,110,132
632.198,453.702,112.211,134.653
632.179,453.966,111.1,133.32
632.171,453.821,111.1,133.32
632.7,454.118,110,132
631.925,452.885,112.211,134.653
631.881,452.778,112.211,134.653
631.939,453.097,111.1,133.32
631.977,453.74,110,132
631.978,453.511,110,132
631.332,452.819,111.1,133.32
631.212,451.836,112.211,134.653
631.126,451.723,112.211,134.653
631.156,451.81,112.211,134.653
630.752,451.028,113.333,136
629.657,449.954,114.466,137.36
630.617,450.913,113.333,136
631.046,451.239,112.211,134.653
631.006,451.094,112.211,134.653
631.054,450.553,112.211,134.653
631.619,451.348,110,132
630.99,449.698,112.211,134.653
631.593,450.676,110,132
630.965,449.777,111.1,133.32
631.457,450.065,110,132
630.415,448.844,112.211,134.653
631.461,449.914,110,132
630.314,448.683,112.211,134.653
630.404,448.583,112.211,134.653
629.221,446.68,114.466,137.36
630.346,447.761,112.211,134.653
630.399,447.659,112.211,134.653
630.66,447.6,112.211,134.653
630.772,447.793,111.1,133.32
630.338,447.226,111.1,133.32
630.224,447.078,111.1,133.32
630.203,446.54,112.211,134.653
630.2,446.829,111.1,133.32
630.157,445.816,112.211,134.653
630.171,445.645,112.211,134.653
630.166,445.522,112.211,134.653
630.209,445.407,112.211,134.653
630.261,445.692,111.1,133.32
630.934,445.757,110,132
630.243,445.002,111.1,133.32
630.079,444.483,112.211,134.653
630.097,444.572,112.211,134.653
630.085,444.453,112.211,134.653
628.66,442.584,114.466,137.36
628.791,441.972,114.466,137.36
628.089,441.129,115.611,138.733
630.191,443.079,112.211,134.653
630.228,442.984,112.211,134.653
628.85,441.242,114.466,137.36
630.207,442.831,112.211,134.653
628.778,440.998,114.466,137.36
628.726,440.925,114.466,137.36
629.69,441.913,113.333,136
629.728,441.956,113.333,136
628.703,440.642,114.466,137.36
628.262,439.306,115.611,138.733
630.27,441.695,112.211,134.653
629.795,440.873,113.333,136
630.371,441.291,112.211,134.653
630.026,440.749,113.333,136
629.26,439.543,114.466,137.36
629.978,439.969,113.333,136
629.408,438.801,114.466,137.36
630.708,439.426,113.333,136
630.673,439.367,113.333,136
629.009,436.956,116.767,140.121
630.658,439.042,113.333,136
629.078,436.828,116.767,140.121
628.693,436.081,117.935,141.522
629.79,436.77,116.767,140.121
629.71,436.604,116.767,140.121
630.423,437.65,114.466,137.36
629.967,436.371,115.611,138.733
630.584,437.088,114.466,137.36
630.025,436.348,115.611,138.733
630.018,436.141,115.611,138.733
630.677,436.759,114.466,137.36
632.497,438.273,111.1,133.32
630.894,436.045,114.466,137.36
630.887,435.949,114.466,137.36
630.888,435.804,114.466,137.36
631.186,435.459,114.466,137.36
630.401,434.188,116.767,140.121
630.824,434.174,116.767,140.121
630.975,434.166,116.767,140.121
631.084,434.457,115.611,138.733
631.699,435.01,114.466,137.36
631.81,434.885,114.466,137.36
631.738,434.83,114.466,137.36
631.651,434.699,114.466,137.36
631.202,433.202,116.767,140.121
632.131,434.148,114.466,137.36
630.607,432.285,117.935,141.522
631.111,432.212,117.935,141.522
631.677,432.928,116.767,140.121
631.817,433.066,115.611,138.733
631.828,432.269,116.767,140.121
632.297,433.159,114.467,137.36
632.458,433.059,114.467,137.36
631.155,431.104,117.935,141.522
631.86,432.121,115.611,138.733
631.855,431.408,115.611,138.733
632.043,431.296,115.611,138.733
631.306,430.301,117.935,141.522
631.247,430.213,117.935,141.522
632,431.092,115.611,138.733
631.967,430.577,115.611,138.733
632.636,431.272,114.467,137.36
632.01,430.365,115.611,138.733
629.925,428.048,119.114,142.937
630.788,429.144,117.935,141.522
631.131,429.247,117.935,141.522
631.077,429.116,117.935,141.522
630.923,429.007,117.935,141.522
630.811,428.919,117.935,141.522
630.767,428.808,117.935,141.522
630.766,428.699,117.935,141.522
630.877,428.131,117.935,141.522
630.765,428.034,117.935,141.522
630.727,428.056,117.935,141.522
630.676,427.936,117.935,141.522
630.657,427.854,117.935,141.522
630.609,427.658,117.935,141.522
630.524,427.125,117.935,141.522
630.26,427.128,117.935,141.522
630.177,427.027,117.935,141.522
630.114,426.946,117.935,141.522
629.973,426.77,117.935,141.522
629.933,426.765,117.935,141.522
629.822,426.746,117.935,141.522
629.683,426.677,117.935,141.522
629.834,425.977,117.935,141.522
629.697,425.905,117.935,141.522
629.636,425.852,117.935,141.522
629.594,425.813,117.935,141.522
629.544,425.762,117.935,141.522
629.612,425.693,117.935,141.522
628.359,423.823,119.114,142.937
627.221,422.608,120.305,144.367
626.71,422.606,120.305,144.367
626.533,422.384,120.305,144.367
626.425,422.337,120.305,144.367
626.211,421.862,121.509,145.81
626.918,422.978,119.114,142.937
625.878,421.756,120.305,144.367
625.621,421.363,121.509,145.81
625.586,421.228,121.509,145.81
625.621,421.241,121.509,145.81
624.308,420.064,122.724,147.268
625.406,421.459,120.305,144.367
624.205,419.953,122.724,147.268
623.892,419.857,122.724,147.268
624.668,420.679,120.305,144.367
624.591,420.596,120.305,144.367
624.44,420.535,120.305,144.367
623.238,418.952,122.724,147.268
623.189,418.927,122.724,147.268
622.986,418.81,122.724,147.268
623.737,419.605,120.305,144.367
622.325,418.018,122.724,147.268
622.299,417.995,122.724,147.268
622.055,417.848,122.724,147.268
621.631,417.331,122.724,147.268
621.398,417.219,122.724,147.268
621.196,417.203,122.724,147.268
620.556,416.312,123.951,148.741
621.063,417.076,122.724,147.268
620.333,417.083,122.724,147.268
620.293,416.968,122.724,147.268
620.225,416.908,122.724,147.268
620.12,416.79,122.724,147.268
619.011,415.168,125.19,150.228
619.265,415.106,125.19,150.228
620.016,416.212,122.724,147.268
617.31,413.656,126.442,151.731
618.647,415.277,123.951,148.741
619.203,416.153,122.724,147.268
619.095,415.987,122.724,147.268
617.829,414.981,125.19,150.228
617.757,414.917,125.19,150.228
617.523,414.755,125.19,150.228
617.478,414.761,125.19,150.228
617.356,414.752,125.19,150.228
617.261,414.995,123.951,148.741
617.342,415.295,122.724,147.268
617.166,415.201,122.724,147.268
617.098,415.304,122.724,147.268
615.665,414.181,125.19,150.228
615.559,414.104,125.19,150.228
615.305,414.051,125.19,150.228
615.81,415.139,122.724,147.268
615.329,415.115,122.724,147.268
614.342,413.967,125.19,150.228
614.226,413.98,125.19,150.228
613.979,414.102,125.19,150.228
613.814,414.015,125.19,150.228
613.218,413.975,125.19,150.228
613.717,415.081,122.724,147.268
613.206,414.96,122.724,147.268
612.165,413.777,125.19,150.228
612.767,415.001,122.724,147.268
612.237,414.737,122.724,147.268
610.065,411.916,126.442,151.731
608.675,411.114,127.707,153.248
608.602,410.758,128.984,154.781
608.414,410.665,128.984,154.781
608.22,410.651,128.984,154.781
608.059,410.521,128.984,154.781
609.848,412.885,125.19,150.228
607.354,410.509,128.984,154.781
607.158,410.411,128.984,154.781
607.441,411.143,126.442,151.731
606.237,409.959,127.707,153.248
606.366,410.664,126.442,151.731
605.58,409.668,128.984,154.781
605.566,409.491,128.984,154.781
605.383,409.501,128.984,154.781
605.807,410.487,126.442,151.731
604.538,408.665,128.984,154.781
604.528,408.687,128.984,154.781
604.074,408.932,127.707,153.248
603.745,408.375,128.984,154.781
603.576,408.406,128.984,154.781
603.301,408.308,128.984,154.781
603.111,408.264,128.984,154.781
603.064,408.385,128.984,154.781
602.858,408.176,128.984,154.781
602.269,408.216,128.984,154.781
602.165,408.162,128.984,154.781
602.573,409.063,126.442,151.731
601.636,407.659,128.984,154.781
601.301,407.569,128.984,154.781
601.703,408.541,126.442,151.731
599.289,405.722,130.274,156.328
600.835,407.888,126.442,151.731
600.012,406.907,128.984,154.781
600.08,407.19,127.707,153.248
599.783,406.866,128.984,154.781
599.566,406.807,128.984,154.781
599.921,407.738,126.442,151.731
598.762,406.766,128.984,154.781
598.807,406.71,128.984,154.781
596.897,404.866,131.576,157.892
598.222,406.565,128.984,154.781
598.051,406.571,128.984,154.781
598.025,406.5,128.984,154.781
596.435,405.354,130.274,156.328
597.28,406.466,128.984,154.781
597.206,406.48,128.984,154.781
597.009,406.406,128.984,154.781
595.15,404.411,131.576,157.892
596.167,406.085,127.707,153.248
594.299,404.024,131.576,157.892
594.188,403.992,131.576,157.892
595.276,405.84,127.707,153.248
593.628,403.624,131.576,157.892
593.431,404.298,130.274,156.328
593.312,403.83,130.274,156.328
592.682,403.711,130.274,156.328
592.396,403.785,130.274,156.328
590.358,401.474,134.221,161.065
591.203,403.616,130.274,156.328
590.341,403.421,130.274,156.328
587.712,401.325,134.221,161.065
588.365,402.597,131.576,157.892
586.424,401.216,134.221,161.065
587.116,402.616,131.576,157.892
586.094,402.333,131.576,157.892
586.621,403.758,128.984,154.781
584.12,402.023,131.576,157.892
583.205,401.863,131.576,157.892
582.204,401.865,131.576,157.892
582.774,403.577,128.984,154.781
581.806,403.588,128.984,154.781
579.445,401.841,131.576,157.892
578.337,402.035,131.576,157.892
577.277,402.161,131.576,157.892
576.231,402.362,131.576,157.892
576.539,404.215,128.984,154.781
575.294,404.82,128.984,154.781
572.48,403.312,131.576,157.892
571.031,403.51,131.576,157.892
568.405,402.151,134.221,161.065
567.218,402.876,134.221,161.065
566.953,404.578,131.576,157.892
565.609,405.274,131.576,157.892
564.177,405.547,131.576,157.892
563.096,405.872,131.576,157.892
561.788,406.576,131.576,157.892
559.389,405.795,134.221,161.065
557.963,406.131,134.221,161.065
556.618,406.842,134.221,161.065
555.043,407.251,134.221,161.065
553.326,407.977,134.221,161.065
552.752,410.311,131.576,157.892
551.44,410.569,131.576,157.892
549.8,411.327,131.576,157.892
547.331,410.026,134.221,161.065
547.28,412.361,131.576,157.892
544.922,411.006,134.221,161.065
545.083,413.301,131.576,157.892
542.684,412.09,134.221,161.065
541.66,412.816,134.221,161.065
540.355,413.067,134.221,161.065
538.839,414.045,134.221,161.065
538.915,416.335,131.576,157.892
536.281,414.991,134.221,161.065
532.426,413.344,138.288,165.946
533.359,416.128,134.221,161.065
531.589,416.676,134.221,161.065
531.62,418.507,131.576,157.892
528.595,417.289,134.221,161.065
525.277,415.511,138.288,165.946
525.81,418.241,134.221,161.065
524.277,419.154,134.221,161.065
520.32,417.499,136.919,164.303
518.707,417.556,138.288,165.946
517.287,418.256,138.288,165.946
515.72,418.434,138.288,165.946
514.234,418.837,138.288,165.946
512.501,419.429,138.288,165.946
511.21,419.705,138.288,165.946
509.465,420.411,138.288,165.946
508.164,420.837,138.288,165.946
506.472,421.558,138.288,165.946
505.155,422.199,138.288,165.946
503.535,422.608,138.288,165.946
502.106,423.296,138.288,165.946
500.533,423.56,138.288,165.946
499.143,424.195,138.288,165.946
497.443,424.553,138.288,165.946
496.152,425.313,138.288,165.946
494.562,425.613,138.288,165.946
493.112,426.255,138.288,165.946
489.396,423.857,142.478,170.974
488.183,424.381,142.478,170.974
488.647,427.29,138.288,165.946
484.996,425.15,142.478,170.974
483.398,425.657,142.478,170.974
484.634,428.745,138.288,165.946
483.246,429.468,138.288,165.946
481.748,429.804,138.288,165.946
478.29,428.217,142.478,170.974
479.141,431.507,138.288,165.946
477.82,431.831,138.288,165.946
474.244,430.036,142.478,170.974
474.917,433.251,138.288,165.946
471.535,430.993,142.478,170.974
470.401,431.369,142.478,170.974
471.47,434.468,138.288,165.946
470.357,434.816,138.288,165.946
466.732,433.419,141.068,169.281
464.265,432.763,143.903,172.684
464.82,435.281,139.671,167.605
462.873,434.55,142.478,170.974
460.262,433.336,145.342,174.411
460.664,435.928,142.478,170.974
458.002,434.587,145.342,174.411
457.643,436.139,143.903,172.684
457.174,437.536,141.068,169.281
456.77,438.868,139.671,167.605
457.038,440.838,138.288,165.946
454.571,440.067,139.671,167.605
453.215,440.466,139.671,167.605
450.332,438.415,143.903,172.684
449.398,438.924,143.903,172.684
449.924,441.408,139.671,167.605
447.079,439.527,143.903,172.684
446.837,440.921,142.478,170.974
444.353,439.458,145.342,174.411
445.001,441.85,141.068,169.281
446.032,444.014,138.288,165.946
442.947,442.195,142.478,170.974
443.769,445.314,138.288,165.946
442.752,445.499,138.288,165.946
439.656,442.938,142.478,170.974
437.692,442.301,143.903,172.684
437.268,443.887,141.068,169.281
435.971,443.847,142.478,170.974
435.909,445.318,139.671,167.605
433.913,444.188,142.478,170.974
432.925,444.827,142.478,170.974
432.065,444.866,142.478,170.974
430.946,445.11,142.478,170.974
430.189,445.714,142.478,170.974
429.286,445.853,142.478,170.974
428.727,445.913,142.478,170.974
426.379,444.486,145.342,174.411
426.93,446.816,141.068,169.281
424.024,444.71,145.342,174.411
425.142,447.225,141.068,169.281
425.126,448.43,139.671,167.605
424.174,448.618,139.671,167.605
423.155,448.811,139.671,167.605
420.344,447.313,143.903,172.684
418.789,446.878,145.342,174.411
419.34,448.986,141.068,169.281
418.332,448.983,142.478,170.974
416.321,447.395,145.342,174.411
416.976,449.739,141.068,169.281
414.551,447.819,145.342,174.411
415.17,450.008,141.068,169.281
415.153,451.186,139.671,167.605
413.257,450.52,141.068,169.281
411.622,449.438,143.903,172.684
411.991,451.067,142.478,170.974
408.665,449.02,146.796,176.155
409.205,451.098,143.903,172.684
407.736,450.332,145.342,174.411
408.327,452.706,141.068,169.281
405.772,450.519,145.342,174.411
406.549,453.021,141.068,169.281
405.556,453.134,141.068,169.281
404.756,453.344,141.068,169.281
403.734,453.417,141.068,169.281
403.05,453.556,141.068,169.281
403.349,454.657,139.671,167.605
402.273,454.8,139.671,167.605
399.875,453.251,143.903,172.684
398.683,453.108,145.342,174.411
397.635,453.227,145.342,174.411
395.338,451.57,148.264,177.916
396.103,453.673,145.342,174.411
395.4,454,145.342,174.411
394.706,454.315,145.342,174.411
393.727,454.364,145.342,174.411
393.102,454.576,145.342,174.411
391.015,452.962,148.264,177.916
392.366,455.922,143.903,172.684
390.913,455.181,145.342,174.411
389.758,454.573,146.796,176.155
388.864,454.989,146.796,176.155
388.295,455.263,146.796,176.155
388.439,456.307,145.342,174.411
389.037,458.769,141.068,169.281
386.653,456.662,145.342,174.411
387.571,458.974,141.068,169.281
386.82,459.13,141.068,169.281
386.023,459.048,141.068,169.281
385.862,459.045,141.068,169.281
383.95,457.45,145.342,174.411
383.934,457.535,145.342,174.411
383.659,457.691,145.342,174.411
382.467,456.458,146.796,176.155
382.974,457.245,145.342,174.411
384.523,458.858,141.068,169.281
382.048,456.644,145.342,174.411
383.618,458.761,141.068,169.281
381.415,456.615,145.342,174.411
382.715,458.658,141.068,169.281
380.736,456.482,145.342,174.411
381.891,458.724,141.068,169.281
380.15,456.571,145.342,174.411
381.594,458.713,141.068,169.281
379.49,456.343,145.342,174.411
380.941,458.53,141.068,169.281
379.034,456.48,145.342,174.411
380.46,458.551,141.068,169.281
379.256,456.957,143.903,172.684
376.557,454.504,148.264,177.916
377.9,456.239,145.342,174.411
376.805,455.346,146.796,176.155
375.689,454.188,148.264,177.916
376.934,456.283,145.342,174.411
376.577,456.294,145.342,174.411
374.985,454.13,148.264,177.916
375.978,456.125,145.342,174.411
374.895,455.205,146.796,176.155
374.493,455.009,146.796,176.155
375.835,456.761,143.903,172.684
374.863,455.973,145.342,174.411
373.776,454.963,146.796,176.155
372.404,453.934,148.264,177.916
373.684,455.817,145.342,174.411
373.486,455.707,145.342,174.411
372.229,454.7,146.796,176.155
372.707,455.698,145.342,174.411
372.243,455.538,145.342,174.411
371.129,454.671,146.796,176.155
370.918,454.79,146.796,176.155
370.552,454.562,146.796,176.155
369.409,453.677,148.264,177.916
370.294,454.639,146.796,176.155
370.601,454.541,146.796,176.155
370.948,454.509,146.796,176.155
370.511,453.75,148.264,177.916
372.609,455.376,145.342,174.411
371.348,453.643,148.264,177.916
373.437,455.577,145.342,174.411
370.659,451.516,149.746,179.695
374.918,454.691,145.342,174.411
374.274,453.041,148.264,177.916
374.514,452.974,148.264,177.916
375.685,453.576,146.796,176.155
376.946,454.588,145.342,174.411
376.593,453.509,146.796,176.155
377.708,454.346,145.342,174.411
377.957,454.33,145.342,174.411
378.518,454.186,145.342,174.411
380.262,455.812,141.068,169.281
379.999,454.563,143.903,172.684
379.558,453.525,145.342,174.411
379.844,453.55,145.342,174.411
379.926,453.447,145.342,174.411
381.687,455.349,141.068,169.281
380.836,453.94,143.903,172.684
380.016,452.866,145.342,174.411
380.08,452.785,145.342,174.411
380.148,452.564,145.342,174.411
379.548,451.706,146.796,176.155
379.582,451.476,146.796,176.155
379.586,451.564,146.796,176.155
379.677,451.479,146.796,176.155
379.785,451.468,146.796,176.155
379.804,451.321,146.796,176.155
379.841,451.065,146.796,176.155
381.061,451.948,145.342,174.411
381.279,451.735,145.342,174.411
381.552,451.673,145.342,174.411
382.536,452.653,143.903,172.684
381.131,450.678,146.796,176.155
383.1,452.305,143.903,172.684
383.276,452.268,143.903,172.684
382.778,451.428,145.342,174.411
382.227,450.54,146.796,176.155
383.615,451.183,145.342,174.411
385.46,452.93,141.068,169.281
385.86,453.056,141.068,169.281
386.398,453.03,141.068,169.281
386.808,452.985,141.068,169.281
387.285,453.001,141.068,169.281
388.017,452.971,141.068,169.281
388.537,453.064,141.068,169.281
388.205,452.137,143.903,172.684
388.03,451.282,145.342,174.411
390.172,452.974,141.068,169.281
390.505,453.059,141.068,169.281
392.011,454.12,139.671,167.605
392.574,454.188,139.671,167.605
390.857,452.299,143.903,172.684
390.907,451.637,145.342,174.411
391.5,451.57,145.342,174.411
391.805,451.497,145.342,174.411
390.333,449.932,148.264,177.916
392.432,451.768,145.342,174.411
391.375,449.993,148.264,177.916
393,450.71,146.796,176.155
394.03,451.687,145.342,174.411
393.847,450.814,146.796,176.155
394.087,450.911,146.796,176.155
395.222,451.825,145.342,174.411
397.303,453.712,141.068,169.281
397.717,453.377,141.068,169.281
397.238,452.385,143.903,172.684
397.038,451.904,145.342,174.411
397.591,451.771,145.342,174.411
397.918,451.877,145.342,174.411
400.048,453.795,141.068,169.281
400.554,453.415,141.068,169.281
399.314,451.553,145.342,174.411
399.842,451.88,145.342,174.411
400.463,451.881,145.342,174.411
400.823,451.954,145.342,174.411
401.072,452.073,145.342,174.411
401.734,451.986,145.342,174.411
401.096,451.291,146.796,176.155
401.624,451.385,146.796,176.155
402.993,452.372,145.342,174.411
403.91,452.522,145.342,174.411
404.767,452.695,145.342,174.411
404.886,452.881,145.342,174.411
405.589,452.975,145.342,174.411
405.867,453.02,145.342,174.411
406.784,453.072,145.342,174.411
407.755,454.091,143.903,172.684
407.588,453.157,145.342,174.411
407.918,453.277,145.342,174.411
410.003,455.248,141.068,169.281
410.455,455.349,141.068,169.281
410.812,455.294,141.068,169.281
409.347,453.525,145.342,174.411
410.008,453.764,145.342,174.411
410.869,453.914,145.342,174.411
411.406,453.911,145.342,174.411
411.597,454.028,145.342,174.411
410.966,453.148,146.796,176.155
412.019,454.018,145.342,174.411
412.668,454.135,145.342,174.411
412.885,454.159,145.342,174.411
412.66,453.216,146.796,176.155
413.582,454.22,145.342,174.411
413.976,454.35,145.342,174.411
413.703,453.751,146.796,176.155
414.696,454.734,145.342,174.411
413.957,453.878,146.796,176.155
414.953,454.996,145.342,174.411
417.164,456.868,142.478,170.974
415.862,455.182,145.342,174.411
416.484,455.229,145.342,174.411
416.713,455.471,145.342,174.411
416.916,455.884,145.342,174.411
416.654,454.976,146.796,176.155
416.975,455.214,146.796,176.155
417.817,456.222,145.342,174.411
418.132,456.316,145.342,174.411
420.295,458.685,141.068,169.281
418.931,456.645,145.342,174.411
421.08,458.961,141.068,169.281
421.438,459.041,141.068,169.281
421.774,459.173,141.068,169.281
422.053,459.311,141.068,169.281
422.477,459.296,141.068,169.281
421.015,457.703,145.342,174.411
422.26,459.071,143.903,172.684
421.093,457.408,146.796,176.155
422.049,458.535,145.342,174.411
421.855,458.086,146.796,176.155
422.952,459.208,145.342,174.411
423.476,459.289,145.342,174.411
423.718,459.489,145.342,174.411
423.973,459.913,145.342,174.411
424.56,460.268,145.342,174.411
424.898,460.392,145.342,174.411
425.366,460.807,145.342,174.411
424.898,460.242,146.796,176.155
425.146,460.41,146.796,176.155
426.527,461.564,145.342,174.411
426.885,462.22,145.342,174.411
427.41,462.382,145.342,174.411
429.108,465.01,141.068,169.281
427.888,463.316,145.342,174.411
427.885,462.927,146.796,176.155
428.756,464.219,145.342,174.411
428.173,463.678,146.796,176.155
428.878,464.129,146.796,176.155
428.406,463.545,148.264,177.916
429.852,464.833,146.796,176.155
430.722,466.093,145.342,174.411
430.835,466.344,145.342,174.411
431.649,466.761,145.342,174.411
432.59,467.926,143.903,172.684
432.601,467.276,145.342,174.411
432.629,467.59,145.342,174.411
432.939,468.073,145.342,174.411
433.547,468.289,145.342,174.411
432.917,467.607,146.796,176.155
434.709,469.859,143.903,172.684
436.308,471.179,141.068,169.281
434.748,469.499,145.342,174.411
435.268,469.836,145.342,174.411
435.846,469.939,145.342,174.411
437.353,470.98,143.903,172.684
435.985,469.333,146.796,176.155
436.966,470.174,145.342,174.411
437.674,470.213,145.342,174.411
438.022,470.297,145.342,174.411
438.745,470.611,145.342,174.411
439.129,470.635,145.342,174.411
438.909,469.776,146.796,176.155
440.017,470.728,145.342,174.411
440.651,470.846,145.342,174.411
440.334,470.042,146.796,176.155
441.675,470.937,145.342,174.411
441.33,470.02,146.796,176.155
441.967,470.094,146.796,176.155
442.293,470.069,146.796,176.155
443.564,471.004,145.342,174.411
443.935,471.039,145.342,174.411
445.308,471.886,143.903,172.684
443.395,469.363,148.264,177.916
444.831,470.213,146.796,176.155
445.966,471.118,145.342,174.411
446.744,471.215,145.342,174.411
447.1,471.256,145.342,174.411
447.825,471.156,145.342,174.411
448.221,471.179,145.342,174.411
448.25,470.334,146.796,176.155
448.927,470.25,146.796,176.155
449.334,470.199,146.796,176.155
450.943,471.305,145.342,174.411
453.056,473.462,141.068,169.281
451.952,471.241,145.342,174.411
451.997,470.404,146.796,176.155
453.148,471.327,145.342,174.411
453.717,471.35,145.342,174.411
455.967,473.454,141.068,169.281
