670.5,160.001,27,16
671.038,160.26,26.2059,15.5294
671.135,160.058,25.9465,15.3757
671.63,160.319,25.1834,14.9235
672.032,160.574,24.4428,14.4846
672.04,160.517,24.9341,14.7757
672.583,160.512,25.1834,14.9235
673.16,160.758,24.4428,14.4846
673.496,160.842,24.2007,14.3412
673.883,160.833,24.2007,14.3412
674.24,160.901,24.2007,14.3412
674.027,160.778,24.9341,14.7757
674.471,161.098,24.2007,14.3412
675.031,161.091,24.2007,14.3412
674.917,160.922,24.9341,14.7757
675.391,161.176,24.2007,14.3412
676.171,161.472,23.489,13.9194
676.281,161.413,24.2008,14.3412
676.28,161.502,24.9341,14.7757
677.177,161.869,24.2007,14.3412
676.892,161.623,24.9341,14.7757
676.728,161.489,25.1834,14.9235
677.034,161.485,25.1834,14.9235
677.709,161.536,25.1834,14.9235
678.124,161.901,24.4428,14.4846
677.951,161.527,25.1834,14.9235
678.329,161.528,25.1834,14.9235
679.01,161.968,24.4428,14.4846
679.365,162.127,24.2008,14.3412
679.28,161.867,24.9341,14.7757
679.47,161.739,25.6896,15.2235
679.47,161.739,25.6896,15.2235
679.137,161.429,26.468,15.6847
679.751,161.697,25.9465,15.3757
680.165,161.713,25.9465,15.3757
680.376,161.792,25.9465,15.3757
680.37,161.789,25.9465,15.3757
681.031,162.059,25.1834,14.9235
681.607,162.414,25.6896,15.2235
681.567,162.241,25.9465,15.3757
682.351,162.469,25.6896,15.2235
682.36,162.471,25.6896,15.2235
682.478,162.449,25.6896,15.2235
682.671,162.203,25.9465,15.3757
682.977,162.044,26.468,15.6847
683.302,162.262,25.9465,15.3757
683.302,162.259,25.9465,15.3757
683.933,162.557,25.1834,14.9235
684.247,162.398,25.9465,15.3757
684.46,162.405,25.9465,15.3757
684.743,162.408,25.9465,15.3757
684.854,162.214,26.468,15.6847
684.66,162.018,27.27,16.16
685.394,162.286,26.468,15.6847
685.917,162.226,26.468,15.6847
686.184,162.269,26.468,15.6847
686.19,162.266,26.468,15.6847
686.602,162.448,25.9465,15.3757
687.169,162.338,26.468,15.6847
687.362,162.369,26.468,15.6847
687.853,162.425,26.468,15.6847
687.465,162.137,27.27,16.16
688.151,162.535,26.468,15.6847
688.535,162.63,26.468,15.6847
688.772,162.326,27.27,16.16
688.878,162.403,27.27,16.16
689.366,162.626,27.5427,16.3216
689.571,162.944,27.5427,16.3216
690.183,163.133,26.7327,15.8416
690.839,163.242,26.468,15.6847
690.978,163.279,26.468,15.6847
690.615,162.996,27.27,16.16
690.899,162.972,27.27,16.16
692.028,163.35,26.468,15.6847
692.172,163.398,26.468,15.6847
692.341,163.396,26.468,15.6847
692.289,163.151,27.27,16.16
692.513,163.076,28.0963,16.6497
693.113,163.252,28.0963,16.6497
693.51,163.851,27.5427,16.3216
693.403,163.733,28.0963,16.6497
693.421,163.75,28.0963,16.6497
693.832,163.808,27.27,16.16
694.37,164.251,26.468,15.6847
694.563,164.13,27.27,16.16
694.784,164.171,27.27,16.16
694.777,164.179,27.27,16.16
694.814,164.248,27.27,16.16
695.212,164.396,27.27,16.16
695.393,164.488,28.0963,16.6497
695.758,164.968,27.27,16.16
695.752,164.968,27.27,16.16
695.887,165.067,27.27,16.16
696.255,165.258,28.0963,16.6497
695.923,165.45,28.9477,17.1542
696.117,165.499,28.9477,17.1542
696.453,165.501,28.9477,17.1542
696.294,165.553,28.9477,17.1542
696.202,165.544,29.5295,17.499
695.407,165.121,30.4243,18.0292
696.32,166.007,29.5295,17.499
696.573,166.509,28.9477,17.1542
696.557,166.344,29.5295,17.499
696.378,166.487,29.5295,17.499
696.565,166.671,29.5295,17.499
696.491,166.916,29.5295,17.499
696.732,167.456,28.9477,17.1542
696.82,167.513,28.9477,17.1542
696.821,167.65,28.9477,17.1542
696.375,167.563,29.5295,17.499
696.392,167.698,29.5295,17.499
696.403,167.694,29.5295,17.499
695.597,167.248,30.4243,18.0292
695.166,167.462,30.4243,18.0292
695.682,168.31,29.5295,17.499
695.85,168.727,28.9477,17.1542
695.849,168.727,28.9477,17.1542
695.775,168.892,28.9477,17.1542
695.512,169.19,28.9477,17.1542
695.162,169.353,29.5295,17.499
695.107,169.387,29.5295,17.499
695.117,169.382,29.5295,17.499
694.989,169.652,28.9477,17.1542
694.154,169.59,29.5295,17.499
693.113,169.136,30.4243,18.0292
692.872,169.163,30.4243,18.0292
692.873,169.169,30.4243,18.0292
692.399,169.126,31.3462,18.5755
691.922,169.377,30.4243,18.0292
691.638,169.412,30.4243,18.0292
691.424,169.581,30.4243,18.0292
692.179,170.449,29.5295,17.499
691.744,170.333,30.1231,17.8507
690.943,170.247,29.8248,17.674
690.118,170.074,30.4243,18.0292
690.455,170.601,29.5295,17.499
690.445,170.599,29.5295,17.499
689.499,170.314,29.8248,17.674
689.58,171.014,28.9477,17.1542
688.8,171.176,29.5295,17.499
688.346,171.174,29.5295,17.499
688.081,171.051,30.1231,17.8507
687.405,170.873,30.7285,18.2095
686.647,171.004,29.8248,17.674
685.72,170.836,30.4243,18.0292
685.801,171.238,30.1231,17.8507
685.803,171.239,30.1231,17.8507
684.836,170.874,30.4243,18.0292
683.939,171.171,29.8248,17.674
683.291,171.185,30.7285,18.2095
683.007,171.286,29.8248,17.674
683.164,171.436,30.1231,17.8507
682.309,171.29,29.8248,17.674
681.062,171.192,30.4243,18.0292
680.479,171.05,31.3462,18.5755
679.765,171.026,31.0358,18.3916
679.245,170.715,31.9762,18.9489
679.429,171.218,31.3462,18.5755
678.563,171.804,30.4243,18.0292
677.743,171.78,31.3462,18.5755
677.203,171.73,31.6596,18.7613
677.202,171.728,31.6596,18.7613
676.707,171.773,31.6596,18.7613
675.752,171.799,31.0358,18.3916
674.745,171.882,31.0358,18.3916
674.299,171.971,31.6596,18.7613
674.303,171.974,31.6596,18.7613
673.603,171.931,31.0358,18.3916
672.669,172.292,30.4243,18.0292
671.521,172.114,31.0358,18.3916
670.272,171.812,31.9762,18.9489
670.198,171.808,31.9762,18.9489
669.701,171.904,31.9762,18.9489
668.282,171.893,32.619,19.3298
667.837,172.547,31.9762,18.9489
667.198,172.575,31.9762,18.9489
667.075,172.563,31.9762,18.9489
666.569,172.486,32.9452,19.5231
665.151,172.455,32.619,19.3298
664.364,172.369,33.6073,19.9155
663.87,172.54,32.619,19.3298
663.558,172.43,33.6073,19.9155
663.232,172.618,32.619,19.3298
662.289,172.853,32.619,19.3298
661.794,173.569,31.9762,18.9489
660.743,173.342,32.619,19.3298
660.526,173.213,33.6073,19.9155
660.206,173.229,33.6073,19.9155
659.208,173.462,32.619,19.3298
658.477,173.494,32.619,19.3298
657.925,173.606,32.619,19.3298
657.626,173.515,33.6073,19.9155
656.437,173.093,34.2829,20.3158
655.572,173.214,34.2829,20.3158
654.572,172.925,34.9719,20.7241
654.257,173.223,34.2829,20.3158
654.151,173.214,34.2829,20.3158
653.557,173.266,34.2829,20.3158
652.755,173.517,34.2829,20.3158
652.001,173.896,34.2829,20.3158
651.897,174.298,33.9434,20.1146
652.369,174.67,32.9452,19.5231
651.944,174.72,31.9762,18.9489
650.541,174.506,32.619,19.3298
649.911,174.409,33.6073,19.9155
649.482,174.643,32.619,19.3298
649.269,174.502,33.6073,19.9155
647.949,174.029,34.2829,20.3158
646.917,174.124,34.2829,20.3158
646.043,174.183,34.2829,20.3158
645.546,174.223,34.2829,20.3158
645.554,174.22,34.2829,20.3158
645.089,174.273,34.2829,20.3158
644.085,174.362,34.2829,20.3158
644.182,175.201,33.6073,19.9155
643.902,175.382,32.619,19.3298
643.668,175.256,33.6073,19.9155
642.748,174.803,34.2829,20.3158
641.869,174.862,34.2829,20.3158
641.244,174.826,35.3217,20.9314
640.97,174.933,34.2829,20.3158
640.748,174.839,35.3217,20.9314
640.189,174.742,34.9719,20.7241
639.509,174.716,34.9719,20.7241
639.133,174.813,34.9719,20.7241
639.133,175.057,34.2829,20.3158
639.058,175.082,34.2829,20.3158
638.805,175.125,34.2829,20.3158
638.096,175.255,34.2829,20.3158
637.325,175.055,34.9719,20.7241
636.712,174.83,35.6749,21.1407
636.407,174.582,36.3919,21.5656
636.329,174.935,35.6749,21.1407
635.761,175.436,35.6749,21.1407
635.974,175.856,35.3217,20.9314
635.396,175.715,34.9719,20.7241
635.201,175.618,36.0316,21.3521
634.31,175.218,36.3919,21.5656
633.258,175.008,37.1234,21.9991
633.539,175.415,36.7559,21.7813
632.909,175.289,36.3919,21.5656
633.137,175.56,35.6749,21.1407
633.136,175.711,36.0316,21.3521
632.131,175.747,35.6749,21.1407
631.419,175.584,36.3919,21.5656
631.152,175.675,36.3919,21.5656
631.044,175.65,36.3919,21.5656
630.813,175.716,36.3919,21.5656
630.433,176.235,35.6749,21.1407
629.981,176.432,36.7559,21.7813
630.329,176.702,36.0316,21.3521
629.724,176.572,35.6749,21.1407
629.749,176.868,34.9719,20.7241
628.703,176.823,35.6749,21.1407
628.131,176.577,36.3919,21.5656
627.66,176.317,37.1234,21.9991
627.322,176.365,37.8696,22.4412
627.156,176.873,37.8696,22.4412
626.533,176.958,37.1234,21.9991
626.056,176.925,37.8696,22.4412
626.076,176.919,37.8696,22.4412
625.702,177.029,37.1234,21.9991
625.71,177.204,37.4947,22.2191
625.207,177.328,36.3919,21.5656
624.807,177.407,36.3919,21.5656
624.491,177.145,37.1234,21.9991
624.194,177.126,37.8696,22.4412
623.927,177.207,37.1234,21.9991
623.097,177.28,37.8696,22.4413
623.031,177.813,37.8696,22.4413
623.031,177.809,37.8696,22.4413
622.614,177.892,37.1234,21.9991
622.211,177.877,37.8696,22.4413
621.732,177.989,37.8696,22.4413
621.435,178.078,37.1234,21.9991
621.383,178.048,37.8696,22.4413
621.022,178.063,37.8696,22.4413
620.506,177.91,38.6308,22.8923
619.528,177.81,39.4073,23.3525
619.22,177.825,39.4073,23.3525
619.604,178.551,38.6308,22.8923
619.908,179.096,37.4947,22.2191
619.471,178.979,37.1234,21.9991
618.81,178.997,37.8696,22.4413
618.54,178.971,37.8696,22.4413
618.416,178.953,37.8696,22.4413
618.163,179.055,37.8696,22.4413
618.004,179.057,37.8696,22.4413
617.375,179.305,37.1234,21.9991
617.018,179.343,37.8696,22.4413
616.604,179.511,38.6308,22.8923
616.749,179.826,37.8696,22.4413
615.815,179.493,38.6308,22.8923
614.784,179.464,39.4073,23.3525
614.406,179.503,39.4073,23.3525
614.405,179.502,39.4073,23.3525
614.026,179.479,39.4073,23.3525
613.006,179.148,40.1994,23.8218
611.85,179.011,41.0074,24.3007
612.055,179.417,40.6014,24.0601
612.611,179.812,39.4073,23.3525
612.346,179.846,39.4073,23.3525
612.053,180.406,39.4073,23.3525
611.365,180.503,39.4073,23.3525
610.854,180.537,39.4073,23.3525
610.854,180.526,39.4073,23.3525
610.48,180.667,39.4073,23.3525
609.153,180.223,40.1994,23.8218
608.353,180.314,40.1994,23.8218
607.512,180.178,41.0074,24.3007
607.47,180.14,41.0074,24.3007
607.494,180.454,40.1994,23.8218
606.813,180.346,41.0074,24.3007
605.959,180.476,41.0074,24.3007
605.498,180.867,41.0074,24.3007
605.499,180.867,41.0074,24.3007
605.586,181.173,40.1994,23.8218
604.896,180.97,41.0074,24.3007
604.272,181.053,41.0074,24.3007
603.94,181.116,41.0074,24.3007
603.668,181.141,41.0074,24.3007
603.751,181.473,40.1994,23.8218
603.254,181.21,41.0074,24.3007
602.817,181.441,41.0074,24.3007
602.81,182.104,40.1994,23.8218
602.809,182.106,40.1994,23.8218
601.951,181.92,41.0074,24.3007
601.256,181.868,41.8316,24.7891
600.796,181.873,41.8316,24.7891
600.551,181.939,41.8316,24.7891
600.402,182.018,41.0074,24.3007
600.175,182.046,41.0074,24.3007
599.965,182.06,41.0074,24.3007
599.393,182.202,41.0074,24.3007
599.748,182.46,40.1994,23.8218
599.738,182.464,40.1994,23.8218
599.031,182.191,41.0074,24.3007
598.938,182.168,41.0074,24.3007
598.625,182.472,40.1994,23.8218
597.94,182.237,41.0074,24.3007
597.7,182.241,41.0074,24.3007
597.568,182.237,41.0074,24.3007
596.708,181.839,42.2499,25.037
595.698,181.298,43.5301,25.7956
595.246,181.266,43.5301,25.7956
595.248,181.264,43.5301,25.7956
595.042,181.29,43.5301,25.7956
594.911,181.284,43.5301,25.7956
594.337,181.294,43.5301,25.7956
594.218,181.494,43.9654,26.0536
594.185,181.9,43.9654,26.0536
594.4,182.128,43.0992,25.5402
594.251,182.213,43.0992,25.5402
594.025,182.295,42.6724,25.2874
592.866,181.714,43.9654,26.0536
592.878,181.729,43.9654,26.0536
592.804,181.692,43.9654,26.0536
592.437,181.606,43.9654,26.0536
591.901,181.637,43.9654,26.0536
591.732,181.581,43.9654,26.0536
591.734,181.577,43.9654,26.0536
592.176,182.026,42.6724,25.2874
591.223,181.533,43.9654,26.0536
591.333,182,42.6724,25.2874
591.152,182.009,42.6724,25.2874
590.932,182.03,42.6724,25.2874
590.663,181.961,42.6724,25.2874
590.18,181.838,43.0992,25.5402
589.853,181.835,42.6724,25.2874
588.779,180.956,43.9654,26.0536
588.796,180.942,43.9654,26.0536
588.358,180.767,44.4051,26.3141
588.36,180.845,43.9654,26.0536
587.537,180.639,43.9654,26.0536
587.883,181.044,42.6724,25.2874
587.093,180.579,43.9654,26.0536
586.852,180.516,43.9654,26.0536
587.191,181.017,42.6724,25.2874
586.011,180.366,43.9654,26.0536
585.76,179.956,43.9654,26.0536
585.595,179.812,44.4051,26.3141
584.469,179.315,45.7506,27.1115
584.048,179.247,45.7506,27.1115
583.485,179.325,45.7506,27.1115
583.118,179.542,45.2976,26.843
583.117,179.542,45.2976,26.843
583.522,180.028,43.9654,26.0536
583.04,180.126,43.9654,26.0536
582.382,180.225,43.9654,26.0536
580.967,179.707,44.8492,26.5773
580.729,179.698,44.8492,26.5773
580.326,179.535,45.7506,27.1115
580.144,179.571,45.7506,27.1115
578.749,179.296,47.1369,27.933
578.124,179.338,47.1369,27.933
578.124,179.338,47.1369,27.933
577.703,179.397,47.1369,27.933
577.133,179.416,47.1369,27.933
576.216,179.537,47.1369,27.933
576.134,180.387,45.7506,27.1115
576.005,180.416,45.7506,27.1115
574.947,180.095,47.1369,27.933
574.378,180.113,47.1369,27.933
573.492,180.367,47.1369,27.933
571.92,179.831,48.0844,28.4944
572.646,180.427,47.1369,27.933
572.054,180.438,47.1369,27.933
570.821,179.91,48.0844,28.4944
570.402,180.387,47.6083,28.2123
569.005,180.034,48.0844,28.4944
568.761,179.976,49.0509,29.0672
569.01,180.949,47.6083,28.2123
568.728,181.163,47.1369,27.933
566.672,180.706,48.0844,28.4944
566.105,180.665,49.0509,29.0672
566.087,180.785,48.0844,28.4944
566.295,181.36,47.1369,27.933
565.751,181.398,47.1369,27.933
563.86,181.002,48.0844,28.4944
562.799,180.604,49.5414,29.3578
562.8,180.611,49.5414,29.3578
562.767,180.971,48.0844,28.4944
561.598,180.766,49.5414,29.3578
560.703,181.155,48.0844,28.4944
559.917,181.243,48.0844,28.4944
559.414,180.963,49.5414,29.3578
559.06,181.382,49.5414,29.3578
558.792,181.67,48.0844,28.4944
557.655,181.737,48.0844,28.4944
556.681,181.512,49.5414,29.3578
556.462,181.507,49.5414,29.3578
555.227,180.954,51.0425,30.2474
554.812,181.034,51.0425,30.2474
553.419,181.016,51.0425,30.2474
552.731,181.099,51.0425,30.2474
552.548,181.139,51.0425,30.2474
552.019,181.09,51.0425,30.2474
551.4,181.131,51.0425,30.2474
550.113,181.202,51.0425,30.2474
549.24,181.188,51.0425,30.2474
549.137,181.224,51.0425,30.2474
548.237,181.117,51.5529,30.5499
547.74,181.307,51.0425,30.2474
546.097,181.337,51.0425,30.2474
545.254,181.52,51.0425,30.2474
545.083,181.917,51.0425,30.2474
544.485,181.988,51.0425,30.2474
543.515,181.99,51.0425,30.2474
541.947,182.078,51.0425,30.2474
540.86,182.155,51.0425,30.2474
540.715,182.177,51.0425,30.2474
540.14,182.155,51.0425,30.2474
539.388,182.223,51.0425,30.2474
538.101,182.356,51.0425,30.2474
537.193,182.346,51.0425,30.2474
536.037,181.713,52.0685,30.8554
536.008,182.591,51.0425,30.2474
535.245,182.972,51.0425,30.2474
533.899,183.108,51.0425,30.2474
532.707,183.215,51.0425,30.2474
532.591,183.263,51.0425,30.2474
530.649,182.465,52.5891,31.1639
531.01,183.366,51.0425,30.2474
528.571,182.673,52.5891,31.1639
527.401,182.854,52.5891,31.1639
526.793,182.539,54.1826,32.1082
526.497,183.133,52.5891,31.1639
525.669,183.179,52.5891,31.1639
523.529,183.217,54.1826,32.1082
522.535,183.171,54.7245,32.4293
522.618,183.38,54.1826,32.1082
521.789,183.25,54.7245,32.4293
520.897,183.407,54.7245,32.4293
519.669,184.342,54.1826,32.1082
518.815,184.513,54.1826,32.1082
518.695,184.847,54.1826,32.1082
518.368,185.187,52.5891,31.1639
517.454,185.595,52.5891,31.1639
516.308,186.201,52.0685,30.8554
514.834,186.588,53.6462,31.7903
514.529,186.302,54.1826,32.1082
514.019,186.56,53.115,31.4756
512.998,186.649,54.1826,32.1082
511.736,187.506,53.115,31.4756
510.381,187.6,54.7245,32.4293
510.385,188,54.7245,32.4293
510.141,188.387,53.115,31.4756
508.928,188.485,54.7245,32.4293
507.767,189.493,53.115,31.4756
506.308,189.51,54.7245,32.4293
506.334,189.902,54.7245,32.4293
506.057,190.395,53.115,31.4756
505.263,190.622,53.115,31.4756
503.731,191.055,53.115,31.4756
502.318,191.382,54.7245,32.4293
502.33,191.75,54.7245,32.4293
502.039,192.032,53.115,31.4756
501.238,192.353,53.115,31.4756
499.672,192.555,53.115,31.4756
498.808,192.434,54.7245,32.4293
498.203,192.907,54.7245,32.4293
497.566,192.974,54.7245,32.4293
496.703,193.081,54.7245,32.4293
495.69,193.665,53.115,31.4756
495.019,193.763,54.1826,32.1082
494.505,194.133,54.1826,32.1082
493.592,193.88,54.7245,32.4293
492.78,194.279,54.7245,32.4293
491.357,194.716,54.1826,32.1082
490.768,194.875,54.7245,32.4293
490.096,194.919,54.7245,32.4293
489.288,195.146,54.7245,32.4293
488.509,195.395,54.7245,32.4293
486.928,196.122,54.7245,32.4293
486.523,196.255,54.7245,32.4293
484.628,195.448,56.3827,33.412
485.111,196.756,54.7245,32.4293
484.066,197.478,54.7245,32.4293
481.229,197.448,56.3827,33.412
480.863,197.62,56.9465,33.7461
480.401,198.006,56.9465,33.7461
479.04,197.959,58.672,34.7686
478.222,198.425,58.672,34.7686
476.168,198.926,59.2588,35.1163
476.449,199.557,58.672,34.7686
475.267,199.656,59.2588,35.1163
475.527,200.95,58.0911,34.4244
473.882,200.702,59.2588,35.1163
474.664,200.616,58.672,34.7686
474.664,200.616,58.672,34.7686
473.33,203.339,56.9465,33.7461
472.328,203.849,56.3827,33.412
471.635,204.641,56.3827,33.412
470.065,205.319,58.0911,34.4244
469.506,205.524,58.672,34.7686
468.139,205.432,59.2588,35.1163
468.182,206.45,58.672,34.7686
466.897,206.564,59.2588,35.1163
464.708,206.989,61.0544,36.1804
463.705,206.817,62.2816,36.9076
463.124,207.211,62.2816,36.9076
462.882,208.331,61.6649,36.5422
462.099,208.873,62.2816,36.9076
461.319,210.292,61.0544,36.1804
460.564,210.028,62.2816,36.9076
460.008,210.541,62.2816,36.9076
459.369,211.268,62.2816,36.9076
459.015,212.047,62.2816,36.9076
458.257,213.953,61.0544,36.1804
457.419,213.703,62.2816,36.9076
456.102,213.371,64.1687,38.0259
455.05,213.592,64.8104,38.4062
453.997,214.189,65.4585,38.7902
453.272,215.67,64.8104,38.4062
453.077,215.995,64.8104,38.4062
452.16,216.284,65.4585,38.7902
452.021,217.286,64.8104,38.4062
451.207,217.872,64.8104,38.4062
451.136,219.954,63.5334,37.6494
451.309,220.884,62.2816,36.9076
450.983,221.621,61.6649,36.5422
450.2,222.046,62.2816,36.9076
449.492,222.541,62.2816,36.9076
448.93,224.14,61.6649,36.5422
448.397,224.125,62.2816,36.9076
447.003,224.25,64.1687,38.0259
446.645,225.07,63.5334,37.6494
445.727,225.598,64.1687,38.0259
445.816,227.572,62.2816,36.9076
445.538,227.929,62.2816,36.9076
444.465,227.714,64.1687,38.0259
443.069,227.641,66.1131,39.1781
443.105,228.786,64.8104,38.4062
441.788,229.772,66.1131,39.1781
442.496,230.73,64.1687,38.0259
441.297,230.726,66.1131,39.1781
440.088,230.704,67.442,39.9656
438.852,230.71,69.4855,41.1766
439.536,232.416,67.442,39.9656
438.402,232.154,68.7976,40.7689
437.533,232.25,70.1804,41.5884
438.43,233.353,68.1164,40.3653
437.148,233.535,69.4855,41.1766
436.01,233.233,70.8822,42.0043
436.199,233.805,69.4855,41.1766
435.449,233.43,70.8822,42.0043
436.227,234.27,68.7976,40.7689
435.154,234.108,70.8822,42.0043
434.01,233.857,71.591,42.4243
433.121,233.536,73.7603,43.7098
433.465,234.154,71.591,42.4243
432.395,234.308,73.03,43.277
432.418,234.807,72.3069,42.8486
431.884,235.705,70.1804,41.5884
430.878,235.39,72.3069,42.8486
430.291,235.647,73.03,43.277
429.678,235.665,73.7603,43.7098
428.976,236.02,74.4979,44.1469
429.227,237.164,72.3069,42.8486
427.729,236.945,74.4979,44.1469
427.872,237.279,73.7603,43.7098
427.788,237.404,73.7603,43.7098
427.949,237.756,73.03,43.277
426.143,237.003,75.2429,44.5884
426.125,236.978,75.2429,44.5884
425.312,236.571,76.7553,45.4846
425.936,237.181,75.2429,44.5884
425.963,237.291,75.2429,44.5884
424.445,237.401,77.5228,45.9394
422.821,236.445,79.8718,47.3315
424.548,237.565,77.5228,45.9394
423.899,238.01,77.5228,45.9394
422.827,237.408,79.081,46.8628
422.073,237.103,80.6706,47.8048
421.421,236.152,83.115,49.2533
421.584,236.843,82.292,48.7657
420.042,237.227,80.6706,47.8048
419.792,237.076,81.4773,48.2828
421.06,236.928,82.292,48.7657
422.834,236.951,82.292,48.7657
419.281,238.128,79.8718,47.3315
417.912,238.148,81.4773,48.2828
418.845,238.71,79.8718,47.3315
419.133,239.402,79.081,46.8628
418.021,238.914,81.4773,48.2828
417.282,238.219,83.115,49.2533
417.067,238.452,83.115,49.2533
416.799,238.638,83.115,49.2533
418.307,239.747,81.4773,48.2828
418.021,239.912,82.292,48.7657
418.043,240.157,82.292,48.7657
417.879,240.766,82.292,48.7657
417.884,241.051,82.292,48.7657
417.783,241.248,82.292,48.7657
418.035,242.122,81.4773,48.2828
417.412,241.862,82.292,48.7657
417.487,242.111,82.292,48.7657
416.331,241.158,83.9461,49.7458
417.248,242.42,82.292,48.7657
416.012,242.192,84.7856,50.2433
414.529,241.088,87.3547,51.7657
415.879,242.272,84.7856,50.2433
416.392,242.664,83.115,49.2533
416.095,242.629,84.7856,50.2433
415.955,243.099,84.7856,50.2433
414.829,242.039,87.3547,51.7657
414.991,242.416,87.3547,51.7657
415.124,242.556,87.3547,51.7657
414.491,242.232,88.2282,52.2834
414.064,241.908,89.1105,52.8062
413.384,241.457,90.9016,53.8676
412.041,240.689,93.656,55.4999
413.624,241.818,90.9016,53.8676
412.649,241.912,92.7287,54.9504
412.659,241.923,92.7287,54.9504
412.285,241.685,93.656,55.4999
412.796,242.134,92.7287,54.9504
413.035,242.648,92.7287,54.9504
414.366,243.605,90.9016,53.8676
415.261,244.635,90.0016,53.3343
416.977,245.817,87.3547,51.7657
415.817,245.523,90.0016,53.3343
414.232,244.416,92.7287,54.9504
413.997,244.378,93.656,55.4999
412.763,243.57,96.4939,57.1816
412.787,243.741,96.4939,57.1816
412.146,243.372,97.4588,57.7534
412.335,243.564,97.4588,57.7534
413.697,244.599,95.5385,56.6154
413.429,244.927,96.4939,57.1816
412.986,244.886,98.4334,58.3309
413.175,245.066,98.4334,58.3309
411.505,243.912,101.416,60.0984
411.537,244.362,101.416,60.0984
411.537,244.356,101.416,60.0984
411.206,244.074,102.43,60.6994
413.176,245.538,99.4177,58.9142
413.383,245.944,100.412,59.5034
412.591,245.752,103.454,61.3064
412.569,245.779,103.454,61.3064
411.509,244.85,105.534,62.5386
411.029,244.48,106.589,63.164
413.482,246.077,103.454,61.3064
413.705,246.54,104.489,61.9194
414.004,246.54,104.489,61.9194
412.789,245.66,106.589,63.164
411.585,245.04,109.819,65.0779
412.117,245.553,109.819,65.0779
413.698,246.465,108.732,64.4336
413.996,247.147,108.732,64.4336
413.038,246.267,110.917,65.7287
411.817,245.315,113.147,67.0499
414.255,246.833,109.819,65.0779
412.607,245.792,113.147,67.0499
411.328,244.873,115.421,68.3976
411.6,245.014,115.421,68.3976
411.725,245.233,115.421,68.3976
412.371,245.702,114.278,67.7204
412.774,246.237,115.421,68.3976
412.794,246.236,115.421,68.3976
413.365,246.363,115.421,68.3976
412.26,246.119,118.918,70.4701
411.842,245.582,121.309,71.8865
412.615,246.467,121.309,71.8865
410.71,244.659,124.984,74.0648
410.687,244.749,124.984,74.0648
411.105,244.926,124.984,74.0648
411.074,244.654,126.234,74.8054
412.108,245.511,124.984,74.0648
412.023,245.589,126.234,74.8054
412.364,245.89,126.234,74.8054
411.989,245.543,127.496,75.5535
412.555,245.672,127.496,75.5535
413.371,245.908,127.496,75.5535
413.462,246.51,127.496,75.5535
412.143,245.498,131.36,77.8428
411.379,244.68,134,79.4074
411.699,244.857,134,79.4074
412.353,245.257,135.34,80.2015
411.883,244.755,136.693,81.0035
412.947,245.313,135.34,80.2015
413.511,245.625,135.34,80.2015
413.634,246.04,136.693,81.0035
413.533,246.31,139.441,82.6317
413.487,246.302,140.835,83.458
413.712,246.107,142.244,84.2926
414.344,246.327,142.244,84.2926
412.164,244.473,146.554,86.8468
412.388,244.388,148.019,87.7152
413.4,244.948,146.554,86.8468
411.918,243.484,150.995,89.4783
412.542,243.612,150.995,89.4783
413.417,243.875,150.995,89.4783
413.029,243.411,154.03,91.2768
415.976,245.269,149.5,88.5924
414.754,244.209,154.03,91.2768
413.028,243.286,158.697,94.0426
413.388,243.524,158.697,94.0426
413.548,243.602,160.284,94.983
413.621,243.334,160.284,94.983
413.875,243.77,160.284,94.983
414.135,243.885,160.284,94.983
413.794,243.865,160.284,94.983
413.599,244.454,160.284,94.983
413.958,244.857,160.284,94.983
412.308,242.887,165.141,97.8611
410.794,242.063,170.145,100.826
411.409,242.272,170.145,100.826
411.453,242.634,170.145,100.826
410.255,241.131,173.564,102.853
408.171,239.424,178.824,105.97
408.049,239.118,180.612,107.029
406.554,238.32,184.242,109.181
407.014,238.662,184.242,109.181
408.992,239.527,182.418,108.1
410.068,240.391,182.418,108.1
408.447,238.62,187.945,111.375
407.841,237.924,189.825,112.489
407.617,237.163,191.723,113.614
406.934,236.767,193.64,114.75
405.763,235.168,199.508,118.227
404.404,232.103,205.553,121.809
404.085,231.022,207.609,123.027
404.998,231.507,209.685,124.258
405.999,232.274,207.609,123.027
407.911,232.64,207.609,123.027
408.318,233.066,209.685,124.258
406.502,230.309,216.038,128.023
410.236,233.292,209.685,124.258
406.639,230.894,216.038,128.023
408.494,231.361,216.038,128.023
409.306,231.832,216.038,128.023
408.09,232.381,216.038,128.023
408.411,232.376,216.038,128.023
408.708,233.332,216.038,128.023
407.359,232.51,220.381,130.596
407.228,233.326,224.81,133.221
409.817,234.775,224.81,133.221
409.024,233.27,229.329,135.899
408.323,230.924,236.278,140.017
408.466,232.134,233.939,138.63
406.381,230.136,241.027,142.831
408.59,232.158,238.641,141.417
408.829,230.941,245.872,145.702
406.841,229.006,253.322,150.117
406.208,228.796,255.855,151.618
408.785,227.323,263.608,156.212
408.161,226.204,266.244,157.774
408.155,226.197,266.244,157.774
412.402,229.048,263.608,156.212
414.626,228.797,268.906,159.352
415.729,231.289,266.244,157.774
420.32,231.572,274.311,162.555
416.957,232.59,274.311,162.555
422.988,233.677,277.054,164.18
427.273,236.3,277.054,164.18
425.488,235.525,282.623,167.48
429.037,236.826,282.623,167.48
426.769,235.9,291.187,172.555
433.653,238.058,294.099,174.281
431.508,236.244,303.01,179.562
431.575,234.407,312.192,185.003
432.728,234.891,321.652,190.608
427.511,229.953,331.398,196.384
433.367,230.553,341.44,202.335
