539.99,295.044,188,130
540.022,294.52,188,130
540.678,293.892,188,130
539.303,294.44,188,130
537.698,292.679,189.88,131.3
538.676,292.733,188,130
538.739,292.994,188,130
538.49,292.24,188,130
538.936,292.27,186.139,128.713
540.729,293.663,182.471,126.177
537.842,291.247,188,130
540.929,293.173,182.471,126.177
540.209,292.725,182.471,126.177
540.039,292.334,182.471,126.177
539.325,292.051,182.471,126.177
540.108,291.429,180.664,124.927
535.736,289.154,186.139,128.713
539.186,290.983,180.664,124.927
541.028,292.445,177.105,122.466
542.409,293.164,173.615,120.053
541.784,292.763,173.615,120.053
541.87,292.415,173.615,120.053
540.532,291.983,175.351,121.253
540.341,292.036,173.615,120.053
542.333,293.691,168.509,116.522
541.164,294.086,168.509,116.522
537.797,291.23,173.615,120.053
537.589,290.352,175.351,121.253
539.436,291.958,170.194,117.687
538.551,292.131,170.194,117.687
538.716,292.151,168.509,116.522
537.996,291.527,166.84,115.368
538.22,290.452,166.84,115.368
540.112,291.944,163.553,113.095
536.383,289.819,168.509,116.522
535.408,289.09,170.194,117.687
536.829,290.238,165.189,114.226
535.672,289.619,165.189,114.226
532.783,288.485,170.194,117.687
533.881,288.992,166.84,115.368
536.018,290.966,161.934,111.975
536.948,291.269,158.743,109.769
536.192,290.25,158.743,109.769
535.037,290.284,161.934,111.975
534.504,290.154,161.934,111.975
533.917,290.054,161.934,111.975
533.864,289.879,161.934,111.975
533.805,290.275,158.743,109.769
535.214,290.889,155.615,107.606
533.277,289.535,160.33,110.867
533.499,289.524,160.33,110.867
533.779,289.435,158.743,109.769
536.55,291.275,154.074,106.541
535.427,290.542,155.615,107.606
535.944,290.781,154.074,106.541
535.623,290.616,154.074,106.541
536.176,290.58,154.074,106.541
536.001,290.56,154.074,106.541
537.111,290.798,152.549,105.486
536.964,290.366,154.074,106.541
537.562,289.976,154.074,106.541
537.996,289.727,154.074,106.541
538.104,289.477,154.074,106.541
538.01,289.718,154.074,106.541
539.065,290.015,152.549,105.486
538.577,289.662,154.074,106.541
541.204,290.627,151.039,104.442
542.98,291.82,146.596,101.37
543.056,291.691,146.596,101.37
545.438,292.407,143.708,99.3725
546.602,292.729,140.876,97.4145
546.765,292.402,140.876,97.4145
545.631,291.692,143.708,99.3725
544.851,290.854,146.597,101.37
547.23,292.577,142.285,98.3887
545.531,291.453,146.597,101.37
548.17,292.383,142.285,98.3887
549.128,293.346,139.482,96.45
548.932,292.869,140.876,97.4145
549.339,292.724,140.876,97.4145
549.135,292.205,140.876,97.4145
547.897,291.417,145.145,100.366
549.872,292.972,140.876,97.4145
551.392,294.233,138.101,95.4951
550.626,293.457,140.876,97.4145
551.959,294.608,138.101,95.4951
551.84,294.384,139.482,96.45
552.537,295.515,138.101,95.4951
555.214,297.821,134.039,92.6866
554.973,298.41,134.039,92.6866
555.335,298.918,134.039,92.6866
556.196,300.539,130.097,89.9607
557.321,302.158,128.809,89.07
556.66,301.717,130.097,89.9607
557.415,302.98,128.809,89.07
558.239,303.852,128.809,89.07
556.661,303.361,132.712,91.7689
555.994,303.564,134.039,92.6866
557.516,305.552,131.398,90.8603
558.118,307.202,128.809,89.07
558.503,308.339,128.809,89.07
557.444,308.13,130.097,89.9607
558.422,309.335,128.809,89.07
559.587,311.146,126.271,87.315
559.426,311.552,127.534,88.1881
559.929,313.581,125.021,86.4505
560.331,314.257,125.021,86.4505
559.333,313.928,127.534,88.1881
558.997,314.694,127.534,88.1881
560.164,316.26,125.021,86.4505
559.178,315.726,127.534,88.1881
558.328,315.737,130.097,89.9607
558.92,317.089,128.809,89.07
560.343,319.265,125.021,86.4505
559.533,318.619,127.534,88.1881
559.062,318.845,128.809,89.07
560.504,320.787,125.021,86.4505
560.182,321.275,125.021,86.4505
560.292,322.019,125.021,86.4505
560.403,322.103,125.021,86.4505
560.296,321.691,126.271,87.315
560.023,321.893,126.271,87.315
560.293,323.078,125.021,86.4505
559.475,322.405,127.534,88.1881
558.9,322.479,127.534,88.1881
559.238,323.059,127.534,88.1881
559.662,323.703,126.271,87.315
561.465,324.919,122.557,84.747
562.232,325.731,120.142,83.0772
561.794,325.433,121.344,83.908
561.603,325.185,121.344,83.908
562.82,326.285,117.775,81.4402
563.221,326.678,116.609,80.6339
562.826,326.609,116.609,80.6339
562.67,326.707,115.454,79.8355
562.847,327.013,114.311,79.0451
561.888,326.322,116.609,80.6339
561.739,326.206,116.609,80.6339
559.679,324.993,120.142,83.0772
559.609,324.952,120.142,83.0772
559.512,324.869,118.953,82.2546
559.155,324.806,118.953,82.2546
558.432,324.505,120.142,83.0772
558.351,324.468,120.142,83.0772
557.499,324.651,120.142,83.0772
558.142,325.115,118.953,82.2546
557.153,325.206,120.142,83.0772
556.531,325.76,120.142,83.0772
557.464,327.022,117.775,81.4402
558.367,328.343,115.454,79.8355
557.678,328.423,116.609,80.6339
557.333,329.613,115.454,79.8355
556.923,329.905,115.454,79.8355
558.191,331.408,113.18,78.2625
556.934,331.153,115.454,79.8355
555.396,330.373,118.953,82.2546
556.564,332.203,115.454,79.8355
557.68,333.32,113.18,78.2625
556.594,332.749,115.454,79.8355
558.431,334.85,112.059,77.4876
556.874,334.166,114.311,79.0451
558.979,336.218,110.949,76.7204
558.755,336.773,110.949,76.7204
558.913,336.973,110.949,76.7204
559.227,337.14,110.949,76.7204
557.445,336.161,114.311,79.0451
556.043,335.192,117.775,81.4402
557.304,335.996,115.454,79.8355
559.245,337.513,112.059,77.4876
557.84,336.147,115.454,79.8355
556.411,334.9,118.953,82.2546
556.051,334.497,120.142,83.0772
556.604,334.563,120.142,83.0772
556.929,334.433,120.142,83.0772
557.205,333.911,121.344,83.908
558.609,335.227,117.775,81.4402
558.312,334.221,120.142,83.0772
558.887,334.257,120.142,83.0772
558.882,334.015,120.142,83.0772
561.728,335.274,116.609,80.6339
562.727,335.71,115.454,79.8356
563.819,335.948,114.311,79.0451
565.416,336.281,112.059,77.4876
565.057,335.42,114.311,79.0451
565.801,335.273,114.311,79.0451
565.365,334.566,116.609,80.6339
566.406,334.706,116.609,80.6339
568.145,335.892,114.311,79.0451
568.626,335.984,114.311,79.0451
571.526,337.697,110.95,76.7204
572.182,337.527,110.95,76.7204
573.176,337.709,110.95,76.7204
574.013,337.673,110.95,76.7204
575.559,338.045,108.763,75.2087
575.096,337.081,112.059,77.4876
576.365,337.268,112.059,77.4876
576.922,337.469,112.059,77.4876
578.659,338.386,109.851,75.9608
580.625,338.716,108.763,75.2087
581.579,338.83,108.763,75.2087
581.042,337.681,112.059,77.4876
583.522,338.832,108.763,75.2087
583.975,338.484,109.851,75.9608
583.388,337.476,113.18,78.2625
583.132,336.548,116.609,80.6339
584.541,336.695,115.455,79.8356
586.199,337.342,114.311,79.0451
589.001,338.504,110.95,76.7204
589.825,338.383,110.95,76.7204
592.455,339.467,107.687,74.4641
593.084,339.416,107.687,74.4641
595.36,340.229,104.519,72.2741
595.439,339.496,106.62,73.7268
596.205,339.335,106.62,73.7268
597.279,339.431,106.62,73.7268
597.144,338.815,107.687,74.4641
599.383,339.85,105.565,72.9968
599.417,339.4,106.62,73.7268
599.222,338.121,109.851,75.9608
600.931,339.092,107.687,74.4641
600.552,338.441,109.851,75.9608
601.551,338.918,109.851,75.9608
601.895,339.236,109.851,75.9608
603.068,339.906,108.763,75.2087
602.645,339.984,110.95,76.7204
604.393,341.469,107.687,74.4641
604.574,342.036,107.687,74.4641
603.74,341.423,109.851,75.9608
604.01,341.286,109.851,75.9608
605.451,342.513,107.687,74.4641
605.508,343.011,107.687,74.4641
604.897,342.466,109.851,75.9608
604.46,341.86,112.059,77.4876
605.403,343.608,108.763,75.2087
606.72,344.772,106.62,73.7268
607.867,346.126,104.519,72.2741
607.763,346.276,105.565,72.9968
607.982,346.436,106.62,73.7268
609.172,347.989,103.485,71.5585
610.577,349.686,100.441,69.454
609.925,349.234,102.46,70.85
608.864,349.326,104.519,72.2741
608.53,349.231,106.62,73.7268
608.598,349.691,106.62,73.7268
608.712,350.161,107.687,74.4641
607.771,350.039,108.763,75.2087
608.626,351.068,108.763,75.2087
609.346,352.334,107.687,74.4641
608.208,352.29,110.95,76.7204
608.486,353.733,108.763,75.2087
609.954,356.189,105.565,72.9968
608.973,356.802,106.62,73.7268
607.831,356.714,109.851,75.9608
608.012,358.125,108.763,75.2087
608.359,359.835,106.62,73.7268
607.231,360.003,108.763,75.2087
606.774,361.089,108.763,75.2087
606.94,363.048,106.62,73.7268
606.618,364.256,106.62,73.7268
606.625,365.324,106.62,73.7268
605.563,365.568,107.687,74.4641
604.162,366.385,108.763,75.2087
603.965,367.195,108.763,75.2087
602.822,367.449,110.95,76.7204
602.755,368.951,108.763,75.2087
601.944,369.535,109.851,75.9608
601.417,370.334,109.851,75.9608
601.654,371.262,107.687,74.4641
600.368,371.131,108.763,75.2087
600.373,372.296,107.687,74.4641
600.786,374.024,105.565,72.9968
601.456,375.379,103.485,71.5585
600.878,376.014,102.46,70.85
600.532,376.953,100.441,69.454
599.211,376.504,103.485,71.5585
597.963,376.237,104.519,72.2741
595.734,375.391,107.687,74.4641
596.021,377.017,104.519,72.2741
594.188,376.56,106.62,73.7268
593.707,376.723,107.687,74.4641
593.275,377.424,106.62,73.7268
591.454,376.759,107.687,74.4641
590.478,376.749,107.687,74.4641
589.575,376.778,107.687,74.4641
588.381,376.733,107.687,74.4641
587.933,376.858,107.687,74.4641
586.967,376.784,107.687,74.4641
585.894,376.729,107.687,74.4641
585.054,376.87,107.687,74.4641
583.833,377.026,107.687,74.4641
583.149,377.164,107.687,74.4641
583.197,378.124,104.519,72.2741
582.977,378.655,103.485,71.5585
581.118,378.148,104.519,72.2741
578.738,377.05,107.687,74.4641
579.373,378.192,104.519,72.2741
577.405,377.695,106.62,73.7268
574.791,377.495,108.763,75.2087
573.744,377.533,108.763,75.2087
572.04,377.451,108.763,75.2087
571.658,377.925,107.687,74.4641
571.685,378.7,106.62,73.7268
569.102,378.306,108.763,75.2087
568.387,378.768,107.687,74.4641
568.219,379.65,105.565,72.9968
567.033,379.908,105.565,72.9968
565.703,380.161,104.519,72.2741
566.234,381.474,101.446,70.1485
563.668,381.305,103.485,71.5585
561.513,381.037,104.519,72.2741
559.985,380.943,105.565,72.9968
557.028,379.498,108.763,75.2087
558.167,380.982,105.565,72.9968
556.942,381.264,104.519,72.2741
553.988,380.702,107.686,74.4641
554.218,382.266,104.519,72.2741
553.166,382.171,105.565,72.9968
552.242,383.62,103.485,71.5585
551.137,383.365,103.485,71.5585
551.78,384.428,101.446,70.1485
550.786,384.795,100.441,69.454
551.09,385.917,97.4872,67.4114
549.482,385.33,99.4467,68.7663
547.794,384.621,101.446,70.1485
548.205,384.978,99.4467,68.7663
545.523,383.695,101.446,70.1485
544.952,384.045,100.441,69.454
542.935,383.019,103.485,71.5585
541.521,382.399,105.565,72.9968
541.388,382.828,103.485,71.5585
542.205,384.011,100.441,69.454
541.786,384.081,101.446,70.1485
541.045,384.304,100.441,69.454
538.934,383.319,103.485,71.5585
538.582,382.794,104.519,72.2741
538.516,383.271,103.485,71.5585
538.192,383.634,103.485,71.5585
537.118,383.302,104.519,72.2741
537.34,383.214,104.519,72.2741
538.019,384.683,102.46,70.85
537.481,384.722,102.46,70.85
536.045,383.767,104.519,72.2741
535.781,384.033,104.519,72.2741
535.997,384.118,104.519,72.2741
535.869,384.005,104.519,72.2741
536.603,384.643,103.485,71.5585
536.713,384.562,103.485,71.5585
536.234,383.888,104.519,72.2741
536.484,384.756,103.485,71.5585
536.591,385.097,103.485,71.5585
536.337,385.124,103.485,71.5585
536.169,385.176,103.485,71.5585
536.739,385.032,103.485,71.5585
536.403,385.111,103.485,71.5585
537.649,386.197,100.441,69.454
538.799,386.588,99.4467,68.7663
537.83,385.936,101.446,70.1485
535.481,384.866,104.519,72.2741
534.102,384.1,106.62,73.7268
533.015,384.281,106.62,73.7268
533.603,385.534,103.485,71.5585
531.192,384.596,106.62,73.7268
530.957,385.521,105.565,72.9968
528.545,384.87,107.686,74.4641
528.638,386.073,104.519,72.2741
528.777,387.31,102.46,70.85
529.443,388.797,99.4467,68.7663
529.107,389.513,97.4872,67.4114
527.312,388.96,98.4621,68.0855
526.652,389.013,98.4621,68.0855
525.65,389.069,98.4621,68.0855
524.215,388.242,101.446,70.1485
523.521,388.723,100.441,69.454
521.604,388.271,102.46,70.85
521.425,388.973,101.446,70.1485
521.009,389.201,100.441,69.454
519.427,388.621,102.46,70.85
519.483,389.15,100.441,69.454
517.284,387.919,103.485,71.5585
517.718,389.216,100.441,69.454
517.076,389.286,100.441,69.454
517.046,390.213,99.4467,68.7663
516.048,390.514,99.4467,68.7663
515.585,390.735,99.4467,68.7663
514.801,390.759,99.4467,68.7663
514.271,391.321,97.4872,67.4114
512.524,391.06,98.4621,68.0855
511.825,391.182,98.4621,68.0855
511.497,391.976,97.4872,67.4114
511.549,392.901,96.522,66.7439
509.363,392.111,98.4621,68.0855
509.208,392.577,97.4872,67.4114
510.19,394.61,94.6201,65.4288
510.961,395.91,91.8373,63.5046
508.854,395.163,93.6833,64.781
507.367,394.758,96.522,66.7439
505.687,393.879,98.4621,68.0855
506.223,395.185,96.522,66.7439
505.13,396.185,95.5663,66.0831
503.557,395.289,97.4872,67.4114
502.723,395.738,97.4872,67.4114
500.296,394.198,100.441,69.454
499.121,394.098,102.46,70.85
498.841,395.051,100.441,69.454
497.865,395.518,100.441,69.454
497.736,396.246,99.4467,68.7663
497.722,397.476,97.4872,67.4114
496.309,397.671,97.4872,67.4114
495.371,397.715,98.4621,68.0855
495.468,398.684,97.4872,67.4114
493.724,398.504,99.4467,68.7663
493.976,400.345,96.522,66.7439
493.16,401.029,96.522,66.7439
491.087,400.584,97.4872,67.4114
489.921,400.658,98.4621,68.0855
489.412,401.764,97.4872,67.4114
489.158,402.486,95.5663,66.0831
487.572,402.809,97.4872,67.4114
485.194,401.896,100.441,69.454
484.157,402.532,100.441,69.454
484.305,403.604,98.4621,68.0855
483.974,404.68,97.4872,67.4114
484.623,406.076,94.6201,65.4288
483.054,406.084,96.522,66.7439
482.035,406.328,96.522,66.7439
480.962,407.036,96.522,66.7439
480.076,407.432,96.522,66.7439
479.141,408.046,96.522,66.7439
477.616,407.64,97.4872,67.4114
477.553,408.5,95.5663,66.0831
475.221,408.192,98.4621,68.0855
475.901,409.577,95.5663,66.0831
475.277,410.279,95.5663,66.0831
476.154,411.899,92.7557,64.1396
474.706,411.963,93.6833,64.781
472.841,411.83,95.5663,66.0831
473.053,413.067,93.6833,64.781
471.14,412.425,95.5663,66.0831
471.148,413.169,94.6201,65.4288
470.389,413.752,94.6201,65.4288
471.153,414.765,91.8374,63.5046
468.914,414.841,93.6833,64.781
467.234,413.88,96.522,66.7439
465.314,413.16,98.4621,68.0855
464.522,413.338,98.4621,68.0855
463.862,413.381,98.4621,68.0855
463.425,413.99,97.4872,67.4114
462.646,414.58,97.4872,67.4114
463.632,416.345,94.6201,65.4288
462.864,416.461,93.6833,64.781
463.02,417.437,92.7558,64.1396
461.272,417.349,94.6201,65.4288
458.811,416.177,97.4872,67.4114
458.956,417.068,95.5663,66.0831
457.301,416.019,98.4621,68.0855
457.647,417.39,95.5663,66.0831
456.449,417.589,96.522,66.7439
456.246,417.994,96.522,66.7439
456.59,418.898,93.6833,64.781
454.315,418.589,96.522,66.7439
453.325,418.382,97.4872,67.4114
452.474,418.598,97.4872,67.4114
452.23,418.853,97.4872,67.4114
450.861,418.947,98.4621,68.0855
451.69,420.178,96.522,66.7439
450.655,419.857,98.4621,68.0855
451.351,421.022,96.522,66.7439
450.889,421.578,95.5663,66.0831
450.429,422.15,96.522,66.7439
449.21,421.824,98.4621,68.0855
450.254,422.973,96.522,66.7439
448.781,422.263,98.4621,68.0855
448.01,422.023,100.441,69.454
447.892,422.565,100.441,69.454
447.476,422.57,101.446,70.1486
447.778,423.688,100.441,69.454
448.058,424.464,99.4467,68.7664
448.012,425.249,99.4467,68.7664
448.057,425.879,98.4621,68.0855
447.215,426.19,99.4467,68.7664
447.592,426.812,98.4621,68.0855
447.541,427.075,98.4621,68.0855
447.733,427.813,97.4872,67.4114
447.592,428.437,97.4872,67.4114
445.702,427.626,100.441,69.454
445.546,428.158,100.441,69.454
447.075,429.716,97.4872,67.4114
446.757,429.826,98.4621,68.0855
446.262,430.3,99.4467,68.7664
446.661,431.051,98.4621,68.0855
445.488,430.875,100.441,69.454
446.361,432.106,99.4467,68.7664
446.485,432.545,99.4467,68.7664
446.073,433.153,99.4467,68.7664
445.474,433.074,101.446,70.1486
445.376,433.508,101.446,70.1486
446.813,434.912,99.4467,68.7664
448.344,436.565,96.522,66.7439
447.547,436.23,98.4621,68.0855
446.146,436.049,101.446,70.1486
446.748,436.659,100.441,69.454
448.506,438.095,97.4872,67.4114
449.492,439.558,96.522,66.7439
449.449,440.631,95.5664,66.0831
447.987,439.928,98.4621,68.0855
