779.008,309.506,90,91
775.583,315.906,87.3531,88.3237
770.911,320.548,87.3531,88.3237
766.985,324.103,85.6319,86.5834
763.068,326.8,83.9446,84.8773
757.873,327.997,82.2906,83.2049
752.933,327.961,81.4758,82.3811
749.595,327.886,79.8704,80.7579
745.747,327.432,78.2967,79.1666
741.247,326.081,78.2967,79.1666
737.201,325.08,75.994,76.8384
732.798,323.3,75.2416,76.0776
729.854,322.515,73.0287,73.8402
725.819,320.822,73.759,74.5786
721.024,318.433,74.4966,75.3243
715.911,315.616,74.4966,75.3243
713.358,315.346,72.3057,73.1091
710.52,314.489,70.881,71.6685
706.899,312.72,70.1792,70.9589
703.149,310.769,70.881,71.6685
699.257,309.608,68.7964,69.5608
694.937,306.887,70.881,71.6685
692.552,306.517,68.7964,69.5608
688.179,304.046,69.4843,70.2564
686.084,303.887,67.4408,68.1902
683.435,303.404,65.4574,66.1847
680.318,301.899,65.4574,66.1847
677.395,300.156,66.7731,67.515
674.337,299.018,66.7731,67.515
672.752,299.114,64.8093,65.5294
669.493,297.987,64.1676,64.8806
665.517,295.405,65.4574,66.1847
664.136,295.336,64.1676,64.8806
662.288,295.5,62.2805,62.9725
659.744,294.877,61.6638,62.349
657.249,294.201,60.4488,61.1205
654.218,293.249,60.4488,61.1205
651.852,292.538,59.8503,60.5153
650.388,292.421,58.671,59.3229
646.991,290.464,59.8503,60.5153
644.953,290.574,58.0901,58.7356
642.166,289.403,58.671,59.3229
640.318,288.962,57.515,58.154
637.433,287.762,58.0901,58.7356
634.874,286.786,58.0901,58.7356
633.324,286.686,56.3817,57.0082
632.147,286.403,55.2708,55.8849
629.881,285.348,55.8235,56.4437
627.71,284.971,55.8235,56.4437
625.274,283.639,56.3817,57.0082
622.774,282.659,56.3817,57.0082
620.797,281.446,56.9455,57.5783
619.84,281.282,55.8235,56.4437
619.307,281.867,54.1817,54.7837
618.504,281.871,52.5882,53.1726
616.528,280.634,53.1141,53.7043
614.573,279.563,53.6453,54.2413
613.639,280.021,52.0676,52.6461
612.581,279.4,51.552,52.1248
610.391,278.285,52.0676,52.6461
608.788,278.053,51.552,52.1248
607.462,277.141,51.552,52.1248
606.67,277.315,50.0359,50.5919
604.993,276.546,50.5363,51.0978
604.174,276.371,49.5405,50.091
602.23,275.11,50.0359,50.5919
601.047,274.617,49.05,49.595
599.842,273.823,49.05,49.595
597.879,273.084,50.0359,50.5919
596.887,272.614,49.05,49.595
595.319,272.034,48.5644,49.104
595.131,272.928,47.1361,47.6598
593.59,272.225,47.6075,48.1364
592.03,271.504,47.6075,48.1364
591.089,271.468,47.1361,47.6598
589.688,270.581,47.1361,47.6598
587.961,269.672,47.1361,47.6598
587.069,269.641,46.6694,47.1879
585.675,268.786,46.6694,47.1879
584.285,267.904,46.6694,47.1879
582.857,267.048,46.6694,47.1879
581.459,266.904,46.2073,46.7207
581.163,266.857,44.8484,45.3467
579.979,266.481,44.8484,45.3467
578.55,265.71,44.8484,45.3467
576.825,264.848,44.8484,45.3467
575.321,264.728,44.8484,45.3467
574.177,264.098,44.4043,44.8977
572.795,263.875,44.8484,45.3467
571.64,263.656,44.8484,45.3467
570.218,262.901,44.8484,45.3467
568.906,262.782,44.8484,45.3467
567.639,262.383,43.9647,44.4532
567.299,262.938,43.0984,43.5773
566.128,262.599,43.0984,43.5773
565.114,262.237,42.6717,43.1458
563.364,261.629,43.0984,43.5773
561.787,260.524,43.5294,44.0131
561.037,260.831,43.0984,43.5773
560.53,261.054,42.6717,43.1458
559.727,261.156,41.8309,42.2957
558.696,260.532,41.8309,42.2957
557.566,260.664,41.4167,41.8769
556.25,260.59,41.4167,41.8769
554.967,260.092,42.2492,42.7186
553.891,259.819,41.4167,41.8769
553.003,259.786,41.4167,41.8769
552.012,259.724,41.4167,41.8769
551.374,260,41.0067,41.4623
550.451,259.884,41.0067,41.4623
550.506,260.62,39.8007,40.2429
549.596,260.572,39.8007,40.2429
548.766,260.501,39.8007,40.2429
548.284,260.357,39.8007,40.2429
546.68,259.105,40.6007,41.0518
546.427,259.854,39.4066,39.8444
545.869,259.752,39.8007,40.2429
545.295,259.791,39.4066,39.8444
544.691,259.907,39.0164,39.4499
543.805,259.707,39.8007,40.2429
543.759,260.271,38.6301,39.0593
542.929,260.258,38.6301,39.0593
541.662,259.837,39.0164,39.4499
540.895,259.875,39.0164,39.4499
540.647,260.27,38.6301,39.0593
540.334,260.508,37.869,38.2897
539.5,260.532,37.869,38.2897
538.637,260.48,37.869,38.2897
538.267,260.465,37.869,38.2897
537.492,260.459,37.869,38.2897
536.646,260.47,37.869,38.2897
536.292,260.469,37.869,38.2897
535.693,260.82,37.494,37.9106
535.336,260.897,37.494,37.9106
535.417,261.486,36.3913,36.7957
534.911,261.619,36.031,36.4314
534.161,261.652,36.3913,36.7957
533.523,261.882,36.031,36.4314
533.2,261.864,36.031,36.4314
532.505,262.083,36.031,36.4314
532.011,262.559,36.031,36.4314
531.166,262.925,36.031,36.4314
530.503,263.163,36.031,36.4314
530.078,263.503,36.031,36.4314
529.2,264.13,36.031,36.4314
528.883,265.359,34.9714,35.3599
527.7,265.247,36.031,36.4314
527.264,265.768,36.031,36.4314
526.633,266.238,36.031,36.4314
526.346,266.667,36.031,36.4314
525.34,267.261,36.031,36.4314
525.641,268.673,35.3211,35.7135
525.188,269.16,34.9714,35.3599
524.531,269.434,34.9714,35.3599
523.993,269.784,34.9714,35.3599
524.134,271.32,34.2823,34.6632
522.816,271.265,34.9714,35.3599
522.867,272.171,33.9429,34.32
522.441,272.603,33.9429,34.32
521.79,273.243,33.9429,34.32
521.979,274.767,32.9446,33.3107
520.854,274.493,33.9429,34.32
520.385,275.048,33.9429,34.32
520.011,275.394,33.9429,34.32
519.745,276.004,33.9429,34.32
519.577,276.436,33.9429,34.32
519.229,276.982,33.9429,34.32
518.967,277.149,33.9429,34.32
518.998,277.222,33.9429,34.32
519.348,277.726,33.6068,33.9802
519.803,278.448,32.9446,33.3107
520.418,279.007,31.9757,32.331
520.156,278.694,32.9446,33.3107
520.358,278.808,32.9446,33.3107
519.755,278.322,33.9429,34.32
520.67,279.001,32.9446,33.3107
521.331,279.948,31.9757,32.331
521.395,279.978,31.9757,32.331
522.008,280.417,31.0353,31.3801
521.858,280.073,31.9757,32.331
522.291,280.534,31.0353,31.3801
522.415,280.707,31.0353,31.3801
522.6,280.806,31.0353,31.3801
521.942,280.491,31.9757,32.331
522.001,280.848,31.9757,32.331
522.458,281.453,31.0353,31.3801
522.674,281.955,30.4238,30.7618
522.271,281.728,31.0353,31.3801
522.419,281.935,31.0353,31.3801
522.527,282.737,30.4238,30.7618
522.489,282.9,30.4238,30.7618
522.158,282.755,31.0353,31.3801
522.681,283.781,30.728,31.0695
522.332,283.812,30.4238,30.7618
522.003,283.637,31.0353,31.3801
522.285,284.382,30.4238,30.7618
521.898,284.784,30.4238,30.7618
521.861,284.976,30.4238,30.7618
521.769,285.196,30.4238,30.7618
522.256,286.241,29.529,29.8571
521.592,285.911,30.4238,30.7618
521.193,285.818,31.0353,31.3801
521.473,286.704,30.4238,30.7618
521.378,286.866,30.4238,30.7618
521.271,287.103,30.4238,30.7618
521.453,288.138,29.529,29.8571
521.331,288.428,29.529,29.8571
521.375,288.672,29.529,29.8571
520.667,288.538,30.4238,30.7618
520.565,288.724,30.4238,30.7618
521.082,289.593,29.529,29.8571
521.182,290.328,28.9472,29.2688
521.103,290.47,28.9472,29.2688
521.067,290.633,28.9472,29.2688
521.031,290.732,28.9472,29.2688
520.956,290.856,29.529,29.8571
521.272,291.414,28.9472,29.2688
521.538,291.602,28.9472,29.2688
521.795,291.614,29.8243,30.1557
522.495,292.322,28.9472,29.2688
523.24,292.825,28.3768,28.6921
523.403,292.776,28.9472,29.2688
524.7,293.766,28.6606,28.979
525.229,293.875,28.3768,28.6921
525.553,293.928,28.9472,29.2688
526.889,294.794,28.3768,28.6921
527.528,294.83,28.9472,29.2688
529.065,295.868,28.6606,28.979
529.732,295.979,28.3768,28.6921
530.491,296.108,28.9472,29.2688
532.305,297.036,28.3768,28.6921
533.599,297.551,28.0959,28.408
535.162,298.049,28.0959,28.408
536.69,298.409,28.0959,28.408
538.615,298.93,28.0959,28.408
541.071,299.629,27.5423,27.8483
543.207,300.467,26.9996,27.2996
545.16,300.796,26.9996,27.2996
547.476,301.848,26.7323,27.0293
548.893,301.853,26.9996,27.2996
551.109,302.583,26.9996,27.2996
553.265,302.945,26.9996,27.2996
555.212,303.527,26.9996,27.2996
557.826,304.854,26.2055,26.4967
558.802,304.665,26.9996,27.2996
561.379,305.971,26.7323,27.0293
562.489,305.922,27.5423,27.8483
563.929,306.535,27.5423,27.8483
566.105,307.807,26.7323,27.0293
566.466,307.823,26.9996,27.2996
567.664,308.479,27.5423,27.8483
569.198,309.758,26.7323,27.0293
569.977,310.059,26.4676,26.7617
570.832,310.661,26.4676,26.7617
571.539,310.995,26.9996,27.2996
573.771,312.594,26.2055,26.4967
574.806,312.977,25.9461,26.2344
576.175,313.916,26.2055,26.4967
576.458,314.136,26.4676,26.7617
577.294,314.843,26.4676,26.7617
578.953,316.375,25.6892,25.9746
578.982,316.633,25.9461,26.2344
579.567,317.59,25.4348,25.7174
579.788,318.221,26.2055,26.4967
580.611,319.304,25.6892,25.9746
581.073,320.267,25.6892,25.9746
581.262,320.596,25.4348,25.7174
581.636,321.262,26.2055,26.4967
582.138,322.175,25.4348,25.7174
582.781,322.973,25.6892,25.9746
583.238,323.79,24.9337,25.2107
583.7,324.598,25.183,25.4628
582.988,324.51,25.9461,26.2344
583.181,325.401,25.4348,25.7174
583.523,326.064,24.9337,25.2107
583.526,326.772,24.9337,25.2107
584.146,327.769,24.6868,24.9611
583.533,327.795,24.9337,25.2107
583.517,328.116,24.9337,25.2107
583.18,328.525,25.4348,25.7174
583.471,329.382,24.9337,25.2107
583.646,330.309,24.4424,24.7139
583.209,330.672,24.9337,25.2107
583.47,331.469,24.4424,24.7139
583.081,331.729,24.9337,25.2107
583.421,332.793,24.4424,24.7139
583.439,333.437,24.4424,24.7139
582.961,333.665,24.9337,25.2107
583.247,334.656,24.6868,24.9611
582.864,334.712,24.9337,25.2107
583.289,335.711,24.6868,24.9611
582.862,335.739,24.9337,25.2107
583.09,336.507,24.6868,24.9611
582.77,336.784,24.4424,24.7139
582.864,337.164,23.9608,24.227
582.864,337.364,23.9608,24.227
582.88,337.491,23.9608,24.227
582.742,337.84,23.9608,24.227
582.74,337.954,23.9608,24.227
582.992,338.319,23.4886,23.7496
582.817,338.418,23.4886,23.7496
582.714,338.511,23.4886,23.7496
582.538,338.557,23.4886,23.7496
582.466,338.652,23.4886,23.7496
582.393,339.187,23.4886,23.7496
582.393,339.326,23.4886,23.7496
582.365,339.393,23.4886,23.7496
582.52,339.776,23.0258,23.2817
582.233,339.69,23.4886,23.7496
582.333,340.295,23.0258,23.2817
582.851,340.736,22.7978,23.0511
582.316,340.466,23.0258,23.2817
581.957,340.253,23.4886,23.7496
581.953,340.216,23.4886,23.7496
582.181,340.465,23.0258,23.2817
582.027,340.48,23.0258,23.2817
582.044,340.468,23.0258,23.2817
582.013,340.467,23.0258,23.2817
582.087,340.496,22.5721,22.8229
581.648,340.271,23.0258,23.2817
582.036,340.669,22.7978,23.0511
581.924,340.577,22.7978,23.0511
581.96,340.565,22.7978,23.0511
581.881,340.514,22.7978,23.0511
581.927,340.485,22.7978,23.0511
581.871,340.354,22.7978,23.0511
581.797,340.332,22.7978,23.0511
582.034,340.465,22.3486,22.597
582.024,340.411,22.3486,22.597
581.917,340.394,22.3486,22.597
582.061,340.287,22.3486,22.597
581.957,340.325,22.3486,22.597
581.869,340.37,22.3486,22.597
581.907,340.396,22.3486,22.597
580.99,339.802,23.0258,23.2817
580.747,339.55,23.0258,23.2817
580.461,339.682,22.5721,22.8229
580.658,340.1,21.9083,22.1517
580.162,339.883,22.5721,22.8229
580.123,340.186,22.7978,23.0511
579.951,340.327,22.5721,22.8229
579.828,340.734,21.9083,22.1517
579.262,340.396,22.5721,22.8229
579.445,340.825,21.9083,22.1517
578.841,340.809,21.9083,22.1517
578.015,340.467,22.5721,22.8229
577.732,340.679,21.9083,22.1517
577.486,340.599,21.9083,22.1517
577.412,340.847,21.6914,21.9324
576.571,340.172,21.9083,22.1517
576.351,339.678,21.9083,22.1517
576.274,339.971,21.6914,21.9324
575.981,339.847,21.6914,21.9324
575.551,339.309,21.4766,21.7152
575.471,339.342,21.264,21.5002
574.928,338.896,21.6914,21.9324
574.908,338.994,21.264,21.5002
574.505,338.632,21.6914,21.9324
573.439,337.91,21.9083,22.1517
573.861,338.218,21.264,21.5002
573.325,337.836,21.6914,21.9324
572.595,337.252,21.9083,22.1517
572.406,336.908,21.9083,22.1517
572.475,337.176,21.6914,21.9324
572.333,337.023,21.6914,21.9324
572.327,337.033,21.264,21.5002
571.667,336.364,21.4766,21.7152
571.851,336.372,21.264,21.5002
571.629,336.262,21.264,21.5002
571.789,336.484,20.6386,20.8679
571.214,336.062,21.264,21.5002
570.938,335.836,21.0534,21.2873
570.096,335.189,21.4766,21.7152
569.978,335.193,21.4766,21.7152
570.174,335.372,21.0534,21.2873
569.679,335.054,21.4766,21.7152
569.825,335.455,21.264,21.5002
570.055,335.728,20.6386,20.8679
569.649,335.437,20.4342,20.6613
569.475,335.416,20.4342,20.6613
569.337,335.317,20.4342,20.6613
568.881,335.131,21.0534,21.2873
569.043,335.468,20.6386,20.8679
568.545,335.141,20.4342,20.6613
568.457,334.844,20.4342,20.6613
568.386,334.819,20.4342,20.6613
568.26,334.758,20.4342,20.6613
567.874,334.745,20.4342,20.6613
568.07,334.965,20.6386,20.8679
567.728,334.607,20.4342,20.6613
567.911,334.687,20.6386,20.8679
567.55,334.442,20.4342,20.6613
567.475,334.345,20.4342,20.6613
567.646,334.509,20.6386,20.8679
567.066,333.992,21.0534,21.2873
566.681,333.689,21.4766,21.7152
566.767,334.049,21.264,21.5002
567.159,334.383,20.6386,20.8679
567.031,334.356,20.6386,20.8679
567.035,334.32,20.6386,20.8679
567.057,334.313,20.6386,20.8679
567.251,334.332,20.6386,20.8679
567.309,334.006,20.4342,20.6613
567.452,333.766,20.4342,20.6613
567.712,333.73,20.4342,20.6613
568.296,334.059,20.6386,20.8679
568.83,334.159,20.0316,20.2542
569.097,334.184,20.0316,20.2542
569.316,334.323,20.0316,20.2542
569.56,334.424,20.0316,20.2542
570.371,335.062,19.4425,19.6585
570.722,335.201,19.4425,19.6585
570.853,335.215,19.4425,19.6585
571.356,335.304,19.4425,19.6585
571.664,335.39,19.4425,19.6585
571.662,335.195,20.0316,20.2542
572.554,335.452,19.4425,19.6585
572.382,335.174,20.0316,20.2542
572.956,335.546,19.4425,19.6585
573.526,335.614,19.6369,19.8551
573.847,335.887,19.4425,19.6585
574.271,335.913,19.4425,19.6585
574.872,336.313,18.8707,19.0804
574.794,336.065,19.4425,19.6585
575.107,336.182,19.4425,19.6585
575.91,336.47,18.8707,19.0804
575.832,336.279,19.4425,19.6585
576.576,336.572,18.8707,19.0804
576.857,336.583,18.8707,19.0804
576.857,336.441,19.4425,19.6585
577.825,336.751,18.8707,19.0804
578.125,336.784,18.8707,19.0804
578.359,336.509,19.4425,19.6585
578.932,336.812,18.8707,19.0804
579.107,336.848,18.8707,19.0804
579.609,336.523,19.4425,19.6585
580.101,336.886,18.8707,19.0804
580.976,337.108,18.4989,18.7044
581.1,336.966,18.8707,19.0804
581.655,337.324,18.8707,19.0804
582.108,337.422,18.8707,19.0804
582.402,337.134,19.4425,19.6585
583.046,337.509,18.8707,19.0804
583.326,337.559,18.8707,19.0804
584.029,337.631,18.8707,19.0804
584.53,337.743,18.8707,19.0804
585.084,337.785,18.8707,19.0804
585.968,338.002,18.4989,18.7044
586.096,337.948,18.8707,19.0804
586.909,338.276,18.4989,18.7044
587.219,338.511,18.8707,19.0804
588,338.684,18.4989,18.7044
588.132,338.639,18.8707,19.0804
589.036,338.82,18.4989,18.7044
589.104,338.799,18.8707,19.0804
590.122,339.088,18.4989,18.7044
590.207,338.923,18.8707,19.0804
590.904,339.011,18.8707,19.0804
591.788,339.754,18.3157,18.5192
592.375,339.75,18.3157,18.5192
593.151,339.81,18.3157,18.5192
593.199,339.525,18.4989,18.7044
593.456,339.611,18.4989,18.7044
594.125,339.546,18.4989,18.7044
594.397,339.625,18.4989,18.7044
595.214,339.644,18.4989,18.7044
595.666,339.841,17.9548,18.1543
596.175,339.72,18.4989,18.7044
596.408,339.837,18.4989,18.7044
597.251,340.034,17.9548,18.1543
597.501,340.054,18.4989,18.7044
598.268,340.301,17.9548,18.1543
598.456,340.298,18.4989,18.7044
599.364,340.922,18.3157,18.5192
599.757,340.912,17.9548,18.1543
600.152,340.81,18.4989,18.7044
600.609,341.071,17.9548,18.1543
601.032,341.005,18.4989,18.7044
601.527,341.295,17.9548,18.1543
602.308,341.659,18.3157,18.5192
602.584,341.853,17.9548,18.1543
603.029,341.726,18.4989,18.7044
603.551,342.069,17.9548,18.1543
604.659,342.692,17.777,17.9746
605.277,343.059,17.777,17.9746
605.823,343.144,17.777,17.9746
606.179,343.112,17.4268,17.6204
606.654,343.148,17.4268,17.6204
607.263,343.478,17.777,17.9746
607.609,343.35,17.4268,17.6204
608.136,343.444,17.4268,17.6204
609.026,343.837,17.777,17.9746
609.578,344.168,17.777,17.9746
610.283,344.52,17.2542,17.4459
610.483,344.152,17.4268,17.6204
610.816,344.307,17.4268,17.6204
611.466,344.308,17.4268,17.6204
611.825,344.355,17.4268,17.6204
612.453,344.407,17.4268,17.6204
612.821,344.428,17.4268,17.6204
614.032,344.917,17.2542,17.4459
614.345,344.895,17.777,17.9746
614.947,345.217,17.2542,17.4459
615.202,345,16.9142,17.1022
615.694,345.212,17.2542,17.4459
615.964,345.242,17.2542,17.4459
615.978,344.943,17.777,17.9746
615.79,344.724,17.4268,17.6204
616.154,344.984,17.777,17.9746
616.574,345.199,17.2542,17.4459
616.868,345.383,16.7468,16.9328
616.756,345.132,17.2542,17.4459
616.791,345.104,17.2542,17.4459
616.799,345.056,17.2542,17.4459
616.887,345.038,17.2542,17.4459
616.991,344.808,16.9142,17.1022
617.168,344.711,16.581,16.7652
617.208,344.697,16.581,16.7652
617.277,344.735,16.581,16.7652
617.564,344.653,16.581,16.7652
617.784,344.668,16.581,16.7652
617.807,344.644,16.581,16.7652
617.626,344.429,16.9142,17.1022
617.938,344.626,16.581,16.7652
617.932,344.641,16.581,16.7652
618.074,344.669,16.581,16.7652
617.886,344.454,16.9142,17.1022
617.961,344.45,16.9142,17.1022
617.98,344.472,16.9142,17.1022
618.143,344.534,16.9142,17.1022
618.893,344.817,16.581,16.7652
618.672,344.527,16.9142,17.1022
618.684,344.507,16.9142,17.1022
619.113,344.834,16.581,16.7652
619.18,344.824,16.581,16.7652
619.227,344.842,16.581,16.7652
619.638,344.813,16.581,16.7652
619.754,344.827,16.581,16.7652
620.124,344.979,16.0933,16.2721
620.044,344.787,16.581,16.7652
620.151,344.727,16.581,16.7652
620.566,344.922,16.0933,16.2721
621.023,344.872,16.0933,16.2721
620.81,344.587,16.581,16.7652
620.987,344.537,16.581,16.7652
620.96,344.168,16.9142,17.1022
621.612,344.564,16.7468,16.9328
621.962,344.517,16.7468,16.9328
621.998,344.216,16.4168,16.5992
622.422,344.418,16.0933,16.2721
622.701,344.433,16.0933,16.2721
623.182,344.433,16.0933,16.2721
623.042,344.116,16.581,16.7652
623.106,343.852,16.4168,16.5992
623.281,343.867,16.4168,16.5992
623.529,343.856,16.4168,16.5992
623.929,343.866,16.581,16.7652
624.1,343.888,16.581,16.7652
624.545,344.131,16.0933,16.2721
625,344.182,16.0933,16.2721
624.909,343.962,16.581,16.7652
625.288,344.152,16.0933,16.2721
625.326,344.141,16.0933,16.2721
625.516,344.134,16.0933,16.2721
625.66,343.896,16.4168,16.5992
626.039,344.133,16.0933,16.2721
626.189,344.095,16.0933,16.2721
626.356,344.217,16.0933,16.2721
626.383,344.164,16.0933,16.2721
626.521,344.251,16.0933,16.2721
626.893,344.213,15.934,16.111
627.079,344.215,15.934,16.111
627.156,344.209,15.934,16.111
627.257,344.205,15.934,16.111
627.353,344.204,15.934,16.111
627.585,344.163,15.934,16.111
628.297,344.424,15.4654,15.6372
628.413,344.427,15.4654,15.6372
628.581,344.383,15.4654,15.6372
628.73,344.305,15.4654,15.6372
628.813,344.276,15.4654,15.6372
629.295,344.265,15.4654,15.6372
629.425,344.192,15.4654,15.6372
629.559,344.149,15.4654,15.6372
629.893,344.323,15.0105,15.1773
629.806,344.072,15.4654,15.6372
630.249,344.029,15.4654,15.6372
630.374,344.002,15.4654,15.6372
630.5,343.999,15.4654,15.6372
630.617,343.974,15.4654,15.6372
630.753,344.016,15.4654,15.6372
631.28,344.131,15.0105,15.1773
631.352,343.946,15.4654,15.6372
631.56,343.905,15.4654,15.6372
631.662,343.876,15.4654,15.6372
632.005,343.808,15.4654,15.6372
632.406,343.88,15.4654,15.6372
632.517,343.811,15.4654,15.6372
632.668,343.687,15.4654,15.6372
632.874,343.703,15.4654,15.6372
633.288,343.6,15.4654,15.6372
633.806,343.497,15.0105,15.1773
633.969,343.531,15.0105,15.1773
633.76,343.353,15.4654,15.6372
633.951,343.267,15.4654,15.6372
634.728,343.442,15.0105,15.1773
634.577,343.226,15.4654,15.6372
634.959,343.365,15.0105,15.1773
635.102,343.44,15.0105,15.1773
635.705,343.404,15.0105,15.1773
635.963,343.322,15.0105,15.1773
635.703,343.122,15.4654,15.6372
636.28,343.353,15.0105,15.1773
636.579,343.335,15.0105,15.1773
636.901,343.313,15.0105,15.1773
637.13,343.32,15.0105,15.1773
637.188,343.155,15.4654,15.6372
637.713,343.341,15.0105,15.1773
637.608,343.341,15.4654,15.6372
637.825,343.319,15.4654,15.6372
638.632,343.54,15.0105,15.1773
638.665,343.373,15.4654,15.6372
639.362,343.434,15.0105,15.1773
639.263,343.369,15.4654,15.6372
640.146,343.362,15.0105,15.1773
640.364,343.385,15.4654,15.6372
641.091,343.229,15.0105,15.1773
641.558,343.335,15.0105,15.1773
641.445,343.317,15.4654,15.6372
642.137,343.376,15.62,15.7936
641.99,343.06,15.934,16.111
643.189,343.402,15.62,15.7936
643.438,343.049,15.4654,15.6372
644.07,343.37,15.62,15.7936
644.4,343.132,15.4654,15.6372
644.815,343.111,15.4654,15.6372
645.441,343.114,15.4654,15.6372
646.086,343.252,15.0105,15.1773
646.804,343.201,14.5691,14.731
646.94,343.205,15.0105,15.1773
647.304,343.079,15.4654,15.6372
648.187,343.328,15.0105,15.1773
648.583,343.02,15.4654,15.6372
649.056,342.964,15.4654,15.6372
649.629,342.649,15.934,16.111
650.839,343.171,15.62,15.7936
651.567,343.162,15.62,15.7936
651.673,343.066,15.4654,15.6372
651.692,342.803,15.934,16.111
652.732,343.102,15.4654,15.6372
653.278,342.554,15.934,16.111
654.124,343.074,15.4654,15.6372
655.155,343.132,15.0105,15.1773
656.417,343.455,14.8619,15.027
657.313,343.435,14.8619,15.027
657.548,343.2,15.0105,15.1773
658.062,343.247,15.0105,15.1773
658.867,343.05,15.4654,15.6372
659.852,343.235,15.62,15.7936
660.101,343.049,15.4654,15.6372
660.698,343.365,15.0105,15.1773
661.817,343.648,14.8619,15.027
662.397,343.75,14.8619,15.027
663.19,343.558,14.4248,14.5851
664.301,343.542,14.8619,15.027
665.471,343.565,14.8619,15.027
666.005,343.594,14.8619,15.027
666.214,343.384,14.5691,14.731
667.643,343.818,14.282,14.4407
668.794,343.795,14.282,14.4407
669.504,343.95,14.282,14.4407
670.375,343.91,14.282,14.4407
671.157,343.932,14.282,14.4407
671.165,343.521,14.5691,14.731
672.607,343.87,14.282,14.4407
673.331,343.47,14.5691,14.731
674.6,343.995,14.282,14.4407
675.001,343.532,14.5691,14.731
676.203,344.057,14.282,14.4407
676.399,343.679,14.5691,14.731
678.492,344.089,14.282,14.4407
679.41,344.186,14.282,14.4407
680.211,343.82,14.0006,14.1562
681.421,344.156,14.282,14.4407
682.186,343.737,14.4248,14.5851
683.473,343.903,14.8619,15.0271
684.492,343.846,14.4248,14.5851
685.486,343.781,14.5691,14.731
686.354,344.046,14.8619,15.0271
687.381,344.193,14.4248,14.5851
688.611,344.037,14.4248,14.5851
690.061,344.17,14.8619,15.0271
690.708,344.065,15.0105,15.1773
691.386,344.008,15.4654,15.6372
692.47,344.165,15.0105,15.1773
694,344.239,15.0105,15.1773
695.195,344.269,15.0105,15.1773
696.438,344.352,15.0105,15.1773
697.347,344.36,15.0105,15.1773
698.452,344.355,15.0105,15.1773
699.625,344.483,15.0105,15.1773
700.742,344.439,15.0105,15.1773
701.798,344.446,15.0105,15.1773
703.03,344.38,15.0105,15.1773
704.737,344.83,14.8619,15.0271
705.764,344.616,14.4248,14.5851
706.817,344.577,14.4248,14.5851
707.929,344.659,14.4248,14.5851
708.889,344.6,14.4248,14.5851
710.068,344.587,14.4248,14.5851
711.334,344.624,14.4248,14.5851
712.548,344.713,14.4248,14.5851
713.48,344.708,14.4248,14.5851
713.621,344.732,14.4248,14.5851
713.363,344.903,14.8619,15.0271
711.224,344.606,15.0105,15.1773
708.852,344.635,15.0105,15.1773
706.689,344.493,15.4654,15.6372
704.322,344.725,15.0105,15.1773
700.931,344.65,14.5691,14.731
697.371,344.934,14.4248,14.5851
694.328,344.961,14.4248,14.5851
691.389,345.304,14.282,14.4407
688.051,345.344,14.0006,14.1562
684.375,344.906,14.4248,14.5851
679.915,344.675,14.5691,14.731
675.793,344.846,14.4248,14.5851
672.123,345.028,14.282,14.4407
668.213,344.992,14.282,14.4407
664.218,344.975,14.282,14.4407
659.256,344.914,14.282,14.4407
654.958,345.01,14.282,14.4407
650.877,345.007,14.282,14.4407
647.362,344.888,14.282,14.4407
643.922,344.797,14.282,14.4407
639.611,344.806,14.282,14.4407
635.626,344.237,14.5691,14.731
632.322,344.605,14.8619,15.0271
628.944,344.671,14.8619,15.0271
625.55,344.654,14.8619,15.0271
622.269,344.699,14.8619,15.0271
619.839,344.692,14.8619,15.0271
617.901,344.834,14.8619,15.0271
616.216,344.873,14.8619,15.0271
614.665,344.9,14.8619,15.0271
612.906,345.036,14.8619,15.0271
611.026,344.967,14.5691,14.731
610.058,345.206,14.8619,15.0271
609.467,345.572,14.8619,15.0271
609.288,345.602,14.8619,15.0271
609.043,345.67,14.8619,15.0271
608.673,345.675,14.8619,15.0271
608.602,345.744,14.8619,15.0271
608.444,345.732,14.8619,15.0271
608.91,345.787,14.8619,15.0271
609.466,345.734,14.8619,15.0271
610.326,345.775,14.8619,15.0271
611.105,345.78,14.7148,14.8783
611.939,345.96,14.282,14.4407
612.831,346,14.282,14.4407
613.893,346.019,14.282,14.4407
614.694,346.017,14.282,14.4407
615.647,346.096,14.282,14.4407
616.614,346.06,14.282,14.4407
617.527,346.112,14.282,14.4407
618.628,346.093,14.282,14.4407
619.402,346.014,14.282,14.4407
620.295,346.043,14.282,14.4407
620.866,346.036,14.7148,14.8783
621.73,345.984,14.8619,15.0271
622.731,346.098,14.8619,15.0271
623.534,346.476,14.8619,15.0271
624.284,346.477,14.8619,15.0271
625.002,346.423,14.4248,14.5851
625.992,346.517,14.8619,15.0271
627.061,346.598,14.8619,15.0271
627.791,346.639,14.8619,15.0271
628.457,346.662,14.8619,15.0271
629.337,346.719,14.8619,15.0271
629.977,346.737,14.8619,15.0271
630.743,346.782,14.8619,15.0271
631.316,346.724,14.8619,15.0271
632.006,346.753,14.8619,15.0271
632.393,346.752,14.8619,15.0271
633.194,346.755,14.8619,15.0271
634.106,346.75,14.8619,15.0271
634.941,346.749,14.8619,15.0271
635.639,346.706,14.8619,15.0271
636.145,346.707,14.8619,15.0271
636.873,346.678,14.8619,15.0271
637.126,346.383,15.0105,15.1773
637.598,346.544,15.4654,15.6372
638.298,346.795,15.62,15.7936
639.07,346.937,15.62,15.7936
639.886,346.892,15.1606,15.3291
639.732,346.77,15.4654,15.6372
640.232,346.84,15.4654,15.6372
641.226,346.859,15.0105,15.1773
641.993,346.638,14.5691,14.731
642.632,346.727,14.5691,14.731
643.771,346.734,14.5691,14.731
644.483,346.77,14.5691,14.731
645.697,347.166,14.8619,15.0271
646.097,347.233,14.5691,14.731
646.983,347.663,14.8619,15.0271
647.788,347.847,14.8619,15.0271
649.004,347.783,14.8619,15.0271
649.165,347.766,14.7148,14.8783
650.379,348.154,14.282,14.4407
651.069,347.604,14.5691,14.731
651.824,347.748,14.5691,14.731
652.767,347.989,14.5691,14.731
654.015,348.155,14.4248,14.5851
654.581,348.563,14.4248,14.5851
655.674,348.912,14.8619,15.0271
657.201,348.921,14.8619,15.0271
657.992,348.765,15.1606,15.3291
659.341,348.962,14.7148,14.8783
659.893,348.864,14.7148,14.8783
661.192,348.999,15.0105,15.1773
662.35,349.056,15.4654,15.6372
664.026,349.175,15.0105,15.1773
664.525,349.049,15.1606,15.3291
665.641,349.409,14.8619,15.0271
666.783,349.317,15.0105,15.1773
668.037,349.436,15.0105,15.1773
668.779,349.25,15.1606,15.3291
669.481,349.202,14.7148,14.8783
671.445,349.519,14.282,14.4407
672.843,349.623,14.4248,14.5851
674,349.705,14.4248,14.5851
674.968,349.925,14.4248,14.5851
675.917,349.81,14.4248,14.5851
676.792,349.643,14.4248,14.5851
677.801,349.521,14.4248,14.5851
679.021,349.665,14.4248,14.5851
678.923,349.666,14.1406,14.2977
680.157,349.105,14.5691,14.731
680.798,349.442,14.1406,14.2977
682.459,349.836,14.282,14.4407
684.34,350.075,13.862,14.016
684.955,349.909,14.1406,14.2977
686.855,349.908,14.4248,14.5851
688.343,349.938,14.4248,14.5851
689.99,350.01,14.4248,14.5851
690.712,350.013,14.7148,14.8783
691.818,350.152,14.7148,14.8783
694.205,350.705,14.4248,14.5851
695.725,350.76,14.4248,14.5851
697.566,350.662,14.4248,14.5851
699.498,350.75,14.4248,14.5851
700.102,350.746,14.1406,14.2977
701.171,350.719,14.1406,14.2977
703.752,350.91,14.4248,14.5851
705.295,350.858,14.4248,14.5851
707.322,350.898,14.4248,14.5851
707.547,350.683,14.7148,14.8783
708.694,350.594,14.7148,14.8783
711.191,351.277,14.4248,14.5851
711.883,351.156,14.1406,14.2977
714.45,351.354,14.4248,14.5851
714.844,351.447,14.7148,14.8783
715.503,351.52,15.1606,15.3291
717.319,351.774,14.7148,14.8783
718.659,351.833,14.7148,14.8783
719.987,351.941,14.7148,14.8783
724.272,352.139,15.1606,15.3291
725.866,352.214,15.4654,15.6372
727.239,352.186,15.4654,15.6372
726.748,352.163,15.1606,15.3291
729.934,352.33,15.4654,15.6372
729.52,352.13,15.62,15.7936
730.217,352.071,15.7762,15.9515
731.503,352.099,15.7762,15.9515
733.172,352.263,15.3123,15.4824
734.982,352.501,14.8619,15.0271
736.278,352.493,14.7148,14.8783
738.313,352.78,14.282,14.4407
738.902,352.467,14.1406,14.2977
739.729,352.476,14.282,14.4407
741.044,352.354,14.7148,14.8783
742.17,352.33,14.7148,14.8783
743.909,352.404,14.7148,14.8783
744.952,352.562,14.7148,14.8783
745.811,352.415,14.7148,14.8783
749.448,353.4,14.4248,14.5851
749.711,352.883,14.1406,14.2977
750.484,352.825,14.1406,14.2977
751.591,353.238,14.1406,14.2977
754.964,353.522,14.4248,14.5851
754.762,353.21,14.1406,14.2977
755.651,353.214,14.1406,14.2977
758.894,353.461,14.5691,14.731
760.329,353.68,15.0105,15.1773
759.187,353.295,14.7148,14.8783
760.127,353.375,14.7148,14.8783
760.647,353.607,14.7148,14.8783
762.125,353.397,14.7148,14.8783
762.984,353.546,14.7148,14.8783
764.205,353.445,14.7148,14.8783
765.414,353.29,15.1606,15.3291
766.357,353.421,14.7148,14.8783
767.182,353.533,14.7148,14.8783
767.942,353.522,14.7148,14.8783
767.811,353.359,15.1606,15.3291
768.033,353.576,14.7148,14.8783
768.202,353.731,14.7148,14.8783
768.683,353.532,15.1606,15.3291
768.975,353.752,14.7148,14.8783
768.834,353.751,14.7148,14.8783
768.798,353.862,14.7148,14.8783
768.853,353.713,14.7148,14.8783
768.381,353.931,14.7148,14.8783
768.005,353.755,14.7148,14.8783
767.35,353.925,14.7148,14.8783
766.81,353.877,14.7148,14.8783
765.347,354.017,15.1606,15.3291
764.709,354.401,15.1606,15.3291
763.799,354.163,15.1606,15.3291
763.406,354.315,14.7148,14.8783
762.764,353.942,14.8619,15.0271
761.704,354.134,15.1606,15.3291
760.897,354.437,14.7148,14.8783
759.68,354.258,15.1606,15.3291
758.628,354.268,15.1606,15.3291
756.207,354.333,15.62,15.7936
755.466,354.204,15.7762,15.9515
755.145,354.148,15.7762,15.9515
755.515,353.862,15.3123,15.4824
754.066,354.298,15.1606,15.3291
753.401,354.339,14.7148,14.8783
752.423,354.59,14.7148,14.8783
752.338,354.539,14.7148,14.8783
751.445,354.723,14.7148,14.8783
750.762,354.583,15.1606,15.3291
749.475,354.585,15.1606,15.3291
749.493,354.777,14.7148,14.8783
748.591,354.585,14.7148,14.8783
747.995,354.333,15.1606,15.3291
746.908,354.535,15.1606,15.3291
745.415,354.048,15.62,15.7936
743.975,353.923,15.7762,15.9515
742.53,354.295,15.3123,15.4824
740.753,354.091,15.7762,15.9515
739.409,354.092,15.3123,15.4824
736.763,354.461,15.62,15.7936
735.367,354.122,15.62,15.7936
733.93,354.36,15.1606,15.3291
732.437,354.186,15.1606,15.3291
730.642,354.455,14.7148,14.8783
727.598,354.402,15.1606,15.3291
725.593,354.259,15.1606,15.3291
728.178,359.083,15.62,15.7936
727.26,360.083,15.934,16.111
725.946,360.971,16.2543,16.4349
718.51,355.708,16.7468,16.9329
719.565,359.329,16.9143,17.1022
718.918,360.847,16.7468,16.9329
717.447,360.998,16.7468,16.9329
715.504,360.974,17.2542,17.4459
712.939,361.066,16.7468,16.9329
710.594,361.197,16.4168,16.5992
708.817,361.038,16.7468,16.9329
706.555,361.148,16.581,16.7652
704.899,361.298,16.581,16.7652
702.211,361.205,16.4168,16.5992
699.648,361.401,16.9143,17.1022
698.073,361.251,16.581,16.7652
696.149,361.494,16.581,16.7652
694.865,361.961,16.7468,16.9329
692.457,361.815,17.2542,17.4459
690.46,362.36,16.7468,16.9329
688.406,362.402,17.2542,17.4459
686.24,362.09,17.777,17.9746
684.13,361.997,18.3157,18.5192
681.681,362.302,18.3157,18.5192
679.256,361.98,18.8707,19.0804
677.828,362.127,18.4989,18.7044
676.391,362.017,17.9548,18.1543
674.747,362.436,18.4989,18.7044
673.021,362.434,17.9548,18.1543
672.196,363.675,17.777,17.9746
670.968,363.292,18.3157,18.5192
669.474,363.293,17.9548,18.1543
668.644,363.339,18.3157,18.5192
667.103,363.364,18.4989,18.7044
665.921,363.677,18.4989,18.7044
665.081,363.618,17.9548,18.1543
664.653,364.125,17.4268,17.6204
663.495,364.019,17.4268,17.6204
662.763,364.534,17.777,17.9746
661.947,364.649,17.777,17.9746
660.261,364.146,17.9548,18.1543
658.459,364.045,18.4989,18.7044
657.574,364.306,18.3157,18.5192
655.786,364.028,17.9548,18.1543
653.657,364.384,18.4989,18.7044
652.226,364.438,17.9548,18.1543
650.522,364.932,18.4989,18.7044
649.684,365.059,18.4989,18.7044
649.133,365.053,18.4989,18.7044
648.233,364.867,18.8707,19.0804
647.837,365.002,18.8707,19.0804
647.499,365.347,18.4989,18.7044
647.572,365.619,17.9548,18.1543
647.56,366.093,17.4268,17.6204
646.967,365.747,17.9548,18.1543
646.705,365.799,18.4989,18.7044
646.636,365.903,18.4989,18.7044
647.189,366.176,18.3157,18.5192
646.809,366.342,18.3157,18.5192
646.502,366.529,17.9548,18.1543
646.177,366.405,17.9548,18.1543
646.586,366.772,17.777,17.9746
646.036,366.81,17.4268,17.6204
646.241,366.784,17.4268,17.6204
646.028,366.711,17.9548,18.1543
645.872,367.026,18.4989,18.7044
645.577,366.89,18.8707,19.0804
645.785,367.032,18.4989,18.7044
645.46,367.085,18.8707,19.0804
645.563,367.268,18.8707,19.0804
645.235,367.338,18.8707,19.0804
644.923,367.63,18.4989,18.7044
644.565,367.641,18.4989,18.7044
644.263,367.817,17.9548,18.1543
643.659,367.92,18.4989,18.7044
643.283,367.873,18.8707,19.0804
642.47,367.759,19.4425,19.6585
641.74,368.067,19.4425,19.6585
640.66,368.547,18.8707,19.0804
639.671,368.539,18.8707,19.0804
638.339,368.541,19.4425,19.6585
637.171,368.52,20.0316,20.2542
636.14,368.744,20.0316,20.2542
635.276,369.309,19.4425,19.6585
634.485,369.434,19.4425,19.6585
633.805,369.758,19.4425,19.6585
633.445,369.97,19.4425,19.6585
632.574,370.095,19.4425,19.6585
631.438,369.953,20.0316,20.2542
630.941,370.007,20.0316,20.2542
630.596,370.111,20.6386,20.8679
630.377,370.742,20.0316,20.2542
630.035,371.086,19.4425,19.6585
630.253,371.424,19.4425,19.6585
629.643,371.39,20.0316,20.2542
629.841,372.007,19.4425,19.6585
629.89,372.165,19.4425,19.6585
629.548,372.162,20.0316,20.2542
629.328,372.397,20.0316,20.2542
628.685,372.295,20.4343,20.6613
628.775,372.776,20.6386,20.8679
628.199,372.568,21.0534,21.2874
628.068,372.929,21.0534,21.2874
627.925,373.51,21.0534,21.2874
627.677,373.803,20.4343,20.6613
627.465,373.831,21.0534,21.2874
627.566,374.159,21.0534,21.2874
627.349,374.302,21.6914,21.9324
627.351,374.693,21.264,21.5002
627.151,374.844,21.0534,21.2874
627.628,375.423,20.6386,20.8679
627.562,375.725,20.6386,20.8679
627.175,375.601,21.264,21.5002
627.013,375.581,21.6914,21.9324
626.83,375.914,21.0534,21.2874
626.493,375.907,21.0534,21.2874
626.325,375.971,21.6914,21.9324
625.874,375.739,21.9083,22.1517
625.899,376.06,22.3486,22.597
626.165,376.565,21.6914,21.9324
625.779,376.888,21.6914,21.9324
625.099,376.576,21.9083,22.1517
624.173,376.46,22.5721,22.8229
623.522,376.602,23.0258,23.2817
623.035,376.562,23.4887,23.7496
622.803,376.977,23.0258,23.2817
622.078,377.28,23.0258,23.2817
621.929,377.491,23.0258,23.2817
621.419,377.804,23.0258,23.2817
621.058,377.954,23.0258,23.2817
620.438,378.511,23.0258,23.2817
619.886,378.448,23.0258,23.2817
619.242,378.532,23.4887,23.7496
618.763,379.16,23.0258,23.2817
618.821,379.981,22.3487,22.597
617.883,379.688,23.0258,23.2817
617.355,379.745,23.0258,23.2817
616.886,379.782,23.0258,23.2817
616.189,380.039,23.0258,23.2817
616.322,380.833,22.7979,23.0512
615.614,380.674,23.0258,23.2817
614.958,380.427,23.4887,23.7496
614.69,380.461,23.9608,24.227
614.716,380.975,23.4887,23.7496
614.549,381.241,23.4887,23.7496
614.292,381.255,23.9608,24.227
614.184,381.133,24.4424,24.714
614.34,381.591,23.9608,24.227
614.023,381.853,24.4424,24.714
614.353,382.211,23.9608,24.227
614.334,382.256,23.9608,24.227
614.15,382.281,24.4424,24.714
614.281,382.847,24.4424,24.714
614.308,383.089,24.4424,24.714
614.657,383.53,23.9608,24.227
614.334,383.904,24.4424,24.714
614.163,384.206,24.4424,24.714
613.967,384.604,24.4424,24.714
613.815,384.753,24.4424,24.714
613.652,385.028,24.4424,24.714
613.583,385.118,24.4424,24.714
613.369,385.213,24.4424,24.714
613.338,385.663,24.4424,24.714
613.266,385.572,25.183,25.4628
613.191,385.898,24.4424,24.714
613.034,386.053,24.4424,24.714
613.188,386.346,23.9608,24.227
612.883,386.322,24.4424,24.714
612.978,386.921,24.4424,24.714
612.856,387.132,24.4424,24.714
612.89,387.289,24.4424,24.714
612.854,387.531,24.4424,24.714
612.572,387.712,25.183,25.4628
612.759,388.255,24.4424,24.714
612.412,388.536,25.183,25.4628
611.886,388.485,25.4349,25.7175
611.896,388.958,25.6892,25.9746
611.512,388.946,26.2056,26.4967
611.067,388.834,25.9461,26.2344
610.696,389.174,25.4349,25.7175
610.732,389.449,24.9337,25.2107
610.366,389.473,25.4349,25.7175
610.32,389.639,25.4349,25.7175
610.273,390.025,25.4349,25.7175
610.114,390.259,25.9461,26.2344
609.914,390.227,26.4676,26.7617
609.845,390.667,27.2696,27.5726
609.319,390.565,27.5423,27.8483
608.928,390.66,28.3769,28.6922
608.949,391.284,28.0959,28.4081
608.773,391.483,28.0959,28.4081
608.753,391.992,28.6606,28.9791
608.499,392.17,28.0959,28.4081
608.405,392.185,28.0959,28.4081
608.383,392.645,27.5423,27.8483
607.759,392.863,28.0959,28.4081
607.877,393.273,27.5423,27.8483
607.755,393.217,27.5423,27.8483
607.755,393.402,27.5423,27.8483
607.769,393.352,27.5423,27.8483
607.307,393.15,28.0959,28.4081
606.982,393.073,28.0959,28.4081
607.119,393.284,27.5423,27.8483
606.473,392.987,28.0959,28.4081
606.565,393.264,27.5423,27.8483
605.748,392.607,28.3769,28.6922
605.615,392.79,28.0959,28.4081
606.131,393.166,27.2696,27.5726
605.348,392.515,28.0959,28.4081
604.771,392.26,28.6606,28.9791
604.483,391.878,29.2367,29.5616
603.966,391.25,30.1226,30.4573
604.497,391.166,29.2367,29.5616
604.313,390.901,29.2367,29.5616
604.242,390.679,29.2367,29.5616
603.588,389.988,29.5291,29.8572
603.854,390.408,28.6606,28.9791
603.526,389.87,29.2367,29.5616
603.414,389.748,29.2367,29.5616
602.988,389.129,30.1226,30.4573
602.832,388.76,29.5291,29.8572
602.64,388.281,29.5291,29.8572
602.863,388.122,29.2367,29.5616
602.398,387.552,30.1226,30.4573
601.853,387.029,30.4239,30.7619
601.682,386.486,30.4239,30.7619
601.784,386.26,30.7281,31.0695
601.675,386.311,30.7281,31.0695
601.542,386.28,30.7281,31.0695
601,385.784,31.3457,31.694
600.549,385.252,31.0354,31.3802
600.798,385.234,30.7281,31.0695
600.267,384.693,31.3457,31.694
600.15,384.485,31.3457,31.694
600.278,383.894,31.3457,31.694
600.005,383.632,31.3457,31.694
599.197,382.539,31.9758,32.3311
598.852,382.191,32.2955,32.6544
598.596,381.676,31.9758,32.3311
598.45,380.831,32.6185,32.9809
597.8,379.444,33.6069,33.9803
597.525,378.695,33.6069,33.9803
597.573,378.871,32.6185,32.9809
596.581,377.383,33.6069,33.9803
596.236,377.06,32.9447,33.3107
596.391,377.219,32.6185,32.9809
596.286,376.735,32.6185,32.9809
596.03,376.18,32.6185,32.9809
594.808,375.361,32.9447,33.3107
594.836,375.12,32.6185,32.9809
594.069,374.404,32.9447,33.3107
594.176,374.178,31.9758,32.3311
594.12,373.333,32.6185,32.9809
594.102,373.073,32.6185,32.9809
593.346,371.875,33.6069,33.9803
593.35,371.279,34.2824,34.6633
593.347,370.701,34.6252,35.0099
592.918,369.594,34.9714,35.36
593.416,369.276,34.2824,34.6633
593.728,368.995,34.2824,34.6633
593.869,368.195,34.2824,34.6633
593.682,367.988,34.6252,35.0099
593.584,367.26,34.6252,35.0099
592.915,366.333,34.9714,35.36
593.205,366.174,34.6252,35.0099
593.512,366.182,34.2824,34.6633
592.803,365.335,35.3212,35.7136
592.474,364.966,34.2824,34.6633
591.845,363.777,35.3212,35.7136
591.749,363.77,34.6252,35.0099
590.89,362.732,35.3212,35.7136
589.737,361.795,36.3914,36.7958
589.967,361.722,35.3212,35.7136
589.75,361.843,34.6252,35.0099
588.99,361.127,34.6252,35.0099
588.113,360.562,35.3212,35.7136
587.49,359.666,34.9714,35.36
587.382,359.51,33.9429,34.3201
586.131,358.848,34.9714,35.36
585.766,357.945,36.0311,36.4315
585.798,357.81,34.9714,35.36
584.758,356.748,36.0311,36.4315
585.105,356.801,34.9714,35.36
585.007,356.222,34.9714,35.36
584.063,355.647,36.0311,36.4315
583.921,355.215,36.3914,36.7958
583.803,354.874,36.0311,36.4315
583.437,354.304,36.0311,36.4315
583.235,354.072,36.3914,36.7958
582.984,353.676,37.1229,37.5354
582.133,352.484,37.8691,38.2898
583.032,352.887,36.7553,37.1637
582.276,351.536,36.3914,36.7958
581.977,351.85,36.7553,37.1637
581.163,350.832,37.4941,37.9107
581.509,350.804,36.7553,37.1637
581.076,349.652,36.3914,36.7958
580.488,349.739,37.4941,37.9107
580.207,348.999,37.4941,37.9107
579.768,348.531,38.6302,39.0594
578.729,348.354,39.8008,40.243
577.338,347.441,41.0068,41.4624
577.298,346.588,40.6008,41.0519
577.016,346.407,41.831,42.2958
576.238,346.559,41.0068,41.4624
575.616,345.76,41.4168,41.877
575.826,346,41.831,42.2958
575.916,346.289,42.2493,42.7187
575.44,344.659,43.0985,43.5774
575.347,343.854,44.4044,44.8978
575.203,343.146,45.7499,46.2583
575.638,343.181,45.297,45.8003
575.828,342.77,46.2074,46.7209
576.557,342.961,46.2074,46.7209
577.699,343.048,45.7499,46.2583
578.512,342.682,46.2074,46.7209
578.998,341.856,47.6076,48.1365
580.229,342.034,46.2074,46.7209
580.064,341.41,47.6076,48.1365
580.715,341.328,47.6076,48.1365
581.799,341.233,47.6076,48.1365
583.25,341.066,46.2074,46.7209
583.122,340.032,47.6076,48.1365
583.979,340.13,46.2074,46.7209
584.711,340.216,45.297,45.8003
585.606,340.123,44.8485,45.3468
585.465,339.446,45.7499,46.2583
585.357,338.802,46.6695,47.1881
585.688,338.453,47.1362,47.6599
585.385,337.648,48.0836,48.6179
585.338,336.809,49.5406,50.0911
585.33,336.829,50.036,50.592
586.178,335.836,50.5364,51.0979
586.793,335.001,52.0677,52.6462
587.895,335.154,50.5364,51.0979
589.272,335.712,49.5406,50.0911
589.481,335.696,50.036,50.592
589.938,335.343,51.0418,51.6089
589.982,334.55,52.5884,53.1727
591.193,334.794,53.1143,53.7044
592.516,334.625,52.0677,52.6462
593.849,334.877,52.5884,53.1727
594.765,334.487,54.1819,54.7839
596.186,334.301,55.8236,56.4439
598.015,334.262,55.8236,56.4439
600.315,334.746,54.7237,55.3317
602.574,335.296,53.6454,54.2415
604.832,335.47,53.1143,53.7044
606.617,335.567,54.1819,54.7839
608.454,335.933,54.7237,55.3317
610.791,336.396,54.1819,54.7839
613.001,336.68,52.5884,53.1727
614.768,337.301,51.5522,52.125
617.224,337.443,53.1143,53.7044
618.794,337.575,54.7237,55.3317
618.363,336.722,56.3819,57.0083
617.178,336.397,57.5151,58.1542
617.883,335.827,58.0903,58.7357
617.847,336.005,58.0903,58.7357
619.882,336.895,57.5151,58.1542
621.217,336.976,58.0903,58.7357
620.167,336.347,59.8505,60.5155
621.319,337.613,58.0903,58.7357
622.346,337.423,58.0903,58.7357
623.676,338.284,56.9457,57.5784
625.462,338.907,56.3819,57.0083
625.157,338.669,57.5151,58.1542
624.388,338.507,58.0903,58.7357
626.896,340.311,56.3819,57.0083
627.807,340.439,56.9457,57.5784
627.483,340.356,56.9457,57.5784
622.325,339.616,55.8236,56.4439
629.038,343.081,54.1819,54.7839
630.709,343.315,54.7237,55.3317
630.316,343.078,56.3819,57.0083
633.534,344.7,55.8236,56.4439
633.952,344.609,56.9457,57.5784
633.835,343.828,58.0903,58.7357
633.504,344.067,59.8505,60.5155
636.341,346.677,58.6712,59.3231
637.766,345.845,59.8505,60.5155
637.992,346.158,61.664,62.3492
637.938,346.164,62.9035,63.6024
631.807,346.058,62.9035,63.6024
637.596,348.159,64.8095,65.5296
641.119,351.836,63.5325,64.2384
643.746,355.296,62.9035,63.6024
646.215,356.038,62.9035,63.6024
650.417,359.655,61.0535,61.7318
648.941,360.516,62.9035,63.6024
651.089,364.224,61.0535,61.7318
654.417,367.863,59.2579,59.9163
654.076,369.574,61.0535,61.7318
656.355,372.942,59.8505,60.5155
658.06,376.865,58.0903,58.7357
659.413,379.238,59.2579,59.9163
660.091,381.528,59.8505,60.5155
659.816,383.56,61.664,62.3492
661.051,386.696,59.8505,60.5155
661.244,389.501,59.8505,60.5155
661.512,392.083,58.0903,58.7357
661.375,394.125,59.2579,59.9163
660.602,395.583,61.0535,61.7319
660.671,398.224,61.0535,61.7319
660.946,400.855,61.664,62.3492
661.041,403.328,63.5325,64.2384
661.385,404.888,65.4576,66.1849
661.033,406.808,66.7733,67.5152
660.458,409.297,68.7966,69.561
662.391,412.508,68.7966,69.561
664.074,414.994,68.7966,69.561
665.56,417.795,68.7966,69.561
666.604,420.055,70.1794,70.9592
669.228,423.008,70.8812,71.6688
669.105,424.908,73.029,73.8404
670.024,427.143,74.4968,75.3246
672.638,430.368,73.7593,74.5788
676.899,433.888,71.59,72.3855
678.935,437.303,71.59,72.3855
678.824,439.397,73.029,73.8404
681.887,442.818,72.3059,73.1093
682.108,445.176,73.029,73.8404
685.951,449.63,71.59,72.3855
686.946,453.807,71.59,72.3855
686.575,456.762,73.7593,74.5788
687.584,460.051,73.7593,74.5788
687.972,462.616,73.7593,74.5788
687.498,465.345,75.9942,76.8386
687.849,470.178,73.7593,74.5788
687.925,472.512,73.029,73.8404
688.795,478.298,71.59,72.3855
688.536,481.368,72.3059,73.1093
689.044,485.449,70.8812,71.6688
688.804,489.913,69.4846,70.2566
690.442,495.31,67.441,68.1904
688.028,499.09,69.4846,70.2566
686.302,502.649,71.59,72.3855
685.125,507.171,73.029,73.8404
683.492,513.287,75.2418,76.0778
681.688,516.369,74.4969,75.3246
679.99,525.762,74.4969,75.3246
680.431,527.616,75.2418,76.0778
680.508,531.206,73.7593,74.5788
671.294,507.606,74.4969,75.3246
682.197,525.035,73.029,73.8404
672.524,510.289,73.029,73.8404
681.585,531.868,74.4969,75.3246
