630,440,95,82
630,440,95,82
630,440,95,82
631,441,95,82
630,441,95,82
631,441,95,82
631,441,95,82
631,440,95,82
631,440,95,82
631,440,95,82
633,442,95,82
631,441,95,82
631,441,95,82
631,441,95,82
631,441,95,82
630,441,95,82
630,442,95,82
630,442,95,82
630,442,95,82
630,442,95,82
630,442,95,82
630,443,95,82
630,443,95,82
629,443,95,82
629,443,95,82
629,443,95,82
629,443,95,82
629,444,95,82
629,444,95,82
629,444,95,82
629,444,95,82
629,444,95,82
629,444,95,82
629,445,95,82
629,445,95,82
628,445,95,82
628,445,95,82
628,445,95,82
628,445,95,82
628,445,95,82
628,445,95,82
627,445,95,82
627,445,95,82
627,445,95,82
627,446,95,82
626,446,95,82
626,446,95,82
625,446,95,82
625,446,95,82
625,446,95,82
623,446,95,82
623,446,95,82
623,447,95,82
622,446,95,82
622,447,95,82
622,447,95,82
621,447,95,82
621,447,95,82
621,448,95,82
621,448,95,82
620,448,95,82
620,448,95,82
620,449,95,82
619,449,95,82
619,449,95,82
619,449,95,82
618,449,95,82
618,449,95,82
618,449,95,82
617,449,95,82
616,449,95,82
615,449,95,82
616,449,95,82
614,448,95,82
614,450,95,82
613,449,95,82
612,449,95,82
612,449,95,82
611,448,95,82
610,449,95,82
610,449,95,82
609,449,95,82
608,449,95,82
608,449,95,82
607,449,95,82
607,449,95,82
606,449,95,82
605,449,95,82
604,449,95,82
603,449,95,82
602,448,95,82
601,448,95,82
600,448,95,82
599,448,95,82
598,448,95,82
597,448,95,82
596,448,95,82
595,448,95,82
594,448,95,82
594,448,95,82
593,447,95,82
592,447,95,82
591,447,95,82
590,447,95,82
589,446,95,82
588,447,95,82
587,446,95,82
586,446,95,82
585,446,95,82
584,446,95,82
584,446,95,82
583,446,95,82
582,445,95,82
581,446,95,82
580,446,95,82
579,446,95,82
578,447,95,82
577,447,95,82
576,447,95,82
576,447,95,82
575,447,95,82
574,447,95,82
573,447,95,82
573,447,95,82
572,447,95,82
571,447,95,82
570,447,95,82
569,448,95,82
569,448,95,82
568,448,95,82
568,448,95,82
567,448,95,82
566,448,95,82
566,448,95,82
565,448,95,82
565,449,95,82
564,449,95,82
564,449,95,82
564,449,95,82
564,449,95,82
565,450,95,82
564,450,95,82
564,450,95,82
564,450,95,82
565,450,95,82
564,450,95,82
564,450,95,82
565,450,95,82
565,450,95,82
565,450,95,82
565,450,95,82
566,451,95,82
566,451,95,82
567,451,95,82
568,451,95,82
568,451,95,82
569,452,95,82
569,451,95,82
570,452,95,82
570,452,95,82
571,452,95,82
571,452,95,82
571,452,95,82
572,453,95,82
572,453,95,82
572,453,95,82
572,453,95,82
572,453,95,82
571,453,95,82
571,453,95,82
570,453,95,82
570,453,95,82
569,453,95,82
569,453,95,82
568,453,95,82
568,453,95,82
567,453,95,82
567,453,95,82
568,454,95,82
568,454,95,82
566,452,95,82
566,452,95,82
565,453,95,82
565,452,95,82
565,452,95,82
565,452,95,82
565,452,95,82
566,452,95,82
567,453,95,82
567,452,95,82
566,451,95,82
566,451,95,82
566,451,95,82
567,450,95,82
568,451,95,82
569,451,95,82
569,450,95,82
569,449,95,82
570,449,95,82
570,449,95,82
570,448,95,82
570,448,95,82
570,448,95,82
570,448,95,82
570,447,95,82
570,447,95,82
570,446,95,82
569,446,95,82
569,446,95,82
569,445,95,82
569,445,95,82
568,445,95,82
568,445,95,82
568,445,95,82
567,445,95,82
566,444,95,82
565,443,95,82
565,443,95,82
564,442,95,82
564,442,95,82
563,441,95,82
563,442,95,82
563,442,95,82
562,441,95,82
562,441,95,82
561,440,95,82
561,440,95,82
561,440,95,82
561,440,95,82
560,439,95,82
560,439,95,82
560,439,95,82
560,439,95,82
560,438,95,82
559,437,95,82
559,437,95,82
559,437,95,82
559,436,95,82
559,436,95,82
558,435,95,82
558,434,95,82
558,434,95,82
558,434,95,82
558,434,95,82
557,433,95,82
557,432,95,82
557,432,95,82
557,432,95,82
557,432,95,82
556,431,95,82
556,431,95,82
556,431,95,82
556,431,95,82
556,431,95,82
555,430,95,82
555,430,95,82
555,430,95,82
555,429,95,82
555,429,95,82
554,429,95,82
554,429,95,82
554,429,95,82
553,428,95,82
553,428,95,82
552,428,95,82
552,428,95,82
551,427,95,82
551,427,95,82
551,427,95,82
550,427,95,82
550,427,95,82
549,426,95,82
549,426,95,82
548,426,95,82
548,425,95,82
547,425,95,82
547,425,95,82
547,424,95,82
546,424,95,82
546,423,95,82
546,423,95,82
546,423,95,82
545,423,95,82
545,422,95,82
545,422,95,82
545,422,95,82
545,422,95,82
545,421,95,82
544,421,95,82
544,420,95,82
544,420,95,82
544,420,95,82
544,420,95,82
544,419,95,82
544,419,95,82
544,419,95,82
543,418,95,82
543,418,95,82
542,418,95,82
542,418,95,82
543,417,95,82
542,417,95,82
542,417,95,82
542,416,95,82
542,416,95,82
542,415,95,82
542,415,95,82
542,415,95,82
542,415,95,82
542,414,95,82
542,414,95,82
542,413,95,82
542,413,95,82
542,412,95,82
542,412,95,82
542,411,95,82
542,411,95,82
542,411,95,82
543,411,95,82
543,410,95,82
544,410,95,82
544,410,95,82
545,410,95,82
545,409,95,82
546,408,95,82
547,408,95,82
547,408,95,82
547,408,95,82
548,407,95,82
549,407,95,82
549,407,95,82
548,406,95,82
549,406,95,82
550,406,95,82
549,405,95,82
550,405,95,82
550,405,95,82
551,405,95,82
551,405,95,82
551,405,95,82
551,404,95,82
552,404,95,82
552,404,95,82
552,403,95,82
552,403,95,82
552,402,95,82
553,403,95,82
553,402,95,82
553,402,95,82
553,402,95,82
553,402,95,82
553,401,95,82
553,401,95,82
554,401,95,82
554,401,95,82
554,400,95,82
554,400,95,82
555,401,95,82
555,400,95,82
555,399,95,82
555,399,95,82
556,399,95,82
556,399,95,82
556,398,95,82
557,398,95,82
558,399,95,82
558,398,95,82
559,398,95,82
558,397,95,82
559,397,95,82
560,397,95,82
560,397,95,82
561,397,95,82
561,397,95,82
562,397,95,82
562,397,95,82
563,396,95,82
563,396,95,82
563,396,95,82
563,395,95,82
565,396,95,82
565,395,95,82
566,395,95,82
566,395,95,82
566,395,95,82
567,395,95,82
567,394,95,82
567,394,95,82
568,394,95,82
569,394,95,82
569,393,95,82
570,393,95,82
570,393,95,82
571,392,95,82
571,392,95,82
573,393,95,82
572,392,95,82
572,391,95,82
574,391,95,82
573,391,95,82
574,391,95,82
575,390,95,82
575,391,95,82
575,389,95,82
576,389,95,82
576,389,95,82
576,388,95,82
577,388,95,82
577,387,95,82
577,388,95,82
577,387,95,82
576,386,95,82
577,386,95,82
577,385,95,82
577,385,95,82
577,385,95,82
577,384,95,82
577,384,95,82
577,384,95,82
577,383,95,82
578,383,95,82
578,383,95,82
578,382,95,82
578,382,95,82
578,381,95,82
578,381,95,82
579,381,95,82
579,380,95,82
580,380,95,82
580,380,95,82
580,379,95,82
580,379,95,82
581,379,95,82
581,379,95,82
581,379,95,82
582,379,95,82
582,378,95,82
582,378,95,82
582,378,95,82
583,378,95,82
583,378,95,82
583,377,95,82
583,377,95,82
584,377,95,82
584,377,95,82
584,376,95,82
584,376,95,82
585,376,95,82
585,376,95,82
584,375,95,82
584,375,95,82
584,375,95,82
585,375,95,82
585,375,95,82
585,375,95,82
584,375,95,82
584,374,95,82
583,374,95,82
583,374,95,82
583,374,95,82
582,374,95,82
582,374,95,82
582,374,95,82
581,373,95,82
581,373,95,82
580,373,95,82
580,373,95,82
581,374,95,82
581,374,95,82
580,373,95,82
580,373,95,82
580,374,95,82
580,374,95,82
580,374,95,82
580,374,95,82
580,374,95,82
580,374,95,82
580,373,95,82
580,373,95,82
580,373,95,82
581,373,95,82
581,373,95,82
581,373,95,82
581,373,95,82
581,373,95,82
582,374,95,82
583,374,95,82
582,373,95,82
583,374,95,82
583,374,95,82
583,374,95,82
583,374,95,82
582,373,95,82
584,374,95,82
583,373,95,82
583,373,95,82
583,373,95,82
583,373,95,82
583,373,95,82
583,373,95,82
583,374,95,82
583,374,95,82
583,374,95,82
581,373,95,82
581,373,95,82
582,374,95,82
581,373,95,82
581,374,95,82
580,374,95,82
580,374,95,82
580,374,95,82
580,374,95,82
580,375,95,82
580,375,95,82
579,375,95,82
579,375,95,82
579,376,95,82
579,376,95,82
578,376,95,82
578,376,95,82
578,376,95,82
578,377,95,82
577,377,95,82
577,377,95,82
577,377,95,82
577,377,95,82
576,378,95,82
576,378,95,82
575,378,95,82
575,379,95,82
574,379,95,82
574,379,95,82
573,380,95,82
572,380,95,82
572,380,95,82
571,380,95,82
571,381,95,82
570,381,95,82
569,381,95,82
569,382,95,82
568,382,95,82
568,383,95,82
567,383,95,82
566,383,95,82
566,384,95,82
565,384,95,82
564,384,95,82
563,385,95,82
563,385,95,82
562,386,95,82
561,386,95,82
561,387,95,82
560,387,95,82
