541,296,188,130
541,296,188,130
541,295,188,130
540,295,188,130
540,294,188,130
540,294,188,130
540,294,188,130
540,293,188,130
539,293,188,130
539,292,188,130
538,292,188,130
538,292,188,130
538,291,188,130
538,291,188,130
538,290,188,130
537,290,188,130
536,290,188,130
536,289,188,130
535,289,188,130
534,289,188,130
533,289,188,130
533,289,188,130
533,288,188,130
533,288,188,130
532,287,188,130
531,287,188,130
531,287,188,130
530,287,188,130
529,286,188,130
528,286,188,130
528,285,188,130
527,285,188,130
526,284,188,130
526,284,188,130
525,283,188,130
525,283,188,130
524,283,188,130
524,282,188,130
523,282,188,130
522,282,188,130
522,281,188,130
521,282,188,130
520,281,188,130
520,281,188,130
519,281,188,130
519,281,188,130
519,281,188,130
518,280,188,130
519,280,188,130
518,280,188,130
517,281,188,130
517,280,188,130
518,280,188,130
517,280,188,130
517,280,188,130
516,280,188,130
516,281,188,130
516,281,188,130
516,281,188,130
516,281,188,130
517,281,188,130
518,281,188,130
518,281,188,130
518,281,188,130
518,281,188,130
519,280,188,130
519,280,188,130
520,280,188,130
521,280,188,130
520,280,188,130
521,280,188,130
521,280,188,130
521,280,188,130
521,281,188,130
522,280,188,130
521,280,188,130
522,280,188,130
522,280,188,130
522,280,188,130
523,280,188,130
523,281,188,130
523,280,188,130
524,280,188,130
524,281,188,130
525,281,188,130
525,282,188,130
525,282,188,130
526,282,188,130
526,282,188,130
526,283,188,130
526,284,188,130
526,284,188,130
527,286,188,130
527,286,188,130
527,286,188,130
527,287,188,130
527,288,188,130
528,288,188,130
528,289,188,130
528,290,188,130
528,290,188,130
528,291,188,130
528,292,188,130
528,292,188,130
529,293,188,130
529,294,188,130
529,295,188,130
529,295,188,130
529,296,188,130
529,297,188,130
529,297,188,130
529,298,188,130
529,299,188,130
529,300,188,130
529,300,188,130
529,301,188,130
529,302,188,130
529,302,188,130
529,302,188,130
529,302,188,130
529,303,188,130
529,303,188,130
529,303,188,130
529,304,188,130
529,304,188,130
529,304,188,130
529,305,188,130
529,304,188,130
529,304,188,130
528,304,188,130
528,304,188,130
528,304,188,130
528,304,188,130
528,304,188,130
528,304,188,130
527,304,188,130
527,304,188,130
527,304,188,130
526,304,188,130
526,304,188,130
526,304,188,130
526,304,188,130
525,304,188,130
525,304,188,130
525,304,188,130
525,304,188,130
524,304,188,130
524,304,188,130
523,305,188,130
523,306,188,130
522,307,188,130
522,308,188,130
522,307,188,130
522,308,188,130
522,309,188,130
522,309,188,130
521,310,188,130
521,310,188,130
521,310,188,130
521,311,188,130
521,311,188,130
521,312,188,130
521,312,188,130
521,312,188,130
521,313,188,130
522,313,188,130
522,313,188,130
522,314,188,130
522,314,188,130
523,314,188,130
523,315,188,130
523,314,188,130
523,314,188,130
524,314,188,130
524,314,188,130
525,313,188,130
525,313,188,130
526,313,188,130
526,313,188,130
527,313,188,130
527,313,188,130
528,313,188,130
528,313,188,130
529,313,188,130
530,313,188,130
530,313,188,130
531,313,188,130
532,313,188,130
532,313,188,130
533,314,188,130
534,314,188,130
535,314,188,130
536,314,188,130
537,314,188,130
538,314,188,130
539,314,188,130
539,314,188,130
540,314,188,130
541,315,188,130
542,315,188,130
542,315,188,130
545,315,188,130
546,315,188,130
547,316,188,130
548,316,188,130
549,316,188,130
550,316,188,130
551,316,188,130
552,316,188,130
554,316,188,130
554,316,188,130
556,316,188,130
557,316,188,130
557,316,188,130
559,316,188,130
559,316,188,130
560,316,188,130
561,316,188,130
562,316,188,130
563,316,188,130
564,317,188,130
564,317,188,130
563,318,188,130
564,318,188,130
564,319,188,130
564,319,188,130
564,319,188,130
565,319,188,130
565,319,188,130
565,320,188,130
565,320,188,130
565,320,188,130
565,321,188,130
565,321,188,130
565,322,188,130
565,322,188,130
566,323,188,130
566,324,188,130
566,324,188,130
566,325,188,130
566,325,188,130
566,326,188,130
566,326,188,130
566,327,188,130
566,327,188,130
566,328,188,130
566,329,188,130
566,330,188,130
566,331,188,130
566,332,188,130
566,333,188,130
566,334,188,130
565,335,188,130
565,337,188,130
565,338,188,130
566,339,188,130
566,340,188,130
566,342,188,130
565,342,188,130
565,343,188,130
564,344,188,130
564,346,188,130
563,346,188,130
563,347,188,130
562,348,188,130
562,348,188,130
561,350,188,130
560,349,188,130
560,350,188,130
559,351,188,130
559,351,188,130
558,351,188,130
557,351,188,130
556,351,188,130
556,352,188,130
555,353,188,130
554,353,188,130
553,353,188,130
553,354,188,130
552,353,188,130
551,353,188,130
550,354,188,130
549,354,188,130
549,354,188,130
548,354,188,130
547,354,188,130
546,354,188,130
545,354,188,130
544,354,188,130
543,354,188,130
542,354,188,130
541,354,188,130
540,354,188,130
539,355,188,130
538,355,188,130
537,355,188,130
536,355,188,130
534,355,188,130
533,355,188,130
532,355,188,130
531,356,188,130
530,356,188,130
529,356,188,130
527,356,188,130
526,357,188,130
525,357,188,130
523,357,188,130
522,357,188,130
521,358,188,130
520,358,188,130
518,358,188,130
517,358,188,130
516,359,188,130
515,359,188,130
513,360,188,130
512,360,188,130
511,360,188,130
509,360,188,130
509,361,188,130
508,361,188,130
506,360,188,130
506,360,188,130
505,360,188,130
504,360,188,130
503,359,188,130
501,359,188,130
501,359,188,130
500,360,188,130
500,360,188,130
499,360,188,130
498,360,188,130
498,361,188,130
498,361,188,130
497,362,188,130
497,361,188,130
496,362,188,130
496,362,188,130
495,362,188,130
495,363,188,130
494,363,188,130
494,363,188,130
494,364,188,130
493,364,188,130
494,364,188,130
494,364,188,130
494,364,188,130
495,364,188,130
495,364,188,130
495,365,188,130
495,365,188,130
494,365,188,130
494,365,188,130
494,365,188,130
494,365,188,130
494,365,188,130
494,365,188,130
494,365,188,130
493,365,188,130
492,366,188,130
491,366,188,130
490,366,188,130
489,367,188,130
488,366,188,130
487,367,188,130
486,367,188,130
485,367,188,130
483,367,188,130
482,368,188,130
481,368,188,130
480,368,188,130
479,368,188,130
478,369,188,130
478,369,188,130
477,369,188,130
476,369,188,130
475,369,188,130
474,369,188,130
473,369,188,130
472,370,188,130
471,370,188,130
470,370,188,130
470,370,188,130
468,370,188,130
468,370,188,130
467,370,188,130
466,371,188,130
465,371,188,130
464,371,188,130
463,372,188,130
462,372,188,130
461,372,188,130
460,372,188,130
460,373,188,130
459,373,188,130
458,374,188,130
457,374,188,130
457,374,188,130
456,374,188,130
455,375,188,130
454,375,188,130
453,375,188,130
452,376,188,130
452,376,188,130
451,376,188,130
450,377,188,130
449,377,188,130
448,377,188,130
447,378,188,130
446,378,188,130
445,379,188,130
444,379,188,130
443,380,188,130
442,380,188,130
441,381,188,130
440,381,188,130
439,382,188,130
438,382,188,130
437,383,188,130
436,383,188,130
435,384,188,130
434,384,188,130
433,385,188,130
432,385,188,130
431,386,188,130
430,386,188,130
429,386,188,130
428,387,188,130
427,387,188,130
426,388,188,130
425,388,188,130
424,389,188,130
423,390,188,130
422,390,188,130
421,391,188,130
420,391,188,130
419,392,188,130
419,392,188,130
418,393,188,130
417,393,188,130
416,393,188,130
415,393,188,130
414,393,188,130
413,394,188,130
412,394,188,130
411,394,188,130
411,395,188,130
410,395,188,130
409,395,188,130
408,395,188,130
407,396,188,130
406,396,188,130
405,396,188,130
405,396,188,130
404,397,188,130
403,397,188,130
402,397,188,130
401,397,188,130
401,397,188,130
400,398,188,130
399,398,188,130
398,398,188,130
398,399,188,130
397,399,188,130
396,400,188,130
396,400,188,130
395,400,188,130
395,401,188,130
394,401,188,130
394,401,188,130
394,401,188,130
393,402,188,130
393,402,188,130
393,403,188,130
393,403,188,130
392,404,188,130
392,404,188,130
392,405,188,130
392,405,188,130
392,406,188,130
391,406,188,130
391,406,188,130
390,407,188,130
390,407,188,130
390,407,188,130
390,408,188,130
389,408,188,130
389,409,188,130
389,409,188,130
389,410,188,130
388,410,188,130
388,411,188,130
388,411,188,130
388,412,188,130
388,414,188,130
387,413,188,130
387,414,188,130
387,414,188,130
387,415,188,130
387,416,188,130
387,416,188,130
387,416,188,130
387,417,188,130
387,418,188,130
387,419,188,130
387,419,188,130
