393,328,155,319
393,328,155,319
392,327,155,319
392,325,155,319
391,323,155,319
391,323,155,319
390,322,155,319
390,320,155,319
390,320,155,319
389,318,155,319
389,318,155,319
388,316,155,319
388,315,155,319
388,314,155,319
388,313,155,319
387,312,155,319
387,311,155,319
387,310,155,319
386,310,155,319
386,309,155,319
386,308,155,319
385,307,155,319
384,305,155,319
384,305,155,319
383,303,155,319
383,303,155,319
383,302,155,319
383,300,155,319
383,299,155,319
383,298,155,319
383,297,155,319
383,297,155,319
383,296,155,319
384,296,155,319
384,295,155,319
384,295,155,319
385,295,155,319
384,294,155,319
385,295,155,319
385,295,155,319
385,295,155,319
385,295,155,319
384,295,155,319
384,295,155,319
384,296,155,319
384,296,155,319
384,297,155,319
384,296,155,319
385,297,155,319
385,297,155,319
385,297,155,319
385,297,155,319
385,298,155,319
386,298,155,319
386,298,155,319
386,298,155,319
386,298,155,319
386,297,155,319
386,297,155,319
387,296,155,319
387,296,155,319
387,295,155,319
387,295,155,319
388,294,155,319
388,294,155,319
388,294,155,319
388,294,155,319
389,293,155,319
389,293,155,319
389,293,155,319
390,292,155,319
389,292,155,319
390,292,155,319
390,292,155,319
391,292,155,319
391,291,155,319
391,291,155,319
392,291,155,319
392,291,155,319
393,290,155,319
393,290,155,319
393,289,155,319
393,288,155,319
394,288,155,319
395,287,155,319
395,286,155,319
396,286,155,319
397,285,155,319
398,284,155,319
399,284,155,319
399,283,155,319
400,282,155,319
402,281,155,319
402,280,155,319
403,280,155,319
403,279,155,319
404,278,155,319
405,277,155,319
406,276,155,319
406,275,155,319
407,274,155,319
408,273,155,319
409,273,155,319
409,272,155,319
411,271,155,319
411,270,155,319
412,270,155,319
413,269,155,319
415,268,155,319
415,268,155,319
416,267,155,319
417,266,155,319
419,266,155,319
420,265,155,319
421,265,155,319
422,264,155,319
423,263,155,319
424,262,155,319
425,262,155,319
426,261,155,319
427,260,155,319
428,259,155,319
429,259,155,319
430,258,155,319
431,257,155,319
432,257,155,319
434,256,155,319
435,255,155,319
435,255,155,319
436,254,155,319
438,253,155,319
439,252,155,319
440,252,155,319
441,251,155,319
442,251,155,319
443,250,155,319
444,251,155,319
445,249,155,319
446,249,155,319
447,248,155,319
447,248,155,319
448,248,155,319
450,247,155,319
451,247,155,319
452,247,155,319
453,247,155,319
454,246,155,319
455,246,155,319
456,246,155,319
457,246,155,319
459,246,155,319
460,246,155,319
460,246,155,319
462,246,155,319
463,246,155,319
464,247,155,319
466,247,155,319
466,248,155,319
467,249,155,319
468,249,155,319
469,250,155,319
471,251,155,319
472,251,155,319
473,252,155,319
474,253,155,319
475,253,155,319
476,253,155,319
477,254,155,319
478,255,155,319
479,255,155,319
480,256,155,319
481,257,155,319
482,257,155,319
483,258,155,319
483,259,155,319
484,259,155,319
485,260,155,319
486,261,155,319
487,261,155,319
488,261,155,319
489,261,155,319
490,261,155,319
491,261,155,319
492,260,155,319
493,260,155,319
493,259,155,319
495,259,155,319
495,258,155,319
496,257,155,319
497,257,155,319
498,257,155,319
499,257,155,319
501,257,155,319
502,256,155,319
503,255,155,319
504,255,155,319
506,254,155,319
507,253,155,319
508,252,155,319
509,252,155,319
512,251,155,319
513,250,155,319
514,249,155,319
516,248,155,319
518,247,155,319
519,246,155,319
521,246,155,319
523,245,155,319
524,244,155,319
526,243,155,319
528,242,155,319
530,242,155,319
531,241,155,319
533,240,155,319
534,239,155,319
535,239,155,319
537,238,155,319
538,237,155,319
539,236,155,319
541,236,155,319
542,235,155,319
543,234,155,319
545,233,155,319
546,233,155,319
548,232,155,319
549,231,155,319
551,231,155,319
553,230,155,319
554,229,155,319
556,229,155,319
557,228,155,319
558,228,155,319
559,227,155,319
559,226,155,319
559,225,155,319
559,225,155,319
559,224,155,319
559,224,155,319
559,223,155,319
559,222,155,319
559,222,155,319
559,221,155,319
559,221,155,319
559,220,155,319
559,219,155,319
559,218,155,319
559,218,155,319
559,217,155,319
560,217,155,319
560,216,155,319
560,216,155,319
560,215,155,319
560,214,155,319
560,213,155,319
560,213,155,319
560,212,155,319
560,211,155,319
560,211,155,319
560,210,155,319
560,209,155,319
561,209,155,319
561,208,155,319
561,208,155,319
561,207,155,319
562,207,155,319
562,206,155,319
562,205,155,319
562,205,155,319
562,204,155,319
562,203,155,319
562,200,155,319
563,201,155,319
563,199,155,319
563,199,155,319
563,198,155,319
563,197,155,319
564,197,155,319
564,196,155,319
564,196,155,319
564,195,155,319
565,195,155,319
565,194,155,319
565,193,155,319
566,193,155,319
565,193,155,319
566,192,155,319
566,192,155,319
566,191,155,319
566,191,155,319
567,190,155,319
567,190,155,319
567,189,155,319
568,189,155,319
568,188,155,319
569,188,155,319
568,187,155,319
569,187,155,319
569,187,155,319
570,186,155,319
570,186,155,319
570,185,155,319
570,185,155,319
570,185,155,319
571,184,155,319
570,184,155,319
571,184,155,319
571,184,155,319
571,183,155,319
571,183,155,319
571,183,155,319
572,183,155,319
571,183,155,319
572,183,155,319
572,183,155,319
572,183,155,319
572,182,155,319
573,182,155,319
573,182,155,319
573,182,155,319
573,182,155,319
573,182,155,319
573,182,155,319
573,181,155,319
573,181,155,319
574,182,155,319
573,182,155,319
574,182,155,319
574,183,155,319
574,183,155,319
574,183,155,319
574,184,155,319
574,184,155,319
574,184,155,319
575,184,155,319
575,184,155,319
575,184,155,319
575,184,155,319
575,185,155,319
575,184,155,319
575,184,155,319
575,184,155,319
576,183,155,319
575,183,155,319
575,183,155,319
575,183,155,319
575,183,155,319
575,182,155,319
575,182,155,319
575,182,155,319
575,182,155,319
576,182,155,319
576,182,155,319
576,182,155,319
576,182,155,319
576,183,155,319
576,184,155,319
576,185,155,319
576,185,155,319
577,186,155,319
577,187,155,319
577,188,155,319
576,189,155,319
577,190,155,319
577,190,155,319
578,191,155,319
578,191,155,319
578,192,155,319
578,192,155,319
578,193,155,319
579,193,155,319
579,194,155,319
579,194,155,319
579,195,155,319
579,195,155,319
579,195,155,319
580,196,155,319
580,196,155,319
580,196,155,319
580,196,155,319
580,196,155,319
580,196,155,319
580,196,155,319
580,196,155,319
580,196,155,319
580,196,155,319
580,196,155,319
580,196,155,319
580,196,155,319
581,196,155,319
581,196,155,319
581,196,155,319
581,196,155,319
581,196,155,319
581,196,155,319
582,196,155,319
581,195,155,319
582,195,155,319
581,195,155,319
581,195,155,319
582,195,155,319
582,195,155,319
582,195,155,319
581,194,155,319
581,194,155,319
582,194,155,319
582,193,155,319
582,193,155,319
582,193,155,319
581,192,155,319
582,192,155,319
582,192,155,319
581,191,155,319
582,191,155,319
582,191,155,319
582,191,155,319
582,190,155,319
581,190,155,319
581,190,155,319
581,189,155,319
581,189,155,319
581,189,155,319
582,189,155,319
581,188,155,319
582,188,155,319
582,188,155,319
582,188,155,319
581,187,155,319
581,187,155,319
581,187,155,319
581,186,155,319
581,186,155,319
580,186,155,319
581,185,155,319
580,185,155,319
581,185,155,319
581,185,155,319
581,184,155,319
581,184,155,319
581,184,155,319
581,184,155,319
581,183,155,319
581,183,155,319
581,182,155,319
581,181,155,319
581,181,155,319
581,180,155,319
581,180,155,319
581,179,155,319
581,179,155,319
580,179,155,319
581,179,155,319
581,179,155,319
581,179,155,319
581,178,155,319
580,178,155,319
581,178,155,319
581,178,155,319
581,178,155,319
581,177,155,319
581,177,155,319
581,177,155,319
581,177,155,319
581,177,155,319
581,177,155,319
581,176,155,319
581,176,155,319
581,176,155,319
581,175,155,319
581,175,155,319
581,175,155,319
581,175,155,319
580,174,155,319
579,174,155,319
581,174,155,319
580,173,155,319
581,173,155,319
581,172,155,319
581,172,155,319
581,172,155,319
581,172,155,319
581,172,155,319
581,172,155,319
582,172,155,319
582,171,155,319
582,171,155,319
582,171,155,319
582,171,155,319
582,171,155,319
582,172,155,319
582,172,155,319
582,172,155,319
583,173,155,319
583,173,155,319
583,173,155,319
583,174,155,319
583,174,155,319
583,175,155,319
583,175,155,319
583,176,155,319
583,177,155,319
583,177,155,319
583,178,155,319
583,179,155,319
584,181,155,319
583,182,155,319
584,183,155,319
584,185,155,319
584,186,155,319
584,187,155,319
584,188,155,319
584,189,155,319
585,191,155,319
585,192,155,319
585,193,155,319
585,194,155,319
585,195,155,319
585,197,155,319
585,198,155,319
586,199,155,319
586,201,155,319
586,202,155,319
586,203,155,319
586,204,155,319
586,205,155,319
587,207,155,319
586,208,155,319
587,209,155,319
587,210,155,319
587,212,155,319
587,213,155,319
587,214,155,319
587,215,155,319
587,216,155,319
588,218,155,319
588,220,155,319
588,223,155,319
588,225,155,319
589,228,155,319
589,230,155,319
589,232,155,319
589,235,155,319
589,237,155,319
590,239,155,319
590,241,155,319
590,243,155,319
590,245,155,319
591,247,155,319
591,249,155,319
591,251,155,319
591,252,155,319
592,254,155,319
592,256,155,319
592,257,155,319
593,259,155,319
593,261,155,319
593,262,155,319
594,263,155,319
594,264,155,319
594,266,155,319
595,267,155,319
595,268,155,319
595,269,155,319
596,270,155,319
596,271,155,319
596,272,155,319
596,273,155,319
597,274,155,319
597,275,155,319
598,276,155,319
598,277,155,319
598,278,155,319
598,279,155,319
598,281,155,319
599,282,155,319
599,283,155,319
599,285,155,319
600,286,155,319
600,288,155,319
600,289,155,319
601,290,155,319
601,291,155,319
602,293,155,319
602,294,155,319
602,296,155,319
602,297,155,319
602,298,155,319
603,300,155,319
603,301,155,319
603,302,155,319
604,304,155,319
604,305,155,319
604,306,155,319
604,308,155,319
605,309,155,319
605,311,155,319
605,312,155,319
605,313,155,319
605,314,155,319
606,316,155,319
606,317,155,319
606,318,155,319
606,319,155,319
606,321,155,319
607,322,155,319
607,323,155,319
607,325,155,319
607,326,155,319
607,327,155,319
608,328,155,319
607,329,155,319
608,330,155,319
608,331,155,319
608,332,155,319
609,333,155,319
609,334,155,319
609,335,155,319
610,337,155,319
610,338,155,319
610,339,155,319
610,340,155,319
610,341,155,319
610,342,155,319
610,344,155,319
610,345,155,319
610,346,155,319
611,347,155,319
611,349,155,319
611,349,155,319
612,351,155,319
611,352,155,319
611,353,155,319
611,354,155,319
612,356,155,319
612,357,155,319
612,358,155,319
613,359,155,319
613,360,155,319
613,361,155,319
613,363,155,319
613,364,155,319
613,365,155,319
613,366,155,319
614,367,155,319
614,369,155,319
614,370,155,319
614,371,155,319
614,372,155,319
614,373,155,319
615,374,155,319
615,376,155,319
615,377,155,319
615,378,155,319
615,379,155,319
616,381,155,319
616,382,155,319
616,383,155,319
616,384,155,319
616,385,155,319
617,387,155,319
617,388,155,319
617,389,155,319
617,390,155,319
618,391,155,319
618,393,155,319
618,394,155,319
619,395,155,319
618,396,155,319
619,397,155,319
619,398,155,319
619,399,155,319
619,400,155,319
619,400,155,319
620,400,155,319
620,400,155,319
620,400,155,319
621,400,155,319
620,400,155,319
620,400,155,319
620,400,155,319
620,400,155,319
621,400,155,319
621,400,155,319
621,400,155,319
621,400,155,319
621,400,155,319
622,400,155,319
622,400,155,319
622,400,155,319
622,400,155,319
622,400,155,319
622,400,155,319
623,400,155,319
623,400,155,319
623,400,155,319
623,400,155,319
624,400,155,319
623,400,155,319
623,400,155,319
623,400,155,319
623,400,155,319
623,400,155,319
623,400,155,319
623,400,155,319
623,400,155,319
623,400,155,319
623,400,155,319
623,400,155,319
623,400,155,319
623,400,155,319
623,400,155,319
623,400,155,319
622,400,155,319
622,400,155,319
622,400,155,319
622,400,155,319
622,400,155,319
622,400,155,319
622,400,155,319
622,400,155,319
622,400,155,319
621,400,155,319
622,400,155,319
622,400,155,319
622,400,155,319
621,400,155,319
622,400,155,319
622,400,155,319
622,400,155,319
622,400,155,319
622,400,155,319
622,400,155,319
622,400,155,319
622,400,155,319
622,400,155,319
622,400,155,319
622,400,155,319
622,400,155,319
622,400,155,319
622,400,155,319
622,400,155,319
622,400,155,319
622,400,155,319
622,400,155,319
622,400,155,319
622,400,155,319
622,400,155,319
622,400,155,319
622,400,155,319
622,400,155,319
622,400,155,319
622,400,155,319
622,400,155,319
622,400,155,319
623,400,155,319
623,400,155,319
622,400,155,319
622,400,155,319
622,400,155,319
622,400,155,319
623,400,155,319
623,400,155,319
623,400,155,319
623,400,155,319
624,400,155,319
623,400,155,319
624,400,155,319
624,400,155,319
624,400,155,319
624,400,155,319
624,400,155,319
624,400,155,319
624,400,155,319
624,400,155,319
625,400,155,319
625,400,155,319
625,400,155,319
625,400,155,319
625,400,155,319
625,400,155,319
626,400,155,319
626,400,155,319
626,400,155,319
626,400,155,319
626,400,155,319
626,400,155,319
626,400,155,319
626,400,155,319
626,400,155,319
626,400,155,319
626,399,155,319
626,399,155,319
626,399,155,319
626,399,155,319
626,399,155,319
626,400,155,319
626,400,155,319
626,399,155,319
626,399,155,319
626,400,155,319
626,400,155,319
626,400,155,319
626,400,155,319
626,400,155,319
626,400,155,319
626,400,155,319
626,400,155,319
626,400,155,319
626,400,155,319
626,400,155,319
626,400,155,319
626,400,155,319
626,400,155,319
626,400,155,319
626,400,155,319
626,400,155,319
626,400,155,319
626,400,155,319
626,400,155,319
627,400,155,319
627,400,155,319
626,400,155,319
627,400,155,319
627,400,155,319
627,400,155,319
627,400,155,319
628,400,155,319
628,400,155,319
628,399,155,319
628,399,155,319
629,400,155,319
629,399,155,319
629,399,155,319
629,399,155,319
627,399,155,319
630,399,155,319
631,399,155,319
631,400,155,319
631,399,155,319
632,399,155,319
630,399,155,319
632,399,155,319
632,399,155,319
632,398,155,319
632,398,155,319
632,398,155,319
632,398,155,319
632,398,155,319
633,398,155,319
632,398,155,319
633,398,155,319
633,398,155,319
633,397,155,319
635,397,155,319
635,397,155,319
635,397,155,319
635,397,155,319
636,397,155,319
636,397,155,319
636,397,155,319
636,397,155,319
636,397,155,319
636,397,155,319
635,397,155,319
636,396,155,319
636,396,155,319
636,396,155,319
636,396,155,319
636,396,155,319
636,395,155,319
636,395,155,319
636,395,155,319
636,395,155,319
636,395,155,319
636,395,155,319
636,395,155,319
636,395,155,319
636,394,155,319
636,394,155,319
636,394,155,319
636,394,155,319
636,394,155,319
636,394,155,319
636,393,155,319
636,393,155,319
636,393,155,319
636,393,155,319
636,392,155,319
636,392,155,319
636,392,155,319
636,392,155,319
636,392,155,319
636,392,155,319
636,391,155,319
636,391,155,319
636,391,155,319
636,391,155,319
636,391,155,319
636,391,155,319
636,390,155,319
636,390,155,319
636,390,155,319
