672,161,27,16
680,161,27,16
673,164,27,16
673,163,27,16
673,165,27,16
677,163,27,16
671,169,27,16
674,161,27,16
676,165,27,16
680,170,27,16
679,170,27,16
675,168,27,16
676,168,27,16
677,168,27,16
677,168,27,16
679,160,27,16
678,171,27,16
674,167,27,16
679,168,27,16
678,171,27,16
677,168,27,16
679,168,27,16
679,169,27,16
680,169,27,16
681,171,27,16
681,169,27,16
676,167,27,16
681,169,27,16
681,169,27,16
672,165,27,16
682,169,27,16
682,169,27,16
682,170,27,16
683,170,27,16
690,170,27,16
684,170,27,16
684,172,27,16
683,165,27,16
684,170,27,16
685,167,27,16
685,169,27,16
684,167,27,16
687,163,27,16
693,163,27,16
695,164,27,16
688,162,27,16
688,162,27,16
687,168,27,16
686,164,27,16
688,170,27,16
687,168,27,16
688,170,27,16
689,171,27,16
687,170,27,16
690,168,27,16
688,168,27,16
690,173,27,16
689,168,27,16
691,169,27,16
691,173,27,16
700,164,27,16
692,173,27,16
698,172,27,16
693,173,27,16
693,173,27,16
693,171,27,16
693,168,27,16
694,173,27,16
693,174,27,16
695,171,27,16
695,172,27,16
688,169,27,16
695,171,27,16
695,174,27,16
696,174,27,16
697,172,27,16
696,172,27,16
702,174,27,16
696,169,27,16
698,174,27,16
695,172,27,16
698,171,27,16
696,172,27,16
699,170,27,16
699,173,27,16
699,173,27,16
699,173,27,16
706,173,27,16
700,173,27,16
699,169,27,16
705,175,27,16
700,172,27,16
701,171,27,16
701,176,27,16
694,173,27,16
701,175,27,16
708,175,27,16
699,174,27,16
694,175,27,16
701,175,27,16
695,176,27,16
707,177,27,16
707,177,27,16
707,178,27,16
702,173,27,16
702,173,27,16
702,179,27,16
702,178,27,16
702,177,27,16
700,178,27,16
702,175,27,16
708,178,27,16
702,179,27,16
701,180,27,16
701,178,27,16
706,180,27,16
701,176,27,16
701,175,27,16
701,179,27,16
705,181,27,16
700,179,27,16
706,179,27,16
700,177,27,16
699,178,27,16
692,178,27,16
692,177,27,16
698,179,27,16
699,180,27,16
691,178,27,16
698,179,27,16
697,180,27,16
697,180,27,16
694,179,27,16
699,179,27,16
696,180,27,16
696,180,27,16
696,181,27,16
695,180,27,16
695,181,27,16
694,178,27,16
694,183,27,16
694,178,27,16
694,181,27,16
689,181,27,16
679,176,27,16
694,178,27,16
692,181,27,16
694,180,27,16
690,182,27,16
688,181,27,16
688,181,27,16
689,179,27,16
688,180,27,16
687,180,27,16
687,186,27,16
686,184,27,16
687,184,27,16
686,184,27,16
685,181,27,16
684,184,27,16
683,181,27,16
684,184,27,16
683,180,27,16
682,183,27,16
682,182,27,16
681,185,27,16
681,180,27,16
680,184,27,16
680,185,27,16
678,182,27,16
677,182,27,16
675,183,27,16
677,181,27,16
676,179,27,16
675,184,27,16
675,181,27,16
670,179,27,16
674,184,27,16
683,183,27,16
672,182,27,16
679,182,27,16
671,183,27,16
671,182,27,16
673,181,27,16
668,182,27,16
668,183,27,16
669,187,27,16
668,187,27,16
668,184,27,16
666,180,27,16
665,184,27,16
673,182,27,16
667,179,27,16
674,180,27,16
670,186,27,16
663,183,27,16
663,186,27,16
662,186,27,16
661,184,27,16
656,181,27,16
660,185,27,16
667,187,27,16
659,181,27,16
664,189,27,16
658,189,27,16
664,187,27,16
657,184,27,16
664,187,27,16
660,183,27,16
656,189,27,16
661,189,27,16
657,189,27,16
660,188,27,16
660,188,27,16
659,189,27,16
654,181,27,16
655,190,27,16
659,188,27,16
657,180,27,16
656,189,27,16
657,190,27,16
658,181,27,16
660,187,27,16
656,182,27,16
656,181,27,16
654,188,27,16
655,188,27,16
650,182,27,16
654,187,27,16
654,189,27,16
652,189,27,16
647,187,27,16
647,189,27,16
643,188,27,16
646,191,27,16
652,189,27,16
652,187,27,16
642,188,27,16
651,189,27,16
651,189,27,16
653,182,27,16
652,192,27,16
649,189,27,16
650,191,27,16
642,191,27,16
650,191,27,16
643,190,27,16
641,188,27,16
648,188,27,16
648,191,27,16
642,193,27,16
641,191,27,16
633,189,27,16
639,191,27,16
646,191,27,16
646,191,27,16
638,193,27,16
639,191,27,16
638,192,27,16
644,193,27,16
641,189,27,16
641,188,27,16
644,194,27,16
636,192,27,16
636,192,27,16
636,191,27,16
636,193,27,16
642,192,27,16
643,194,27,16
642,194,27,16
635,193,27,16
635,193,27,16
641,193,27,16
635,195,27,16
643,193,27,16
633,191,27,16
642,188,27,16
639,187,27,16
639,186,27,16
639,193,27,16
646,193,27,16
641,193,27,16
637,196,27,16
631,195,27,16
637,194,27,16
640,194,27,16
631,196,27,16
635,194,27,16
630,195,27,16
634,197,27,16
628,196,27,16
627,192,27,16
636,196,27,16
638,193,27,16
628,197,27,16
628,197,27,16
629,197,27,16
626,196,27,16
626,197,27,16
625,194,27,16
622,193,27,16
624,197,27,16
625,196,27,16
631,196,27,16
630,198,27,16
627,192,27,16
630,197,27,16
623,198,27,16
629,195,27,16
618,195,27,16
623,198,27,16
622,199,27,16
621,199,27,16
620,199,27,16
621,199,27,16
620,199,27,16
626,199,27,16
626,198,27,16
624,198,27,16
621,198,27,16
619,199,27,16
618,199,27,16
625,196,27,16
625,200,27,16
624,196,27,16
622,199,27,16
621,199,27,16
623,198,27,16
620,199,27,16
622,199,27,16
621,200,27,16
615,201,27,16
621,200,27,16
622,204,27,16
620,201,27,16
620,200,27,16
620,199,27,16
621,197,27,16
618,202,27,16
616,200,27,16
621,200,27,16
617,200,27,16
617,202,27,16
618,200,27,16
617,200,27,16
615,201,27,16
614,202,27,16
612,200,27,16
616,200,27,16
620,200,27,16
620,200,27,16
613,200,27,16
617,198,27,16
612,197,27,16
612,198,27,16
615,199,27,16
616,196,27,16
612,198,27,16
614,199,27,16
612,199,27,16
611,201,27,16
607,200,27,16
608,202,27,16
609,201,27,16
612,199,27,16
612,199,27,16
614,201,27,16
611,200,27,16
611,199,27,16
605,201,27,16
608,197,27,16
613,199,27,16
607,201,27,16
609,199,27,16
604,200,27,16
606,200,27,16
608,198,27,16
606,200,27,16
612,199,27,16
607,201,27,16
606,198,27,16
607,199,27,16
606,199,27,16
606,199,27,16
603,200,27,16
603,198,27,16
603,199,27,16
605,198,27,16
608,199,27,16
604,199,27,16
603,200,27,16
607,199,27,16
603,199,27,16
601,201,27,16
603,200,27,16
601,200,27,16
598,200,27,16
605,198,27,16
600,202,27,16
601,200,27,16
593,202,27,16
597,200,27,16
595,200,27,16
599,198,27,16
599,196,27,16
594,199,27,16
601,196,27,16
590,202,27,16
598,201,27,16
588,203,27,16
588,202,27,16
596,197,27,16
592,204,27,16
595,202,27,16
595,198,27,16
590,202,27,16
590,202,27,16
586,203,27,16
588,203,27,16
587,203,27,16
587,203,27,16
582,203,27,16
586,203,27,16
585,203,27,16
579,204,27,16
580,202,27,16
581,203,27,16
579,206,27,16
580,203,27,16
577,202,27,16
581,204,27,16
570,202,27,16
578,202,27,16
577,203,27,16
574,204,27,16
575,206,27,16
572,200,27,16
572,204,27,16
565,200,27,16
575,203,27,16
574,204,27,16
572,204,27,16
572,204,27,16
567,202,27,16
571,205,27,16
573,204,27,16
569,202,27,16
567,204,27,16
563,204,27,16
556,202,27,16
564,206,27,16
563,204,27,16
564,205,27,16
561,205,27,16
552,202,27,16
561,205,27,16
557,205,27,16
560,206,27,16
558,207,27,16
559,206,27,16
557,207,27,16
557,207,27,16
557,207,27,16
561,207,27,16
557,207,27,16
553,206,27,16
557,208,27,16
552,208,27,16
548,207,27,16
549,208,27,16
549,208,27,16
548,207,27,16
547,207,27,16
546,208,27,16
545,208,27,16
537,206,27,16
544,210,27,16
544,210,27,16
541,211,27,16
542,211,27,16
540,210,27,16
546,211,27,16
536,213,27,16
537,209,27,16
536,213,27,16
541,210,27,16
539,210,27,16
532,215,27,16
533,215,27,16
531,217,27,16
529,208,27,16
532,215,27,16
538,215,27,16
531,216,27,16
527,220,27,16
527,219,27,16
526,215,27,16
527,213,27,16
530,215,27,16
532,216,27,16
524,218,27,16
522,219,27,16
528,219,27,16
521,218,27,16
527,219,27,16
523,216,27,16
521,216,27,16
519,216,27,16
516,214,27,16
518,215,27,16
523,217,27,16
522,220,27,16
507,217,27,16
511,223,27,16
507,220,27,16
510,222,27,16
509,222,27,16
505,221,27,16
487,214,27,16
508,227,27,16
509,225,27,16
506,226,27,16
506,226,27,16
503,226,27,16
503,229,27,16
504,226,27,16
503,228,27,16
502,229,27,16
502,228,27,16
501,228,27,16
501,226,27,16
499,234,27,16
499,232,27,16
496,235,27,16
496,232,27,16
495,234,27,16
496,233,27,16
494,234,27,16
485,233,27,16
496,233,27,16
492,238,27,16
491,237,27,16
493,237,27,16
490,238,27,16
490,240,27,16
489,240,27,16
491,238,27,16
491,240,27,16
489,241,27,16
486,243,27,16
488,239,27,16
487,243,27,16
485,245,27,16
487,243,27,16
483,246,27,16
487,244,27,16
482,250,27,16
492,248,27,16
484,249,27,16
484,249,27,16
481,254,27,16
482,247,27,16
480,256,27,16
481,253,27,16
478,256,27,16
480,252,27,16
481,254,27,16
479,255,27,16
474,261,27,16
476,257,27,16
484,259,27,16
482,256,27,16
474,260,27,16
483,261,27,16
477,259,27,16
476,261,27,16
473,262,27,16
482,265,27,16
475,264,27,16
482,264,27,16
478,262,27,16
481,260,27,16
477,264,27,16
476,263,27,16
476,263,27,16
471,263,27,16
475,265,27,16
475,262,27,16
474,264,27,16
475,265,27,16
475,267,27,16
473,266,27,16
472,264,27,16
473,270,27,16
472,269,27,16
474,267,27,16
470,268,27,16
471,268,27,16
471,268,27,16
470,268,27,16
469,268,27,16
470,268,27,16
469,269,27,16
469,269,27,16
469,271,27,16
468,271,27,16
468,272,27,16
468,273,27,16
469,272,27,16
470,272,27,16
469,272,27,16
467,276,27,16
469,275,27,16
466,275,27,16
468,273,27,16
467,276,27,16
465,274,27,16
466,274,27,16
468,274,27,16
469,278,27,16
467,274,27,16
467,279,27,16
469,276,27,16
466,274,27,16
466,276,27,16
467,277,27,16
467,275,27,16
467,277,27,16
467,276,27,16
467,279,27,16
467,279,27,16
467,278,27,16
468,279,27,16
467,281,27,16
467,279,27,16
467,279,27,16
468,280,27,16
466,278,27,16
468,283,27,16
468,282,27,16
469,284,27,16
469,281,27,16
468,283,27,16
469,286,27,16
469,284,27,16
469,283,27,16
469,284,27,16
469,284,27,16
470,285,27,16
469,284,27,16
470,284,27,16
470,285,27,16
471,285,27,16
471,285,27,16
471,285,27,16
472,285,27,16
471,287,27,16
472,287,27,16
472,288,27,16
470,285,27,16
474,286,27,16
474,290,27,16
473,288,27,16
474,290,27,16
474,288,27,16
475,291,27,16
475,289,27,16
477,292,27,16
474,288,27,16
475,290,27,16
474,289,27,16
478,291,27,16
476,292,27,16
479,292,27,16
480,290,27,16
480,292,27,16
480,293,27,16
480,291,27,16
483,292,27,16
481,294,27,16
479,294,27,16
460,303,27,16
482,293,27,16
484,296,27,16
484,296,27,16
486,294,27,16
485,293,27,16
487,297,27,16
486,296,27,16
485,297,27,16
486,297,27,16
490,297,27,16
488,299,27,16
491,298,27,16
491,298,27,16
492,300,27,16
493,299,27,16
493,301,27,16
496,301,27,16
496,301,27,16
493,300,27,16
492,302,27,16
495,303,27,16
496,302,27,16
494,300,27,16
497,302,27,16
496,302,27,16
497,303,27,16
501,304,27,16
500,302,27,16
500,304,27,16
501,304,27,16
501,305,27,16
503,306,27,16
507,305,27,16
504,305,27,16
505,307,27,16
507,307,27,16
507,307,27,16
508,307,27,16
509,309,27,16
510,308,27,16
511,310,27,16
513,311,27,16
513,310,27,16
514,311,27,16
516,312,27,16
514,312,27,16
519,314,27,16
518,313,27,16
521,314,27,16
521,314,27,16
522,314,27,16
524,315,27,16
525,315,27,16
526,315,27,16
528,315,27,16
528,318,27,16
526,319,27,16
529,319,27,16
530,318,27,16
529,321,27,16
532,319,27,16
534,320,27,16
533,320,27,16
535,323,27,16
537,321,27,16
537,322,27,16
538,322,27,16
540,323,27,16
540,324,27,16
543,324,27,16
544,325,27,16
544,325,27,16
546,327,27,16
548,327,27,16
550,328,27,16
553,329,27,16
552,329,27,16
554,330,27,16
558,332,27,16
557,334,27,16
559,333,27,16
559,333,27,16
563,337,27,16
567,338,27,16
569,338,27,16
570,339,27,16
571,338,27,16
574,342,27,16
577,341,27,16
580,342,27,16
582,346,27,16
583,345,27,16
587,346,27,16
591,349,27,16
593,349,27,16
597,352,27,16
597,350,27,16
604,355,27,16
606,359,27,16
610,357,27,16
615,359,27,16
615,359,27,16
623,366,27,16
627,367,27,16
632,368,27,16
636,370,27,16
636,371,27,16
647,376,27,16
653,377,27,16
658,380,27,16
663,384,27,16
663,384,27,16
676,390,27,16
683,393,27,16
690,396,27,16
699,399,27,16
699,399,27,16
714,407,27,16
724,411,27,16
732,416,27,16
740,422,27,16
740,421,27,16
762,429,27,16
