780,310,90,91
775,316,90,91
770,320,90,91
765,323,90,91
760,325,90,91
754,325,90,91
749,324,90,91
745,323,90,91
740,322,90,91
736,320,90,91
730,318,90,91
726,317,90,91
722,315,90,91
717,313,90,91
713,312,90,91
708,309,90,91
705,308,90,91
701,306,90,91
697,304,90,91
694,303,90,91
689,301,90,91
685,299,90,91
682,298,90,91
679,297,90,91
675,295,90,91
671,294,90,91
668,292,90,91
665,291,90,91
662,290,90,91
659,289,90,91
655,287,90,91
653,287,90,91
650,286,90,91
647,284,90,91
644,283,90,91
641,282,90,91
639,281,90,91
636,280,90,91
634,279,90,91
631,279,90,91
627,277,90,91
625,277,90,91
622,276,90,91
620,275,90,91
618,274,90,91
615,273,90,91
613,272,90,91
611,271,90,91
609,270,90,91
607,269,90,91
605,268,90,91
603,268,90,91
601,267,90,91
599,266,90,91
597,265,90,91
594,264,90,91
594,264,90,91
591,263,90,91
590,262,90,91
589,262,90,91
587,261,90,91
585,261,90,91
584,260,90,91
582,260,90,91
580,259,90,91
579,258,90,91
577,258,90,91
576,257,90,91
574,257,90,91
573,256,90,91
571,256,90,91
569,255,90,91
568,254,90,91
567,254,90,91
566,253,90,91
564,252,90,91
563,252,90,91
561,251,90,91
560,250,90,91
559,249,90,91
557,248,90,91
555,247,90,91
555,247,90,91
553,246,90,91
552,245,90,91
549,244,90,91
548,244,90,91
547,243,90,91
545,243,90,91
544,243,90,91
543,242,90,91
541,242,90,91
540,242,90,91
538,241,90,91
538,241,90,91
536,240,90,91
536,240,90,91
533,239,90,91
532,239,90,91
531,238,90,91
530,238,90,91
529,237,90,91
528,237,90,91
527,237,90,91
526,237,90,91
525,237,90,91
523,236,90,91
522,236,90,91
521,236,90,91
521,236,90,91
519,235,90,91
519,235,90,91
518,235,90,91
517,234,90,91
517,235,90,91
516,234,90,91
515,234,90,91
515,234,90,91
514,234,90,91
513,234,90,91
513,233,90,91
512,233,90,91
511,233,90,91
511,233,90,91
510,233,90,91
510,233,90,91
509,233,90,91
508,233,90,91
507,233,90,91
507,232,90,91
506,232,90,91
506,232,90,91
505,232,90,91
504,233,90,91
504,233,90,91
503,233,90,91
503,233,90,91
502,233,90,91
502,233,90,91
501,233,90,91
500,233,90,91
500,234,90,91
499,234,90,91
499,234,90,91
499,234,90,91
498,235,90,91
497,235,90,91
497,236,90,91
496,236,90,91
496,237,90,91
494,237,90,91
494,238,90,91
494,238,90,91
493,239,90,91
493,239,90,91
492,240,90,91
491,240,90,91
491,241,90,91
491,242,90,91
490,242,90,91
490,243,90,91
489,243,90,91
489,244,90,91
488,244,90,91
487,244,90,91
487,245,90,91
487,245,90,91
487,245,90,91
487,245,90,91
487,245,90,91
488,246,90,91
488,246,90,91
488,246,90,91
489,246,90,91
488,246,90,91
489,246,90,91
488,246,90,91
489,246,90,91
488,246,90,91
489,246,90,91
489,246,90,91
489,246,90,91
489,246,90,91
489,247,90,91
489,247,90,91
489,247,90,91
489,247,90,91
489,247,90,91
489,247,90,91
489,247,90,91
489,248,90,91
489,248,90,91
489,249,90,91
489,249,90,91
488,248,90,91
489,250,90,91
488,249,90,91
488,249,90,91
488,250,90,91
488,250,90,91
488,250,90,91
488,250,90,91
488,251,90,91
488,251,90,91
488,251,90,91
488,251,90,91
488,252,90,91
488,252,90,91
488,252,90,91
487,252,90,91
485,253,90,91
486,253,90,91
486,253,90,91
486,253,90,91
486,254,90,91
486,254,90,91
486,254,90,91
487,254,90,91
487,254,90,91
488,255,90,91
488,255,90,91
489,255,90,91
490,256,90,91
491,256,90,91
491,256,90,91
493,257,90,91
494,257,90,91
495,258,90,91
496,258,90,91
497,258,90,91
499,259,90,91
500,259,90,91
502,260,90,91
504,260,90,91
506,260,90,91
508,261,90,91
510,261,90,91
512,261,90,91
514,262,90,91
515,262,90,91
518,263,90,91
521,263,90,91
523,264,90,91
524,264,90,91
526,265,90,91
529,266,90,91
529,266,90,91
532,267,90,91
533,267,90,91
535,268,90,91
536,269,90,91
538,270,90,91
538,270,90,91
540,271,90,91
541,272,90,91
542,272,90,91
543,273,90,91
544,274,90,91
544,275,90,91
545,276,90,91
547,276,90,91
547,277,90,91
548,277,90,91
548,278,90,91
549,279,90,91
550,280,90,91
550,280,90,91
550,281,90,91
551,282,90,91
552,283,90,91
552,283,90,91
552,284,90,91
553,285,90,91
553,285,90,91
553,285,90,91
553,285,90,91
553,286,90,91
553,286,90,91
553,287,90,91
553,287,90,91
553,288,90,91
553,288,90,91
553,289,90,91
553,290,90,91
553,290,90,91
553,291,90,91
553,292,90,91
553,292,90,91
553,293,90,91
553,294,90,91
553,294,90,91
553,295,90,91
553,295,90,91
553,294,90,91
553,296,90,91
552,295,90,91
553,295,90,91
552,295,90,91
553,295,90,91
553,296,90,91
552,296,90,91
552,296,90,91
552,296,90,91
552,296,90,91
552,297,90,91
552,297,90,91
552,297,90,91
552,298,90,91
552,298,90,91
552,298,90,91
552,298,90,91
552,298,90,91
552,298,90,91
552,299,90,91
552,299,90,91
551,299,90,91
552,299,90,91
551,299,90,91
551,299,90,91
551,299,90,91
551,299,90,91
551,299,90,91
551,300,90,91
551,299,90,91
551,299,90,91
551,299,90,91
551,299,90,91
551,299,90,91
551,299,90,91
550,299,90,91
551,299,90,91
550,299,90,91
550,299,90,91
550,299,90,91
550,299,90,91
550,299,90,91
549,299,90,91
549,300,90,91
549,300,90,91
549,300,90,91
549,300,90,91
548,300,90,91
548,300,90,91
548,301,90,91
547,301,90,91
547,301,90,91
546,301,90,91
546,301,90,91
545,300,90,91
545,300,90,91
545,300,90,91
544,300,90,91
544,300,90,91
544,301,90,91
543,299,90,91
543,299,90,91
542,299,90,91
542,299,90,91
542,298,90,91
542,298,90,91
541,298,90,91
541,298,90,91
541,298,90,91
540,299,90,91
540,299,90,91
540,299,90,91
540,297,90,91
539,297,90,91
539,298,90,91
539,298,90,91
539,298,90,91
539,298,90,91
538,296,90,91
538,298,90,91
538,296,90,91
538,297,90,91
538,298,90,91
537,296,90,91
537,296,90,91
537,298,90,91
536,298,90,91
536,298,90,91
536,298,90,91
536,298,90,91
536,298,90,91
536,298,90,91
535,298,90,91
535,298,90,91
535,298,90,91
535,298,90,91
534,297,90,91
534,297,90,91
534,297,90,91
534,297,90,91
534,297,90,91
534,297,90,91
534,297,90,91
534,297,90,91
533,297,90,91
533,297,90,91
534,297,90,91
534,297,90,91
534,297,90,91
534,297,90,91
534,297,90,91
535,297,90,91
535,297,90,91
535,296,90,91
536,296,90,91
536,296,90,91
536,296,90,91
536,296,90,91
537,298,90,91
537,298,90,91
538,298,90,91
538,298,90,91
538,298,90,91
539,298,90,91
539,298,90,91
539,297,90,91
539,297,90,91
540,297,90,91
540,297,90,91
540,297,90,91
540,297,90,91
541,297,90,91
541,297,90,91
541,297,90,91
541,297,90,91
542,297,90,91
542,298,90,91
543,298,90,91
544,298,90,91
545,298,90,91
546,298,90,91
544,298,90,91
544,298,90,91
545,298,90,91
545,298,90,91
545,298,90,91
546,298,90,91
547,297,90,91
546,298,90,91
547,298,90,91
547,299,90,91
548,299,90,91
548,299,90,91
549,299,90,91
549,299,90,91
549,299,90,91
550,300,90,91
551,300,90,91
551,300,90,91
551,300,90,91
550,300,90,91
552,302,90,91
552,300,90,91
553,302,90,91
553,302,90,91
554,302,90,91
554,302,90,91
555,302,90,91
555,302,90,91
556,302,90,91
556,302,90,91
557,301,90,91
557,303,90,91
557,303,90,91
557,302,90,91
558,303,90,91
559,303,90,91
559,303,90,91
559,303,90,91
559,302,90,91
560,304,90,91
561,304,90,91
561,304,90,91
561,304,90,91
562,304,90,91
562,303,90,91
562,304,90,91
563,303,90,91
564,305,90,91
564,304,90,91
565,304,90,91
565,304,90,91
565,304,90,91
566,304,90,91
566,306,90,91
567,305,90,91
567,305,90,91
568,305,90,91
568,305,90,91
568,305,90,91
569,305,90,91
569,306,90,91
570,306,90,91
570,306,90,91
571,306,90,91
571,306,90,91
572,306,90,91
572,306,90,91
572,306,90,91
573,306,90,91
573,306,90,91
573,306,90,91
573,306,90,91
573,306,90,91
573,306,90,91
573,306,90,91
573,306,90,91
573,306,90,91
573,306,90,91
574,306,90,91
573,306,90,91
574,306,90,91
573,306,90,91
573,306,90,91
573,306,90,91
573,306,90,91
573,306,90,91
573,306,90,91
573,306,90,91
572,307,90,91
572,307,90,91
572,307,90,91
572,307,90,91
572,307,90,91
572,307,90,91
572,307,90,91
572,307,90,91
572,308,90,91
572,308,90,91
572,308,90,91
572,308,90,91
572,308,90,91
572,308,90,91
572,308,90,91
572,308,90,91
572,308,90,91
572,308,90,91
572,308,90,91
572,308,90,91
572,308,90,91
572,308,90,91
573,308,90,91
573,308,90,91
573,308,90,91
573,308,90,91
573,308,90,91
573,308,90,91
573,308,90,91
573,308,90,91
573,308,90,91
573,308,90,91
573,308,90,91
574,308,90,91
573,308,90,91
574,308,90,91
574,308,90,91
574,308,90,91
574,308,90,91
574,308,90,91
574,309,90,91
574,309,90,91
574,309,90,91
574,309,90,91
574,309,90,91
574,309,90,91
574,309,90,91
575,309,90,91
575,309,90,91
575,309,90,91
575,309,90,91
574,309,90,91
575,309,90,91
575,309,90,91
575,309,90,91
575,309,90,91
575,309,90,91
575,309,90,91
576,309,90,91
575,309,90,91
575,309,90,91
575,309,90,91
576,309,90,91
575,309,90,91
576,309,90,91
576,309,90,91
576,309,90,91
576,309,90,91
576,309,90,91
576,309,90,91
576,309,90,91
576,309,90,91
576,309,90,91
576,309,90,91
576,309,90,91
576,309,90,91
576,309,90,91
576,309,90,91
576,309,90,91
576,309,90,91
576,310,90,91
576,309,90,91
576,309,90,91
576,309,90,91
576,309,90,91
576,309,90,91
576,309,90,91
576,309,90,91
576,309,90,91
576,309,90,91
576,309,90,91
576,309,90,91
577,309,90,91
577,309,90,91
577,309,90,91
576,309,90,91
576,309,90,91
577,309,90,91
577,309,90,91
577,309,90,91
577,309,90,91
577,309,90,91
577,309,90,91
577,309,90,91
577,309,90,91
577,309,90,91
577,309,90,91
577,309,90,91
577,309,90,91
577,309,90,91
577,309,90,91
578,309,90,91
577,309,90,91
577,309,90,91
578,309,90,91
578,309,90,91
578,309,90,91
578,309,90,91
578,310,90,91
578,309,90,91
579,309,90,91
578,310,90,91
579,310,90,91
579,310,90,91
579,310,90,91
579,310,90,91
579,310,90,91
579,310,90,91
579,310,90,91
579,310,90,91
579,310,90,91
579,310,90,91
579,310,90,91
579,310,90,91
580,310,90,91
580,310,90,91
580,310,90,91
580,310,90,91
580,310,90,91
580,310,90,91
580,310,90,91
580,310,90,91
580,310,90,91
580,310,90,91
580,310,90,91
581,310,90,91
581,310,90,91
581,310,90,91
581,310,90,91
581,311,90,91
581,311,90,91
661,346,27,15
661,347,27,15
669,343,27,15
677,342,27,15
676,341,27,15
672,342,27,15
674,343,27,15
672,341,27,15
652,351,27,15
678,342,28,14
679,342,28,14
681,342,28,14
682,342,28,14
684,342,28,14
684,342,28,14
686,342,28,14
687,342,28,14
688,342,28,14
689,342,28,14
689,342,28,14
690,342,28,14
692,342,28,14
692,342,28,14
694,342,28,14
693,343,28,14
696,342,28,14
696,343,28,14
697,343,28,14
698,343,28,14
700,342,28,14
701,342,28,14
702,342,28,14
703,343,28,14
704,343,28,14
705,343,28,14
707,342,28,14
708,343,28,14
709,342,28,14
710,343,28,14
710,343,28,14
709,343,28,14
707,343,28,14
705,343,28,14
704,342,28,14
700,343,28,14
697,343,28,14
691,344,28,14
689,343,28,14
684,344,28,14
681,344,28,14
680,343,28,14
673,344,28,14
671,343,28,14
666,343,28,14
662,343,28,14
659,343,28,14
653,343,28,14
649,343,28,14
645,343,28,14
641,343,28,14
638,343,28,14
633,343,28,14
627,344,28,14
626,343,28,14
623,343,28,14
620,343,28,14
616,343,28,14
612,343,28,14
612,343,28,14
610,343,28,14
607,344,28,14
607,342,28,14
606,343,28,14
605,344,28,14
604,344,28,14
604,344,28,14
604,344,28,14
603,344,28,14
601,345,28,14
603,344,28,14
603,342,28,14
605,345,28,14
603,346,28,14
606,344,28,14
607,344,28,14
609,342,28,14
609,345,28,14
610,345,28,14
611,344,28,14
615,342,28,14
612,344,28,14
615,346,28,14
616,346,28,14
617,347,28,14
616,345,28,14
617,345,28,14
619,346,28,14
618,347,28,14
620,345,28,14
622,347,28,14
621,345,28,14
623,346,28,14
625,346,28,14
624,344,28,14
628,347,28,14
628,347,28,14
627,343,28,14
630,346,28,14
632,347,28,14
629,345,28,14
634,344,28,14
631,341,28,14
631,344,28,14
638,345,28,14
631,347,28,14
632,344,28,14
635,342,28,14
650,344,28,14
635,344,28,14
634,340,28,14
636,343,28,14
638,342,28,14
637,343,28,14
646,344,28,14
639,347,28,14
655,344,28,14
640,344,28,14
638,344,28,14
638,345,28,14
641,342,28,14
642,344,28,14
644,344,28,14
646,342,28,14
647,343,28,14
645,342,28,14
648,343,28,14
647,343,28,14
649,343,28,14
651,343,28,14
649,342,28,14
633,344,28,14
654,344,28,14
653,343,28,14
656,344,28,14
640,345,28,14
658,345,28,14
658,347,28,14
639,343,28,14
644,344,28,14
661,340,28,14
664,344,28,14
665,345,28,14
665,347,28,14
666,346,28,14
667,347,28,14
669,345,28,14
670,346,28,14
670,347,28,14
670,343,28,14
673,346,28,14
659,346,28,14
676,344,28,14
676,345,28,14
677,346,28,14
678,346,28,14
676,344,28,14
678,343,28,14
682,345,28,14
681,344,28,14
669,345,28,14
683,347,28,14
686,343,28,14
703,350,28,14
692,350,28,14
691,349,28,14
692,343,28,14
695,347,28,14
678,342,28,14
696,346,28,14
697,346,28,14
701,348,28,14
701,347,28,14
705,347,28,14
705,347,28,14
704,347,28,14
706,346,28,14
710,348,28,14
711,346,28,14
714,348,28,14
715,348,28,14
717,350,28,14
718,349,28,14
732,351,28,14
732,352,28,14
731,351,28,14
748,355,28,14
737,351,28,14
731,353,28,14
739,353,28,14
726,348,28,14
728,349,28,14
733,351,28,14
734,350,28,14
746,351,28,14
748,355,28,14
748,353,28,14
748,353,28,14
751,355,28,14
753,356,28,14
753,355,28,14
754,354,28,14
757,354,28,14
755,353,28,14
758,355,28,14
759,354,28,14
762,356,28,14
762,354,28,14
762,356,28,14
764,356,28,14
766,356,28,14
767,356,28,14
768,354,28,14
769,356,28,14
770,356,28,14
771,356,28,14
771,356,28,14
772,356,28,14
773,357,28,14
773,357,28,14
775,356,28,14
774,356,28,14
774,356,28,14
774,357,28,14
773,357,28,14
775,356,28,14
773,357,28,14
773,357,28,14
774,357,28,14
774,356,28,14
772,357,28,14
771,357,28,14
771,357,28,14
768,358,28,14
768,358,28,14
769,360,28,14
766,358,28,14
766,358,28,14
765,358,28,14
763,357,28,14
765,360,28,14
761,358,28,14
759,358,28,14
759,358,28,14
757,358,28,14
757,358,28,14
758,361,28,14
756,362,28,14
756,362,28,14
755,359,28,14
755,362,28,14
754,359,28,14
753,359,28,14
752,359,28,14
750,359,28,14
750,359,28,14
748,358,28,14
747,359,28,14
748,359,28,14
744,358,28,14
743,359,28,14
741,359,28,14
737,358,28,14
736,358,28,14
734,359,28,14
732,359,28,14
730,359,28,14
728,359,28,14
725,358,28,14
724,359,28,14
723,360,28,14
721,358,28,14
717,359,28,14
715,359,28,14
714,359,28,14
712,362,28,14
712,360,28,14
707,359,28,14
706,360,28,14
703,359,28,14
701,359,28,14
699,359,28,14
696,359,28,14
694,359,28,14
693,360,28,14
691,360,28,14
690,360,28,14
686,360,28,14
685,360,28,14
683,361,28,14
681,360,28,14
679,361,28,14
677,361,28,14
675,361,28,14
673,362,28,14
671,360,28,14
670,361,28,14
669,362,28,14
667,362,28,14
667,362,28,14
665,363,28,14
664,362,28,14
663,362,28,14
662,363,28,14
661,363,28,14
660,363,28,14
660,363,28,14
658,363,28,14
658,364,28,14
657,366,28,14
654,364,28,14
653,363,28,14
651,363,28,14
649,364,28,14
648,363,28,14
647,364,28,14
645,364,28,14
645,365,28,14
645,364,28,14
644,365,28,14
644,365,28,14
643,365,28,14
643,365,28,14
643,365,28,14
642,366,28,14
642,365,28,14
642,365,28,14
642,365,28,14
642,366,28,14
642,366,28,14
642,366,28,14
641,366,28,14
642,366,28,14
641,366,28,14
641,366,28,14
642,367,28,14
642,366,28,14
642,367,28,14
642,366,28,14
642,367,28,14
641,367,28,14
640,367,28,14
640,367,28,14
639,368,28,14
640,369,28,14
638,369,28,14
637,368,28,14
637,369,28,14
636,368,28,14
634,369,28,14
633,369,28,14
633,368,28,14
631,368,28,14
630,369,28,14
630,370,28,14
630,371,28,14
629,370,28,14
628,370,28,14
627,370,28,14
628,370,28,14
627,371,28,14
629,373,28,14
629,374,28,14
626,373,28,14
629,374,28,14
629,375,28,14
626,372,28,14
624,372,28,14
625,374,28,14
625,371,28,14
625,372,28,14
624,375,28,14
624,375,28,14
625,374,28,14
625,373,28,14
623,373,28,14
623,373,28,14
623,375,28,14
622,375,28,14
622,373,28,14
623,377,28,14
624,376,28,14
623,376,28,14
625,376,28,14
622,375,28,14
623,376,28,14
622,376,28,14
622,376,28,14
622,376,28,14
621,377,28,14
621,377,28,14
621,377,28,14
619,375,28,14
619,378,28,14
619,377,28,14
618,378,28,14
618,378,28,14
617,378,28,14
617,378,28,14
617,379,28,14
616,379,28,14
615,379,28,14
617,380,28,14
613,378,28,14
614,381,28,14
613,381,28,14
612,379,28,14
612,379,28,14
611,379,28,14
613,381,28,14
612,381,28,14
612,380,28,14
612,381,28,14
612,383,28,14
612,382,28,14
611,384,28,14
611,382,28,14
611,382,28,14
610,382,28,14
611,385,28,14
611,384,28,14
610,383,28,14
611,385,28,14
611,386,28,14
612,385,28,14
610,386,28,14
611,386,28,14
610,385,28,14
611,386,28,14
609,385,28,14
609,385,28,14
609,386,28,14
609,385,28,14
609,385,28,14
609,385,28,14
609,385,28,14
608,385,28,14
609,385,28,14
609,388,28,14
610,388,28,14
610,388,28,14
608,388,28,14
610,389,28,14
608,390,28,14
608,391,28,14
608,391,28,14
607,389,28,14
608,388,28,14
607,390,28,14
606,389,28,14
606,390,28,14
606,389,28,14
606,390,28,14
606,389,28,14
606,390,28,14
607,392,28,14
606,393,28,14
605,390,28,14
606,394,28,14
605,392,28,14
605,393,28,14
606,394,28,14
605,394,28,14
604,393,28,14
604,393,28,14
604,393,28,14
604,393,28,14
603,393,28,14
604,394,28,14
604,393,28,14
604,395,28,14
603,394,28,14
603,394,28,14
602,394,28,14
602,393,28,14
603,394,28,14
602,393,28,14
601,393,28,14
602,394,28,14
602,392,28,14
601,392,28,14
601,391,28,14
601,391,28,14
602,392,28,14
601,390,28,14
600,390,28,14
601,391,28,14
601,391,28,14
601,390,28,14
601,390,28,14
599,389,28,14
600,389,28,14
600,389,28,14
599,388,28,14
599,388,28,14
599,388,28,14
600,388,28,14
599,386,28,14
599,386,28,14
599,386,28,14
597,385,28,14
598,386,28,14
597,385,28,14
598,386,28,14
597,385,28,14
596,384,28,14
596,383,28,14
595,382,28,14
595,382,28,14
596,382,28,14
595,381,28,14
595,381,28,14
595,380,28,14
594,379,28,14
594,377,28,14
594,378,28,14
593,377,28,14
592,375,28,14
593,377,28,14
591,375,28,14
591,375,28,14
590,373,28,14
591,374,28,14
592,374,28,14
591,372,28,14
590,371,28,14
592,371,28,14
591,370,28,14
592,371,28,14
592,371,28,14
592,370,28,14
592,369,28,14
592,368,28,14
592,367,28,14
590,366,28,14
590,366,28,14
590,365,28,14
590,365,28,14
590,364,28,14
589,363,28,14
589,363,28,14
588,362,28,14
587,362,28,14
587,362,28,14
585,359,28,14
586,361,28,14
584,358,28,14
585,358,28,14
584,358,28,14
583,357,28,14
586,357,28,14
585,359,28,14
584,354,28,14
583,355,28,14
582,352,28,14
583,352,28,14
582,354,28,14
582,353,28,14
583,351,28,14
583,350,28,14
581,352,28,14
584,352,28,14
588,353,28,14
587,353,28,14
579,348,28,14
588,353,28,14
583,351,28,14
584,350,28,14
585,351,28,14
585,350,28,14
579,350,28,14
584,351,28,14
582,348,28,14
575,343,28,14
581,349,28,14
578,346,28,14
578,344,28,14
581,342,28,14
583,348,28,14
585,346,28,14
583,348,28,14
588,348,28,14
587,343,28,14
582,341,28,14
585,343,28,14
588,343,28,14
588,342,28,14
588,344,28,14
590,344,28,14
589,342,28,14
588,340,28,14
590,341,28,14
592,342,28,14
595,342,28,14
600,342,28,14
594,340,28,14
598,340,28,14
605,321,28,14
600,340,28,14
596,338,28,14
593,334,28,14
602,340,28,14
602,339,28,14
598,337,28,14
610,319,28,14
609,342,28,14
602,339,28,14
601,337,28,14
610,339,28,14
606,339,28,14
605,337,28,14
606,338,28,14
614,340,28,14
614,340,28,14
613,336,28,14
614,336,28,14
623,340,28,14
627,341,28,14
626,341,28,14
627,341,28,14
631,342,28,14
625,337,28,14
633,342,28,14
634,342,28,14
634,342,28,14
633,341,28,14
631,337,28,14
641,344,28,14
644,344,28,14
638,340,28,14
638,340,28,14
638,340,28,14
639,340,28,14
643,344,28,14
641,341,28,14
642,341,28,14
643,344,28,14
644,342,28,14
645,345,28,14
646,343,28,14
644,343,28,14
643,342,28,14
642,343,28,14
647,347,28,14
648,346,28,14
650,347,28,14
652,346,28,14
654,349,28,14
655,350,28,14
654,348,28,14
656,349,28,14
658,351,28,14
659,352,28,14
659,353,28,14
657,353,28,14
661,356,28,14
664,358,28,14
664,360,28,14
667,363,28,14
666,365,28,14
666,367,28,14
669,370,28,14
668,373,28,14
670,376,28,14
671,378,28,14
670,380,28,14
673,383,28,14
672,386,28,14
673,388,28,14
671,390,28,14
674,393,28,14
675,395,28,14
676,399,28,14
676,400,28,14
676,403,28,14
677,405,28,14
676,406,28,14
679,411,28,14
679,412,28,14
685,417,28,14
682,419,28,14
687,421,28,14
689,425,28,14
688,427,28,14
689,429,28,14
694,432,28,14
692,435,28,14
695,439,28,14
697,442,28,14
703,447,28,14
699,447,28,14
700,450,28,14
702,454,28,14
702,457,28,14
706,461,28,14
705,464,28,14
704,467,28,14
705,473,28,14
705,474,28,14
705,479,28,14
702,482,28,14
702,484,28,14
701,491,28,14
701,495,28,14
700,499,28,14
700,504,28,14
698,507,28,14
696,513,28,14
697,519,28,14
695,524,28,14
695,528,28,14
695,533,28,14
696,540,28,14
694,544,28,14
695,549,28,14
695,554,28,14
