644,522,110,132
644,522,110,132
644,522,110,132
644,522,110,132
643,522,110,132
644,523,110,132
643,522,110,132
643,521,110,132
643,521,110,132
643,521,110,132
643,520,110,132
642,519,110,132
643,519,110,132
642,518,110,132
642,517,110,132
642,516,110,132
642,516,110,132
642,515,110,132
642,514,110,132
642,513,110,132
642,513,110,132
642,512,110,132
641,511,110,132
641,510,110,132
641,510,110,132
641,508,110,132
641,508,110,132
641,507,110,132
641,506,110,132
641,505,110,132
641,504,110,132
640,503,110,132
640,502,110,132
640,501,110,132
640,500,110,132
640,499,110,132
640,498,110,132
639,497,110,132
639,496,110,132
639,495,110,132
639,495,110,132
638,493,110,132
639,493,110,132
638,492,110,132
638,491,110,132
638,490,110,132
638,489,110,132
638,488,110,132
638,487,110,132
638,486,110,132
637,485,110,132
637,484,110,132
637,484,110,132
637,483,110,132
637,482,110,132
637,481,110,132
637,481,110,132
637,480,110,132
637,479,110,132
636,478,110,132
636,478,110,132
636,477,110,132
636,476,110,132
636,476,110,132
636,475,110,132
636,474,110,132
636,473,110,132
636,472,110,132
636,472,110,132
635,471,110,132
635,470,110,132
635,469,110,132
635,468,110,132
635,467,110,132
635,466,110,132
635,465,110,132
635,465,110,132
635,464,110,132
635,463,110,132
635,463,110,132
635,463,110,132
635,462,110,132
635,462,110,132
635,462,110,132
635,462,110,132
634,461,110,132
634,461,110,132
634,461,110,132
634,460,110,132
634,460,110,132
634,460,110,132
634,460,110,132
634,460,110,132
633,459,110,132
633,459,110,132
633,459,110,132
633,459,110,132
633,458,110,132
632,458,110,132
632,458,110,132
632,458,110,132
632,457,110,132
632,457,110,132
631,457,110,132
631,456,110,132
631,457,110,132
631,456,110,132
631,456,110,132
631,456,110,132
631,456,110,132
630,455,110,132
630,455,110,132
630,455,110,132
630,455,110,132
630,455,110,132
630,455,110,132
630,455,110,132
630,454,110,132
630,454,110,132
630,454,110,132
630,454,110,132
629,454,110,132
629,453,110,132
629,453,110,132
629,453,110,132
629,453,110,132
629,452,110,132
629,452,110,132
628,452,110,132
628,451,110,132
628,451,110,132
628,451,110,132
628,451,110,132
628,451,110,132
628,450,110,132
628,450,110,132
628,450,110,132
628,450,110,132
627,449,110,132
627,449,110,132
627,448,110,132
627,448,110,132
627,448,110,132
627,448,110,132
627,447,110,132
626,447,110,132
626,446,110,132
626,446,110,132
626,446,110,132
627,446,110,132
626,445,110,132
626,445,110,132
626,445,110,132
626,444,110,132
626,444,110,132
626,444,110,132
626,444,110,132
626,444,110,132
626,444,110,132
626,443,110,132
626,443,110,132
626,443,110,132
626,443,110,132
626,443,110,132
626,443,110,132
626,443,110,132
626,442,110,132
626,442,110,132
626,442,110,132
626,442,110,132
626,441,110,132
626,441,110,132
626,441,110,132
626,441,110,132
626,440,110,132
626,440,110,132
626,440,110,132
626,440,110,132
626,440,110,132
626,439,110,132
626,439,110,132
626,439,110,132
626,439,110,132
626,439,110,132
626,439,110,132
626,438,110,132
626,438,110,132
626,438,110,132
626,438,110,132
626,438,110,132
626,437,110,132
626,437,110,132
626,437,110,132
626,437,110,132
626,437,110,132
626,437,110,132
626,436,110,132
626,436,110,132
626,436,110,132
627,436,110,132
626,436,110,132
626,436,110,132
626,436,110,132
627,436,110,132
626,435,110,132
626,435,110,132
626,435,110,132
626,435,110,132
626,435,110,132
626,434,110,132
626,434,110,132
626,434,110,132
626,434,110,132
626,434,110,132
626,434,110,132
626,433,110,132
625,433,110,132
626,433,110,132
626,433,110,132
625,432,110,132
625,432,110,132
625,432,110,132
625,432,110,132
625,432,110,132
625,432,110,132
624,432,110,132
624,431,110,132
624,431,110,132
624,431,110,132
623,430,110,132
624,431,110,132
623,430,110,132
623,430,110,132
623,430,110,132
623,430,110,132
623,430,110,132
623,430,110,132
623,430,110,132
623,429,110,132
622,429,110,132
622,429,110,132
622,429,110,132
622,429,110,132
622,428,110,132
621,428,110,132
621,428,110,132
621,428,110,132
621,428,110,132
621,428,110,132
620,427,110,132
620,427,110,132
620,427,110,132
620,427,110,132
620,427,110,132
619,427,110,132
619,427,110,132
619,427,110,132
619,427,110,132
619,427,110,132
618,427,110,132
618,426,110,132
618,426,110,132
617,426,110,132
617,426,110,132
617,426,110,132
617,426,110,132
617,426,110,132
617,426,110,132
616,426,110,132
616,426,110,132
615,425,110,132
615,425,110,132
615,425,110,132
614,424,110,132
614,424,110,132
614,424,110,132
614,424,110,132
613,424,110,132
613,424,110,132
613,424,110,132
612,423,110,132
612,423,110,132
612,423,110,132
612,423,110,132
611,423,110,132
611,423,110,132
611,423,110,132
610,422,110,132
610,422,110,132
610,422,110,132
610,422,110,132
610,422,110,132
609,422,110,132
609,422,110,132
609,422,110,132
608,422,110,132
608,422,110,132
608,422,110,132
608,422,110,132
607,422,110,132
607,422,110,132
606,422,110,132
606,422,110,132
606,421,110,132
606,422,110,132
605,421,110,132
604,421,110,132
604,421,110,132
603,421,110,132
603,421,110,132
603,421,110,132
602,421,110,132
602,421,110,132
602,421,110,132
601,420,110,132
601,420,110,132
600,420,110,132
600,420,110,132
600,420,110,132
599,419,110,132
599,419,110,132
598,419,110,132
598,419,110,132
598,419,110,132
598,419,110,132
598,419,110,132
597,419,110,132
597,418,110,132
597,419,110,132
596,418,110,132
596,418,110,132
595,418,110,132
594,417,110,132
594,417,110,132
594,417,110,132
593,417,110,132
593,416,110,132
593,416,110,132
593,417,110,132
592,416,110,132
592,417,110,132
592,416,110,132
591,416,110,132
591,416,110,132
591,416,110,132
591,416,110,132
590,416,110,132
590,416,110,132
590,416,110,132
589,416,110,132
589,415,110,132
589,415,110,132
589,415,110,132
589,415,110,132
588,415,110,132
588,415,110,132
588,415,110,132
588,415,110,132
587,414,110,132
587,415,110,132
587,414,110,132
587,415,110,132
586,414,110,132
586,414,110,132
586,414,110,132
585,414,110,132
585,414,110,132
585,414,110,132
585,414,110,132
584,414,110,132
584,414,110,132
584,414,110,132
583,413,110,132
582,413,110,132
582,413,110,132
581,413,110,132
580,413,110,132
579,412,110,132
578,412,110,132
578,412,110,132
577,412,110,132
576,412,110,132
575,412,110,132
574,412,110,132
572,411,110,132
572,412,110,132
571,412,110,132
570,412,110,132
569,412,110,132
568,412,110,132
567,413,110,132
566,413,110,132
564,413,110,132
563,413,110,132
561,414,110,132
560,414,110,132
559,415,110,132
558,415,110,132
556,415,110,132
555,416,110,132
553,417,110,132
552,417,110,132
551,418,110,132
550,419,110,132
548,419,110,132
547,420,110,132
545,421,110,132
543,421,110,132
542,422,110,132
540,422,110,132
539,423,110,132
537,423,110,132
537,424,110,132
535,425,110,132
534,425,110,132
532,425,110,132
531,426,110,132
530,426,110,132
529,427,110,132
527,427,110,132
525,428,110,132
524,429,110,132
523,429,110,132
521,430,110,132
520,431,110,132
518,431,110,132
517,431,110,132
515,432,110,132
514,433,110,132
512,433,110,132
510,433,110,132
508,434,110,132
506,434,110,132
505,435,110,132
504,436,110,132
503,436,110,132
500,436,110,132
498,437,110,132
497,438,110,132
495,438,110,132
494,439,110,132
492,439,110,132
490,439,110,132
489,440,110,132
487,440,110,132
486,441,110,132
484,441,110,132
483,442,110,132
482,443,110,132
480,443,110,132
478,443,110,132
477,444,110,132
476,445,110,132
474,445,110,132
472,446,110,132
471,447,110,132
470,448,110,132
469,449,110,132
467,449,110,132
466,450,110,132
464,450,110,132
463,451,110,132
462,452,110,132
460,452,110,132
459,453,110,132
458,453,110,132
456,453,110,132
455,454,110,132
454,455,110,132
453,456,110,132
451,456,110,132
450,457,110,132
449,458,110,132
448,458,110,132
446,458,110,132
446,459,110,132
444,460,110,132
443,460,110,132
442,461,110,132
441,461,110,132
439,461,110,132
439,462,110,132
438,462,110,132
436,462,110,132
435,462,110,132
434,463,110,132
432,463,110,132
431,463,110,132
430,464,110,132
429,464,110,132
428,464,110,132
427,464,110,132
426,465,110,132
424,465,110,132
424,465,110,132
423,466,110,132
422,466,110,132
421,466,110,132
420,466,110,132
419,467,110,132
418,467,110,132
417,467,110,132
416,467,110,132
415,468,110,132
415,469,110,132
412,468,110,132
411,468,110,132
411,469,110,132
410,469,110,132
409,469,110,132
409,470,110,132
408,470,110,132
407,470,110,132
406,471,110,132
405,471,110,132
404,471,110,132
404,472,110,132
402,472,110,132
402,472,110,132
401,473,110,132
400,473,110,132
399,473,110,132
398,473,110,132
398,474,110,132
396,474,110,132
395,474,110,132
395,475,110,132
394,475,110,132
392,475,110,132
391,475,110,132
391,476,110,132
390,476,110,132
389,476,110,132
389,477,110,132
388,477,110,132
386,477,110,132
385,477,110,132
384,477,110,132
383,477,110,132
383,478,110,132
382,478,110,132
382,478,110,132
380,478,110,132
380,479,110,132
379,479,110,132
378,479,110,132
378,480,110,132
377,480,110,132
376,480,110,132
375,480,110,132
375,480,110,132
374,481,110,132
374,481,110,132
374,481,110,132
374,481,110,132
373,480,110,132
373,481,110,132
372,480,110,132
372,480,110,132
372,480,110,132
371,480,110,132
371,480,110,132
371,480,110,132
370,480,110,132
370,479,110,132
369,479,110,132
369,479,110,132
369,479,110,132
368,479,110,132
368,479,110,132
368,479,110,132
368,479,110,132
368,479,110,132
367,479,110,132
367,479,110,132
366,479,110,132
366,479,110,132
366,479,110,132
366,479,110,132
365,479,110,132
365,479,110,132
364,479,110,132
364,479,110,132
363,479,110,132
363,479,110,132
363,479,110,132
363,479,110,132
362,479,110,132
362,479,110,132
361,479,110,132
361,479,110,132
361,479,110,132
361,479,110,132
360,479,110,132
360,479,110,132
360,478,110,132
361,479,110,132
361,479,110,132
362,479,110,132
362,479,110,132
363,479,110,132
364,479,110,132
365,479,110,132
365,478,110,132
366,478,110,132
366,478,110,132
367,478,110,132
367,478,110,132
367,478,110,132
367,477,110,132
368,477,110,132
368,477,110,132
369,477,110,132
369,477,110,132
369,477,110,132
370,477,110,132
370,477,110,132
370,477,110,132
370,476,110,132
370,476,110,132
370,476,110,132
370,476,110,132
370,476,110,132
370,476,110,132
370,476,110,132
370,476,110,132
370,476,110,132
371,476,110,132
371,476,110,132
371,475,110,132
371,475,110,132
372,475,110,132
371,475,110,132
372,475,110,132
372,474,110,132
372,474,110,132
372,474,110,132
372,474,110,132
373,474,110,132
374,474,110,132
374,474,110,132
375,474,110,132
375,474,110,132
376,474,110,132
376,474,110,132
377,474,110,132
377,474,110,132
378,474,110,132
378,474,110,132
379,475,110,132
379,474,110,132
380,474,110,132
380,474,110,132
381,474,110,132
382,475,110,132
383,475,110,132
382,474,110,132
384,475,110,132
383,474,110,132
384,475,110,132
384,474,110,132
385,475,110,132
385,475,110,132
386,475,110,132
386,475,110,132
387,475,110,132
387,475,110,132
388,475,110,132
388,475,110,132
389,475,110,132
389,475,110,132
390,475,110,132
391,475,110,132
391,475,110,132
391,475,110,132
391,475,110,132
392,475,110,132
393,475,110,132
394,476,110,132
394,476,110,132
394,476,110,132
396,477,110,132
396,476,110,132
397,477,110,132
397,477,110,132
398,477,110,132
397,476,110,132
398,477,110,132
399,477,110,132
399,477,110,132
399,477,110,132
400,477,110,132
400,477,110,132
401,477,110,132
401,477,110,132
401,477,110,132
402,477,110,132
402,477,110,132
403,478,110,132
403,478,110,132
404,478,110,132
404,478,110,132
404,477,110,132
405,478,110,132
405,478,110,132
405,478,110,132
406,478,110,132
406,478,110,132
406,478,110,132
406,478,110,132
407,479,110,132
408,479,110,132
408,479,110,132
408,479,110,132
408,479,110,132
408,479,110,132
409,479,110,132
409,480,110,132
410,480,110,132
410,480,110,132
410,480,110,132
411,480,110,132
411,480,110,132
412,481,110,132
412,481,110,132
412,481,110,132
413,481,110,132
413,481,110,132
414,482,110,132
414,482,110,132
414,482,110,132
415,483,110,132
415,483,110,132
416,483,110,132
416,483,110,132
416,483,110,132
416,483,110,132
417,484,110,132
417,484,110,132
418,485,110,132
418,485,110,132
418,485,110,132
419,486,110,132
419,486,110,132
419,486,110,132
420,487,110,132
420,487,110,132
421,488,110,132
421,488,110,132
422,489,110,132
422,489,110,132
422,489,110,132
422,489,110,132
423,490,110,132
423,490,110,132
424,491,110,132
425,491,110,132
425,492,110,132
426,492,110,132
426,492,110,132
426,492,110,132
427,493,110,132
427,492,110,132
428,493,110,132
428,493,110,132
428,493,110,132
429,493,110,132
429,493,110,132
430,493,110,132
430,493,110,132
431,493,110,132
431,493,110,132
431,493,110,132
432,493,110,132
432,493,110,132
433,493,110,132
434,493,110,132
434,493,110,132
435,493,110,132
435,493,110,132
435,493,110,132
436,493,110,132
436,493,110,132
437,493,110,132
438,494,110,132
439,494,110,132
439,493,110,132
439,493,110,132
440,493,110,132
441,493,110,132
442,494,110,132
442,493,110,132
443,494,110,132
444,494,110,132
444,494,110,132
445,494,110,132
445,494,110,132
446,494,110,132
447,494,110,132
