608,321,17,8
606,345,17,8
607,344,17,8
605,344,17,8
605,345,17,8
604,346,17,8
603,344,17,8
602,345,17,8
602,346,17,8
601,344,17,8
600,345,17,8
600,346,17,8
599,347,17,8
599,346,17,8
598,345,17,8
598,345,17,8
598,345,17,8
598,344,17,8
599,344,17,8
599,345,17,8
600,344,17,8
597,345,17,8
600,344,17,8
600,345,17,8
602,346,17,8
602,347,17,8
600,346,17,8
604,348,17,8
601,345,17,8
603,347,17,8
601,346,17,8
603,346,17,8
605,344,17,8
604,345,17,8
605,345,17,8
605,345,17,8
603,345,17,8
605,346,17,8
606,345,17,8
606,346,17,8
606,346,17,8
607,346,17,8
607,346,17,8
607,346,17,8
608,345,17,8
608,345,17,8
608,347,17,8
609,347,17,8
607,345,17,8
608,347,17,8
609,345,17,8
610,346,17,8
610,345,17,8
609,343,17,8
610,344,17,8
610,343,17,8
610,344,17,8
610,343,17,8
611,343,17,8
618,340,17,8
611,342,17,8
610,340,17,8
610,340,17,8
611,341,17,8
611,341,17,8
611,338,17,8
611,338,17,8
611,338,17,8
611,338,17,8
612,336,17,8
612,338,17,8
611,338,17,8
609,338,17,8
615,335,17,8
611,333,17,8
611,335,17,8
610,335,17,8
610,334,17,8
609,333,17,8
610,335,17,8
610,332,17,8
610,331,17,8
609,331,17,8
610,332,17,8
611,328,17,8
610,330,17,8
609,332,17,8
609,328,17,8
610,332,17,8
609,331,17,8
609,330,17,8
608,329,17,8
609,330,17,8
608,330,17,8
609,330,17,8
608,329,17,8
609,328,17,8
608,330,17,8
608,328,17,8
609,330,17,8
609,329,17,8
609,329,17,8
609,328,17,8
609,330,17,8
610,329,17,8
610,328,17,8
611,327,17,8
610,329,17,8
611,330,17,8
612,328,17,8
613,328,17,8
612,327,17,8
613,331,17,8
613,331,17,8
613,329,17,8
614,329,17,8
615,331,17,8
615,329,17,8
615,328,17,8
615,330,17,8
617,327,17,8
617,327,17,8
617,329,17,8
618,331,17,8
621,326,17,8
619,327,17,8
619,328,17,8
619,329,17,8
620,327,17,8
620,328,17,8
621,328,17,8
623,327,17,8
621,328,17,8
622,326,17,8
622,328,17,8
624,328,17,8
623,328,17,8
624,329,17,8
625,326,17,8
625,326,17,8
626,327,17,8
626,328,17,8
627,326,17,8
629,326,17,8
627,328,17,8
628,326,17,8
629,325,17,8
629,325,17,8
630,326,17,8
629,326,17,8
642,312,17,8
632,326,17,11
632,325,17,11
632,325,17,11
631,327,17,11
635,324,17,11
635,324,17,11
635,327,17,11
643,311,17,11
636,324,18,12
636,325,18,12
637,325,18,12
638,323,18,12
638,324,18,12
640,323,18,12
641,323,18,12
641,324,18,12
641,322,18,12
642,322,18,12
642,324,18,12
640,324,18,12
643,322,18,12
644,322,18,12
644,322,18,12
646,323,18,12
646,322,18,12
645,322,18,12
646,323,18,12
647,323,18,12
648,322,18,12
656,318,18,12
648,321,18,12
648,322,18,12
650,322,18,12
649,322,18,12
649,322,18,12
650,321,18,12
650,322,18,12
649,321,18,12
650,325,18,12
651,322,18,12
650,321,18,12
651,321,18,12
652,319,18,12
652,321,18,12
652,320,18,12
654,320,18,12
653,322,18,12
653,320,18,12
653,320,18,12
646,318,18,12
653,320,18,12
653,322,18,12
653,318,18,12
655,321,18,12
653,315,18,12
653,315,18,12
651,317,18,12
672,306,18,12
655,322,19,12
656,323,19,12
657,322,19,12
656,323,19,12
657,323,19,12
657,324,19,12
657,323,19,12
657,324,19,12
658,323,19,12
652,325,19,12
656,324,19,12
657,325,19,12
658,324,19,12
657,325,19,12
656,325,19,12
657,325,19,12
657,326,19,12
658,325,19,12
657,325,19,12
674,311,19,12
657,325,19,12
654,325,19,12
654,326,19,12
654,325,19,12
654,325,19,12
655,325,19,12
660,312,19,12
652,325,19,12
652,326,19,12
651,325,19,12
651,326,19,12
653,315,19,12
648,326,19,12
649,324,19,12
656,312,19,12
653,313,18,12
645,326,18,12
644,327,18,12
650,313,18,12
648,324,18,12
647,324,18,12
647,324,18,12
646,325,18,12
646,324,18,12
643,325,18,12
644,325,18,12
644,324,18,12
643,325,18,12
643,325,18,12
642,325,18,12
638,311,18,12
638,327,19,12
638,327,19,12
638,326,19,12
637,327,19,12
638,326,19,12
636,326,19,12
635,326,19,12
634,326,19,12
636,325,19,12
634,326,19,12
633,326,19,12
633,326,19,12
631,326,19,12
632,326,19,12
630,326,19,12
630,326,19,12
630,326,19,12
631,326,19,12
629,326,19,12
629,327,19,12
630,326,19,12
632,325,19,12
627,327,19,12
627,327,19,12
626,327,19,12
628,328,19,12
625,327,19,12
625,329,19,12
625,329,19,12
626,329,19,12
624,329,19,12
623,329,19,12
625,329,19,12
622,328,19,12
621,329,19,12
621,330,19,12
622,329,19,12
620,331,19,12
620,331,19,12
619,329,19,12
618,330,19,12
620,331,19,12
618,330,19,12
617,330,19,12
617,331,19,12
617,331,19,12
615,330,19,12
616,330,19,12
615,331,19,12
613,330,19,12
614,331,19,12
612,331,19,12
612,331,19,12
611,331,19,12
611,331,19,12
610,331,19,12
609,331,19,12
608,331,19,12
608,331,19,12
606,331,19,12
605,331,19,12
605,331,19,12
605,331,19,12
604,330,19,12
604,331,19,12
604,332,19,12
603,332,19,12
602,332,19,12
603,331,19,12
603,330,19,12
603,329,19,12
603,331,19,12
604,331,19,12
603,331,19,12
603,331,19,12
603,331,19,12
604,330,19,12
603,331,19,12
603,330,19,12
605,332,19,12
604,332,19,12
605,331,19,12
607,331,19,12
605,331,19,12
605,332,19,12
605,331,19,12
605,332,19,12
607,332,19,12
605,332,19,12
605,333,19,12
605,333,19,12
605,332,19,12
606,332,19,12
605,333,19,12
606,332,19,12
606,332,19,12
606,332,19,12
606,332,19,12
605,332,19,12
606,332,19,12
605,332,19,12
605,332,19,12
605,331,19,12
605,331,19,12
606,332,19,12
606,332,19,12
607,332,19,12
607,333,19,12
606,333,19,12
607,333,19,12
607,332,19,12
607,333,19,12
608,332,19,12
607,331,19,12
608,333,19,12
610,331,19,12
609,333,19,12
608,332,19,12
609,332,19,12
609,333,19,12
610,332,19,12
611,333,19,12
611,332,19,12
611,332,19,12
611,332,19,12
611,332,19,12
611,332,19,12
611,332,19,12
611,332,19,12
610,332,19,12
611,332,19,12
612,333,19,12
612,334,19,12
612,334,19,12
612,334,19,12
613,332,19,12
612,332,19,12
613,332,19,12
612,334,19,12
612,334,19,12
612,334,19,12
613,335,19,12
613,334,19,12
614,334,19,12
614,332,19,12
613,334,19,12
613,334,19,12
613,334,19,12
614,333,19,12
613,335,19,12
613,335,19,12
613,336,19,12
615,334,19,12
615,335,19,12
615,335,19,12
615,334,19,12
615,335,19,12
616,334,19,12
616,334,19,12
616,335,19,12
616,335,19,12
616,335,19,12
617,335,19,12
617,336,19,12
617,336,19,12
617,336,19,12
617,337,19,12
618,337,19,12
617,336,19,12
618,336,19,12
619,336,19,12
619,336,19,12
619,337,19,12
620,337,19,12
621,336,19,12
621,337,19,12
621,337,19,12
621,337,19,12
622,337,19,12
621,337,19,12
622,337,19,12
622,338,19,12
622,337,19,12
622,338,19,12
622,338,19,12
623,339,19,12
623,339,19,12
623,340,19,12
623,339,19,12
623,339,19,12
623,339,19,12
624,340,19,12
624,340,19,12
624,340,19,12
625,340,19,12
625,340,19,12
626,340,19,12
627,340,19,12
627,340,19,12
627,341,19,12
628,341,19,12
628,342,19,12
629,342,19,12
629,342,19,12
630,342,19,12
630,342,19,12
630,342,19,12
631,342,19,12
631,342,19,12
632,344,19,12
633,342,19,12
633,342,19,12
635,343,19,12
634,342,19,12
635,343,19,12
637,344,19,12
636,343,19,12
637,344,19,12
637,344,19,12
637,344,19,12
638,344,19,12
638,344,19,12
639,344,19,12
639,344,19,12
640,344,19,12
641,345,19,12
640,345,19,12
641,345,19,12
641,346,19,12
641,346,19,12
642,346,19,12
642,345,19,12
642,346,19,12
642,346,19,12
643,347,19,12
643,346,19,12
643,346,19,12
643,346,19,12
643,347,19,12
644,347,19,12
645,347,19,12
645,346,19,12
647,346,19,12
647,347,19,12
648,345,19,12
650,345,19,12
650,347,19,12
654,348,19,12
655,350,19,12
647,338,19,12
654,349,19,12
655,349,19,12
654,339,19,12
654,340,19,12
652,347,19,12
650,349,19,12
654,342,19,12
648,339,19,12
658,341,19,12
657,342,19,12
649,339,19,12
657,343,19,12
658,343,19,12
647,339,19,12
657,338,19,12
657,343,19,12
658,344,19,12
657,339,19,12
647,338,19,12
659,343,19,12
648,340,19,12
653,345,19,12
653,346,19,12
647,341,19,12
649,343,19,12
650,347,19,12
650,348,19,12
653,347,19,12
652,347,19,12
652,348,19,12
653,347,19,12
643,341,19,12
649,348,19,12
651,348,19,12
648,348,19,12
650,349,19,12
650,349,19,12
647,351,19,12
642,348,19,12
645,351,19,12
646,352,19,12
645,353,19,12
644,353,19,12
639,350,19,12
641,353,19,12
640,354,19,12
635,355,19,12
637,355,19,12
638,357,19,12
632,357,19,12
631,357,19,12
634,359,19,12
634,358,19,12
630,359,19,12
632,359,19,12
631,359,19,12
618,357,19,12
621,363,19,12
618,360,19,12
615,360,19,12
614,361,19,12
616,365,19,12
612,364,19,12
611,365,19,12
610,363,19,12
616,365,19,12
617,367,19,12
606,365,19,12
604,366,19,12
605,368,19,12
597,366,19,12
596,369,19,12
604,369,19,12
598,366,19,12
596,369,19,12
589,369,19,12
593,371,19,12
590,370,19,12
595,373,19,12
593,373,19,12
587,374,19,12
582,373,19,12
581,373,19,12
588,378,19,12
581,376,19,12
579,375,19,12
577,379,19,12
577,376,19,12
585,380,19,12
575,382,19,12
573,380,19,12
570,382,19,12
566,384,19,12
569,368,19,12
567,368,19,12
560,388,19,12
559,390,19,12
567,371,19,12
573,370,19,12
560,373,19,12
558,396,19,12
564,377,19,12
555,381,19,12
548,387,19,12
557,376,19,12
556,380,19,12
554,380,19,12
558,381,19,12
550,380,19,12
550,383,19,12
553,381,19,12
542,386,19,12
529,404,19,12
526,405,19,12
524,406,19,12
523,405,19,12
521,413,19,12
526,412,19,12
510,412,19,12
512,410,19,12
504,414,19,12
501,416,19,12
499,416,19,12
496,417,19,12
490,420,19,12
491,422,19,12
493,423,19,12
487,422,19,12
484,423,19,12
483,428,19,12
472,426,19,12
465,434,19,12
462,434,19,12
466,426,19,12
465,430,19,12
460,433,19,12
460,433,19,12
456,438,19,12
452,443,19,12
448,443,19,12
444,442,19,12
444,436,19,12
438,444,19,12
439,436,19,12
428,445,19,12
414,445,19,12
427,436,19,12
416,445,19,12
417,438,19,12
410,439,19,12
406,439,19,12
400,441,19,12
394,441,19,12
391,442,19,12
379,450,19,12
366,453,19,12
372,446,19,12
363,449,19,12
363,451,19,12
380,453,19,12
374,456,19,12
366,457,19,12
360,459,19,12
357,454,19,12
346,461,19,12
338,461,19,12
333,458,19,12
317,464,19,12
328,459,19,12
310,462,19,12
302,461,19,12
303,461,19,12
287,459,19,12
282,455,19,12
272,462,19,12
