628,437,96,90
628,437,96,90
628,437,96,90
629,438,96,90
629,438,96,90
629,438,96,90
629,438,96,90
630,439,96,90
630,439,96,90
630,439,96,90
630,439,96,90
630,440,96,90
630,440,96,90
630,440,96,90
630,440,96,90
630,441,96,90
630,441,96,90
630,441,96,90
630,441,96,90
630,441,96,90
630,442,96,90
630,442,96,90
630,442,96,90
630,442,96,90
630,442,96,90
630,443,96,90
630,443,96,90
630,443,96,90
630,443,96,90
630,443,96,90
630,443,96,90
630,443,96,90
630,444,96,90
630,444,96,90
630,444,96,90
630,444,96,90
630,444,96,90
630,444,96,90
630,444,96,90
630,444,96,90
630,444,96,90
630,444,96,90
630,444,96,90
630,444,96,90
630,444,96,90
629,444,96,90
629,444,96,90
629,445,96,90
628,445,96,90
628,445,96,90
628,445,96,90
628,445,96,90
627,445,96,90
627,445,96,90
627,446,96,90
627,446,96,90
626,446,96,90
626,446,96,90
626,446,96,90
625,446,96,90
625,447,96,90
625,447,96,90
624,447,96,90
624,447,96,90
624,447,96,90
624,447,96,90
623,447,96,90
623,448,96,90
623,448,96,90
622,448,96,90
622,448,96,90
622,448,96,90
621,448,96,90
621,448,96,90
620,448,96,90
620,448,96,90
619,448,96,90
619,448,96,90
618,448,96,90
618,448,96,90
617,448,96,90
617,448,96,90
616,448,96,90
616,448,96,90
615,448,96,90
614,448,96,90
614,448,96,90
613,448,96,90
612,448,96,90
611,448,96,90
610,448,96,90
610,448,96,90
609,448,96,90
608,448,96,90
607,448,96,90
606,448,96,90
605,448,96,90
604,448,96,90
604,448,96,90
603,448,96,90
602,448,96,90
601,448,96,90
600,448,96,90
600,448,96,90
599,448,96,90
598,448,96,90
597,448,96,90
596,448,96,90
595,448,96,90
595,448,96,90
594,448,96,90
593,448,96,90
592,448,96,90
591,448,96,90
591,448,96,90
590,448,96,90
589,448,96,90
589,448,96,90
588,448,96,90
587,448,96,90
586,448,96,90
586,448,96,90
585,448,96,90
584,448,96,90
584,448,96,90
583,449,96,90
582,449,96,90
582,449,96,90
581,449,96,90
580,449,96,90
580,449,96,90
579,449,96,90
579,449,96,90
578,449,96,90
578,450,96,90
577,450,96,90
577,450,96,90
577,450,96,90
577,450,96,90
577,450,96,90
577,450,96,90
577,451,96,90
577,451,96,90
577,451,96,90
578,451,96,90
578,451,96,90
578,451,96,90
578,451,96,90
578,451,96,90
579,451,96,90
579,451,96,90
579,451,96,90
580,452,96,90
581,452,96,90
581,452,96,90
582,452,96,90
583,452,96,90
583,452,96,90
584,452,96,90
584,453,96,90
585,453,96,90
585,453,96,90
586,453,96,90
586,453,96,90
587,453,96,90
587,453,96,90
587,454,96,90
587,454,96,90
587,454,96,90
587,454,96,90
586,454,96,90
586,454,96,90
585,454,96,90
585,454,96,90
584,454,96,90
584,454,96,90
584,454,96,90
583,454,96,90
583,454,96,90
583,454,96,90
583,454,96,90
582,454,96,90
582,454,96,90
582,454,96,90
582,454,96,90
582,454,96,90
582,454,96,90
583,454,96,90
583,454,96,90
583,454,96,90
583,454,96,90
584,454,96,90
584,454,96,90
584,453,96,90
585,453,96,90
585,453,96,90
585,452,96,90
586,452,96,90
586,451,96,90
586,451,96,90
586,451,96,90
586,450,96,90
586,450,96,90
586,450,96,90
586,449,96,90
586,449,96,90
586,449,96,90
586,448,96,90
586,448,96,90
585,448,96,90
585,447,96,90
585,447,96,90
584,447,96,90
584,446,96,90
583,446,96,90
583,446,96,90
582,445,96,90
582,445,96,90
581,444,96,90
581,444,96,90
581,444,96,90
580,443,96,90
580,443,96,90
579,442,96,90
579,442,96,90
579,442,96,90
578,441,96,90
578,441,96,90
578,440,96,90
578,440,96,90
578,440,96,90
577,439,96,90
577,439,96,90
577,438,96,90
577,438,96,90
577,437,96,90
577,437,96,90
577,436,96,90
577,436,96,90
577,435,96,90
576,435,96,90
576,435,96,90
576,434,96,90
576,434,96,90
576,434,96,90
576,433,96,90
576,433,96,90
575,432,96,90
575,432,96,90
575,432,96,90
575,432,96,90
574,431,96,90
574,431,96,90
574,431,96,90
574,430,96,90
574,430,96,90
574,429,96,90
574,429,96,90
573,429,96,90
573,429,96,90
573,429,96,90
572,428,96,90
572,428,96,90
572,428,96,90
571,428,96,90
571,427,96,90
571,427,96,90
570,427,96,90
570,427,96,90
569,427,96,90
569,426,96,90
569,426,96,90
568,426,96,90
568,426,96,90
568,425,96,90
568,425,96,90
567,425,96,90
567,425,96,90
567,424,96,90
567,424,96,90
567,424,96,90
566,423,96,90
566,423,96,90
566,423,96,90
566,423,96,90
566,422,96,90
566,422,96,90
566,421,96,90
566,421,96,90
566,421,96,90
566,421,96,90
566,420,96,90
566,420,96,90
566,420,96,90
566,419,96,90
566,419,96,90
566,419,96,90
566,418,96,90
566,418,96,90
566,417,96,90
566,417,96,90
566,416,96,90
566,416,96,90
566,416,96,90
566,415,96,90
566,415,96,90
566,414,96,90
566,414,96,90
566,414,96,90
566,413,96,90
566,413,96,90
566,412,96,90
566,412,96,90
566,412,96,90
566,411,96,90
566,411,96,90
566,411,96,90
566,411,96,90
567,410,96,90
567,410,96,90
568,410,96,90
568,409,96,90
569,409,96,90
569,409,96,90
570,408,96,90
570,408,96,90
571,408,96,90
571,407,96,90
571,407,96,90
572,407,96,90
572,407,96,90
572,406,96,90
573,406,96,90
573,406,96,90
573,406,96,90
574,406,96,90
574,406,96,90
575,406,96,90
575,406,96,90
575,405,96,90
576,405,96,90
576,405,96,90
576,405,96,90
577,404,96,90
577,404,96,90
577,404,96,90
577,404,96,90
577,404,96,90
577,403,96,90
577,403,96,90
577,403,96,90
577,403,96,90
578,403,96,90
578,402,96,90
578,402,96,90
578,402,96,90
579,402,96,90
579,402,96,90
579,402,96,90
579,401,96,90
580,401,96,90
580,401,96,90
580,401,96,90
581,401,96,90
581,400,96,90
582,400,96,90
582,400,96,90
582,400,96,90
583,399,96,90
583,399,96,90
583,399,96,90
584,399,96,90
584,398,96,90
585,398,96,90
585,398,96,90
585,398,96,90
586,398,96,90
586,397,96,90
587,397,96,90
587,397,96,90
588,397,96,90
588,397,96,90
589,396,96,90
589,396,96,90
590,396,96,90
590,396,96,90
591,395,96,90
591,395,96,90
592,395,96,90
592,395,96,90
593,394,96,90
593,394,96,90
594,394,96,90
594,393,96,90
595,393,96,90
595,393,96,90
596,393,96,90
596,392,96,90
597,392,96,90
597,392,96,90
598,391,96,90
598,391,96,90
599,391,96,90
599,390,96,90
600,390,96,90
600,390,96,90
600,389,96,90
601,389,96,90
601,389,96,90
601,388,96,90
601,388,96,90
601,388,96,90
601,387,96,90
601,387,96,90
601,386,96,90
601,386,96,90
601,385,96,90
602,385,96,90
602,385,96,90
602,384,96,90
602,384,96,90
602,384,96,90
602,383,96,90
602,383,96,90
603,382,96,90
603,382,96,90
603,382,96,90
604,381,96,90
604,381,96,90
605,381,96,90
605,380,96,90
605,380,96,90
606,380,96,90
606,380,96,90
606,379,96,90
607,379,96,90
607,379,96,90
607,379,96,90
607,378,96,90
608,378,96,90
608,378,96,90
608,378,96,90
608,378,96,90
609,377,96,90
609,377,96,90
609,377,96,90
609,377,96,90
609,376,96,90
609,376,96,90
609,376,96,90
609,376,96,90
609,376,96,90
609,376,96,90
609,375,96,90
609,375,96,90
609,375,96,90
608,375,96,90
608,375,96,90
608,375,96,90
607,375,96,90
607,375,96,90
607,375,96,90
606,375,96,90
606,375,96,90
606,375,96,90
606,375,96,90
606,375,96,90
606,375,96,90
606,375,96,90
605,375,96,90
605,375,96,90
605,375,96,90
605,375,96,90
605,375,96,90
605,375,96,90
605,375,96,90
605,375,96,90
605,375,96,90
606,375,96,90
606,375,96,90
606,375,96,90
606,375,96,90
606,375,96,90
607,375,96,90
607,375,96,90
607,375,96,90
607,375,96,90
607,375,96,90
608,375,96,90
608,375,96,90
608,375,96,90
608,375,96,90
608,375,96,90
608,375,96,90
608,375,96,90
608,375,96,90
608,375,96,90
608,375,96,90
608,375,96,90
608,375,96,90
608,375,96,90
608,375,96,90
607,375,96,90
607,375,96,90
607,375,96,90
607,376,96,90
607,376,96,90
606,376,96,90
606,376,96,90
606,377,96,90
606,377,96,90
605,377,96,90
605,377,96,90
605,377,96,90
605,377,96,90
605,378,96,90
604,378,96,90
604,378,96,90
604,378,96,90
604,379,96,90
603,379,96,90
603,379,96,90
603,379,96,90
603,380,96,90
603,380,96,90
602,380,96,90
602,381,96,90
602,381,96,90
602,381,96,90
602,382,96,90
601,382,96,90
601,382,96,90
600,383,96,90
600,383,96,90
599,383,96,90
599,384,96,90
598,384,96,90
598,384,96,90
597,385,96,90
597,385,96,90
597,385,96,90
596,386,96,90
596,386,96,90
595,387,96,90
595,387,96,90
594,387,96,90
593,388,96,90
593,388,96,90
592,389,96,90
591,389,96,90
591,390,96,90
590,391,96,90
590,391,96,90
