608,344,17,8
607,344,17,8
607,344,17,8
606,344,17,8
605,344,17,8
604,344,17,8
603,344,17,8
603,344,17,8
602,344,17,8
602,344,17,8
601,344,18,9
601,343,18,9
600,343,19,10
599,342,19,11
598,342,18,12
597,341,18,13
597,341,18,13
597,341,18,13
597,341,18,13
597,341,18,13
597,341,18,13
597,341,18,13
597,341,18,13
597,341,18,13
597,341,18,13
597,341,18,13
597,341,18,13
597,341,18,13
600,342,17,12
604,342,17,12
607,343,16,11
607,343,16,11
607,343,16,11
607,343,16,11
607,343,16,11
607,343,16,11
607,343,16,11
607,343,16,11
607,342,17,12
607,342,17,12
607,342,17,12
607,342,17,12
607,342,17,12
608,342,16,12
608,342,16,12
609,342,15,12
609,342,15,12
610,342,15,12
610,342,15,12
610,342,15,12
610,342,15,12
610,342,15,12
611,342,15,12
612,341,15,12
613,341,15,12
613,340,15,12
613,340,15,12
613,339,15,12
613,338,15,12
614,338,15,12
614,337,15,12
614,337,15,12
614,337,15,12
614,337,15,12
614,337,15,12
614,337,15,12
614,337,15,12
615,337,15,11
615,336,15,9
616,336,15,8
616,336,15,8
616,336,15,8
616,336,15,8
615,335,15,8
615,335,15,8
614,334,15,8
614,334,15,8
614,333,14,8
614,333,14,8
614,332,14,8
613,332,14,8
613,331,14,8
613,331,14,8
613,331,14,8
613,331,14,8
612,330,15,8
612,330,15,9
611,329,16,9
611,329,16,9
612,329,16,9
612,329,16,9
612,329,16,9
612,329,16,9
612,329,16,9
612,329,16,9
612,329,16,9
612,329,16,9
611,328,16,10
610,327,16,10
609,326,16,11
609,326,16,11
609,327,16,10
609,327,16,10
610,327,16,10
611,328,16,9
612,328,16,9
612,328,16,9
613,328,16,9
613,328,16,9
613,328,16,9
614,328,16,9
614,328,16,9
614,328,16,9
614,328,16,9
614,328,16,9
615,328,16,9
615,328,16,9
616,328,16,9
617,328,16,9
618,327,16,9
619,327,16,9
619,327,16,9
619,328,16,9
619,328,16,9
620,328,16,9
620,328,17,9
621,328,17,9
621,328,17,9
621,328,17,9
621,328,17,9
621,328,17,9
622,328,17,9
622,328,17,9
623,328,17,9
623,327,16,10
624,327,16,10
625,327,16,10
625,326,17,11
626,326,17,11
626,326,17,11
627,326,17,11
627,326,17,11
627,326,17,11
628,325,17,11
628,325,17,11
629,325,17,11
629,325,17,11
630,325,17,11
630,325,17,11
630,325,17,11
630,325,17,11
631,325,17,11
632,324,17,11
633,324,17,11
633,324,17,11
634,323,17,11
634,323,17,11
634,323,17,11
635,323,18,12
635,323,18,12
636,323,18,12
636,323,18,12
637,323,18,12
637,323,18,12
638,323,18,12
638,323,18,12
638,323,18,12
639,323,18,12
639,323,18,12
640,323,18,12
640,323,18,12
641,323,18,12
641,323,18,12
642,323,18,12
642,323,18,12
643,323,18,12
643,323,18,12
644,323,18,12
644,323,18,12
645,323,18,12
645,323,18,12
645,323,18,12
645,323,18,12
645,323,18,12
646,323,18,12
646,323,17,12
647,323,17,12
647,323,17,12
648,322,17,12
648,322,17,12
648,322,17,12
649,322,17,12
649,322,17,12
649,322,17,12
650,322,17,12
650,322,17,12
650,322,17,12
650,322,18,12
650,322,18,12
650,322,18,12
651,322,19,12
651,322,19,12
651,322,19,12
652,322,19,12
652,322,19,12
652,322,19,12
653,322,19,12
653,322,19,12
653,322,19,12
654,322,19,12
654,322,19,12
655,322,19,12
655,323,19,12
656,323,19,12
656,323,19,12
656,323,19,12
656,323,19,12
656,323,19,12
656,323,19,12
656,323,19,12
656,323,19,12
656,324,19,12
656,324,19,12
656,324,19,12
656,324,19,12
656,324,19,12
656,324,19,12
655,324,19,12
655,324,19,12
655,324,19,12
654,324,19,12
654,324,19,12
654,324,19,12
653,324,19,12
653,324,19,12
652,324,19,12
652,324,19,12
651,324,19,12
650,324,19,12
650,325,19,12
649,325,19,12
649,325,19,12
648,325,19,12
648,325,19,12
648,325,18,12
647,325,18,12
647,325,17,12
647,325,17,12
646,325,18,12
646,325,18,12
645,325,18,12
644,325,19,12
643,325,19,12
642,325,19,12
642,326,19,12
641,326,19,12
641,326,19,12
641,325,19,12
641,325,19,12
640,325,19,12
639,326,19,12
638,326,19,12
637,326,19,12
637,326,19,12
636,326,19,12
636,326,19,12
635,325,19,12
635,325,19,12
634,325,19,12
633,324,19,12
632,324,19,12
632,324,19,12
632,325,19,12
632,325,19,12
631,325,19,12
631,325,19,12
630,325,19,12
629,325,19,12
629,325,19,12
628,325,19,12
628,325,19,12
628,325,19,12
628,325,19,12
627,325,19,12
627,324,20,12
626,324,20,12
625,324,20,12
624,325,20,12
623,325,20,12
623,325,20,12
622,325,20,13
622,325,20,13
622,325,20,13
621,326,20,13
621,326,20,13
620,326,20,13
619,327,20,13
618,327,20,13
617,327,20,13
617,327,21,13
616,327,21,13
616,327,21,13
615,327,21,13
615,327,21,13
614,327,21,13
614,327,21,13
613,327,21,13
612,327,21,13
612,327,22,13
611,327,22,13
610,327,22,13
610,326,22,13
609,326,22,13
608,326,22,13
608,326,23,13
607,326,23,13
607,326,23,13
606,326,23,13
606,326,23,13
605,326,23,13
604,326,23,13
603,326,23,13
603,326,23,13
603,326,23,13
603,326,23,13
602,326,23,13
601,327,23,13
600,327,23,13
601,327,23,13
601,326,23,13
602,326,23,13
602,326,23,13
601,327,23,14
601,327,23,14
601,327,23,14
602,327,23,14
602,327,23,14
602,327,23,14
603,327,23,14
603,327,23,14
603,327,23,14
602,327,23,14
602,327,23,14
602,327,23,14
602,327,24,14
602,327,24,14
602,327,24,14
601,327,24,14
601,327,24,14
601,327,24,14
601,327,24,14
601,327,24,14
601,327,24,14
602,327,23,14
602,327,23,14
602,327,23,14
602,327,23,14
602,327,23,14
602,327,23,14
602,327,23,14
602,327,23,14
602,327,23,14
602,327,23,14
602,327,23,14
602,327,23,14
603,327,23,14
603,327,23,14
603,327,23,14
604,327,23,15
604,327,23,15
604,327,23,15
605,326,23,15
605,326,23,15
605,326,24,15
605,326,24,15
605,326,25,15
605,326,25,15
605,326,25,15
605,326,25,15
605,326,25,15
606,327,25,15
606,327,25,15
606,327,25,15
606,327,25,15
606,327,25,15
607,327,25,15
607,327,25,15
608,327,25,15
608,327,25,15
608,328,25,15
608,328,25,15
608,328,25,15
608,327,25,15
608,327,25,15
609,327,25,15
609,327,24,15
610,327,24,15
610,327,24,15
610,327,24,15
610,327,24,15
610,327,24,15
610,328,25,15
610,328,25,15
610,328,25,15
610,327,26,16
610,327,26,16
610,327,26,16
610,327,26,16
610,327,26,16
610,327,26,16
609.5,327,27,18
609.5,327,27,18
609.5,327,27,18
609.5,327,27,18
610,328,27,17
610,328,27,17
610,327,27,17
610,327,27,17
610,327,27,17
610,327,27,17
610,327,27,17
610,327,28,17
610,327,28,17
610,327,29,17
609,326,30,18
609,326,30,18
609,326,30,18
611,327,29,17
612,328,29,17
612,328,29,17
612,328,29,17
612,328,29,18
612,328,29,18
613,328,29,18
613,328,30,18
614,328,30,18
614,328,30,18
614,328,30,18
614,328,30,18
614,328,30,18
614,328,30,18
614,328,30,18
614,328,30,18
615,328,30,18
615,328,30,18
615,328,30,18
616,328,30,18
616,328,30,18
616,328,30,18
617,328,30,18
617,328,30,18
618,328,30,18
618,328,30,18
618,328,30,18
619,328,30,18
619,328,30,18
619,328,30,18
620,328,30,18
620,328,30,18
621,328,30,18
621,329,30,18
621,329,30,18
621,329,30,18
621,329,30,18
622,329,30,18
622,330,30,18
622,330,30,18
623,330,30,18
623,330,30,18
623,330,30,18
624,330,30,18
624,330,30,18
624,330,30,18
624,330,30,18
625,330,30,18
626,330,30,18
626,330,30,18
626,330,30,18
627,330,30,18
627,330,30,18
628,330,30,18
628,330,30,18
629,330,30,18
629,330,30,18
630,330,30,18
631,330,30,18
631,330,30,18
632,330,30,18
632,330,30,18
633,330,30,18
633,330,30,18
634,330,30,18
634,330,30,18
635,330,30,18
635,330,30,18
637,330,32,24
638,330,32,24
638,330,32,24
639,330,32,24
639,330,32,24
640,331,32,24
640,331,32,24
640,331,32,24
641,331,32,24
641,332,32,24
642,332,32,24
642,332,32,24
642,332,32,24
643,332,32,24
643,332,32,24
643,333,32,24
644,333,32,24
644,333,32,24
644,333,32,24
644,333,32,24
644,334,32,24
644,334,32,24
645,334,32,24
645,335,32,24
645,335,32,24
645,335,32,24
645,336,32,24
645,336,32,24
645,336,32,24
645,336,32,24
645,336,32,24
645,337,32,24
644,337,32,24
644,337,32,24
644,337,32,24
643,338,32,24
643,338,32,24
643,338,32,24
642,338,32,24
642,339,32,24
641,339,32,24
641,339,32,24
641,340,32,24
641,340,32,24
640,340,32,24
640,341,32,24
639,341,32,24
639,341,32,24
638,342,32,24
638,342,32,24
637,342,32,24
637,343,32,24
636,343,32,24
635,344,32,24
634,344,32,24
633,345,32,24
632,345,32,24
631,346,32,24
630,346,32,24
629,347,32,24
628,347,32,24
627,348,32,24
626,348,32,24
625,349,32,24
624,349,32,24
623,350,32,24
622,351,32,24
621,351,32,24
620,352,32,24
619,352,32,24
618,353,32,24
617,353,32,24
616,354,32,24
615,354,32,24
614,355,32,24
612,355,32,24
611,356,32,24
610,356,32,24
609,357,32,24
607,357,32,24
605,358,32,24
604,358,32,24
603,359,32,24
601,359,32,24
600,360,32,24
598,360,32,24
596,361,32,24
595,361,32,24
594,362,32,24
593,362,32,24
591,363,32,24
590,364,32,24
588,364,32,24
587,365,32,24
586,366,32,24
584,367,32,24
583,367,32,24
582,368,32,24
581,369,32,24
580,369,32,24
579,370,32,24
578,371,32,24
578,371,32,24
568.5,366,45,40
567.5,367,45,40
566.5,368,45,40
564.5,369,45,40
563.5,370,45,40
562.5,371,45,40
561.5,372,45,40
559.5,373,45,40
558.5,374,45,40
556.5,375,45,40
555.5,376,45,40
554.5,377,45,40
552.5,378,45,40
550.5,379,45,40
548.5,380,45,40
546.5,381,45,40
545.5,382,45,40
542.5,383,45,40
540.5,384,45,40
538.5,385,45,40
536.5,386,45,40
534.5,387,45,40
531.5,389,45,40
529.5,390,45,40
526.5,391,45,40
524.5,392,45,40
521.5,393,45,40
518.5,395,45,40
515.5,396,45,40
513.5,397,45,40
510.5,398,45,40
508.5,399,45,40
504.5,401,45,40
502.5,402,45,40
499.5,403,45,40
496.5,405,45,40
493.5,406,45,40
489.5,408,45,40
486.5,409,45,40
483.5,411,45,40
480.5,412,45,40
477.5,414,45,40
473.5,416,45,40
469.5,417,45,40
466.5,419,45,40
463.5,420,45,40
460.5,421,45,40
456.5,423,45,40
453.5,424,45,40
450.5,425,45,40
447.5,426,45,40
444.5,427,45,40
440.5,428,45,40
437.5,429,45,40
434.5,429,45,40
430.5,430,45,40
427.5,430,45,40
422.5,431,45,40
418.5,431,45,40
414.5,432,45,40
410.5,432,45,40
406.5,433,45,40
400.5,434,45,40
395.5,435,45,40
391.5,436,45,40
386.5,437,45,40
380.5,438,45,40
373.5,440,45,40
367.5,441,45,40
361.5,442,45,40
355.5,444,45,40
349.5,445,45,40
340.5,447,45,40
333.5,449,45,40
326.5,451,45,40
319.5,453,45,40
311.5,454,45,40
301.5,455,45,40
293.5,456,45,40
286.5,457,45,40
278.5,458,45,40
278.5,458,45,40
90,414,270,160
80,414,270,160
70,413,270,160
62,412,270,160
53,411,270,160
