671,161,27,16
671,161,27,16
672,161,27,16
672,161,27,16
672,161,27,16
673,162,27,16
673,162,27,16
673,162,27,16
673,163,27,16
673,163,27,16
673,163,27,16
674,163,27,16
674,163,27,16
674,162,30,18
674,162,30,18
674,162,30,18
675,162,30,18
675,162,30,18
676,162,30,18
676,162,30,18
676,162,30,18
676,162,30,18
676,162,30,18
677,162,30,18
677,162,30,18
677,162,30,18
677,162,30,18
678,162,30,18
678,162,30,18
678,162,30,18
679,162,30,18
679,162,30,18
679,162,30,18
680,162,30,18
680,162,30,18
680,162,30,18
680,162,30,18
681,162,30,18
681,162,30,18
682,162,30,18
682,162,30,18
682,162,30,18
682,162,30,18
683,162,30,18
683,162,30,18
683,162,30,18
683,162,30,18
684,162,30,18
684,162,30,18
684,162,30,18
685,162,30,18
685,162,30,18
685,162,30,18
686,162,30,18
686,162,30,18
686,162,30,18
686,162,30,18
687,162,30,18
687,162,30,18
688,162,30,18
688,162,30,18
688,162,30,18
688,162,30,18
689,162,30,18
689,162,30,18
690,162,30,18
690,162,30,18
690,162,30,18
691,162,30,18
691,162,30,18
691,162,30,18
691,162,30,18
692,162,30,18
692,162,30,18
692,162,30,18
693,162,30,18
693,162,30,18
693,162,30,18
694,162,30,18
694,162,30,18
694,162,30,18
694,162,30,18
695,162,30,18
695,162,30,18
695,163,30,18
695,163,30,18
695,163,30,18
695,163,30,18
696,163,30,18
696,163,30,18
696,163,30,18
696,163,30,18
696,163,30,18
697,164,30,18
697,164,30,18
697,164,30,18
697,164,30,18
697,164,30,18
697,164,30,18
697,165,30,18
697,165,30,18
697,165,30,18
697,165,30,18
697,165,30,18
697,165,30,18
697,166,30,18
697,166,30,18
697,166,30,18
697,166,30,18
697,166,30,18
697,166,30,18
697,166,30,18
697,166,30,18
696,167,30,18
696,167,30,18
696,167,30,18
696,167,30,18
696,167,30,18
695,167,30,18
695,168,30,18
695,168,30,18
695,168,30,18
695,168,30,18
694,168,30,18
694,168,30,18
694,168,30,18
694,168,30,18
694,168,30,18
693,168,30,18
693,168,30,18
692,168,30,18
692,168,30,18
692,168,30,18
691,168,30,18
691,168,30,18
691,168,30,18
691,168,30,18
690,168,30,18
689,168,30,18
689,168,30,18
689,168,30,18
689,168,30,18
688,168,30,18
687,168,30,18
687,168,30,18
686,168,30,18
686,168,30,18
686,168,30,18
685,168,30,18
684,168,30,18
684,168,30,18
684,168,30,18
683,168,30,18
682,168,30,18
682,168,30,18
681,168,30,18
681,168,30,18
681,168,30,18
680,168,30,18
679,168,30,18
679,168,30,18
679,168,30,18
678,168,30,18
677,168,30,18
676,168,30,18
676,168,30,18
676,168,30,18
675,168,30,18
674,168,30,18
673,168,30,18
672,168,30,18
672,168,30,18
672,168,30,18
670,169,30,18
670,169,30,18
669,169,30,18
669,169,30,18
669,169,30,18
667,169,30,18
667,169,30,18
666,169,30,18
666,169,30,18
665,169,30,18
664,169,30,18
663,169,30,18
663,169,30,18
663,169,30,18
663,169,30,18
661,169,30,18
661,169,30,18
660,169,30,18
660,169,30,18
660,169,30,18
655,176,36,24
655,176,36,24
654,176,36,24
654,176,36,24
654,176,36,24
653,176,36,24
652,176,36,24
651,176,36,24
651,176,36,24
651,176,36,24
650,176,36,24
649,176,36,24
649,176,36,24
649,176,36,24
648,176,36,24
647,176,36,24
646,176,36,24
646,176,36,24
646,176,36,24
645,176,36,24
644,176,36,24
644,176,36,24
643,176,36,24
643,176,36,24
643,176,36,24
642,176,36,24
641,176,36,24
641,176,36,24
641,176,36,24
641,176,36,24
640,176,36,24
640,176,36,24
639,176,36,24
639,176,36,24
639,176,36,24
638,176,36,24
638,176,36,24
638,176,36,24
638,176,36,24
637,176,36,24
637,176,36,24
636,176,36,24
636,176,36,24
636,176,36,24
636,176,36,24
635,176,36,24
635,176,36,24
634,176,36,24
634,176,36,24
634,176,36,24
633,176,36,24
633,176,36,24
633,176,36,24
633,176,36,24
632,176,36,24
632,177,36,24
631,177,36,24
631,177,36,24
631,177,36,24
631,177,36,24
630,177,36,24
630,177,36,24
630,177,36,24
630,177,36,24
629,177,36,24
629,177,36,24
628,177,36,24
628,177,36,24
628,177,36,24
628,177,36,24
627,177,36,24
627,177,36,24
627,177,36,24
627,177,36,24
626,177,36,24
626,177,36,24
626,177,36,24
626,177,36,24
625,177,36,24
625,177,36,24
624,177,36,24
624,177,36,24
624,177,36,24
624,177,36,24
623,177,36,24
623,177,36,24
623,177,36,24
623,177,36,24
622,177,36,24
622,177,36,24
621,177,36,24
621,177,36,24
621,177,36,24
621,177,36,24
621,177,36,24
620,177,36,24
620,177,36,24
620,177,36,24
620,177,36,24
619,177,36,24
619,177,36,24
618,177,36,24
618,177,36,24
618,177,36,24
618,177,36,24
617,177,36,24
617,177,36,24
617,177,36,24
616,177,36,24
616,177,36,24
615,178,36,24
615,178,36,24
615,178,36,24
615,178,36,24
614,178,36,24
613,178,36,24
613,178,36,24
613,178,36,24
612,178,36,24
612,178,36,24
611,178,36,24
611,178,36,24
611,178,36,24
611,178,36,24
610,178,36,24
610,178,36,24
609,178,36,24
609,178,36,24
609,178,36,24
609,178,36,24
608,179,36,24
608,179,36,24
608,179,36,24
607,179,36,24
607,179,36,24
606,179,36,24
606,179,36,24
606,179,36,24
606,179,36,24
606,179,36,24
605,179,36,24
605,179,36,24
605,179,36,24
605,179,36,24
605,179,36,24
604,179,36,24
604,179,36,24
604,179,36,24
604,179,36,24
603,179,36,24
603,179,36,24
603,179,36,24
603,179,36,24
603,179,36,24
602,179,36,24
602,179,36,24
602,179,36,24
602,179,36,24
601,179,36,24
601,179,36,24
601,179,36,24
600,179,36,24
600,179,36,24
600,179,36,24
600,179,36,24
599,179,36,24
599,179,36,24
599,179,36,24
599,179,36,24
599,179,36,24
598,179,36,24
598,179,36,24
598,179,36,24
598,179,36,24
597,179,36,24
597,179,36,24
596,179,36,24
596,179,36,24
596,179,36,24
596,179,36,24
595,178,36,24
595,178,36,24
595,178,36,24
595,178,36,24
594,178,36,24
594,178,36,24
593,178,36,24
593,178,36,24
593,178,36,24
593,178,36,24
592,178,36,24
592,178,36,24
592,178,36,24
591,178,36,24
591,178,36,24
590,178,36,24
590,178,36,24
590,178,36,24
589,178,36,24
589,178,36,24
588,178,36,24
588,178,36,24
588,178,36,24
587,178,36,24
587,178,36,24
586,178,36,24
585,178,36,24
585,178,36,24
585,178,36,24
584,178,36,24
583,179,36,24
582,179,36,24
582,179,36,24
582,179,36,24
581,179,36,24
580,179,36,24
580,179,36,24
580,179,36,24
579,179,36,24
578,179,36,24
577,179,36,24
577,179,36,24
577,179,36,24
576,179,36,24
576,179,36,24
574,179,36,24
574,179,36,24
574,179,36,24
573,179,36,24
573,179,36,24
571,179,36,24
571,179,36,24
571,179,36,24
570,179,36,24
570,179,36,24
569,179,36,24
568,179,36,24
568,179,36,24
567,179,36,24
567,179,36,24
565,179,36,24
565,179,36,24
565,179,36,24
564,179,36,24
563,179,36,24
562,179,36,24
561,179,36,24
561,179,36,24
560,179,36,24
560,179,36,24
558,179,36,24
557,179,36,24
557,179,36,24
556,179,36,24
555,179,36,24
554,179,36,24
553,179,36,24
553,179,36,24
552,179,36,24
551,179,36,24
550,179,36,24
549,179,36,24
549,179,36,24
548,179,36,24
547,179,36,24
546,180,36,24
545,180,36,24
545,180,36,24
544,180,36,24
543,180,36,24
542,180,36,24
541,181,36,24
541,181,36,24
540,181,36,24
539,181,36,24
537,181,36,24
536,181,36,24
536,181,36,24
536,181,36,24
535,181,36,24
533,182,36,24
532,182,36,24
532,182,36,24
531,182,36,24
530,182,36,24
529,183,36,24
528,183,36,24
528,183,36,24
527,183,36,24
526,184,36,24
525,184,36,24
524,185,36,24
524,185,36,24
523,185,36,24
523,186,36,24
521,186,36,24
520,187,36,24
520,187,36,24
519,187,36,24
518,187,36,24
517,188,36,24
516,188,36,24
516,188,36,24
515,188,36,24
514,189,36,24
513,189,36,24
513,189,36,24
512,189,36,24
511,189,36,24
510,189,36,24
509,190,36,24
509,190,36,24
508,190,36,24
507,190,36,24
507,190,36,24
505,191,36,24
505,191,36,24
504,191,36,24
503,191,36,24
502,191,36,24
501,192,36,24
501,192,36,24
500,192,36,24
499,193,36,24
498,193,36,24
497,194,36,24
497,194,36,24
496,195,36,24
495,195,36,24
494,196,36,24
493,197,36,24
493,197,36,24
492,198,36,24
491,198,36,24
491,199,36,24
489,200,36,24
489,200,36,24
488,200,36,24
488,201,36,24
487,201,36,24
486,202,36,24
486,202,36,24
485,203,36,24
485,204,36,24
484,204,36,24
483,206,36,24
483,206,36,24
482,206,36,24
482,207,36,24
481,208,36,24
480,209,36,24
480,209,36,24
479,210,36,24
479,210,36,24
478,211,36,24
478,211,36,24
461,221,64,40
461,222,64,40
460,222,64,40
460,223,64,40
458,224,64,40
458,224,64,40
458,225,64,40
457,226,64,40
457,227,64,40
456,228,64,40
456,228,64,40
455,229,64,40
455,230,64,40
454,230,64,40
453,232,64,40
453,232,64,40
453,233,64,40
452,233,64,40
452,234,64,40
451,235,64,40
451,235,64,40
450,236,64,40
450,237,64,40
449,238,64,40
448,239,64,40
448,239,64,40
448,240,64,40
448,240,64,40
447,241,64,40
447,242,64,40
447,242,64,40
446,243,64,40
446,243,64,40
446,243,64,40
445,244,64,40
445,244,64,40
445,244,64,40
444,244,64,40
444,244,64,40
443,245,64,40
443,245,64,40
442,245,64,40
442,246,64,40
441,246,64,40
440,247,64,40
440,247,64,40
440,247,64,40
439,248,64,40
439,248,64,40
438,249,64,40
438,249,64,40
438,249,64,40
438,249,64,40
437,250,64,40
437,250,64,40
437,250,64,40
437,250,64,40
437,251,64,40
437,251,64,40
437,251,64,40
437,251,64,40
437,251,64,40
437,251,64,40
437,252,64,40
437,252,64,40
437,252,64,40
437,252,64,40
437,252,64,40
437,253,64,40
437,253,64,40
437,253,64,40
437,253,64,40
437,254,64,40
437,254,64,40
437,254,64,40
437,254,64,40
437,255,64,40
437,255,64,40
437,255,64,40
437,256,64,40
437,256,64,40
437,256,64,40
437,256,64,40
437,257,64,40
437,257,64,40
437,257,64,40
437,257,64,40
437,258,64,40
437,258,64,40
437,259,64,40
437,259,64,40
437,259,64,40
437,259,64,40
437,260,64,40
438,260,64,40
438,260,64,40
438,260,64,40
438,261,64,40
438,261,64,40
439,262,64,40
439,262,64,40
439,262,64,40
439,262,64,40
439,263,64,40
440,263,64,40
440,263,64,40
440,263,64,40
440,264,64,40
440,264,64,40
441,265,64,40
441,265,64,40
441,265,64,40
441,265,64,40
442,266,64,40
442,266,64,40
442,266,64,40
442,267,64,40
443,267,64,40
443,267,64,40
444,268,64,40
444,268,64,40
444,268,64,40
444,269,64,40
445,269,64,40
445,270,64,40
445,270,64,40
446,270,64,40
446,271,64,40
446,271,64,40
447,272,64,40
447,272,64,40
448,272,64,40
448,273,64,40
449,273,64,40
450,274,64,40
450,274,64,40
450,274,64,40
451,275,64,40
451,275,64,40
452,276,64,40
452,276,64,40
453,276,64,40
453,277,64,40
454,277,64,40
454,278,64,40
454,278,64,40
455,278,64,40
455,279,64,40
456,279,64,40
457,280,64,40
457,280,64,40
457,280,64,40
458,280,64,40
458,281,64,40
459,282,64,40
459,282,64,40
459,282,64,40
460,283,64,40
461,283,64,40
462,284,64,40
462,284,64,40
462,284,64,40
463,285,64,40
464,285,64,40
465,286,64,40
465,286,64,40
466,287,64,40
466,287,64,40
467,288,64,40
468,289,64,40
468,289,64,40
469,289,64,40
470,290,64,40
470,290,64,40
472,291,64,40
472,291,64,40
473,292,64,40
474,292,64,40
475,293,64,40
476,294,64,40
476,294,64,40
477,294,64,40
478,295,64,40
479,295,64,40
481,296,64,40
481,296,64,40
482,297,64,40
482,297,64,40
482,297,64,40
483,298,64,40
483,298,64,40
484,299,64,40
484,299,64,40
485,300,64,40
486,301,64,40
486,301,64,40
487,301,64,40
488,302,64,40
489,302,64,40
489,302,64,40
490,303,64,40
491,304,64,40
492,304,64,40
493,305,64,40
493,305,64,40
495,306,64,40
496,307,64,40
497,307,64,40
498,308,64,40
498,308,64,40
500,309,64,40
502,310,64,40
503,311,64,40
504,311,64,40
504,311,64,40
507,313,64,40
509,314,64,40
510,314,64,40
512,315,64,40
512,315,64,40
515,317,64,40
517,318,64,40
518,319,64,40
520,320,64,40
520,320,64,40
524,322,64,40
526,323,64,40
528,324,64,40
530,325,64,40
530,325,64,40
534,327,64,40
536,329,64,40
538,330,64,40
540,332,64,40
540,332,64,40
545,335,64,40
548,337,64,40
551,339,64,40
554,341,64,40
554,341,64,40
560,344,64,40
563,346,64,40
567,348,64,40
571,350,64,40
571,350,64,40
579,354,64,40
583,357,64,40
587,359,64,40
592,362,64,40
592,362,64,40
601,367,64,40
607,370,64,40
612,373,64,40
618,376,64,40
618,376,64,40
631,382,64,40
