393,328,155,319
393,328,155,319
393,328,155,319
402,330,160,320
401,329,160,320
400,328,160,320
400,326,160,320
399,325,160,320
398,324,160,320
398,322,160,320
397,321,160,320
397,320,160,320
396,318,160,320
395,317,160,320
395,316,160,320
394,315,160,320
393,314,160,320
393,313,160,320
392,311,160,320
392,310,160,320
391,309,160,320
390,308,160,320
390,307,160,320
389,305,160,320
389,304,160,320
388,303,160,320
388,302,160,320
388,301,160,320
387,300,160,320
387,299,160,320
387,298,160,320
387,297,160,320
387,296,160,320
387,296,160,320
387,295,160,320
387,295,160,320
387,295,160,320
387,295,160,320
387,295,160,320
387,295,160,320
387,295,160,320
387,295,160,320
387,295,160,320
386,295,160,320
386,295,160,320
386,295,160,320
386,295,160,320
386,295,160,320
386,295,160,320
386,295,160,320
385,295,160,320
385,295,160,320
385,295,160,320
385,295,160,320
385,295,160,320
385,295,160,320
385,295,160,320
385,294,160,320
385,294,160,320
385,293,160,320
385,293,160,320
385,292,160,320
385,291,160,320
385,291,160,320
385,290,160,320
385,290,160,320
385,289,160,320
385,289,160,320
385,288,160,320
385,288,160,320
385,287,160,320
385,287,160,320
385,286,160,320
386,286,160,320
386,285,160,320
386,285,160,320
386,284,160,320
387,284,160,320
387,283,160,320
387,283,160,320
387,282,160,320
388,281,160,320
388,280,160,320
389,280,160,320
389,279,160,320
390,278,160,320
391,277,160,320
392,277,160,320
392,276,160,320
393,275,160,320
394,274,160,320
395,273,160,320
396,272,160,320
396,271,160,320
397,270,160,320
398,269,160,320
398,268,160,320
399,267,160,320
400,266,160,320
401,265,160,320
402,264,160,320
403,263,160,320
403,262,160,320
404,261,160,320
405,260,160,320
406,259,160,320
407,258,160,320
408,257,160,320
409,256,160,320
410,255,160,320
411,254,160,320
412,253,160,320
413,252,160,320
414,251,160,320
415,250,160,320
416,249,160,320
417,248,160,320
418,248,160,320
419,247,160,320
420,246,160,320
421,245,160,320
422,244,160,320
423,243,160,320
424,242,160,320
425,241,160,320
426,240,160,320
427,239,160,320
428,238,160,320
429,237,160,320
430,236,160,320
431,235,160,320
432,235,160,320
433,234,160,320
434,233,160,320
435,233,160,320
436,232,160,320
437,232,160,320
438,231,160,320
439,231,160,320
440,230,160,320
441,230,160,320
442,229,160,320
443,229,160,320
444,229,160,320
445,228,160,320
446,228,160,320
447,228,160,320
448,228,160,320
449,228,160,320
450,228,160,320
451,228,160,320
452,228,160,320
453,228,160,320
454,228,160,320
455,228,160,320
456,228,160,320
457,228,160,320
458,229,160,320
459,229,160,320
460,230,160,320
461,231,160,320
463,231,160,320
464,232,160,320
465,232,160,320
466,233,160,320
467,233,160,320
468,234,160,320
469,234,160,320
470,234,160,320
471,235,160,320
472,235,160,320
473,236,160,320
474,236,160,320
475,237,160,320
476,238,160,320
477,238,160,320
478,239,160,320
479,239,160,320
480,240,160,320
481,240,160,320
482,240,160,320
483,240,160,320
484,240,160,320
485,239,160,320
486,239,160,320
487,238,160,320
488,238,160,320
489,237,160,320
490,237,160,320
491,236,160,320
492,236,160,320
493,236,160,320
495,235,160,320
496,235,160,320
497,234,160,320
498,233,160,320
500,232,160,320
501,231,160,320
502,230,160,320
504,229,160,320
505,228,160,320
507,227,160,320
509,226,160,320
510,225,160,320
512,224,160,320
514,223,160,320
515,223,160,320
517,222,160,320
519,221,160,320
520,220,160,320
522,219,160,320
524,218,160,320
525,217,160,320
527,217,160,320
528,216,160,320
530,215,160,320
531,214,160,320
532,214,160,320
533,213,160,320
534,212,160,320
536,212,160,320
537,211,160,320
539,210,160,320
540,210,160,320
542,209,160,320
543,208,160,320
545,208,160,320
546,207,160,320
548,206,160,320
549,206,160,320
550,205,160,320
551,204,160,320
552,204,160,320
552,203,160,320
552,202,160,320
552,202,160,320
552,201,160,320
552,200,160,320
552,200,160,320
552,199,160,320
552,198,160,320
552,198,160,320
552,197,160,320
552,196,160,320
552,196,160,320
552,195,160,320
552,194,160,320
552,194,160,320
552,193,160,320
552,192,160,320
552,192,160,320
552,191,160,320
552,190,160,320
552,190,160,320
552,189,160,320
552,188,160,320
552,188,160,320
552,187,160,320
552,186,160,320
552,186,160,320
552,185,160,320
552,184,160,320
552,184,160,320
552,183,160,320
553,182,160,320
553,181,160,320
553,181,160,320
553,180,160,320
553,179,160,320
553,178,160,320
553,178,160,320
553,177,160,320
553,176,160,320
554,175,160,320
554,175,160,320
554,174,160,320
554,173,160,320
554,173,160,320
554,172,160,320
555,171,160,320
555,171,160,320
555,170,160,320
555,169,160,320
555,169,160,320
556,168,160,320
556,167,160,320
556,167,160,320
557,166,160,320
557,166,160,320
557,165,160,320
557,165,160,320
557,164,160,320
558,163,160,320
558,163,160,320
558,162,160,320
558,162,160,320
559,161,160,320
559,161,160,320
559,160,160,320
559,160,160,320
560,159,160,320
560,159,160,320
560,158,160,320
560,158,160,320
560,157,160,320
561,157,160,320
561,156,160,320
561,156,160,320
561,156,160,320
561,156,160,320
561,155,160,320
562,155,160,320
562,155,160,320
562,154,160,320
562,154,160,320
562,154,160,320
562,154,160,320
562,153,160,320
563,153,160,320
563,153,160,320
563,153,160,320
563,152,160,320
563,152,160,320
563,152,160,320
564,152,160,320
564,152,160,320
564,152,160,320
564,153,160,320
564,153,160,320
564,153,160,320
565,153,160,320
565,153,160,320
565,153,160,320
565,153,160,320
565,153,160,320
565,153,160,320
565,153,160,320
566,153,160,320
566,153,160,320
566,153,160,320
566,152,160,320
566,152,160,320
566,152,160,320
566,151,160,320
566,151,160,320
566,150,160,320
566,150,160,320
566,150,160,320
567,149,160,320
567,149,160,320
567,149,160,320
567,149,160,320
567,149,160,320
567,149,160,320
568,150,160,320
568,151,160,320
568,151,160,320
568,152,160,320
568,153,160,320
568,154,160,320
568,154,160,320
568,155,160,320
569,156,160,320
569,156,160,320
569,157,160,320
569,157,160,320
569,157,160,320
569,158,160,320
569,158,160,320
569,158,160,320
570,159,160,320
570,159,160,320
570,159,160,320
570,160,160,320
570,160,160,320
570,160,160,320
570,160,160,320
570,160,160,320
570,160,160,320
570,160,160,320
570,160,160,320
570,160,160,320
570,160,160,320
570,160,160,320
570,160,160,320
570,160,160,320
570,159,160,320
570,159,160,320
570,159,160,320
571,159,160,320
571,159,160,320
571,159,160,320
571,159,160,320
571,159,160,320
571,158,160,320
571,158,160,320
571,158,160,320
571,158,160,320
571,158,160,320
571,157,160,320
571,157,160,320
571,157,160,320
571,156,160,320
571,156,160,320
571,155,160,320
571,155,160,320
571,155,160,320
571,154,160,320
571,154,160,320
571,153,160,320
571,153,160,320
571,153,160,320
571,152,160,320
571,152,160,320
571,152,160,320
571,151,160,320
571,151,160,320
571,150,160,320
571,150,160,320
571,150,160,320
571,149,160,320
571,149,160,320
571,148,160,320
571,148,160,320
571,148,160,320
571,147,160,320
571,147,160,320
571,147,160,320
571,146,160,320
571,146,160,320
571,145,160,320
571,145,160,320
571,145,160,320
571,144,160,320
571,144,160,320
571,144,160,320
571,143,160,320
571,143,160,320
571,143,160,320
571,142,160,320
571,142,160,320
571,141,160,320
571,140,160,320
571,139,160,320
571,139,160,320
571,138,160,320
571,137,160,320
571,137,160,320
571,137,160,320
571,136,160,320
571,136,160,320
571,136,160,320
571,136,160,320
571,135,160,320
571,135,160,320
571,135,160,320
571,135,160,320
571,134,160,320
571,134,160,320
571,134,160,320
571,134,160,320
571,133,160,320
571,133,160,320
571,133,160,320
571,133,160,320
571,132,160,320
571,132,160,320
571,132,160,320
571,131,160,320
571,131,160,320
571,131,160,320
571,130,160,320
571,130,160,320
571,129,160,320
571,129,160,320
571,128,160,320
571,128,160,320
571,128,160,320
571,128,160,320
571,128,160,320
571,127,160,320
571,127,160,320
571,127,160,320
571,127,160,320
571,127,160,320
571,127,160,320
571,127,160,320
571,127,160,320
571,127,160,320
571,127,160,320
571,127,160,320
572,128,160,320
572,128,160,320
572,128,160,320
572,129,160,320
572,129,160,320
572,130,160,320
572,130,160,320
572,131,160,320
572,131,160,320
572,132,160,320
572,133,160,320
572,134,160,320
573,135,160,320
573,136,160,320
573,138,160,320
573,139,160,320
573,140,160,320
573,141,160,320
573,142,160,320
573,143,160,320
574,144,160,320
574,146,160,320
574,147,160,320
574,148,160,320
574,149,160,320
574,150,160,320
575,152,160,320
575,153,160,320
575,154,160,320
575,155,160,320
575,156,160,320
576,158,160,320
576,159,160,320
576,160,160,320
576,161,160,320
576,162,160,320
577,163,160,320
577,165,160,320
577,166,160,320
577,167,160,320
577,168,160,320
578,170,160,320
578,171,160,320
578,174,160,320
578,176,160,320
579,178,160,320
579,181,160,320
579,183,160,320
579,185,160,320
580,187,160,320
580,189,160,320
580,191,160,320
580,193,160,320
581,195,160,320
581,197,160,320
581,199,160,320
581,201,160,320
582,203,160,320
582,205,160,320
582,207,160,320
583,208,160,320
583,210,160,320
583,212,160,320
583,213,160,320
584,215,160,320
584,216,160,320
584,217,160,320
585,218,160,320
585,219,160,320
585,220,160,320
585,221,160,320
586,222,160,320
586,223,160,320
586,224,160,320
587,225,160,320
587,226,160,320
587,227,160,320
587,228,160,320
588,229,160,320
588,230,160,320
588,231,160,320
589,233,160,320
589,234,160,320
589,235,160,320
589,237,160,320
590,238,160,320
590,240,160,320
590,241,160,320
591,242,160,320
591,244,160,320
591,245,160,320
591,246,160,320
592,248,160,320
592,249,160,320
592,250,160,320
593,251,160,320
593,253,160,320
593,254,160,320
593,255,160,320
594,257,160,320
594,258,160,320
594,259,160,320
594,261,160,320
595,262,160,320
595,263,160,320
595,265,160,320
595,266,160,320
596,267,160,320
596,268,160,320
596,269,160,320
596,271,160,320
596,272,160,320
597,273,160,320
597,274,160,320
597,275,160,320
597,276,160,320
597,277,160,320
598,278,160,320
598,279,160,320
598,280,160,320
598,281,160,320
598,282,160,320
598,283,160,320
599,284,160,320
599,285,160,320
599,286,160,320
599,287,160,320
599,288,160,320
599,289,160,320
599,290,160,320
600,291,160,320
600,293,160,320
600,294,160,320
600,295,160,320
600,296,160,320
600,297,160,320
601,298,160,320
601,299,160,320
601,301,160,320
601,302,160,320
602,303,160,320
602,304,160,320
602,305,160,320
602,306,160,320
602,307,160,320
603,309,160,320
603,310,160,320
603,311,160,320
603,312,160,320
603,313,160,320
604,314,160,320
604,315,160,320
604,317,160,320
604,318,160,320
604,319,160,320
605,320,160,320
605,321,160,320
605,322,160,320
605,323,160,320
605,325,160,320
606,326,160,320
606,327,160,320
606,328,160,320
606,330,160,320
606,331,160,320
607,332,160,320
607,333,160,320
607,334,160,320
607,335,160,320
607,336,160,320
608,338,160,320
608,339,160,320
608,340,160,320
608,341,160,320
608,342,160,320
608,343,160,320
609,344,160,320
609,345,160,320
609,346,160,320
609,347,160,320
609,349,160,320
610,350,160,320
610,351,160,320
610,352,160,320
610,353,160,320
610,354,160,320
611,355,160,320
611,356,160,320
611,357,160,320
611,358,160,320
611,359,160,320
611,360,160,320
612,361,160,320
612,362,160,320
612,363,160,320
612,364,160,320
612,365,160,320
612,365,160,320
613,366,160,320
613,367,160,320
613,368,160,320
613,369,160,320
613,370,160,320
613,370,160,320
613,371,160,320
613,372,160,320
613,373,160,320
613,373,160,320
613,374,160,320
613,375,160,320
613,375,160,320
613,376,160,320
613,377,160,320
613,378,160,320
613,378,160,320
613,379,160,320
613,380,160,320
613,381,160,320
613,381,160,320
613,382,160,320
613,383,160,320
613,383,160,320
613,384,160,320
613,385,160,320
613,385,160,320
613,386,160,320
613,387,160,320
613,387,160,320
613,388,160,320
613,388,160,320
613,389,160,320
613,389,160,320
613,390,160,320
613,390,160,320
613,391,160,320
613,391,160,320
613,391,160,320
613,392,160,320
613,392,160,320
613,392,160,320
613,392,160,320
613,392,160,320
613,392,160,320
613,392,160,320
613,392,160,320
613,392,160,320
613,392,160,320
613,392,160,320
613,392,160,320
613,392,160,320
613,392,160,320
613,392,160,320
613,392,160,320
613,392,160,320
613,392,160,320
613,392,160,320
613,393,160,320
613,393,160,320
613,393,160,320
613,394,160,320
613,394,160,320
613,394,160,320
613,395,160,320
613,395,160,320
613,395,160,320
613,396,160,320
613,396,160,320
613,396,160,320
614,397,160,320
614,397,160,320
614,397,160,320
614,398,160,320
614,398,160,320
614,398,160,320
614,399,160,320
614,399,160,320
614,399,160,320
614,400,160,320
614,400,160,320
614,400,160,320
614,400,160,320
614,400,160,320
614,400,160,320
614,401,160,320
614,401,160,320
614,401,160,320
614,401,160,320
614,401,160,320
614,401,160,320
614,401,160,320
614,401,160,320
614,401,160,320
614,401,160,320
614,401,160,320
614,401,160,320
614,401,160,320
614,401,160,320
614,401,160,320
614,401,160,320
614,401,160,320
614,401,160,320
614,401,160,320
614,401,160,320
614,401,160,320
614,401,160,320
614,401,160,320
614,401,160,320
614,401,160,320
614,401,160,320
614,402,160,320
614,402,160,320
614,402,160,320
614,403,160,320
614,403,160,320
614,403,160,320
614,403,160,320
614,404,160,320
614,404,160,320
614,404,160,320
614,404,160,320
614,405,160,320
614,405,160,320
614,405,160,320
614,405,160,320
614,405,160,320
614,405,160,320
614,406,160,320
614,406,160,320
614,406,160,320
614,406,160,320
614,406,160,320
614,406,160,320
614,406,160,320
614,406,160,320
614,406,160,320
614,406,160,320
614,406,160,320
614,406,160,320
614,406,160,320
614,406,160,320
614,406,160,320
614,406,160,320
614,406,160,320
614,406,160,320
614,406,160,320
614,406,160,320
614,405,160,320
614,405,160,320
614,405,160,320
614,405,160,320
614,405,160,320
614,405,160,320
614,405,160,320
614,405,160,320
614,405,160,320
614,404,160,320
614,404,160,320
614,404,160,320
614,404,160,320
614,404,160,320
614,404,160,320
614,404,160,320
614,404,160,320
614,404,160,320
614,404,160,320
614,404,160,320
614,404,160,320
614,404,160,320
614,404,160,320
614,403,160,320
614,403,160,320
614,403,160,320
614,403,160,320
614,403,160,320
614,403,160,320
614,403,160,320
614,403,160,320
614,403,160,320
614,402,160,320
614,402,160,320
614,402,160,320
614,402,160,320
614,402,160,320
614,402,160,320
614,402,160,320
614,401,160,320
614,401,160,320
614,401,160,320
614,401,160,320
614,401,160,320
614,401,160,320
614,401,160,320
614,400,160,320
614,400,160,320
614,400,160,320
614,400,160,320
614,400,160,320
614,399,160,320
614,399,160,320
614,399,160,320
614,399,160,320
614,399,160,320
614,399,160,320
614,398,160,320
614,398,160,320
614,398,160,320
614,398,160,320
614,398,160,320
614,398,160,320
614,397,160,320
