541.123,295.946,188,130
541.595,296.451,188,130
542.289,295.813,188,130
541.74,295.862,188,130
541.816,295.387,188,130
541.758,294.809,188,130
541.376,294.711,188,130
541.142,294.185,188,130
542.4,294.281,184.314,127.451
542.188,294.584,184.314,127.451
541.652,294.66,184.314,127.451
540.04,293.15,188,130
544.218,295.454,177.157,122.502
540.845,294.148,184.314,127.451
540.062,293.697,184.314,127.451
539.921,293.019,184.314,127.451
541.429,294.098,180.7,124.952
539.411,292.41,184.314,127.451
539.136,291.549,184.314,127.451
540.094,292.431,180.7,124.952
539.935,292.509,180.7,124.952
539.506,292.6,180.7,124.952
537.512,290.32,184.314,127.451
537.074,289.783,184.314,127.451
537.737,291.422,180.7,124.952
539.036,292.672,177.157,122.502
536.89,291.599,180.7,124.952
536.347,290.138,180.7,124.952
535.955,289.977,180.7,124.952
537.171,290.587,177.157,122.502
534.139,289.536,180.7,124.952
536.015,289.391,177.157,122.502
535.184,289.77,177.157,122.502
534.886,288.874,177.157,122.502
535.771,289.436,173.683,120.1
534.702,289.36,173.683,120.1
535.778,290.091,170.277,117.745
533.356,289.314,173.683,120.1
534.518,289.579,170.277,117.745
533.486,289.785,170.277,117.745
533.317,289.515,170.277,117.745
532.85,289.189,170.277,117.745
533.028,288.877,170.277,117.745
532.248,288.71,170.277,117.745
533.35,289.658,166.939,115.436
533.295,290.056,166.939,115.436
533.084,290.368,166.939,115.436
531.974,288.19,170.277,117.745
532.999,288.326,166.939,115.436
532.612,288.797,166.939,115.436
532.51,289.065,166.939,115.436
533.046,289.24,166.939,115.436
532.871,289.25,166.939,115.436
532.767,288.901,166.939,115.436
533.124,288.641,166.939,115.436
533.409,288.03,166.939,115.436
533.352,288.341,166.939,115.436
532.054,286.501,170.277,117.745
535.101,287.829,163.665,113.173
535.072,288.145,163.665,113.173
535.925,288.263,163.665,113.173
536.215,288.271,163.665,113.173
536.172,288.181,163.665,113.173
536.598,288.032,163.665,113.173
537.603,287.775,163.665,113.173
539.688,288.506,160.456,110.954
540.585,288.673,160.456,110.954
540.745,288.415,160.456,110.954
541.456,288.451,160.456,110.954
541.64,288.217,160.456,110.954
542.249,287.904,160.456,110.954
541.9,287.632,160.456,110.954
543.985,288.352,157.31,108.778
542.317,286.749,163.665,113.173
543.245,286.839,160.456,110.954
544.07,286.674,160.456,110.954
544.108,286.537,160.456,110.954
545.786,287.457,157.31,108.778
545.514,287.257,160.456,110.954
547.261,288.074,157.31,108.778
546.516,287.325,160.456,110.954
547.959,288.218,157.31,108.778
546.89,287.664,160.456,110.954
549.319,289.106,154.225,106.645
550.442,289.843,154.225,106.645
549.429,289.178,157.31,108.778
549.695,289.692,157.31,108.778
549.768,289.919,157.31,108.778
551.655,291.587,154.225,106.645
550.523,291.178,157.31,108.778
551.552,292.764,154.225,106.645
552.027,292.765,154.225,106.645
553.367,294.443,151.201,104.554
552.941,294.091,154.225,106.645
552.524,294.647,154.225,106.645
553.483,294.971,154.225,106.645
553.4,295.649,154.225,106.645
554.005,296.137,154.225,106.645
553.492,296.646,154.225,106.645
554.273,297.301,154.225,106.645
554.24,297.883,154.225,106.645
554.298,298.227,154.225,106.645
554.204,299.424,154.225,106.645
554.286,300.25,154.225,106.645
554.564,300.96,154.225,106.645
553.354,300.462,157.31,108.778
554.629,302.469,154.225,106.645
553.401,302.664,157.31,108.778
554.052,304.099,154.225,106.645
555.659,305.838,151.201,104.554
554.388,305.29,154.225,106.645
554.414,306.337,154.225,106.645
554.393,307.139,154.225,106.645
554.62,307.674,154.225,106.645
553.553,307.483,157.31,108.778
554.794,308.923,154.225,106.645
555.196,308.955,154.225,106.645
554.921,309.273,154.225,106.645
554.715,309.829,154.225,106.645
555.25,309.988,154.225,106.645
555.019,310.18,154.225,106.645
554.922,310.505,154.225,106.645
554.66,311.123,154.225,106.645
555.107,311.18,154.225,106.645
554.419,311.521,154.225,106.645
554.595,311.7,154.225,106.645
554.554,311.496,154.225,106.645
554.346,312.056,154.225,106.645
554.081,311.915,154.225,106.645
553.742,311.734,154.225,106.645
554.107,311.398,154.225,106.645
553.78,311.585,154.225,106.645
552.379,310.574,157.31,108.778
553.159,311.594,154.225,106.645
553.045,311.49,154.225,106.645
554.198,312.433,151.201,104.554
552.588,311.367,154.225,106.645
552.477,311.353,154.225,106.645
551.8,311.122,154.225,106.645
551.578,310.579,154.225,106.645
551.01,311.077,154.225,106.645
551.979,311.775,151.201,104.554
552.032,311.552,151.201,104.554
551.623,312.756,151.201,104.554
551.161,312.241,151.201,104.554
551.114,312.505,151.201,104.554
548.94,312.05,154.225,106.645
549.974,312.746,151.201,104.554
547.911,312.254,154.225,106.645
548.906,314.116,151.201,104.554
548.589,315.069,151.201,104.554
549.695,316.857,148.237,102.504
546.888,315.619,154.225,106.645
547.804,317.266,151.201,104.554
547.736,317.536,151.201,104.554
547.426,318.537,151.201,104.554
548.66,319.948,148.237,102.504
547.493,319.133,151.201,104.554
548.812,320.144,148.237,102.504
547.474,320.203,151.201,104.554
547.393,320.064,151.201,104.554
546.093,319.03,154.225,106.645
547.228,320.08,151.201,104.554
547.319,320.854,151.201,104.554
546.516,319.936,154.225,106.645
546.558,319.844,154.225,106.645
546.709,320.067,154.225,106.645
547.039,320.347,154.225,106.645
548.031,322.349,151.201,104.554
547.147,321.531,154.225,106.645
547.38,321.357,154.225,106.645
546.471,320.151,157.31,108.778
548.245,320.736,154.225,106.645
547.002,319.377,157.31,108.778
547.922,319.747,157.31,108.778
548.039,319.295,157.31,108.778
548.827,319.327,157.31,108.778
549.22,318.912,157.31,108.778
548.35,317.291,160.456,110.954
550.191,317.959,157.31,108.778
549.664,317.378,160.456,110.954
549.761,316.882,160.456,110.954
550.334,316.25,160.456,110.954
550.88,316.079,160.456,110.954
551.068,315.827,160.456,110.954
551.832,315.718,160.456,110.954
552.103,315.63,160.456,110.954
554.189,317.11,157.31,108.778
555.456,318.685,157.31,108.778
555.613,318.159,157.31,108.778
558.296,319.974,154.225,106.645
559.41,319.86,154.225,106.645
560.241,319.738,154.225,106.645
559.868,318.505,157.31,108.778
560.562,318.858,157.31,108.778
561.183,318.409,157.31,108.778
562.116,318.849,157.31,108.778
563.028,318.7,157.31,108.778
564.176,319.044,157.31,108.778
564.976,319.335,157.31,108.778
565.73,319.671,157.31,108.778
566.454,319.284,157.31,108.778
568.692,320.845,154.225,106.645
568.9,319.565,157.31,108.778
569.87,319.638,157.31,108.778
570.959,319.242,157.31,108.778
572.226,319.371,157.31,108.778
571.864,318.206,160.456,110.954
573.654,318.857,157.31,108.778
574.969,318.822,157.31,108.778
576.036,318.627,157.31,108.778
576.251,317.273,160.456,110.954
576.217,317.17,160.456,110.954
575.346,316.12,163.665,113.173
576.785,316.363,163.665,113.173
577.661,316.228,163.665,113.173
578.459,316.177,163.665,113.173
579.042,316.269,163.665,113.173
582.23,317.707,160.456,110.954
580.885,315.955,163.665,113.173
581.983,316.45,163.665,113.173
583.085,316.291,163.665,113.173
581.85,315.436,166.939,115.436
582.719,315.983,166.939,115.436
583.121,316.765,166.939,115.436
583.707,317.3,166.939,115.436
585.156,318.466,163.665,113.173
585.36,318.708,163.665,113.173
585.151,318.98,163.665,113.173
585.845,319.483,163.665,113.173
585.767,319.758,163.665,113.173
586.101,319.833,163.665,113.173
585.109,319.084,166.939,115.436
585.336,320.142,166.939,115.436
585.881,321.061,166.939,115.436
587.118,322.892,163.665,113.173
586.9,323.171,163.665,113.173
587.02,323.694,163.665,113.173
587.106,324.084,163.665,113.173
587.746,324.538,163.665,113.173
587.511,324.889,163.665,113.173
587.432,325.598,163.665,113.173
587.326,326.137,163.665,113.173
587.614,327.144,163.665,113.173
587.752,327.991,163.665,113.173
588.068,328.551,163.665,113.173
588.353,329.131,163.665,113.173
588.518,329.936,163.665,113.173
588.648,330.695,163.665,113.173
588.887,331.478,163.665,113.173
589.143,332.633,163.665,113.173
587.098,332.673,166.939,115.436
587.184,334.315,166.939,115.436
586.808,335.582,166.939,115.436
586.359,336.831,166.939,115.436
586.362,337.987,166.939,115.436
586.19,339.202,166.939,115.436
584.043,339.277,170.277,117.745
584.03,340.393,166.939,115.436
584.391,341.704,166.939,115.436
584.237,343.24,166.939,115.436
582.009,343.898,170.277,117.745
582.279,345.636,166.938,115.436
580.264,345.257,170.277,117.745
580.892,346.495,166.938,115.436
582.022,348.388,163.665,113.173
579.558,348.668,166.938,115.436
578.675,348.918,166.938,115.436
577.796,349.637,166.938,115.436
577.281,350.107,166.938,115.436
576.716,351.008,166.938,115.436
575.694,351.316,166.938,115.436
574.967,351.459,166.938,115.436
574.28,351.825,166.938,115.436
573.873,352.215,166.938,115.436
573.185,353.07,166.938,115.436
572.142,353.378,166.938,115.436
571.609,352.951,166.938,115.436
570.373,353.811,166.938,115.436
570.084,354.12,166.938,115.436
568.689,354.517,166.938,115.436
567.733,354.173,166.938,115.436
566.971,354.616,166.938,115.436
566.112,353.982,166.938,115.436
565.396,354.243,166.938,115.436
563.162,353.526,170.277,117.745
562.294,351.248,170.277,117.745
561.042,351.994,170.277,117.745
561.478,354.108,166.938,115.436
559.254,353.456,170.277,117.745
556.174,349.915,173.683,120.1
556.998,353.323,170.277,117.745
556.01,351.433,170.277,117.745
554.946,352.463,170.277,117.745
555.317,353.541,166.938,115.436
554.7,354.784,166.938,115.436
553.13,354.936,166.938,115.436
552.435,355.436,166.938,115.436
552.043,354.989,166.938,115.436
550.477,356.234,166.938,115.436
547.967,354.855,170.277,117.745
548.24,355.381,166.938,115.436
545.471,354.752,170.277,117.745
544.355,354.358,170.277,117.745
542.973,354.5,170.277,117.745
541.359,354.865,170.277,117.745
539.863,355.372,170.277,117.745
539.796,356.27,166.938,115.436
537.315,357.118,170.277,117.745
536.109,356.461,170.277,117.745
534.904,356.155,170.277,117.745
533.798,356.365,170.277,117.745
532.76,356.69,170.277,117.745
531.467,357.201,170.277,117.745
528.406,355.999,173.683,120.1
527.281,355.769,173.683,120.1
526.119,356.977,173.683,120.1
525.02,356.108,173.683,120.1
523.979,356.708,173.683,120.1
522.877,357.182,173.683,120.1
521.719,356.774,173.683,120.1
520.654,356.818,173.683,120.1
519.625,356.369,173.683,120.1
518.536,355.709,173.683,120.1
517.384,355.888,173.683,120.1
516.207,356.021,173.683,120.1
516.808,356.358,170.277,117.745
516.289,356.338,170.277,117.745
515.43,356.793,170.277,117.745
514.661,357.398,170.277,117.745
513.911,357.114,170.277,117.745
513.153,358.34,170.277,117.745
512.671,357.478,170.277,117.745
512.377,357.944,170.277,117.745
512.045,358.711,170.277,117.745
512.994,359.54,166.938,115.436
510.871,359.293,170.277,117.745
510.27,358.805,170.277,117.745
509.939,359.734,170.277,117.745
509.126,359.948,170.277,117.745
509.191,360.525,170.277,117.745
509.395,360.219,170.277,117.745
509.059,360.107,170.277,117.745
508.511,360.944,170.277,117.745
510.162,361.93,166.938,115.436
510.567,362.736,166.938,115.436
510.558,362.733,166.938,115.436
510.194,362.549,166.938,115.436
510.565,362.72,166.938,115.436
510.235,362.659,166.938,115.436
510.276,362.876,166.938,115.436
510.378,363.035,166.938,115.436
510.443,363.274,166.938,115.436
510.823,363.417,166.938,115.436
508.922,361.823,170.277,117.745
510.001,362.94,166.938,115.436
510.182,363.604,166.938,115.436
509.892,363.808,166.938,115.436
509.343,364.014,166.938,115.436
508.472,364.197,166.938,115.436
506.223,363.403,170.277,117.745
505.107,363.048,170.277,117.745
505.421,364.342,166.938,115.436
503.171,363.524,170.277,117.745
502.211,363.69,170.277,117.745
501.335,364.009,170.277,117.745
500.368,364.153,170.277,117.745
499.674,363.905,170.277,117.745
498.567,364.404,170.277,117.745
496.193,363.559,173.683,120.1
496.643,364.839,170.277,117.745
494.525,363.956,173.683,120.1
493.256,363.511,173.683,120.1
492.306,363.539,173.683,120.1
491.917,363.793,173.683,120.1
491.601,364.339,173.683,120.1
490.363,364.522,173.683,120.1
490.949,365.863,170.277,117.745
490.068,366.296,170.277,117.745
489.603,366.391,170.277,117.745
487.382,365.388,173.683,120.1
486.515,365.306,173.683,120.1
485.903,365.296,173.683,120.1
485.538,365.46,173.683,120.1
485.85,366.885,170.277,117.745
483.75,366.684,173.683,120.1
482.956,366.824,173.683,120.1
480.786,366.236,177.156,122.502
480.055,366.346,177.156,122.502
477.789,365.276,180.7,124.952
478.359,366.496,177.156,122.502
476.069,365.577,180.7,124.952
477.115,366.608,177.156,122.502
475.17,366.352,180.7,124.952
474.482,366.701,180.7,124.952
474.063,366.835,180.7,124.952
473.188,367.21,180.7,124.952
471.004,366.245,184.313,127.451
469.968,366.661,184.313,127.451
468.979,366.798,184.313,127.451
470.14,368.264,180.7,124.952
469.294,368.863,180.7,124.952
467.051,367.899,184.313,127.451
465.943,368.052,184.313,127.451
464.989,368.655,184.313,127.451
463.919,368.754,184.313,127.451
465.262,370.665,180.7,124.952
464.38,371.525,180.7,124.952
463.837,372.084,180.7,124.952
462.757,372.788,180.7,124.952
461.456,373.009,180.7,124.952
461.392,373.741,180.7,124.952
460.599,374.399,180.7,124.952
458.173,373.748,184.313,127.451
458.306,375.178,180.7,124.952
455.956,374.893,184.313,127.451
454.332,375.384,184.313,127.451
455.392,376.745,180.7,124.952
453.139,376.222,184.313,127.451
452.191,377.17,184.313,127.451
451.149,377.403,184.313,127.451
450.219,377.314,184.313,127.451
449.752,378.191,184.313,127.451
449.296,378.951,184.313,127.451
446.326,378.144,188,130
445.354,377.889,188,130
446.732,380.046,184.313,127.451
445.819,380.728,184.313,127.451
444.711,380.96,184.313,127.451
443.832,381.877,184.313,127.451
443.227,382.169,184.313,127.451
441.75,382.952,184.313,127.451
439.26,382.187,188,130
440.023,383.514,184.313,127.451
439.166,384.141,184.313,127.451
438.761,385.241,184.313,127.451
436.597,384.789,188,130
435.746,384.352,188,130
434.863,384.477,188,130
434.281,384.802,188,130
433.554,385.413,188,130
432.719,385.454,188,130
432.471,385.874,188,130
432.203,386.623,188,130
432.04,386.853,188,130
429.093,386.086,191.76,132.6
430.854,386.631,188,130
428.137,386.429,191.76,132.6
428.66,387.724,188,130
428.503,388.442,188,130
428.439,388.935,188,130
426.014,388.214,191.76,132.6
423.624,386.559,195.595,135.252
421.744,385.212,199.507,137.957
420.754,385.016,199.507,137.957
421.479,386.55,195.595,135.252
421.075,387.47,195.595,135.252
421.073,387.815,195.595,135.252
420.607,388.012,195.595,135.252
419.251,388.819,195.595,135.252
418.246,388.692,195.595,135.252
417.67,388.988,195.595,135.252
417.36,389.424,195.595,135.252
416.89,389.672,195.595,135.252
416.275,390.315,195.595,135.252
416.098,391.187,195.595,135.252
416.523,391.733,195.595,135.252
415.343,392.043,195.595,135.252
414.753,392.701,195.595,135.252
415.557,392.943,195.595,135.252
414.784,393.441,195.595,135.252
413.343,392.621,199.507,137.957
414.733,394.43,195.595,135.252
415.121,394.975,195.595,135.252
413.384,394.282,199.507,137.957
412.851,393.802,199.507,137.957
412.486,394.077,199.507,137.957
412.199,394.316,199.507,137.957
411.369,393.491,203.497,140.716
411.896,395.277,199.507,137.957
410.609,394.452,203.497,140.716
410.657,395.196,203.497,140.716
410.666,395.654,203.497,140.716
410.293,395.986,203.497,140.716
410.117,396.422,203.497,140.716
411.204,397.301,203.497,140.716
410.714,397.86,203.497,140.716
410.025,398.393,203.497,140.716
408.926,397.691,207.567,143.53
409.031,398.091,207.567,143.53
409.47,398.88,207.567,143.53
409.919,400.709,203.497,140.716
410.229,401.375,203.497,140.716
408.418,401.207,207.567,143.53
408.608,401.702,207.567,143.53
408.432,402.058,207.567,143.53
408.407,402.967,207.567,143.53
409.085,403.695,207.567,143.53
407.447,402.545,211.718,146.401
407.86,402.802,211.718,146.401
408.111,403.244,211.718,146.401
408.866,403.867,211.718,146.401
407.457,402.939,215.953,149.329
407.771,403.238,215.953,149.329
408.187,404.064,215.953,149.329
