607.997,344.017,17,8
607.612,344.181,17,8
606.517,344.358,17,8
605.785,344.54,17,8
604.904,344.832,17,8
603.95,345.18,17,8
603.494,344.58,17,8
603.488,345.245,17,8
602.542,345.018,17,8
601.025,344.666,17,8
600.867,345.438,17,8
599.919,345.348,17,8
599.354,345.275,17,8
599.265,345.284,17,8
598.673,345.287,17,8
597.932,345.299,17,8
598.187,345.345,17,8
598.534,345.519,17,8
598.32,345.625,17,8
599.445,345.632,17,8
600.016,345.76,17,8
599.97,345.899,17,8
600.322,346.028,17,8
601.142,345.11,17,8
601.231,345.176,17,8
602.095,345.282,17,8
602.13,345.431,17,8
602.466,345.711,17,8
603.224,346.093,17,8
603.357,345.655,17,8
603.849,346.324,17,8
603.642,345.973,17,8
603.668,346.585,17,8
603.964,346.336,17,8
604.793,346.185,17,8
604.823,346.046,17,8
605.003,345.97,17,8
605.429,346.914,17,8
606.588,346.773,17,8
605.961,346.566,17,8
606.624,346.297,17,8
606.488,345.897,17,8
607.696,346.403,17,8
607.398,345.877,17,8
608.225,346.192,17,8
608.339,345.391,17,8
608.845,345.453,17,8
608.72,345.407,17,8
608.586,345.265,17,8
608.836,345.008,17,8
609.233,344.259,17,8
610.012,344.263,17,8
609.909,344,17,8
609.953,344.236,17,8
610.076,343.202,17,8
610.48,342.573,17,8
610.865,342.535,17,8
610.361,342.192,17,8
611.1,341.453,17,8
611.027,341.396,17,8
610.987,340.815,17,8
611.049,340.808,17,8
611.292,340.408,17,8
611.531,339.597,17,8
610.791,339.459,17,8
611.254,338.7,17,8
611.787,338.609,17,8
611.315,338.149,17,8
611.588,337.282,17,8
611.266,337.002,17,8
611.583,336.128,17,8
610.773,335.939,17,8
610.837,336.206,17,8
610.784,335.052,17,8
610.569,334.437,17,8
610.355,334.336,17,8
610.878,333.643,17,8
610.164,333.576,17,8
610.392,333.17,17,8
610.325,332.308,17,8
610.374,331.876,17,8
610.141,331.955,17,8
609.613,331.756,17,8
609.087,331.4,17,8
609.353,330.644,17,8
609.571,330.628,17,8
608.616,330.514,17,8
608.385,330.196,17,8
609.239,329.771,17,8
608.94,329.978,17,8
608.659,329.936,17,8
608.283,329.788,17,8
608.746,329.558,17,8
608.166,329.189,17,8
608.557,328.769,17,8
607.783,329.436,17,8
607.861,329.184,17,8
607.92,328.974,17,8
608.038,329.769,17,8
608.114,329.61,17,8
608.477,329.516,17,8
609.207,329.49,17,8
609.244,329.473,17,8
609.677,329.45,17,8
609.636,329.453,17,8
609.878,329.384,17,8
610.52,329.431,17,8
610.473,329.539,17,8
611.552,329.7,17,8
611.074,329.862,17,8
612.291,330.065,17,8
612.81,329.351,17,8
612.591,329.704,17,8
612.742,330.001,17,8
613.281,329.308,17,8
614.178,329.688,17,8
614.464,330.01,17,8
615.278,329.33,17,8
615.484,329.622,17,8
616.216,329.816,17,8
616.434,330.023,17,8
617.098,329.242,17,8
617.229,329.393,17,8
617.714,329.512,17,8
617.783,329.527,17,8
618.402,329.534,17,8
619.579,329.424,17,8
619.262,329.197,17,8
620.322,328.941,17,8
620.651,329.597,17,8
620.656,329.146,17,8
621.058,328.714,17,8
621.96,329.19,17,8
622.101,328.608,17,8
622.691,328.919,17,8
622.961,329.2,17,8
623.493,328.427,17,8
624.485,328.589,17,8
625.023,328.648,17,8
625.058,328.668,17,8
625.871,328.579,17,8
626.034,328.399,17,8
626.431,328.179,17,8
627.388,327.873,17,8
627.71,328.461,17,8
627.613,327.904,17,8
628.007,328.333,17,8
628.882,327.54,17,8
629.097,327.662,17,8
629.758,327.75,17,8
630.023,327.717,17,8
630.738,327.504,17,8
631.071,327.341,17,8
631.766,326.959,17,8
631.93,327.672,17,8
632.871,327.299,17,8
633.192,326.861,17,8
634.126,327.388,17,8
634.573,326.945,17,8
634.49,327.329,17,8
636.2,326.623,17,8
636.361,326.877,17,8
637.034,327.061,17,8
637.003,326.337,17,8
637.588,326.509,17,8
637.778,326.693,17,8
638.523,326.946,17,8
638.791,327.15,17,8
639.551,326.274,17,8
639.773,326.412,17,8
640.521,326.58,17,8
640.829,326.654,17,8
641.46,326.719,17,8
642.491,326.717,17,8
643.078,326.705,17,8
643.249,326.654,17,8
643.616,326.515,17,8
643.473,326.318,17,8
644.642,326.141,17,8
644.282,325.776,17,8
645.438,326.211,17,8
645.816,325.706,17,8
645.568,326.09,17,8
645.591,325.487,17,8
645.971,325.897,17,8
646.869,326.159,17,8
646.849,325.441,17,8
647.148,325.648,17,8
647.665,325.795,17,8
647.427,325.871,17,8
648.417,325.941,17,8
648.743,325.995,17,8
648.417,326.006,17,8
649.125,325.031,17,8
649.444,325.076,17,8
650.131,324.919,17,8
650.152,325.663,17,8
650.548,325.45,17,8
650.277,325.172,17,8
651.165,324.94,17,8
651.588,325.718,17,8
651.28,325.384,17,8
652.252,324.989,17,8
652.59,325.77,17,8
652.491,325.358,17,8
653.697,325.088,17,8
653.333,324.912,17,8
654.151,325.751,17,8
654.565,325.697,17,8
654.383,325.735,17,8
655.77,325.856,17,8
655.589,326.105,17,8
655.675,325.53,17,8
656.098,326.081,17,8
656.843,325.863,17,8
656.764,326.76,17,8
656.799,326.771,17,8
656.79,326.831,17,8
656.797,327.056,17,8
656.52,326.627,17,8
656.199,327.367,17,8
656.617,327.326,17,8
656.116,327.442,17,8
656.401,327.481,17,8
656.837,327.492,17,8
655.96,327.58,17,8
655.935,327.652,17,8
655.775,327.713,17,8
655.49,327.871,17,8
655.782,327.963,17,8
654.391,328.154,17,8
654.525,327.39,17,8
653.362,327.599,17,8
653.767,327.962,17,8
652.903,328.531,17,8
652.512,328.222,17,8
651.549,328.045,17,8
651.197,327.958,17,8
651.415,328.944,17,8
650.859,328.945,17,8
649.673,329.077,17,8
649.005,328.28,17,8
648.795,328.532,17,8
648.042,328.74,17,8
647.71,328.981,17,8
646.464,329.2,17,8
646.545,328.488,17,8
645.304,328.71,17,8
645.424,329.082,17,8
645.028,328.446,17,8
643.923,328.933,17,8
642.971,329.468,17,8
642.381,329.092,17,8
642.384,328.868,17,8
642.057,329.583,17,8
640.774,329.385,17,8
640.043,329.333,17,8
639.891,329.206,17,8
639.188,329.27,17,8
638.864,329.22,17,8
637.95,329.112,17,8
637.767,329.048,17,8
636.994,328.961,17,8
636.777,329.728,17,8
636.358,329.581,17,8
636.07,329.199,17,8
635.367,328.673,17,8
635.183,329.104,17,8
634.454,328.473,17,8
634.123,328.746,17,8
633.188,329.005,17,8
632.658,328.212,17,8
631.721,328.356,17,8
631.282,328.459,17,8
631.258,328.542,17,8
630.715,328.584,17,8
629.614,328.609,17,8
628.968,328.666,17,8
628.745,328.781,17,8
628.017,329.005,17,8
627.625,328.296,17,8
626.873,328.736,17,8
626.658,329.175,17,8
625.726,328.838,17,8
625.341,329.613,17,8
625.452,329.485,17,8
625.103,329.467,17,8
624.535,329.534,17,8
623.628,329.695,17,8
623.19,329.924,17,8
623.138,330.364,17,8
622.634,330.151,17,8
621.575,330.092,17,8
620.955,330.197,17,8
620.737,330.63,17,8
619.968,331.356,17,8
619.649,331.229,17,8
618.94,331.404,17,8
618.59,331.6,17,8
617.744,331.969,17,8
617.28,332.39,17,8
617.445,331.834,17,8
617.156,332.269,17,8
616.235,331.723,17,8
615.742,332.182,17,8
614.635,331.616,17,8
613.571,331.938,17,8
613.001,332.249,17,8
612.607,331.612,17,8
611.429,331.93,17,8
611.502,332.291,17,8
609.977,331.621,17,8
609.831,331.871,17,8
608.833,332.039,17,8
608.332,331.231,17,8
607.844,331.396,17,8
606.982,331.458,17,8
606.373,331.55,17,8
606.088,331.635,17,8
605.17,331.801,17,8
604.37,332.065,17,8
604.06,331.408,17,8
603.032,331.815,17,8
602.79,332.28,17,8
602.079,331.926,17,8
601.9,332.527,17,8
601.401,332.223,17,8
601.828,331.932,17,8
601.477,332.699,17,8
602.062,332.523,17,8
601.756,332.443,17,8
601.524,332.368,17,8
601.227,332.345,17,8
601.775,332.394,17,8
601.503,332.444,17,8
601.266,332.636,17,8
602.076,332.847,17,8
602.249,333.112,17,8
602.42,332.393,17,8
602.808,332.695,17,8
602.854,332.87,17,8
603.085,333.044,17,8
603.419,332.161,17,8
603.845,332.278,17,8
603.115,332.489,17,8
603.472,332.669,17,8
603.732,333.009,17,8
603.233,332.457,17,8
603.43,333.055,17,8
603.561,332.806,17,8
602.706,333.617,17,8
602.833,333.352,17,8
603.178,333.121,17,8
603.507,332.857,17,8
602.966,333.514,17,8
603.152,333.121,17,8
603.493,332.664,17,8
603.733,332.921,17,8
603.483,333.122,17,8
604.078,332.326,17,8
603.836,332.472,17,8
603.547,332.6,17,8
603.316,332.713,17,8
604.195,332.826,17,8
604.082,333.029,17,8
603.956,332.337,17,8
603.906,332.704,17,8
604.139,332.972,17,8
604.707,333.441,17,8
604.577,332.9,17,8
604.58,333.443,17,8
604.736,332.897,17,8
605.28,333.312,17,8
605.948,332.784,17,8
605.939,333.269,17,8
606.226,332.903,17,8
606.485,333.545,17,8
607.14,333.306,17,8
606.921,333.076,17,8
607.261,332.845,17,8
608.22,333.676,17,8
608.629,333.501,17,8
608.709,333.367,17,8
608.992,333.229,17,8
609.65,333.122,17,8
609.152,333.038,17,8
609.736,333.014,17,8
609.316,333.021,17,8
609.857,333.06,17,8
609.656,333.149,17,8
609.408,333.354,17,8
610.391,333.579,17,8
610.231,333.873,17,8
610.274,334.198,17,8
610.633,333.667,17,8
610.17,334.146,17,8
610.559,333.757,17,8
610.025,334.417,17,8
610.212,334.102,17,8
610.352,333.91,17,8
610.656,334.758,17,8
610.244,334.632,17,8
610.868,334.566,17,8
611.175,334.523,17,8
611.537,334.553,17,8
611.107,334.686,17,8
611.275,334.896,17,8
611.261,335.379,17,8
611.193,335.128,17,8
611.334,335.03,17,8
611.466,335.243,17,8
612.191,335.55,17,8
612.108,336.087,17,8
612.919,335.713,17,8
613.497,336.199,17,8
614.51,335.902,17,8
613.761,336.66,17,8
614.166,336.439,17,8
614.704,336.219,17,8
614.532,335.978,17,8
614.484,336.724,17,8
615.432,336.525,17,8
615.697,336.429,17,8
615.072,336.484,17,8
615.339,336.576,17,8
615.943,336.785,17,8
615.645,336.969,17,8
615.452,337.213,17,8
616.308,336.547,17,8
616.66,337.032,17,8
616.804,336.742,17,8
617.18,337.605,17,8
618.281,337.571,17,8
619.367,337.584,17,8
619.959,337.59,17,8
619.772,337.63,17,8
619.748,337.777,17,8
619.831,338.002,17,8
620.225,337.261,17,8
620.521,337.654,17,8
620.215,338.19,17,8
620.864,337.87,17,8
620.763,338.787,17,8
621.069,338.732,17,8
621.637,338.767,17,8
621.368,338.858,17,8
622.025,339.076,17,8
621.941,338.57,17,8
621.67,339.107,17,8
621.654,338.873,17,8
621.551,339.619,17,8
621.482,339.508,17,8
622.793,339.413,17,8
622.726,339.444,17,8
623.003,339.7,17,8
624.052,339.877,17,8
624.825,340.198,17,8
625.74,339.913,17,8
625.921,340.588,17,8
626.687,340.498,17,8
627.03,340.607,17,8
627.734,340.903,17,8
627.656,341.432,17,8
627.791,341.177,17,8
628.712,341.238,17,8
628.734,341.451,17,8
628.856,341.922,17,8
629.249,342.647,17,8
630.154,342.53,17,8
630.851,342.542,17,8
631.605,342.636,17,8
631.935,342.844,17,8
632.826,343.142,17,8
633.406,342.569,17,8
634.292,343.077,17,8
634.819,342.895,17,8
634.537,343.79,17,8
634.537,343.825,17,8
634.842,343.887,17,8
635.248,344.176,17,8
636.285,343.642,17,8
636.912,344.002,17,8
637.481,343.473,17,8
638.239,344.011,17,8
638.836,343.658,17,8
639.072,344.495,17,8
639.455,344.517,17,8
640.02,344.63,17,8
639.723,344.845,17,8
639.508,345.147,17,8
639.505,344.767,17,8
639.489,345.548,17,8
640.385,345.427,17,8
640.492,345.491,17,8
640.696,345.808,17,8
640.024,346.229,17,8
640.457,345.705,17,8
641.522,346.395,17,8
641.363,346.182,17,8
642.608,346.119,17,8
643.108,346.22,17,8
645.336,346.486,17,8
645.962,346.995,17,8
647.028,347.381,17,8
648.502,346.993,17,8
649.32,347.952,17,8
650.155,348.067,17,8
650.237,347.324,17,8
650.971,348.086,17,8
650.81,347.986,17,8
650.44,349.234,17,8
651.069,348.746,17,8
650.594,349.537,17,8
649.79,349.508,17,8
649.797,349.712,17,8
649.823,350.464,17,8
649.656,350.57,17,8
649.487,351.018,17,8
649.873,350.826,17,8
649.774,351.802,17,8
649.941,352.004,17,8
650.205,351.493,17,8
650.774,352.371,17,8
650.421,352.326,17,8
650.357,352.643,17,8
650.104,353.236,17,8
649.522,353.144,17,8
648.368,353.287,17,8
648.542,353.827,17,8
647.533,354.614,17,8
646.442,354.874,17,8
646.649,355.537,17,8
645.122,355.705,17,8
644.829,356.104,17,8
644.311,355.929,17,8
644.578,356.926,17,8
643.718,357.229,17,8
643.565,356.972,17,8
642.991,357.927,17,8
643.234,358.17,17,8
642.684,357.983,17,8
641.599,359.07,17,8
641.026,358.577,17,8
640.918,359.419,17,8
640.305,359.521,17,8
640.028,360.245,17,8
638.545,360.441,17,8
637.134,361.087,17,8
636.541,361.301,17,8
635.196,361.9,17,8
634.519,363.145,17,8
633.244,362.897,17,8
632.765,364.097,17,8
631.306,363.727,17,8
631.201,364.922,17,8
629.805,365.947,17,8
628.483,366.412,17,8
628.513,366.596,17,8
626.479,367.299,17,8
626.497,367.737,17,8
624.936,368.927,17,8
623.374,369.803,17,8
623.289,370.326,17,8
621.515,370.653,17,8
619.779,371.617,17,8
618.617,372.361,17,8
616.908,372.52,17,8
616.571,373.244,17,8
615.157,373.444,17,8
614.408,374.107,17,8
613.316,374.631,17,8
612.257,375.74,17,8
610.488,376.228,17,8
609.422,376.251,17,8
608.337,376.986,17,8
606.132,378.421,17,8
604.517,378.317,17,8
603.019,379.219,17,8
601.616,379.527,17,8
600.61,380.554,17,8
598.433,381.384,17,8
597.388,381.768,17,8
595.934,383.038,17,8
593.276,383.002,17,8
592.055,383.957,17,8
589.79,386.012,17,8
587.824,385.875,17,8
585.996,387.489,17,8
584.738,388.017,17,8
582.812,388.197,17,8
581.26,389.248,17,8
580.457,390.088,17,8
579.56,390.817,17,8
577.488,392.354,17,8
577.17,392.807,17,8
575.425,394.424,17,8
574.057,395.104,17,8
572.58,395.778,17,8
570.76,397.648,17,8
569.293,398.558,17,8
568.147,400.064,17,8
566.656,400.742,17,8
564.642,402.56,17,8
562.78,403.567,17,8
561.473,404.794,17,8
560.34,406.642,17,8
558.466,407.648,17,8
556.867,408.784,17,8
554.641,410.178,17,8
552.851,410.915,17,8
550.311,412.772,17,8
549.135,414.112,17,8
547.041,415.223,17,8
544.623,416.396,17,8
542.332,418.051,17,8
539.542,419.235,17,8
536.912,421.147,17,8
535.409,422.832,17,8
532.913,424.851,17,8
529.622,426.22,17,8
526.361,427.512,17,8
523.584,428.786,17,8
520.382,430.918,17,8
517.387,432.067,17,8
515.546,433.055,17,8
511.99,435.075,17,8
508.482,436.489,17,8
505.893,438.685,17,8
502.312,440.691,17,8
499.791,442.225,17,8
496.584,443.291,17,8
492.553,445.105,17,8
488.628,446.878,17,8
485.52,449.152,17,8
481.878,450.448,17,8
477.266,453.229,17,8
474.136,455.039,17,8
470.04,457.028,17,8
465.719,458.783,17,8
461.604,461.584,17,8
455.949,463.628,17,8
452.054,465.856,17,8
447.779,468.01,17,8
443.936,469.146,17,8
439.843,471.221,17,8
435.102,473.77,17,8
430.215,475.932,17,8
426.289,478.153,17,8
422.304,479.451,17,8
417.715,481.423,17,8
411.409,483.831,17,8
407.734,485.696,17,8
401.714,486.822,17,8
396.007,487.669,17,8
392.007,488.786,17,8
385.922,490.704,17,8
379.662,491.764,17,8
373.433,492.867,17,8
368.007,494.203,17,8
362.03,495.021,17,8
353.583,497.07,17,8
345.729,498.167,17,8
339.124,500.115,17,8
332.29,502.067,17,8
324.775,504,17,8
313.921,508.046,17,8
305.158,509.163,17,8
297.215,511.88,17,8
297.215,511.88,17,8
297.215,511.88,17,8
297.215,511.88,17,8
297.215,511.88,17,8
297.215,511.88,17,8
297.215,511.88,17,8
297.215,511.88,17,8
297.215,511.88,17,8
297.215,511.88,17,8
297.215,511.88,17,8
297.215,511.88,17,8
297.215,511.88,17,8
297.215,511.88,17,8
297.215,511.88,17,8
297.215,511.88,17,8
297.215,511.88,17,8
297.215,511.88,17,8
