1038.99,408.117,165,74
1034.67,408.087,165,74
1028.87,408.18,165,74
1025.59,408.144,165,74
1021.23,408.714,161.765,72.549
1014.56,408.905,161.765,72.549
1009.34,407.748,165,74
1005.19,407.939,165,74
998.313,407.425,168.3,75.48
994.556,407.505,165,74
989.78,408.245,161.765,72.549
986.854,407.978,161.765,72.549
980.002,407.027,165,74
974.99,406.974,165,74
970.677,407.282,165,74
961.956,406.407,168.3,75.48
960.395,408.03,158.593,71.1265
956.659,407.057,161.765,72.549
950.581,406.987,161.765,72.549
945.535,406.958,161.765,72.549
939.55,406.797,161.765,72.549
934.129,406.713,161.765,72.549
928.843,407.021,161.765,72.549
925.416,406.308,161.765,72.549
919.655,406.371,161.765,72.549
913.459,406.406,161.765,72.549
908.636,406.33,161.765,72.549
902.751,405.206,165,74
897.811,405.132,165,74
893.195,405.041,165,74
887.256,405.032,165,74
882.726,404.82,165,74
876.766,405.361,165,74
873.321,405.13,165,74
868.411,405.09,165,74
862.2,405.155,165,74
856.673,405.106,165,74
851.87,405.202,165,74
847.762,405.176,165,74
842.184,405.056,165,74
838.43,405.686,161.765,72.549
833.795,406.392,158.593,71.1265
827.85,405.829,161.765,72.549
824.737,405.402,161.765,72.549
819.578,406.098,158.593,71.1265
811.625,405.524,161.765,72.549
807.155,406.033,158.593,71.1265
801.06,405.695,158.593,71.1265
795.379,405.622,158.593,71.1265
791.593,405.603,158.593,71.1265
786.15,406.045,155.483,69.7318
778.343,405.86,158.593,71.1265
774.625,406.027,155.483,69.7318
767.974,406.594,155.483,69.7318
762.323,405.904,158.593,71.1265
753.986,404.837,161.765,72.549
749.116,404.857,158.593,71.1265
742.862,405.002,158.593,71.1265
736.735,404.924,158.593,71.1265
731.112,404.951,158.593,71.1265
724.96,405.276,158.593,71.1265
719.299,405.567,158.593,71.1265
715.188,405.558,158.593,71.1265
709.888,405.301,158.593,71.1265
704.597,405.722,158.593,71.1265
698.191,405.67,158.593,71.1265
693.135,405.767,158.593,71.1265
688.334,405.762,158.593,71.1265
682.829,405.873,158.593,71.1265
677.159,405.997,158.593,71.1265
671.051,406.179,158.593,71.1265
665.652,406.499,158.593,71.1265
661.33,406.582,158.593,71.1265
655.749,406.321,158.593,71.1265
649.774,406.787,158.593,71.1265
643.14,406.715,158.593,71.1265
638.15,406.663,158.593,71.1265
632.951,406.875,158.593,71.1265
627.637,407.093,158.593,71.1265
621.839,406.831,161.765,72.549
615.931,407.373,158.593,71.1265
609.476,408.05,158.593,71.1265
604.95,408.12,158.593,71.1265
599.021,408.42,158.593,71.1265
591.884,408.186,161.765,72.549
585.467,408.387,161.765,72.549
579.067,408.487,161.765,72.549
572.919,408.193,165,74
567.337,408.38,165,74
562.328,408.708,165,74
553.356,408.442,168.3,75.48
548.301,408.91,165,74
541.884,409.02,168.3,75.48
534.421,409.205,168.3,75.48
528.867,409.604,168.3,75.48
521.272,409.54,168.3,75.48
515.384,409.583,168.3,75.48
509.587,409.925,168.3,75.48
503.615,410.195,168.3,75.48
495.702,410.073,171.666,76.9896
488.453,410.677,171.666,76.9896
482.207,410.981,171.666,76.9896
475.981,411.435,171.666,76.9896
468.949,411.308,175.099,78.5294
462.867,411.66,175.099,78.5294
454.641,412.439,175.099,78.5294
446.545,412.199,178.601,80.0999
440.209,412.103,178.601,80.0999
433.921,412.316,178.601,80.0999
427.056,413.041,178.601,80.0999
419,413.764,178.601,80.0999
412.639,415.05,178.601,80.0999
406.236,414.488,182.173,81.7019
399.409,415.874,182.173,81.7019
393.491,417.253,182.173,81.7019
386.02,418.383,182.173,81.7019
377.52,418.864,185.817,83.336
372.202,420.114,185.817,83.336
365.852,421.576,185.817,83.336
361.416,422.254,185.817,83.336
351.468,424.243,185.817,83.336
344.564,424.596,189.533,85.0027
337.314,424.934,193.324,86.7028
333.223,427.208,189.533,85.0027
325.779,428.586,193.324,86.7028
316.385,431.142,197.19,88.4368
312.779,433.849,197.19,88.4368
306.252,436.442,197.19,88.4368
301.015,438.991,201.134,90.2055
297.011,440.325,201.134,90.2055
292.453,444.629,201.134,90.2055
285.693,447.065,205.157,92.0097
282.268,448.853,205.157,92.0097
278.576,452.569,205.157,92.0097
274.358,454.115,205.157,92.0097
269.2,456.828,205.157,92.0097
262.053,459.329,209.26,93.8498
256.799,461.237,209.26,93.8498
251.381,463.326,209.26,93.8498
247.228,466.419,209.26,93.8498
240.874,470.43,209.26,93.8498
233.485,472.637,213.445,95.7268
229.134,476.084,213.445,95.7268
220.852,477.458,222.068,99.5942
215.139,479.567,222.068,99.5942
208.526,483.15,222.068,99.5942
201.904,484.857,226.509,101.586
195.782,487.427,226.509,101.586
191.371,489.782,226.509,101.586
186.832,492.409,226.509,101.586
180.53,495.764,226.509,101.586
173.992,497.198,231.04,103.618
169.234,499.676,231.04,103.618
164.043,502.502,231.04,103.618
158.514,504.977,231.04,103.618
150.943,508.121,235.66,105.69
148.623,509.905,235.66,105.69
144.533,511.75,235.66,105.69
142.071,513.651,235.66,105.69
136.874,514.459,240.374,107.804
132.622,516.767,240.374,107.804
129.066,516.583,245.181,109.96
125.325,517.573,245.181,109.96
122.778,518.353,245.181,109.96
120.028,519.065,245.181,109.96
115.897,520.234,245.181,109.96
114.651,520.833,245.181,109.96
114.389,521.649,245.181,109.96
115.293,522.25,245.181,109.96
114.948,523.021,245.181,109.96
114.863,523.864,245.181,109.96
115.32,525.735,245.181,109.96
116.765,526.577,245.181,109.96
122.354,526.372,250.085,112.159
127.12,526.356,250.085,112.159
137.748,526.054,250.085,112.159
145.749,526.207,250.085,112.159
154.782,526.233,250.085,112.159
167.492,525.257,250.085,112.159
182.286,524.197,250.085,112.159
209.977,522.566,250.085,112.159
224.78,520.936,250.085,112.159
235.928,518.825,250.085,112.159
243.767,515.906,255.086,114.402
252.536,511.084,260.188,116.69
266.179,506.002,260.188,116.69
269.888,501.935,260.188,116.69
282.908,498.948,260.188,116.69
290.265,495.406,255.086,114.402
296.913,490.18,255.086,114.402
305.625,486.698,255.086,114.402
310.174,484.536,250.085,112.159
314.809,482.788,245.181,109.96
317.262,481.253,240.374,107.804
318.998,478.148,240.374,107.804
317.585,475.695,240.374,107.804
315.168,475.409,240.374,107.804
311.73,475.346,240.374,107.804
307.852,475.133,240.374,107.804
302.964,475.285,240.374,107.804
295.467,474.597,240.374,107.804
291.316,475.098,240.374,107.804
285.282,475.082,240.374,107.804
279.799,475.045,240.374,107.804
274.602,473.547,245.181,109.96
271.677,471.362,245.181,109.96
268.047,470.126,245.181,109.96
266.429,468.474,245.181,109.96
264.888,466.936,245.181,109.96
266.822,465.574,245.181,109.96
265.057,463.405,245.181,109.96
265.083,461.119,245.181,109.96
267.425,458.276,245.181,109.96
266.218,455.637,245.181,109.96
266.968,453.158,245.181,109.96
268.835,448.345,245.181,109.96
270.247,445.595,245.181,109.96
272.757,442.622,245.181,109.96
277.267,439.656,245.181,109.96
276.976,437.482,245.181,109.96
281.604,434.023,245.181,109.96
281.697,432.215,245.181,109.96
286.645,431.487,240.374,107.804
290.779,430.457,240.374,107.804
293.045,429.774,240.374,107.804
297.116,429.059,240.374,107.804
299.885,429.021,240.374,107.804
303.191,428.181,240.374,107.804
309.766,427.672,235.66,105.69
315.758,427.603,231.04,103.618
323.577,426.697,226.509,101.586
327.417,425.999,226.509,101.586
329.123,424.223,231.04,103.618
332.156,422.783,231.04,103.618
336.591,421.736,231.04,103.618
338.568,418.857,235.66,105.69
340.581,417.236,235.66,105.69
343.081,415.695,235.66,105.69
345.587,414.405,235.66,105.69
347.719,412.918,235.66,105.69
348.022,410.445,240.374,107.804
349.343,409.293,240.374,107.804
350.944,407.639,240.374,107.804
352.695,406.155,240.374,107.804
359.381,404.955,235.66,105.69
362.137,402.956,235.66,105.69
365.827,401.502,235.66,105.69
366.479,398.579,240.374,107.804
368.867,397.021,240.374,107.804
369.348,394.279,245.181,109.96
374.1,392.269,250.085,112.159
374.329,388.748,250.085,112.159
382.807,388.217,245.181,109.96
386.124,385.996,245.181,109.96
391.719,384.354,245.181,109.96
396.308,383.568,250.085,112.159
398.714,381.202,250.085,112.159
402.953,378.745,250.085,112.159
405.889,378.721,250.085,112.159
414.52,378.559,245.181,109.96
419.75,377.046,245.181,109.96
427.086,377.283,240.374,107.804
431.814,377.208,240.374,107.804
435.829,376.073,240.374,107.804
439.136,374.251,245.181,109.96
443.857,371.847,250.085,112.159
448.146,368.581,250.085,112.159
451.171,366.101,250.085,112.159
458.802,363.148,245.181,109.96
465.578,363.485,245.181,109.96
470.59,360.253,250.085,112.159
478.208,356.253,245.181,109.96
481.392,354.145,245.181,109.96
489.11,353.423,240.374,107.804
492.739,352.539,240.374,107.804
499.4,352.137,235.66,105.69
502.624,351.903,235.66,105.69
503.749,350.181,240.374,107.804
506.429,349.178,240.374,107.804
508.753,348.461,240.374,107.804
508.307,346.706,245.181,109.96
507.337,344.815,250.085,112.159
508.085,344.807,250.085,112.159
510.378,343.656,250.085,112.159
509.833,341.903,255.086,114.402
513.517,339.722,255.086,114.402
515.235,340.615,255.086,114.402
519.791,339.996,255.086,114.402
522.389,339.304,255.086,114.402
526.283,338.648,255.086,114.402
530.701,338.259,255.086,114.402
533.824,337.786,255.086,114.402
536.179,337.404,255.086,114.402
540.996,336.763,255.086,114.402
543.192,336.361,255.086,114.402
547.114,335.559,255.086,114.402
548.577,335.856,255.086,114.402
550.742,334.786,255.086,114.402
551.137,335.439,255.086,114.402
552.284,334.581,255.086,114.402
552.479,334.323,255.086,114.402
550.977,334.66,255.086,114.402
550.741,333.848,255.086,114.402
548.964,333.516,255.086,114.402
547.118,333.445,255.086,114.402
546.347,332.655,255.086,114.402
541.83,331.813,260.188,116.69
542.726,332.265,255.086,114.402
541.424,331.674,255.086,114.402
540.702,331.029,255.086,114.402
535.151,330.098,260.188,116.69
533.728,329.404,260.188,116.69
536.054,329.737,255.086,114.402
535.053,330.654,255.086,114.402
533.457,330.34,255.086,114.402
528.687,329.161,260.188,116.69
527.74,328.335,260.188,116.69
526.394,329.144,260.188,116.69
527.473,330.181,255.086,114.402
525.842,330.206,255.086,114.402
524.367,330.903,255.086,114.402
526.463,331.612,250.085,112.159
524.41,332.595,250.085,112.159
523.309,333.549,250.085,112.159
522.2,334.27,250.085,112.159
520.64,335.113,250.085,112.159
522.652,336.611,245.181,109.96
517.611,336.232,250.085,112.159
516.741,336.367,250.085,112.159
515.918,336.612,250.085,112.159
514.45,337.672,250.085,112.159
509.778,337.328,255.086,114.402
507.893,337.646,255.086,114.402
507.12,337.179,255.086,114.402
506.134,337.918,255.086,114.402
503.222,339.751,255.086,114.402
502.148,340.942,255.086,114.402
501.068,341.706,255.086,114.402
500.265,342.369,255.086,114.402
499.366,343.642,255.086,114.402
498.073,345.283,255.086,114.402
496.603,346.431,255.086,114.402
493.991,349.325,255.086,114.402
494.446,350.44,255.086,114.402
490.215,351.294,260.188,116.69
485.763,354.523,265.392,119.024
488.943,356.572,260.188,116.69
487.33,359.614,260.188,116.69
488.053,361.266,260.188,116.69
487.27,363.843,260.188,116.69
486.709,365.784,260.188,116.69
486.6,367.082,260.188,116.69
486.35,367.846,260.188,116.69
485.448,368.811,260.188,116.69
485.151,369.453,260.188,116.69
481.114,369.225,265.392,119.024
479.889,368.905,265.392,119.024
479.094,368.277,265.392,119.024
478.297,368.517,265.392,119.024
478.046,368.057,265.392,119.024
476.567,368.401,265.392,119.024
475.465,369.03,265.392,119.024
475.118,368.464,265.392,119.024
477.951,369.697,260.188,116.69
480.343,369.726,255.086,114.402
481.381,369.897,255.086,114.402
483.838,371.135,250.085,112.159
485.871,372.504,245.181,109.96
485.342,372.078,245.181,109.96
485.921,371.708,245.181,109.96
485.913,371.967,245.181,109.96
485.702,372.476,245.181,109.96
484.897,372.455,245.181,109.96
485.026,372.711,245.181,109.96
483.954,373.497,245.181,109.96
482.059,372.954,245.181,109.96
479.367,372.838,245.181,109.96
478.801,372.35,245.181,109.96
478.022,371.861,245.181,109.96
478.417,372.038,245.181,109.96
477.682,371.184,245.181,109.96
477.671,371.004,245.181,109.96
478.02,371.684,245.181,109.96
481.182,371.608,240.374,107.804
481.7,371.754,240.374,107.804
482.92,371.635,240.374,107.804
482.769,371.966,240.374,107.804
483.383,372.229,240.374,107.804
486.547,372.828,235.66,105.69
486.361,372.419,235.66,105.69
483.662,371.186,240.374,107.804
487.55,371.418,235.66,105.69
487.531,371.339,235.66,105.69
485.715,370.269,240.374,107.804
486.312,370.599,240.374,107.804
484.13,369.68,245.181,109.96
483.118,369.633,245.181,109.96
484.516,368.78,245.181,109.96
482.689,369.579,245.181,109.96
483.294,368.519,245.181,109.96
484.207,368.311,245.181,109.96
485.064,368.319,245.181,109.96
485.943,368.752,245.181,109.96
486.655,369.592,245.181,109.96
487.494,369.999,245.181,109.96
485.871,369.28,250.085,112.159
484.448,368.322,255.086,114.402
484.979,368.369,255.086,114.402
486.013,367.953,255.086,114.402
487.054,367.91,255.086,114.402
488.1,368.202,255.086,114.402
486.555,367.833,260.188,116.69
486.954,367.244,260.188,116.69
483.93,366.741,265.392,119.024
485.303,367.048,265.392,119.024
486.632,366.795,265.392,119.024
488.327,367.219,265.392,119.024
486.229,366.801,270.7,121.405
487.143,366.854,270.7,121.405
485.615,366.088,276.114,123.833
486.73,366.856,276.114,123.833
488.964,367.844,276.114,123.833
485.873,367.184,281.636,126.309
488.716,367.532,281.636,126.309
486.81,366.627,287.269,128.836
485.17,363.863,293.014,131.412
483.381,363.683,298.874,134.041
484.756,364.42,298.874,134.041
486.029,363.986,298.874,134.041
484.553,362.148,304.852,136.721
486.073,362.093,304.852,136.721
488.19,363.502,304.852,136.721
489.871,363.709,304.852,136.721
492.237,363.693,304.852,136.721
497.65,364.609,298.874,134.041
496.475,364.14,304.852,136.721
499.751,364.457,304.852,136.721
501.231,364.561,304.852,136.721
503.324,364.838,304.852,136.721
505.342,365.208,304.852,136.721
508.08,364.102,304.852,136.721
509.664,364.33,304.852,136.721
508.487,363.171,310.949,139.456
511.286,363.351,310.949,139.456
513.063,361.83,310.949,139.456
516.519,363.214,310.949,139.456
518.636,363.426,310.949,139.456
516.891,360.67,317.168,142.245
519.535,361.635,317.168,142.245
517.778,360.308,323.511,145.09
521.036,360.604,323.511,145.09
525.026,358.677,323.511,145.09
531.506,359.882,317.168,142.245
534.638,360.283,317.168,142.245
537.044,359.573,317.168,142.245
544.658,362.723,310.949,139.456
547.645,362.566,310.949,139.456
550.318,362.524,310.949,139.456
552.942,362.78,310.949,139.456
554.826,362.713,310.949,139.456
555.314,360.631,317.168,142.245
556.908,361.173,317.168,142.245
560.172,360.559,317.168,142.245
562.672,360.02,317.168,142.245
565.014,360.206,317.168,142.245
573.592,362.404,310.949,139.456
579.71,363.042,304.852,136.721
582.645,363.213,304.852,136.721
584.991,364.211,304.852,136.721
587.425,363.664,304.852,136.721
593.903,364.809,298.874,134.041
595.653,366.085,298.874,134.041
597.859,364.847,298.874,134.041
599.783,365.88,298.874,134.041
598.54,364.346,304.852,136.721
601.766,363.827,304.852,136.721
603.694,363.697,304.852,136.721
606.26,364.262,304.852,136.721
608.479,365.321,304.852,136.721
614.286,366.625,298.874,134.041
617.097,366.615,298.874,134.041
617.085,365.067,298.874,134.041
618.212,365.393,298.874,134.041
618.305,365.534,298.874,134.041
617.948,366.101,298.874,134.041
617.508,365.556,298.874,134.041
617.138,366.308,298.874,134.041
615.875,365.041,298.874,134.041
614.813,366.019,298.874,134.041
612.781,365.664,298.874,134.041
611.927,366.191,298.874,134.041
609.838,366.526,298.874,134.041
609.761,366.866,298.874,134.041
607.713,366.348,298.874,134.041
606.072,366.51,298.874,134.041
604.1,366.435,298.874,134.041
602.099,366.612,298.874,134.041
600.2,366.857,298.874,134.041
599.029,367.087,298.874,134.041
596.653,367.097,298.874,134.041
593.257,367.478,298.874,134.041
594.597,368.453,293.014,131.412
588.52,367.722,298.874,134.041
590.103,369.601,293.014,131.412
590.943,370.273,287.269,128.836
587.717,370.981,287.269,128.836
585.359,371.147,287.269,128.836
586.595,372.002,281.636,126.309
583.309,371.655,281.636,126.309
580.86,372.22,281.636,126.309
577.807,372.475,281.636,126.309
574.798,372.564,281.636,126.309
574.099,374.464,276.114,123.833
569.978,374.081,276.114,123.833
565.214,374.579,276.114,123.833
560.393,374.537,276.114,123.833
555.929,374.349,276.114,123.833
554.733,375.636,270.7,121.405
549.899,375.841,270.7,121.405
546.524,375.943,270.7,121.405
541.605,375.866,270.7,121.405
538.122,375.868,270.7,121.405
533.732,375.545,270.7,121.405
530.392,375.633,270.7,121.405
529.567,375.443,270.7,121.405
531.872,375.931,265.392,119.024
532.111,375.991,265.392,119.024
532.237,376.057,265.392,119.024
531.693,376.301,265.392,119.024
530.421,375.9,270.7,121.405
533.576,376.29,265.392,119.024
533.947,375.94,265.392,119.024
536.217,375.964,265.392,119.024
539.204,376.095,260.188,116.69
540.164,375.321,260.188,116.69
