780.13,309.921,90,91
770.248,312.154,97.4189,98.5013
765.535,313.202,99.3673,100.471
759.341,315.579,99.3673,100.471
755.163,317.922,97.4189,98.5013
750.086,317.687,97.4189,98.5013
745.343,317.305,97.4189,98.5013
741.207,317.215,95.5087,96.5699
738.087,316.198,95.5087,96.5699
733.768,314.755,93.636,94.6764
727.64,312.859,93.636,94.6764
723.999,311.736,93.636,94.6764
720.388,309.84,93.636,94.6764
714.465,307.282,93.636,94.6764
711.481,306.581,91.8,92.82
706.624,305.138,91.8,92.82
703.701,303.543,90,91
700.035,302.075,88.2353,89.2157
695.913,300.937,90,91
693.169,297.585,88.2353,89.2157
685.787,294.294,91.8,92.82
682.651,293.239,91.8,92.82
677.857,289.926,93.636,94.6764
677.102,289.784,90,91
670.465,287.092,91.8,92.82
669.329,287.122,90,91
664.537,285.006,90,91
663.614,284.289,90,91
658.894,283.001,90,91
659.405,283.077,88.2353,89.2157
655.139,282.309,86.5052,87.4663
654.15,281.443,84.809,85.7513
651.671,281.635,84.809,85.7513
647.906,280.284,84.809,85.7513
646.292,279.201,84.809,85.7513
643.698,277.807,83.1461,84.0699
639.903,277.502,83.1461,84.0699
638.563,276.643,83.1461,84.0699
634.625,275.23,83.1461,84.0699
633.117,274.694,83.1461,84.0699
629.431,273.332,83.1461,84.0699
627.515,273.411,81.5157,82.4215
626.402,273.566,79.9174,80.8054
623.758,273.254,79.9174,80.8054
621.177,271.637,81.5157,82.4215
620.613,273.206,76.8141,77.6676
617.735,271.364,78.3504,79.2209
617.396,271.853,76.8141,77.6676
615.229,271.185,76.8141,77.6676
614.438,270.776,75.3079,76.1447
611.49,270.769,73.8313,74.6517
610.593,269.941,73.8313,74.6517
609.845,269.928,72.3836,73.1879
607.913,269.526,72.3836,73.1879
606.387,268.841,72.3836,73.1879
605.666,268.89,70.9644,71.7528
603.986,268.796,69.5729,70.3459
602.835,268.403,69.5729,70.3459
601.531,267.763,69.5729,70.3459
599.476,267.132,69.5729,70.3459
597.741,266.029,69.5729,70.3459
596.478,265.223,69.5729,70.3459
595.289,265.341,68.2087,68.9666
594.46,265.628,66.8713,67.6143
593.076,264.41,68.2087,68.9666
590.367,263.601,68.2087,68.9666
589.988,262.925,66.8713,67.6143
588.944,262.682,66.8713,67.6143
587.061,261.569,68.2087,68.9666
585.934,260.97,66.8713,67.6143
584.572,260.783,66.8713,67.6143
583.015,260.394,66.8713,67.6143
581.918,259.664,66.8713,67.6143
580.625,259.343,66.8713,67.6143
579.83,259.281,65.5601,66.2885
578.261,258.38,65.5601,66.2885
576.76,258.469,64.2746,64.9888
576.223,258.189,64.2746,64.9888
574.406,257.196,65.5601,66.2885
574.065,256.7,63.0143,63.7145
572.467,256.356,63.0143,63.7145
571.385,255.513,63.0143,63.7145
570.162,254.853,63.0143,63.7145
568.589,254.471,63.0143,63.7145
566.906,253.667,63.0143,63.7145
565.833,253.763,61.7787,62.4652
565.781,254.32,60.5674,61.2404
562.987,253.384,61.7787,62.4652
562.557,252.966,61.7787,62.4652
562.115,253.068,60.5674,61.2404
559.775,252.905,60.5674,61.2404
558.393,252.467,60.5674,61.2404
558.146,252.315,59.3798,60.0396
557.588,252.287,59.3798,60.0396
556.301,252.202,59.3798,60.0396
555.121,251.777,59.3798,60.0396
554.114,251.733,59.3798,60.0396
552.887,251.482,59.3798,60.0396
551.591,250.97,59.3798,60.0396
549.116,249.785,61.7787,62.4651
548.474,249.08,59.3798,60.0396
548.201,249.856,58.2155,58.8623
546.721,249.708,58.2155,58.8623
546.638,249.919,57.074,57.7081
544.808,249.687,58.2155,58.8623
544.529,249.671,57.074,57.7081
543.388,250.495,55.9549,56.5766
543.012,250.631,55.9549,56.5766
542.738,250.631,55.9549,56.5766
541.329,250.211,57.074,57.7081
540.675,249.488,55.9549,56.5766
540.014,249.932,55.9549,56.5766
539.455,249.767,55.9549,56.5766
538.522,249.748,55.9549,56.5766
537.731,249.542,55.9549,56.5766
536.532,249.29,57.074,57.7081
535.147,249.107,55.9549,56.5766
535.43,249.838,54.8577,55.4673
535.378,249.912,54.8577,55.4673
535.615,250.701,53.7821,54.3797
533.975,250.587,54.8577,55.4673
532.539,249.829,55.9549,56.5766
532.438,250.217,54.8577,55.4673
531.572,249.988,55.9549,56.5766
530.619,249.713,55.9549,56.5766
531.198,250.633,53.7821,54.3797
529.649,250.638,54.8577,55.4673
528.942,250.483,54.8577,55.4673
529.046,250.801,53.7821,54.3797
528.309,250.57,54.8577,55.4673
527.533,250.448,54.8577,55.4673
527.145,250.32,54.8577,55.4673
526.138,250.477,54.8577,55.4673
526.319,251.145,53.7821,54.3797
525.554,251.429,53.7821,54.3797
525.365,252.242,52.7275,53.3134
524.727,252.305,52.7275,53.3134
522.887,252.002,53.7821,54.3797
523.634,251.909,52.7275,53.3134
523.832,252.814,51.6937,52.268
522.786,253.548,51.6937,52.268
521.648,253.437,52.7275,53.3134
521.536,254.157,50.6801,51.2432
521.509,254.715,50.6801,51.2432
521.61,255.768,49.6863,50.2384
520.201,256.655,49.6863,50.2384
519.031,256.806,50.6801,51.2432
519.061,257.768,49.6863,50.2384
518.465,257.658,50.6801,51.2432
518.151,258.083,50.6801,51.2432
516.45,258.883,50.6801,51.2432
516.995,259.615,49.6863,50.2384
516.817,260.139,49.6863,50.2384
516.057,260.607,49.6863,50.2384
515.884,261.203,49.6863,50.2384
515.71,262.233,48.7121,49.2533
514.209,263.06,48.7121,49.2533
514.256,263.354,48.7121,49.2533
513.984,264.003,48.7121,49.2533
512.831,264.207,49.6863,50.2384
512.903,265.257,48.7121,49.2533
512.139,266.133,48.7121,49.2533
511.394,266.142,49.6863,50.2384
511.326,266.78,48.7121,49.2533
511.698,267.602,47.757,48.2876
511.556,268.183,47.757,48.2876
511.475,269.18,46.8205,47.3408
511.41,269.045,47.757,48.2876
510.814,268.979,47.757,48.2876
511.875,269.776,45.9025,46.4125
511.975,269.942,46.8205,47.3408
512.023,270.264,46.8205,47.3408
511.701,270.188,47.757,48.2876
512.191,270.326,46.8205,47.3408
512.369,270.839,46.8205,47.3408
512.693,271.038,46.8205,47.3408
512.175,270.962,47.7569,48.2876
511.398,269.356,48.7121,49.2533
512.655,270.783,46.8205,47.3408
513.323,271.63,45.9025,46.4125
513.016,271.552,46.8205,47.3408
513.267,271.6,46.8205,47.3408
513.611,271.665,46.8205,47.3408
513.738,272.445,45.9025,46.4125
513.963,272.659,45.9025,46.4125
513.823,272.565,46.8205,47.3408
513.908,273.195,45.9025,46.4125
514.13,273.303,45.9025,46.4125
514.289,274.229,45.0024,45.5025
514.009,274.104,45.9025,46.4125
514.774,274.509,45.0024,45.5025
514.258,275.021,45.0024,45.5025
514.314,275.431,45.0024,45.5025
514.349,275.416,45.0024,45.5025
514.352,275.574,45.0024,45.5025
514.72,276.485,44.12,44.6103
513.795,276.589,45.0024,45.5025
514.093,277.342,44.12,44.6103
513.075,277.281,45.0024,45.5025
513.862,277.379,44.12,44.6103
513.825,277.866,44.12,44.6103
513.764,277.926,44.12,44.6103
514.06,278.766,43.2549,43.7356
513.466,278.875,44.12,44.6103
513.222,279.078,44.12,44.6103
512.721,279.656,44.12,44.6103
512.781,280.053,44.12,44.6103
512.893,279.863,44.12,44.6103
513.32,280.447,43.2549,43.7356
513.209,280.845,43.2549,43.7356
513.049,281.471,43.2549,43.7356
512.865,281.784,43.2549,43.7356
512.478,282.365,43.2549,43.7356
512.566,282.551,42.4068,42.878
512.983,283.144,42.4068,42.878
513.015,283.518,42.4068,42.878
513.18,283.936,42.4068,42.878
513.518,284.005,42.4068,42.878
514.015,284.245,42.4068,42.878
514.28,284.545,42.4068,42.878
514.864,285.015,42.4068,42.878
515.287,285.328,42.4068,42.878
516.147,285.857,42.4068,42.878
516.857,285.902,42.4068,42.878
517.363,286.263,42.4068,42.878
518.869,286.964,42.4068,42.878
519.389,287.334,42.4068,42.878
520.616,288.038,42.4068,42.878
521.924,288.479,42.4068,42.878
522.358,288.869,42.4068,42.878
524.824,289.426,42.4068,42.878
525.069,289.832,42.4068,42.878
526.707,290.04,42.4068,42.878
529.045,290.306,43.2549,43.7356
529.725,289.264,43.2549,43.7356
531.461,290.111,43.2549,43.7356
533.282,291.577,42.4068,42.878
537.3,292.188,41.5753,42.0372
538.038,292.843,41.5753,42.0372
541.244,293.715,41.5753,42.0372
542.576,294.544,41.5753,42.0372
544.962,294.737,42.4068,42.878
546.53,295.328,41.5753,42.0372
548.851,295.935,41.5753,42.0372
550.757,297.025,41.5753,42.0372
553.899,297.524,40.7601,41.213
554.438,297.488,40.7601,41.213
555.548,297.701,41.5753,42.0372
557.005,298.78,41.5753,42.0372
558.984,300.269,40.7601,41.213
559.576,300.783,40.7601,41.213
561.523,301.442,39.9609,40.4049
561.886,302.488,39.9609,40.4049
563.938,303.813,39.1773,39.6126
563.647,303.151,39.9609,40.4049
566.203,303.896,39.9609,40.4049
566.174,303.827,40.7601,41.213
566.805,304.33,40.7601,41.213
567.609,305.819,39.9609,40.4049
568.526,306.169,40.7601,41.213
568.744,307.025,40.7601,41.213
568.887,307.506,40.7601,41.213
569.46,308.011,40.7601,41.213
570.317,309.034,40.7601,41.213
570.916,309.8,40.7601,41.213
571.358,310.576,40.7601,41.213
571.926,311.114,40.7601,41.213
572.213,312.182,40.7601,41.213
572.623,312.949,40.7601,41.213
572.729,313.505,40.7601,41.213
573.105,313.94,40.7601,41.213
573.528,314.847,40.7601,41.213
573.958,315.493,40.7601,41.213
573.889,315.833,40.7601,41.213
573.749,316.558,40.7601,41.213
573.729,317.023,40.7601,41.213
573.688,317.794,40.7601,41.213
573.688,318.274,40.7601,41.213
573.576,319.035,40.7601,41.213
574.014,319.448,40.7601,41.213
573.925,319.684,40.7601,41.213
573.492,320.28,40.7601,41.213
573.799,321.253,40.7601,41.213
573.036,321.949,40.7601,41.213
573.289,322.268,40.7601,41.213
573.471,323.325,40.7601,41.213
574.109,324.331,39.9609,40.4049
573.878,325.044,39.9609,40.4049
574.242,325.404,39.9609,40.4049
573.938,326.191,39.9609,40.4049
574.347,326.654,39.9609,40.4049
573.963,327.519,39.9609,40.4049
573.921,327.411,40.7601,41.213
572.591,327.2,39.9609,40.4049
573.564,328.175,39.1773,39.6126
573.275,328.565,39.1773,39.6126
573.66,328.404,39.1773,39.6126
572.83,328.028,39.9609,40.4049
573.766,328.875,39.1773,39.6126
573.257,329.129,39.1773,39.6126
573.43,329.446,39.1773,39.6126
572.489,329.223,39.1773,39.6126
572.686,329.074,39.1773,39.6126
572.736,329.645,39.1773,39.6126
573.076,330.03,38.4092,38.8359
573.259,330.551,38.4092,38.8359
573.407,331.193,38.4092,38.8359
573.509,331.223,38.4092,38.8359
573.609,331.355,38.4092,38.8359
573.53,331.537,38.4092,38.8359
573.575,331.878,38.4092,38.8359
573.573,331.614,38.4092,38.8359
573.516,331.437,38.4092,38.8359
573.373,331.842,38.4092,38.8359
573.263,331.591,38.4092,38.8359
572.932,331.357,38.4092,38.8359
572.326,331.345,39.1773,39.6126
572.659,330.99,38.4092,38.8359
572.875,331.358,38.4092,38.8359
572.356,331.593,38.4092,38.8359
572.474,331.231,38.4092,38.8359
572.687,331.507,38.4092,38.8359
572.847,331.741,38.4092,38.8359
571.898,331.145,38.4092,38.8359
572.117,331.314,38.4092,38.8359
572.319,331.388,38.4092,38.8359
572.434,331.39,38.4092,38.8359
572.53,331.296,38.4092,38.8359
572.549,331.173,38.4092,38.8359
572.505,331.076,38.4092,38.8359
572.553,330.916,38.4092,38.8359
572.476,330.754,38.4092,38.8359
572.411,330.707,38.4092,38.8359
572.335,330.639,38.4092,38.8359
571.969,330.647,38.4092,38.8359
571.233,330.711,38.4092,38.8359
571.277,330.714,38.4092,38.8359
571.155,330.877,38.4092,38.8359
570.846,331.009,38.4092,38.8359
570.427,331.211,38.4092,38.8359
570.7,331.553,38.4092,38.8359
570.771,331.934,38.4092,38.8359
570.539,331.673,38.4092,38.8359
569.985,331.468,38.4092,38.8359
569.014,331.831,38.4092,38.8359
568.674,331.931,37.656,38.0744
568.089,331.954,37.656,38.0744
568.109,331.893,37.656,38.0744
567.73,331.639,37.656,38.0744
566.785,331.187,37.656,38.0744
566.603,330.22,37.656,38.0744
566.102,330.108,37.656,38.0744
566.16,329.823,37.656,38.0744
566.113,329.964,37.656,38.0744
565.773,329.395,36.9177,37.3279
565.373,329.562,36.9177,37.3279
565.542,329.659,36.9177,37.3279
563.972,329.612,36.9177,37.3279
564.304,329.375,36.9177,37.3279
564.503,328.868,36.9177,37.3279
564.497,329.018,36.9177,37.3279
564.243,329.005,36.9177,37.3279
563.673,328.896,36.9177,37.3279
562.618,328.612,36.9177,37.3279
562.589,328.089,36.9177,37.3279
562.309,328.148,36.9177,37.3279
562.599,328.072,36.9177,37.3279
561.98,327.746,36.9177,37.3279
562.453,327.645,36.1938,36.596
561.95,327.55,36.1938,36.596
560.756,326.914,36.9177,37.3279
561.197,326.936,36.9177,37.3279
561.26,326.852,36.9177,37.3279
561.202,326.752,36.9177,37.3279
560.797,326.475,36.9177,37.3279
560.094,326.199,36.9177,37.3279
560.292,326.758,36.9177,37.3279
560.174,326.445,36.9177,37.3279
560.226,326.336,36.1938,36.596
559.219,326.305,36.1938,36.596
559.042,326.303,36.1938,36.596
558.746,326.265,36.1938,36.596
559.059,326.284,36.1938,36.596
558.434,326.153,36.1938,36.596
558.649,326.149,36.1938,36.596
558.818,326.15,36.1938,36.596
558.874,326.065,36.1938,36.596
558.793,325.994,36.1938,36.596
558.683,325.777,36.1938,36.596
558.499,325.364,36.1938,36.596
558.374,325.566,36.1938,36.596
558.255,325.734,36.1938,36.596
557.998,324.568,36.1938,36.596
557.855,325.615,35.4841,35.8784
558.465,325.951,35.4841,35.8784
557.974,325.797,36.1938,36.5959
556.405,324.194,36.1938,36.5959
556.961,324.777,36.1938,36.5959
557.015,324.798,35.4841,35.8784
557.745,325.571,35.4841,35.8784
558.022,325.66,35.4841,35.8784
558.443,325.843,35.4841,35.8784
558.226,325.862,35.4841,35.8784
558.859,325.999,35.4841,35.8784
558.997,326.127,35.4841,35.8784
559.272,325.398,35.4841,35.8784
559.211,325.518,35.4841,35.8784
559.926,325.741,35.4841,35.8784
560.145,326.051,35.4841,35.8784
560.63,326.363,35.4841,35.8784
560.705,326.035,35.4841,35.8784
561.063,326.57,35.4841,35.8784
561.531,326.441,35.4841,35.8784
561.617,326.365,35.4841,35.8784
562.015,326.377,35.4841,35.8784
562.663,326.515,35.4841,35.8784
562.912,326.619,35.4841,35.8784
563.321,326.821,35.4841,35.8784
563.319,326.99,35.4841,35.8784
563.538,327.193,35.4841,35.8784
563.961,326.685,35.4841,35.8784
564.728,327.146,35.4841,35.8784
564.912,326.858,35.4841,35.8784
565.415,327.465,35.4841,35.8784
565.256,327.294,35.4841,35.8784
566.187,327.26,35.4841,35.8784
566.552,327.316,35.4841,35.8784
566.477,327.396,35.4841,35.8784
566.629,327.64,35.4841,35.8784
567.05,327.886,35.4841,35.8784
567.512,327.903,36.1938,36.5959
567.872,327.115,35.4841,35.8784
568.507,327.477,35.4841,35.8784
568.738,327.897,35.4841,35.8784
569.161,328.319,35.4841,35.8784
570.087,327.893,35.4841,35.8784
570.422,328.371,35.4841,35.8784
570.479,328.096,35.4841,35.8784
570.837,327.864,35.4841,35.8784
571.553,328.568,35.4841,35.8784
571.975,328.57,35.4841,35.8784
572.764,328.625,35.4841,35.8784
573.13,328.859,35.4841,35.8784
573.419,328.734,36.1938,36.5959
573.334,327.682,36.1938,36.5959
574.16,328.949,35.4841,35.8784
575.419,329.584,35.4841,35.8784
575.344,329.301,35.4841,35.8784
575.552,329.197,35.4841,35.8784
576.157,329.202,35.4841,35.8784
577.632,329.256,35.4841,35.8784
577.685,329.388,35.4841,35.8784
578.069,329.654,35.4841,35.8784
578.907,329.936,35.4841,35.8784
579.24,330.301,35.4841,35.8784
580.039,330.044,35.4841,35.8784
580.515,330.558,35.4841,35.8784
580.624,330.371,35.4841,35.8784
580.968,330.216,35.4841,35.8784
581.737,330.084,35.4841,35.8784
582.209,329.978,35.4841,35.8784
583.135,330.746,35.4841,35.8784
583.618,330.689,35.4841,35.8784
583.743,330.626,35.4841,35.8784
584.254,330.64,35.4841,35.8784
585.316,330.752,35.4841,35.8784
585.031,330.825,35.4841,35.8784
585.985,330.917,35.4841,35.8784
586.038,330.734,36.1938,36.5959
585.951,330.037,35.4841,35.8784
587.668,331.531,35.4841,35.8784
587.781,331.226,35.4841,35.8784
588.329,331.133,35.4841,35.8784
588.428,331.042,35.4841,35.8784
588.95,332.173,35.4841,35.8784
590.194,331.68,35.4841,35.8784
590.768,332.08,35.4841,35.8784
590.947,331.816,35.4841,35.8784
591.417,332.451,35.4841,35.8784
591.474,332.384,35.4841,35.8784
591.971,332.537,35.4841,35.8784
593.091,332.731,35.4841,35.8784
593.651,333.064,35.4841,35.8784
593.862,332.734,35.4841,35.8784
594.357,333.383,35.4841,35.8784
594.66,333.407,35.4841,35.8784
595.352,333.531,35.4841,35.8784
595.607,333.753,35.4841,35.8784
596.427,334.177,35.4841,35.8784
596.69,333.906,35.4841,35.8784
597.545,334.675,35.4841,35.8784
598.072,334.666,35.4841,35.8784
599.037,334.738,35.4841,35.8784
599.452,334.871,35.4841,35.8784
599.356,335.132,35.4841,35.8784
599.823,334.714,35.4841,35.8784
600.847,335.133,35.4841,35.8784
601.282,334.823,35.4841,35.8784
601.215,335.276,35.4841,35.8784
602.696,335.169,35.4841,35.8784
602.817,335.057,35.4841,35.8784
603.273,335.739,35.4841,35.8784
603.266,335.59,35.4841,35.8784
603.513,335.478,35.4841,35.8784
603.994,335.489,35.4841,35.8784
604.875,335.531,35.4841,35.8784
604.89,335.511,35.4841,35.8784
604.86,335.471,35.4841,35.8784
604.941,335.439,35.4841,35.8784
605.231,335.38,35.4841,35.8784
605.498,335.371,35.4841,35.8784
605.086,335.254,35.4841,35.8784
605.674,335.234,35.4841,35.8784
605.367,335.088,35.4841,35.8784
605.602,335.253,34.7883,35.1749
605.998,335.374,34.7883,35.1749
605.537,335.471,34.7883,35.1749
606.368,335.115,34.1062,34.4852
606.555,335.739,34.1062,34.4852
606.369,335.843,34.7883,35.1749
606.559,335.505,34.1062,34.4852
606.623,335.639,34.7883,35.1749
605.959,335.163,34.1062,34.4852
606.514,335.647,34.1062,34.4852
606.757,335.754,34.7883,35.1749
606.331,335.199,34.1062,34.4852
607.261,335.667,34.1062,34.4852
607.038,335.712,34.7883,35.1749
606.902,335.263,34.1062,34.4852
607.755,335.458,34.7883,35.1749
606.799,334.826,34.7883,35.1749
606.976,334.979,34.7883,35.1749
607.102,335.167,34.7883,35.1749
607.307,335.368,34.7883,35.1749
607.623,335.573,34.7883,35.1749
606.977,334.99,34.7883,35.1749
607.865,335.586,34.1062,34.4852
609.201,336.24,34.1062,34.4852
608.696,335.955,34.1062,34.4852
609.66,336.068,33.4375,33.809
609.586,336.437,33.4375,33.809
609.672,336.109,33.4375,33.809
609.96,335.745,33.4375,33.809
610.729,336.371,32.7818,33.1461
610.087,336.258,32.7818,33.1461
610.562,336.076,32.7818,33.1461
611.23,335.896,32.7818,33.1461
611.139,335.676,32.7818,33.1461
611.677,335.71,32.139,32.4961
612.063,336.088,32.139,32.4961
611.866,335.66,32.139,32.4961
612.856,335.989,32.139,32.4961
612.975,335.596,32.139,32.4961
612.591,335.825,32.139,32.4961
613.412,335.697,31.5089,31.859
613.871,336.405,31.5089,31.859
614.562,336.343,31.5089,31.859
614.201,335.985,32.139,32.4961
613.875,335.627,32.139,32.4961
614.642,335.986,32.139,32.4961
615.03,335.971,31.5089,31.859
615.773,336.848,31.5089,31.859
615.74,336.877,31.5089,31.859
615.851,336.88,31.5089,31.859
616.152,336.893,31.5089,31.859
616.598,336.918,31.5089,31.859
616.413,336.961,31.5089,31.859
616.443,337.043,31.5089,31.859
616.489,337.048,31.5089,31.859
616.69,337.079,31.5089,31.859
616.983,336.453,31.5089,31.859
617.593,336.554,31.5089,31.859
617.423,336.672,31.5089,31.859
617.415,336.79,31.5089,31.859
617.478,336.869,31.5089,31.859
617.812,336.936,31.5089,31.859
618.154,336.923,31.5089,31.859
618.707,336.892,31.5089,31.859
618.636,336.838,31.5089,31.859
618.784,336.689,31.5089,31.859
619.061,336.448,31.5089,31.859
619.471,336.164,31.5089,31.859
619.165,335.809,31.5089,31.859
619.984,336.136,31.5089,31.859
620.01,335.741,31.5089,31.859
620.36,336.003,31.5089,31.859
619.921,336.292,31.5089,31.859
620.424,335.802,31.5089,31.859
620.292,336.075,31.5089,31.859
620.245,335.429,31.5089,31.859
621.263,335.714,31.5089,31.859
620.689,335.985,31.5089,31.859
621.172,336.097,31.5089,31.859
621.825,335.26,31.5089,31.859
621.817,335.321,31.5089,31.859
622.048,335.285,31.5089,31.859
622.474,335.265,31.5089,31.859
622.282,335.269,31.5089,31.859
622.254,335.198,31.5089,31.859
622.347,335.054,31.5089,31.859
622.514,335.589,31.5089,31.859
622.85,335.236,31.5089,31.859
623.35,334.905,31.5089,31.859
623.142,335.393,31.5089,31.859
623.818,335.061,31.5089,31.859
623.914,335.416,31.5089,31.859
624.462,335.187,30.8911,31.2343
624.856,335.569,30.8911,31.2343
624.68,335.038,30.8911,31.2343
624.642,335.338,30.8911,31.2343
624.79,335.581,30.8911,31.2343
625.34,335.119,30.2853,30.6218
625.371,334.91,30.2853,30.6218
625.537,334.597,30.2853,30.6218
625.926,335.111,30.2853,30.6218
625.788,334.794,30.2853,30.6218
626.654,334.504,30.2853,30.6218
626.757,335.079,30.2853,30.6218
627.057,334.792,30.2853,30.6218
627.15,334.794,29.6915,30.0214
628.077,335.409,29.6915,30.0214
628.288,335.167,29.6915,30.0214
627.969,334.924,29.6915,30.0214
628.671,335.574,29.6915,30.0214
628.802,335.346,29.6915,30.0214
629.491,335.162,29.6915,30.0214
629.57,334.829,29.6915,30.0214
629.993,335.396,29.6915,30.0214
630.841,335.17,29.6915,30.0214
631.011,334.923,29.6915,30.0214
631.753,335.565,29.6915,30.0214
631.937,335.367,29.6915,30.0214
632.45,335.087,29.6915,30.0214
632.388,334.758,29.6915,30.0214
633.236,335.3,29.6915,30.0214
633.501,334.973,29.6915,30.0214
634.599,335.431,29.6915,30.0214
634.724,334.96,29.6915,30.0214
635.537,335.312,29.6915,30.0214
635.715,334.605,29.6915,30.0214
636.976,334.558,29.6915,30.0214
637.605,334.748,29.6915,30.0214
637.766,334.88,29.6915,30.0214
638.376,335.041,29.6915,30.0214
638.537,334.408,29.6915,30.0214
639.536,334.637,29.6915,30.0214
640.351,334.862,29.6915,30.0214
640.621,335.19,29.6915,30.0214
641.254,334.961,29.6915,30.0214
641.684,335.503,29.6915,30.0214
642.69,335.379,29.6915,30.0214
643.446,335.259,29.6915,30.0214
643.804,335.081,29.6915,30.0214
644.9,335.069,29.6915,30.0214
645.849,335.038,29.6915,30.0214
646.793,334.952,29.6915,30.0214
647.93,335.457,29.6915,30.0214
648.591,335.207,29.6915,30.0214
648.911,334.914,29.6915,30.0214
650.176,335.219,29.6915,30.0214
650.084,334.795,29.6915,30.0214
651.891,334.986,29.6915,30.0214
652.231,335.302,29.6915,30.0214
652.039,334.819,29.6915,30.0214
653.826,334.995,29.6915,30.0214
654.229,334.509,29.6915,30.0214
654.714,334.696,29.6915,30.0214
655.967,334.65,29.6915,30.0214
657.169,334.564,29.6915,30.0214
657.519,334.6,29.6915,30.0214
659.18,334.523,29.6915,30.0214
659.771,334.587,29.6915,30.0214
661.04,334.474,29.6915,30.0214
662.057,334.651,29.6915,30.0214
662.83,334.761,29.6915,30.0214
663.643,334.904,29.6915,30.0214
664.326,335.055,29.6915,30.0214
664.876,334.44,29.6915,30.0214
666.317,334.458,29.6915,30.0214
666.505,334.659,29.6915,30.0214
667.941,334.756,29.6915,30.0214
669.315,334.942,29.6915,30.0214
669.493,335.274,29.6915,30.0214
670.185,334.71,30.2853,30.6218
671.379,334.8,29.6915,30.0214
672.756,335.257,29.6915,30.0214
673.773,335.124,29.6915,30.0214
674.717,335.022,29.6915,30.0214
675.625,334.974,29.6915,30.0214
676.847,335.71,29.6915,30.0214
678.261,335.527,29.6915,30.0214
678.425,335.496,29.6915,30.0214
679.908,335.416,29.6915,30.0214
681.474,335.374,29.6915,30.0214
681.753,335.407,29.6915,30.0214
683.761,335.463,29.6915,30.0214
684.645,335.74,29.6915,30.0214
685.286,335.762,30.2853,30.6218
686.533,335.696,29.6915,30.0214
687.853,335.957,29.6915,30.0214
689.255,335.974,30.2853,30.6218
689.794,335.626,30.2853,30.6218
691.719,335.972,30.2853,30.6218
692.797,335.933,29.6915,30.0214
693.804,336.322,29.6915,30.0214
695.385,335.798,29.6915,30.0214
695.932,336.158,29.6915,30.0214
697.836,335.634,29.6915,30.0214
698.652,335.991,29.6915,30.0214
699.308,335.562,29.6915,30.0214
700.826,335.766,29.6915,30.0214
702.371,336.012,29.6915,30.0214
702.457,335.548,29.6915,30.0214
702.589,335.902,29.6915,30.0214
702.427,336.227,29.6915,30.0214
699.846,335.782,29.6915,30.0214
697.956,336.238,29.6915,30.0214
695.639,335.9,29.6915,30.0214
693.298,336.424,29.6915,30.0214
689.103,336.115,29.6915,30.0214
686.072,335.767,29.6915,30.0214
683.151,336.291,29.6915,30.0214
679.988,335.924,29.6915,30.0214
676.941,336.416,29.6915,30.0214
672.74,336.165,29.6915,30.0214
667.746,335.833,29.6915,30.0214
663.767,336.34,29.6915,30.0214
659.878,335.973,29.6915,30.0214
656.373,336.14,29.6915,30.0214
651.541,335.581,29.6915,30.0214
646.635,335.719,29.6915,30.0214
642.224,335.9,29.6915,30.0214
637.888,335.999,29.6915,30.0214
634.895,335.05,29.6915,30.0214
631.425,334.857,29.6915,30.0214
626.579,335.647,29.6915,30.0214
623.023,335.485,29.6915,30.0214
620.135,335.312,29.6915,30.0214
616.967,335.149,29.6915,30.0214
613.565,334.938,29.6915,30.0214
609.784,335.805,29.6915,30.0214
607.566,335.766,29.6915,30.0214
605.514,335.816,29.6915,30.0214
603.738,335.928,29.6915,30.0214
602.239,335.763,30.2853,30.6218
599.924,335.28,30.2853,30.6218
598.495,335.722,30.2853,30.6218
598.072,335.389,30.2853,30.6218
597.694,336.098,29.6915,30.0214
597.49,335.836,29.6915,30.0214
597.182,336.415,29.6915,30.0214
596.756,336.151,29.6915,30.0214
596.993,336.002,29.6915,30.0214
597.146,335.849,29.6915,30.0214
597.768,336.588,29.6915,30.0214
597.907,336.375,29.6915,30.0214
598.972,336.16,29.6915,30.0214
599.632,335.936,29.6915,30.0214
600.371,336.48,29.6915,30.0214
600.787,336.141,29.6915,30.0214
602.38,335.814,29.6915,30.0214
602.73,336.362,29.6915,30.0214
604.088,336.051,29.6915,30.0214
605.344,335.725,29.6915,30.0214
605.248,336.047,30.2853,30.6218
606.727,335.785,30.2853,30.6218
608.298,335.839,29.6915,30.0214
608.409,336.596,29.6915,30.0214
609.054,336.22,30.2853,30.6218
609.745,336.252,30.2853,30.6218
611.7,336.249,30.2853,30.6218
612.341,336.35,30.2853,30.6218
612.763,336.46,30.2853,30.6218
613.87,336.211,30.8911,31.2343
614.084,336.623,31.5089,31.859
615.435,336.141,32.139,32.4961
615.043,335.656,32.139,32.4961
615.554,336.076,32.139,32.4961
616.926,336.049,31.5089,31.859
617.957,336.508,32.139,32.4961
617.483,336.16,32.139,32.4961
618.557,335.89,32.139,32.4961
619.171,335.633,32.139,32.4961
619.603,336.133,32.139,32.4961
620.621,335.837,32.139,32.4961
621.458,335.492,32.139,32.4961
622.286,335.955,32.139,32.4961
622.701,335.604,32.139,32.4961
623.891,336.09,32.139,32.4961
624.437,335.732,32.139,32.4961
624.994,336.247,32.139,32.4961
625.123,335.86,32.139,32.4961
625.936,335.592,32.139,32.4961
626.21,336.197,32.139,32.4961
627.293,335.994,32.139,32.4961
627.943,335.871,32.139,32.4961
628.108,335.797,32.139,32.4961
628.859,335.757,32.139,32.4961
630.487,335.549,32.139,32.4961
630.622,336.37,32.139,32.4961
631.987,336.196,32.139,32.4961
632.414,336.5,31.5089,31.859
633.749,336.713,31.5089,31.859
634.73,337.24,31.5089,31.859
635.618,336.999,31.5089,31.859
635.913,337.419,32.139,32.4961
636.778,337.123,32.139,32.4961
637.436,336.932,32.139,32.4961
637.95,336.755,32.139,32.4961
638.196,336.62,32.139,32.4961
639.642,337.502,32.139,32.4961
640.988,337.416,32.139,32.4961
641.222,337.519,32.139,32.4961
642.19,337.858,32.139,32.4961
643.067,337.566,32.139,32.4961
644.425,337.887,32.139,32.4961
645.988,337.51,32.139,32.4961
646.445,338.167,32.139,32.4961
648.194,337.926,32.139,32.4961
648.656,337.896,32.139,32.4961
650.835,337.75,32.139,32.4961
651.638,338.632,32.139,32.4961
652.533,338.708,32.139,32.4961
653.57,338.905,32.139,32.4961
654.618,338.441,32.139,32.4961
656.335,338.421,32.139,32.4961
656.965,338.679,32.139,32.4961
657.552,338.938,32.139,32.4961
659.044,338.221,32.139,32.4961
659.537,338.457,32.139,32.4961
661.412,338.417,32.139,32.4961
662.077,338.648,32.139,32.4961
662.774,338.874,32.139,32.4961
664.336,338.171,32.139,32.4961
664.945,338.354,32.139,32.4961
665.728,338.571,32.139,32.4961
667.742,338.604,32.139,32.4961
668.489,338.884,32.139,32.4961
669.012,338.701,32.139,32.4961
669.612,339.088,32.139,32.4961
671.681,338.768,32.139,32.4961
672.954,338.87,32.139,32.4961
673.673,338.917,32.139,32.4961
676.088,338.672,32.139,32.4961
676.919,339.326,32.139,32.4961
679.724,339.343,32.139,32.4961
680.851,339.572,32.139,32.4961
682.475,339.536,32.139,32.4961
683.557,339.846,32.139,32.4961
684.912,339.191,32.139,32.4961
687.533,339.396,32.139,32.4961
688.42,339.805,32.139,32.4961
689.539,339.822,32.139,32.4961
691.211,339.474,32.139,32.4961
692.499,340.063,32.139,32.4961
694.574,339.832,32.139,32.4961
696.203,339.888,31.5089,31.859
698.343,341.25,31.5089,31.859
698.895,340.983,31.5089,31.859
701.419,341.265,31.5089,31.859
702.503,341.174,31.5089,31.859
704.307,340.819,31.5089,31.859
705.759,341.302,31.5089,31.859
707.576,341.116,31.5089,31.859
708.456,341.228,31.5089,31.859
710.331,341.302,31.5089,31.859
711.578,341.653,31.5089,31.859
713.129,341.873,31.5089,31.859
715.045,342.18,31.5089,31.859
716.252,342.079,31.5089,31.859
717.177,342.071,31.5089,31.859
719.51,341.998,31.5089,31.859
720.357,343.017,31.5089,31.859
721.285,343.15,31.5089,31.859
722.254,342.506,31.5089,31.859
724.322,342.397,31.5089,31.859
725.464,342.575,31.5089,31.859
726.814,342.473,31.5089,31.859
728.392,342.376,31.5089,31.859
729.065,342.542,31.5089,31.859
731.466,342.692,31.5089,31.859
731.622,342.988,31.5089,31.859
733.26,343.306,31.5089,31.859
733.951,343.031,31.5089,31.859
736.03,343.468,31.5089,31.859
737.596,343.166,31.5089,31.859
738.048,343.135,31.5089,31.859
740.096,342.947,31.5089,31.859
741.174,343.828,31.5089,31.859
742.96,343.672,31.5089,31.859
744.162,343.838,31.5089,31.859
745.731,343.785,31.5089,31.859
746.393,343.921,31.5089,31.859
747.173,344.036,31.5089,31.859
749.275,344.12,31.5089,31.859
749.417,343.521,31.5089,31.859
750.504,343.73,31.5089,31.859
751.381,343.956,31.5089,31.859
752.294,344.169,31.5089,31.859
753.136,343.887,31.5089,31.859
755.464,344.179,31.5089,31.859
755.409,343.97,31.5089,31.859
755.897,344.438,31.5089,31.859
756.796,344.331,31.5089,31.859
757.251,344.174,31.5089,31.859
756.976,344.058,31.5089,31.859
757.47,344.659,31.5089,31.859
757.27,344.584,31.5089,31.859
757.108,344.576,31.5089,31.859
758.164,344.78,31.5089,31.859
758.01,344.992,31.5089,31.859
757.648,345.232,31.5089,31.859
756.87,345.058,31.5089,31.859
756.475,345.417,31.5089,31.859
755.642,345.422,31.5089,31.859
754.901,345.478,31.5089,31.859
754.198,345.592,31.5089,31.859
753.59,345.685,31.5089,31.859
752.233,345.778,31.5089,31.859
751.639,345.948,31.5089,31.859
749.742,346.089,31.5089,31.859
749.167,345.789,31.5089,31.859
748.828,346.067,31.5089,31.859
747.737,346.451,31.5089,31.859
746.306,346.177,32.139,32.4961
744.38,345.414,32.139,32.4961
743.538,345.704,32.139,32.4961
742.708,346.036,32.139,32.4961
742.239,345.972,32.139,32.4961
741.288,345.862,32.139,32.4961
740.353,345.795,32.139,32.4961
739.628,345.7,32.139,32.4961
739.018,346.214,32.139,32.4961
737.966,346.216,32.139,32.4961
737.182,346.254,32.139,32.4961
736.413,346.273,32.139,32.4961
735.978,346.41,32.139,32.4961
734.771,346.611,32.139,32.4961
734.503,346.435,32.7818,33.1461
733.823,346.12,32.7818,33.1461
731.561,346.348,32.7818,33.1461
730.733,346.335,33.4375,33.809
728.363,346.024,34.1062,34.4852
726.519,346.125,34.1062,34.4852
725.007,346.305,34.1062,34.4852
722.053,346.652,34.1062,34.4852
720.067,346.902,34.1062,34.4852
718.584,346.118,34.1062,34.4852
716.966,346.477,34.1062,34.4852
714.436,346.888,34.1062,34.4852
712.712,346.233,34.1062,34.4852
710.963,346.69,34.1062,34.4852
708.417,347.244,34.1062,34.4852
706.759,346.436,34.7883,35.1749
704.034,345.467,34.7883,35.1749
701.633,345.67,34.7883,35.1749
698.988,345.505,35.4841,35.8784
697.627,345.862,36.1938,36.5959
695.1,345.073,36.1938,36.5959
692.436,345.314,36.1938,36.5959
690.319,345.614,36.1938,36.5959
688.352,345.855,36.1938,36.5959
686.428,345.293,36.1938,36.5959
684.381,345.632,36.1938,36.5959
682.067,345.751,36.9177,37.3279
679.788,345.858,36.9177,37.3279
677.658,345.961,36.9177,37.3279
675.603,346.173,36.9177,37.3279
673.47,346.103,37.656,38.0744
671.268,345.041,37.656,38.0744
668.571,345.072,37.656,38.0744
667.112,345.304,37.656,38.0744
665.755,345.615,37.656,38.0744
663.393,345.884,37.656,38.0744
660.782,345.868,38.4091,38.8359
659.436,346.006,38.4091,38.8359
657.41,346.116,38.4091,38.8359
655.873,346.281,38.4091,38.8359
653.872,346.511,38.4091,38.8359
652.464,346.736,38.4091,38.8359
651.378,346.479,38.4091,38.8359
649.603,346.516,39.1773,39.6126
647.298,345.933,39.1773,39.6126
646.913,345.998,39.1773,39.6126
645.573,346.181,39.1773,39.6126
643.895,346.607,39.1773,39.6126
643.406,346.302,39.1773,39.6126
643.082,346.185,39.1773,39.6126
641.837,346.416,39.9609,40.4049
641.046,346.582,39.9609,40.4049
638.332,346.414,40.7601,41.213
637.406,345.768,40.7601,41.213
636.18,345.648,40.7601,41.213
634.641,345.594,40.7601,41.213
632.532,345.679,40.7601,41.213
631.659,345.85,40.7601,41.213
628.993,346.178,40.7601,41.213
627.393,345.655,42.4068,42.878
625.886,345.317,43.2549,43.7355
624.269,345.239,43.2549,43.7355
623.941,345.147,43.2549,43.7355
623.101,345.196,43.2549,43.7355
622.802,345.394,43.2549,43.7355
622.236,345.66,43.2549,43.7355
622.369,345.965,43.2549,43.7355
622.242,346.249,43.2549,43.7355
622.429,346.542,42.4068,42.878
622.289,346.998,43.2549,43.7355
621.866,346.896,43.2549,43.7355
621.417,346.824,43.2549,43.7355
620.321,346.396,44.12,44.6102
620.201,346.422,44.12,44.6102
619.934,346.469,44.12,44.6102
619.983,346.173,45.0024,45.5024
619.657,346.611,45.0024,45.5024
619.447,346.726,45.0024,45.5024
620.362,347.372,44.12,44.6102
620.34,347.806,43.2549,43.7355
620.639,347.972,43.2549,43.7355
620.146,348.213,43.2549,43.7355
620.456,347.953,43.2549,43.7355
620.252,348.811,42.4068,42.878
620.664,349.129,42.4068,42.878
620.877,349.491,42.4068,42.878
619.982,349.782,42.4068,42.878
619.383,349.375,42.4068,42.878
619.257,349.827,42.4068,42.878
618.744,349.699,42.4068,42.878
618.511,349.697,42.4068,42.878
617.661,349.959,42.4068,42.878
616.654,350.358,42.4068,42.878
615.711,350.82,42.4068,42.878
614.617,350.496,42.4068,42.878
613.661,351.242,42.4068,42.878
612.747,351.34,42.4068,42.878
611.763,351.779,42.4068,42.878
611.146,351.428,42.4068,42.878
609.774,352.091,42.4068,42.878
609.195,351.616,43.2549,43.7355
608.126,351.3,43.2549,43.7355
607.227,351.239,43.2549,43.7355
606.875,351.361,43.2549,43.7355
605.995,351.628,43.2549,43.7355
605.555,352.051,43.2549,43.7355
604.306,352.133,44.12,44.6102
604.258,352.039,44.12,44.6102
604.478,352.536,43.2549,43.7355
603.899,352.385,44.12,44.6102
603.894,352.242,45.0024,45.5024
603.61,352.948,45.0024,45.5024
603.109,353.234,45.0024,45.5024
603.188,353.656,45.0024,45.5024
603.583,354.091,44.12,44.6102
603.182,353.958,44.12,44.6102
602.773,354.019,44.12,44.6102
603.124,354.165,44.12,44.6102
602.566,354.431,44.12,44.6102
602.269,354.379,45.0024,45.5024
602.737,354.617,45.0024,45.5024
602.264,354.997,45.0024,45.5024
602.474,355.505,45.0024,45.5024
602.108,355.152,45.9025,46.4125
601.261,355.315,45.9025,46.4125
601.17,355.557,45.9025,46.4125
600.536,355.411,46.8205,47.3407
600.802,355.151,46.8205,47.3407
599.915,355.128,47.7569,48.2875
599.416,354.456,47.7569,48.2875
598.881,354.891,47.7569,48.2875
599.011,354.808,47.7569,48.2875
599.039,355.54,47.7569,48.2875
598.796,355.814,47.7569,48.2875
597.872,355.626,48.7121,49.2533
597.04,355.184,48.7121,49.2533
596.453,355.767,48.7121,49.2533
596.471,355.81,48.7121,49.2533
595.995,355.973,48.7121,49.2533
594.669,355.696,49.6863,50.2384
594.171,356.013,49.6863,50.2384
593.476,355.706,49.6863,50.2384
593.158,356.262,49.6863,50.2384
591.994,355.791,50.68,51.2431
591.015,355.313,51.6936,52.268
590.723,355.337,51.6936,52.268
590.164,355.537,51.6936,52.268
588.472,355.365,52.7275,53.3134
588.37,355.134,52.7275,53.3134
587.91,355.738,52.7275,53.3134
587.185,355.775,52.7275,53.3134
586.72,355.849,52.7275,53.3134
585.74,356.057,52.7275,53.3134
584.653,356.026,53.782,54.3796
584.76,356.185,53.782,54.3796
584.763,356.449,53.782,54.3796
584.663,356.899,53.782,54.3796
584.46,356.937,53.782,54.3796
584.223,357.179,53.782,54.3796
583.953,357.596,53.782,54.3796
584.58,358.186,53.782,54.3796
584.377,358.292,53.782,54.3796
583.505,358.149,54.8577,55.4672
583.964,358.543,54.8577,55.4672
583.499,358.34,54.8577,55.4672
583.808,358.339,54.8577,55.4672
583.356,358.532,54.8577,55.4672
583.547,358.782,54.8577,55.4672
583.83,359.034,54.8577,55.4672
582.817,358.816,55.9548,56.5766
582.655,358.629,55.9548,56.5766
582.033,358.602,57.0739,57.7081
580.864,357.841,58.2154,58.8623
580.743,357.723,58.2154,58.8623
580.445,357.792,58.2154,58.8623
579.898,357.908,58.2154,58.8623
579.366,358.215,58.2154,58.8623
579.396,358.425,58.2154,58.8623
579.362,358.975,58.2154,58.8623
579.475,359.087,58.2154,58.8623
579.537,359.459,58.2154,58.8623
578.949,359.48,59.3797,60.0395
579.024,359.879,59.3797,60.0395
578.847,360.373,59.3797,60.0395
578.769,360.493,59.3797,60.0395
578.658,360.586,59.3797,60.0395
578.489,360.776,59.3797,60.0395
578.367,361.135,59.3797,60.0395
577.552,360.398,60.5673,61.2403
577.199,360.226,60.5673,61.2403
576.898,360.899,60.5673,61.2403
576.376,360.949,60.5673,61.2403
575.995,361.23,60.5673,61.2403
574.952,361.005,61.7787,62.4651
575.411,361.165,61.7787,62.4651
574.913,361.543,61.7787,62.4651
574.616,361.294,63.0142,63.7144
574.32,361.746,61.7787,62.4651
573.918,362.357,63.0142,63.7144
573.751,362.222,63.0142,63.7144
573.654,362.171,63.0142,63.7144
573.376,362.292,63.0142,63.7144
574.456,363.301,61.7787,62.4651
574.637,364.222,61.7787,62.4651
574.096,363.972,63.0142,63.7144
574.361,364.82,61.7787,62.4651
574.887,365.502,60.5673,61.2403
574.333,365.372,60.5673,61.2403
573.749,365.476,61.7787,62.4651
573.5,365.768,61.7787,62.4651
573.207,365.465,61.7787,62.4651
572.21,365.391,63.0142,63.7144
572.02,364.762,63.0142,63.7144
571.945,364.703,63.0142,63.7144
571.705,364.784,63.0142,63.7144
570.734,364.196,64.2745,64.9887
571.703,365.232,63.0142,63.7144
570.899,364.636,63.0142,63.7144
570.665,364.527,63.0142,63.7144
569.656,363.74,64.2745,64.9887
569.958,363.725,64.2745,64.9887
569.426,363.51,64.2745,64.9887
569.279,363.255,64.2745,64.9887
569.053,363.424,64.2745,64.9887
568.049,362.856,65.56,66.2884
567.557,361.768,65.56,66.2884
567.396,361.938,65.56,66.2884
566.185,360.435,66.8712,67.6142
565.894,359.799,68.2086,68.9665
566.24,359.795,66.8712,67.6142
566.338,359.956,66.8712,67.6142
566.446,359.811,66.8712,67.6142
566.519,359.498,66.8712,67.6142
566.641,358.909,66.8712,67.6142
565.885,358.747,66.8712,67.6142
565.178,357.573,68.2086,68.9665
564.517,356.82,68.2086,68.9665
565.228,356.874,66.8712,67.6142
564.753,356.711,68.2086,68.9665
564.321,355.747,68.2086,68.9665
564.593,355.716,66.8712,67.6142
563.823,355.542,68.2086,68.9665
563.739,354.576,68.2086,68.9665
564.155,354.682,66.8712,67.6142
564.177,355.33,66.8712,67.6142
564.199,354.594,66.8712,67.6142
564.036,354.433,66.8712,67.6142
563.783,354.082,66.8712,67.6142
562.836,353.438,68.2086,68.9665
562.481,352.83,68.2086,68.9665
561.912,351.971,68.2086,68.9665
561.286,351.342,68.2086,68.9665
560.569,350.08,69.5728,70.3458
560.278,348.865,69.5728,70.3458
559.883,347.833,69.5728,70.3458
560.003,347.175,69.5728,70.3458
559.05,346.241,70.9642,71.7527
558.818,345.76,69.5728,70.3458
558.409,346.264,69.5728,70.3458
557.808,345.009,69.5728,70.3458
557.847,344.3,69.5728,70.3458
557.644,344.207,69.5728,70.3458
557.034,343.682,69.5728,70.3458
556.358,342.879,70.9642,71.7527
555.774,342.213,70.9642,71.7527
554.696,341.31,70.9642,71.7527
553.76,339.869,72.3835,73.1878
555.299,340.551,70.9642,71.7527
555.313,339.697,70.9642,71.7527
555.279,339.087,70.9642,71.7527
555.316,338.833,70.9642,71.7527
555.386,338.212,70.9642,71.7527
556.225,337.813,69.5728,70.3458
556.289,338.789,68.2086,68.9665
556.686,337.812,68.2086,68.9665
557.239,337.311,68.2086,68.9665
556.931,337.149,68.2086,68.9665
557.158,337.044,66.8712,67.6142
558.065,337.123,66.8712,67.6142
558.701,337.419,65.56,66.2884
557.65,336.417,65.56,66.2884
557.4,335.872,65.56,66.2884
556.425,334.747,65.56,66.2884
556.243,334.662,65.56,66.2884
555.651,333.833,65.56,66.2884
555.461,333.485,65.56,66.2884
554.73,332.383,65.56,66.2884
554.902,332.289,64.2745,64.9887
554.252,333.204,64.2745,64.9887
554.321,332.304,64.2745,64.9887
553.702,331.858,64.2745,64.9887
553.639,330.77,64.2745,64.9887
553.208,330.264,64.2745,64.9887
553.183,331.195,63.0142,63.7144
553.08,329.459,63.0142,63.7144
552.538,329.065,63.0142,63.7144
551.672,329.513,63.0142,63.7144
552.366,328.809,61.7787,62.4651
552.303,328.839,61.7787,62.4651
552.193,328.424,61.7787,62.4651
551.674,328.49,61.7787,62.4651
550.945,327.346,63.0142,63.7144
550.37,325.955,63.0142,63.7144
550.046,325.864,63.0142,63.7144
549.512,325.482,63.0142,63.7144
548.85,324.84,63.0142,63.7144
547.834,324.134,64.2745,64.9887
548.07,324.004,64.2745,64.9887
546.624,322.991,65.56,66.2884
546.562,322.26,64.2745,64.9887
546.582,322.748,64.2745,64.9887
546.913,321.877,64.2745,64.9887
545.562,321.384,64.2745,64.9887
545.53,321.261,64.2745,64.9887
544.366,320.419,65.56,66.2884
542.946,319.576,65.56,66.2884
542.984,319.051,65.56,66.2884
542.62,318.305,65.56,66.2884
541.941,319.43,64.2745,64.9887
541.673,319.639,64.2745,64.9887
542.562,318.063,64.2745,64.9887
542.085,318.816,64.2745,64.9887
542.084,318.102,64.2745,64.9887
541.912,317.219,65.56,66.2884
542.11,316.4,65.56,66.2884
542.59,316.153,65.56,66.2884
542.98,315.745,65.56,66.2884
543.986,315.703,65.56,66.2884
544.586,315.578,65.56,66.2884
544.262,314.637,66.8712,67.6142
545.426,314.412,66.8712,67.6142
546.419,313.965,66.8712,67.6142
547.241,314.125,66.8712,67.6142
547.747,314.134,66.8712,67.6142
547.391,313.255,68.2086,68.9665
547.727,312.529,68.2086,68.9665
548.754,311.551,68.2086,68.9665
549.424,311.063,68.2086,68.9665
549.832,311.126,68.2086,68.9665
550.901,310.893,68.2086,68.9665
550.551,310.602,68.2086,68.9665
550.945,309.44,69.5728,70.3458
551.588,309.388,69.5728,70.3458
551.666,308.907,69.5728,70.3458
552.149,308.459,69.5728,70.3458
552.775,308.525,69.5728,70.3458
553.084,308.259,69.5728,70.3458
553.793,307.908,69.5728,70.3458
554.283,307.39,69.5728,70.3458
554.33,307.731,69.5728,70.3458
553.86,307.258,70.9642,71.7527
553.723,305.695,72.3835,73.1878
555.214,306.015,72.3835,73.1878
555.26,306.116,72.3835,73.1878
556.16,306.305,72.3835,73.1878
557.073,306.571,72.3835,73.1878
557.949,305.474,73.8312,74.6516
561.086,306.358,73.8312,74.6516
561.044,305.597,75.3078,76.1446
563.208,305.432,75.3078,76.1446
564.477,304.752,76.814,77.6675
565.726,304.852,76.814,77.6675
566.62,304.323,78.3503,79.2208
568.508,304.397,78.3503,79.2208
569.888,304.186,78.3503,79.2208
570.649,304.062,79.9173,80.8052
572.186,303.694,79.9173,80.8052
572.923,302.91,81.5156,82.4213
574.443,302.92,81.5156,82.4213
575.413,303.062,81.5156,82.4213
575.275,302.803,83.1459,84.0698
576.254,303.369,83.1459,84.0698
576.958,303.458,83.1459,84.0698
577.125,303.931,83.1459,84.0698
577.732,304.56,83.1459,84.0698
576.933,303.625,84.8088,85.7512
576.395,302.955,86.505,87.4662
575.603,302.141,88.2351,89.2155
576.103,302.719,88.2351,89.2155
576.221,302.509,88.2351,89.2155
576.489,302.374,88.2351,89.2155
575.97,302.18,89.9998,90.9998
575.905,302.007,89.9998,90.9998
576.031,301.912,89.9998,90.9998
575.796,302.27,89.9998,90.9998
576.503,302.917,89.9998,90.9998
576.434,303.193,89.9998,90.9998
575.701,302.665,91.7998,92.8198
576.644,303.068,91.7998,92.8198
576.996,302.96,93.6358,94.6762
578.233,303.126,93.6358,94.6762
578.345,303.65,93.6358,94.6762
577.827,302.793,97.4187,98.5011
578.54,302.53,97.4187,98.5011
576.995,301.23,101.354,102.481
576.843,300.64,103.381,104.53
577.368,301.575,103.381,104.53
577.658,301.913,105.449,106.621
578.467,302.377,105.449,106.621
578.066,302.727,107.558,108.753
579.51,303.48,107.558,108.753
579.429,306.157,107.558,108.753
580.821,307.445,107.558,108.753
580.925,308.223,109.709,110.928
581.308,310.273,109.709,110.928
580.162,311.149,111.903,113.147
578.88,311.22,114.141,115.41
580.187,313.373,114.141,115.41
580.918,315.156,114.141,115.41
581.266,317.838,114.141,115.41
580.331,318.364,116.424,117.718
579.107,318.693,118.753,120.072
578.724,322.845,118.753,120.072
578.226,323.224,121.128,122.474
577.11,323.935,123.55,124.923
575.913,324.768,126.021,127.422
577.268,328.152,123.55,124.923
575.706,330.14,126.021,127.422
575.301,330.483,128.542,129.97
573.487,331.577,131.113,132.569
572.184,332.57,133.735,135.221
572.426,333.536,133.735,135.221
572.653,336.092,133.735,135.221
572.067,337.257,136.41,137.925
572.72,338.792,136.41,137.925
574.972,341.28,136.41,137.925
574.769,341.852,139.138,140.684
577.604,345.082,139.138,140.684
578.527,347.561,139.138,140.684
577.199,347.259,144.759,146.367
576.684,346.663,147.654,149.295
577.376,348.299,147.654,149.295
577.62,349.093,150.607,152.281
581.254,352.524,147.654,149.295
580.617,353.114,150.607,152.281
582.525,355.246,150.607,152.281
583.494,357.373,150.607,152.281
584.482,359.825,150.607,152.281
583.168,361.378,153.619,155.326
582.961,362.906,153.619,155.326
580.898,364.584,156.692,158.433
578.354,366.035,159.826,161.601
575.258,368.303,163.022,164.833
573.369,368.768,166.283,168.13
571.192,371.827,166.283,168.13
568.581,371.648,169.608,171.493
565.211,373.484,173,174.923
563.965,378.24,173,174.923
562.536,380.225,173,174.923
559.39,381.53,176.46,178.421
558.617,384.409,176.46,178.421
557.03,387.868,176.46,178.421
554.833,391.443,176.46,178.421
550.711,393.968,179.99,181.989
549.254,396.535,179.99,181.989
548.597,398.254,179.99,181.989
549.562,401.249,179.99,181.989
546.952,404.76,183.589,185.629
546.679,406.396,183.589,185.629
545.47,408.725,183.589,185.629
541.652,411.002,187.261,189.342
