644.043,521.819,110,132
644.071,522.27,110,132
644.071,522.051,110,132
644.138,521.883,110,132
644.051,522.385,110,132
644.015,522.334,110,132
643.951,522.189,110,132
644.143,521.452,110,132
644.029,521.159,110,132
644.064,520.667,110,132
643.989,520.373,110,132
644.162,519.661,110,132
643.808,519.219,110,132
643.805,518.237,110,132
643.754,517.383,110,132
643.854,516.789,110,132
643.787,516.459,110,132
643.691,515.659,110,132
643.685,515.144,110,132
643.658,514.22,110,132
643.39,513.359,110,132
643.219,512.789,110,132
643.004,512.31,110,132
642.603,511.221,110,132
642.748,510.37,110,132
642.661,509.611,110,132
642.62,508.783,110,132
642.462,507.954,110,132
642.36,507.259,110,132
642.461,505.92,110,132
642.373,505.076,110,132
642.606,503.836,110,132
642.354,503.174,110,132
642.424,502.105,110,132
642.463,501.104,110,132
642.547,500.072,110,132
642.47,499.035,110,132
642.262,498.129,110,132
642.053,497.38,110,132
641.565,496.614,110,132
641.726,495.629,110,132
641.774,494.718,110,132
641.746,493.741,110,132
641.527,492.884,110,132
641.361,492.083,110,132
641.469,490.963,110,132
641.287,490.227,110,132
641.47,489.068,110,132
641.481,488.088,110,132
641.449,487.293,110,132
640.109,485.357,112.2,134.64
640.503,486.045,110,132
640.808,485.043,110,132
640.005,482.833,112.2,134.64
640.185,483.224,110,132
640.145,482.644,110,132
640.116,482.095,110,132
640.343,481.337,110,132
640.328,480.539,110,132
640.23,479.809,110,132
639.893,479.233,110,132
640.235,478.184,110,132
640.065,477.372,110,132
639.864,476.628,110,132
639.073,474.653,112.2,134.64
639.551,475.437,110,132
639.912,474.503,110,132
639.13,472.517,112.2,134.64
639.525,473.189,110,132
639.988,472.145,110,132
639.375,469.886,112.2,134.64
639.781,469.975,110,132
639.886,469.576,110,132
639.16,467.304,112.2,134.64
639.366,467.534,110,132
639.617,466.839,110,132
639.628,466.134,110,132
639.757,465.183,110,132
639.741,464.534,110,132
639.419,464.064,110,132
638.127,462.128,112.2,134.64
638.885,463.102,110,132
638.169,461.169,112.2,134.64
638.638,462.311,110,132
638.886,461.966,110,132
638.993,461.948,110,132
638.073,460.583,112.2,134.64
638.452,461.7,110,132
638.644,461.393,110,132
638.79,461.04,110,132
638.947,460.719,110,132
638.815,460.656,110,132
637.619,459.166,112.2,134.64
637.315,458.785,112.2,134.64
636.968,458.229,112.2,134.64
637.441,459.445,110,132
637.473,458.91,110,132
637.451,458.861,110,132
637.436,458.552,110,132
637.318,458.181,110,132
636.109,456.47,112.2,134.64
636.738,457.607,110,132
636.916,457.09,110,132
636.988,456.52,110,132
634.788,453.898,114.444,137.333
635.167,455.218,112.2,134.64
635.019,454.869,112.2,134.64
634.682,454.583,112.2,134.64
634.844,454.358,112.2,134.64
634.932,454.07,112.2,134.64
634.398,454.019,112.2,134.64
634.46,453.749,112.2,134.64
634.428,453.46,112.2,134.64
634.155,453.523,112.2,134.64
633.872,453.491,112.2,134.64
633.995,452.992,112.2,134.64
633.677,452.816,112.2,134.64
633.868,452.179,112.2,134.64
634.074,452.047,112.2,134.64
633.671,452.123,112.2,134.64
633.628,451.777,112.2,134.64
633.675,451.443,112.2,134.64
633.635,451.628,112.2,134.64
633.505,451.643,112.2,134.64
633.536,451.502,112.2,134.64
633.528,451.171,112.2,134.64
633.539,450.669,112.2,134.64
633.484,450.793,112.2,134.64
633.474,450.165,112.2,134.64
633.405,449.762,112.2,134.64
633.281,449.351,112.2,134.64
633.029,449.421,112.2,134.64
632.817,449.321,112.2,134.64
633.056,449.06,112.2,134.64
632.773,448.91,112.2,134.64
632.897,448.375,112.2,134.64
631.959,446.99,114.444,137.333
632.751,448.434,112.2,134.64
631.861,446.685,114.444,137.333
632.628,447.823,112.2,134.64
632.839,447.174,112.2,134.64
631.849,445.498,114.444,137.333
632.744,446.603,112.2,134.64
632.848,446.703,112.2,134.64
632.814,445.919,112.2,134.64
632.89,445.581,112.2,134.64
631.888,444.351,114.444,137.333
632.799,445.296,112.2,134.64
631.794,443.847,114.444,137.333
632.572,444.937,112.2,134.64
632.795,444.526,112.2,134.64
631.952,443.315,114.444,137.333
632.726,444.664,112.2,134.64
631.84,443.144,114.444,137.333
632.523,444.348,112.2,134.64
632.659,444.123,112.2,134.64
632.775,443.645,112.2,134.64
631.894,442.39,114.444,137.333
632.629,443.269,112.2,134.64
632.838,443.194,112.2,134.64
631.939,441.705,114.444,137.333
631.496,441.506,114.444,137.333
631.626,441.046,114.444,137.333
631.814,440.986,114.444,137.333
632.499,442.235,112.2,134.64
631.9,440.812,114.444,137.333
631.641,440.553,114.444,137.333
631.917,440.056,114.444,137.333
631.53,440.148,114.444,137.333
631.853,439.924,114.444,137.333
632.775,441.157,112.2,134.64
632.202,439.527,114.444,137.333
631.989,439.012,114.444,137.333
631.928,439.06,114.444,137.333
631.95,438.85,114.444,137.333
632.057,438.387,114.444,137.333
632.252,437.933,114.444,137.333
632.531,438.092,114.444,137.333
632.951,437.984,114.444,137.333
632.866,438.038,114.444,137.333
632.785,437.969,114.444,137.333
632.789,437.736,114.444,137.333
632.917,437.297,114.444,137.333
633.141,437.668,114.444,137.333
633.487,437.038,114.444,137.333
633.906,437.146,114.444,137.333
633.675,437.441,114.444,137.333
633.863,436.614,114.444,137.333
633.698,436.459,114.444,137.333
634.161,436.059,114.444,137.333
634.152,436.551,114.444,137.333
634.214,435.867,114.444,137.333
634.323,435.769,114.444,137.333
634.474,435.626,114.444,137.333
634.665,435.325,114.444,137.333
633.791,434.351,116.733,140.079
634.492,435.238,114.444,137.333
634.803,435.325,114.444,137.333
634.69,435.475,114.444,137.333
635.047,434.798,114.444,137.333
634.971,434.711,114.444,137.333
633.732,433.222,116.733,140.079
634.658,434.077,114.444,137.333
634.082,433.038,116.733,140.079
635.15,433.689,114.444,137.333
635.29,434.033,114.444,137.333
634.305,432.82,116.733,140.079
634.259,432.479,116.733,140.079
634.275,431.959,116.733,140.079
634.314,431.973,116.733,140.079
634.319,431.3,116.733,140.079
634.389,431.131,116.733,140.079
634.496,430.847,116.733,140.079
634.52,431.178,116.733,140.079
634.477,430.592,116.733,140.079
634.697,430.703,116.733,140.079
634.243,430.749,116.733,140.079
634.382,430.537,116.733,140.079
634.54,430.246,116.733,140.079
634.615,429.8,116.733,140.079
634.862,430.071,116.733,140.079
634.426,429.474,116.733,140.079
634.697,429.574,116.733,140.079
634.339,429.668,116.733,140.079
634.403,429.573,116.733,140.079
634.362,429.36,116.733,140.079
634.188,429.004,116.733,140.079
634.005,428.514,116.733,140.079
633.892,428.572,116.733,140.079
633.789,428.676,116.733,140.079
633.672,428.572,116.733,140.079
633.361,428.385,116.733,140.079
633.694,428.182,116.733,140.079
633.347,428.001,116.733,140.079
633.837,427.719,116.733,140.079
633.672,428.14,116.733,140.079
633.208,427.768,116.733,140.079
633.425,427.869,116.733,140.079
633.686,427.896,116.733,140.079
633.247,427.817,116.733,140.079
633.379,427.623,116.733,140.079
633.304,427.349,116.733,140.079
633.239,426.975,116.733,140.079
633.119,426.655,116.733,140.079
633.114,426.691,116.733,140.079
632.975,426.619,116.733,140.079
632.854,426.543,116.733,140.079
632.622,426.489,116.733,140.079
631.867,424.766,119.067,142.881
631.383,424.261,119.067,142.881
631.633,424.359,119.067,142.881
631.032,424.402,119.067,142.881
630.985,424.337,119.067,142.881
630.802,424.195,119.067,142.881
630.498,423.907,119.067,142.881
630.141,423.618,119.067,142.881
630.283,423.149,119.067,142.881
630.589,423.269,119.067,142.881
630.144,423.377,119.067,142.881
630.26,423.395,119.067,142.881
630.344,423.473,119.067,142.881
630.154,423.376,119.067,142.881
629.905,423.296,119.067,142.881
629.56,423.216,119.067,142.881
628.986,423.119,119.067,142.881
629.03,422.729,119.067,142.881
629.102,422.326,119.067,142.881
629.105,422.387,119.067,142.881
628.987,422.4,119.067,142.881
628.551,422.364,119.067,142.881
627.871,422.22,119.067,142.881
627.845,421.978,119.067,142.881
627.704,421.618,119.067,142.881
627.458,421.182,119.067,142.881
627.802,421.165,119.067,142.881
627.079,421.117,119.067,142.881
627.165,421.207,119.067,142.881
627.029,421.056,119.067,142.881
626.937,421.013,119.067,142.881
625.361,419.347,121.449,145.739
626.336,420.492,119.067,142.881
625.383,419.179,121.449,145.739
626.152,420.257,119.067,142.881
626.081,420.373,119.067,142.881
625.835,420.519,119.067,142.881
625.453,420.474,119.067,142.881
624.633,419.166,121.449,145.739
624.581,418.9,121.449,145.739
623.909,418.862,121.449,145.739
623.954,418.62,121.449,145.739
623.837,418.349,121.449,145.739
623.69,418.199,121.449,145.739
623.374,418.056,121.449,145.739
622.751,418.249,121.449,145.739
622.913,417.945,121.449,145.739
622.832,418.013,121.449,145.739
622.51,418.192,121.449,145.739
622.271,417.887,121.449,145.739
622.242,417.957,121.449,145.739
622.107,418.097,121.449,145.739
621.84,418.203,121.449,145.739
620.139,416.343,123.878,148.653
620.315,417.878,121.449,145.739
620.047,418.098,121.449,145.739
620.207,418.235,121.449,145.739
619.279,416.364,123.878,148.653
618.277,416.405,123.878,148.653
618.999,417.939,121.449,145.739
619.086,418.019,121.449,145.739
619.036,418.054,121.449,145.739
617.623,416.654,123.878,148.653
618.195,418.149,121.449,145.739
617.359,416.043,123.878,148.653
616.275,415.862,123.878,148.653
617.075,417.197,121.449,145.739
616.171,415.7,123.878,148.653
615.148,415.313,123.878,148.653
614.85,415.386,123.878,148.653
615.04,415.296,123.878,148.653
613.907,413.775,126.355,151.626
613.775,414.686,123.878,148.653
614.034,414.399,123.878,148.653
613.977,414.594,123.878,148.653
613.639,414.722,123.878,148.653
612.103,412.852,126.355,151.626
612.341,413.908,123.878,148.653
612.195,414.035,123.878,148.653
611.971,414.175,123.878,148.653
611.078,412.797,126.355,151.626
611.176,413.679,123.878,148.653
609.943,412.082,126.355,151.626
610.302,413.449,123.878,148.653
610.536,413.706,123.878,148.653
610.836,413.224,123.878,148.653
610.713,413.2,123.878,148.653
609.186,411.626,126.355,151.626
608.447,410.993,126.355,151.626
607.935,410.918,126.355,151.626
608.545,412.314,123.878,148.653
608.902,412.625,123.878,148.653
607.856,411.389,126.355,151.626
607.969,412.112,123.878,148.653
607.163,410.837,126.355,151.626
607.773,412.128,123.878,148.653
606.632,410.773,126.355,151.626
606.413,410.467,126.355,151.626
605.841,409.995,126.355,151.626
604.943,410.042,126.355,151.626
606.026,411.548,123.878,148.653
605.59,410.413,126.355,151.626
605.03,409.643,126.355,151.626
604.235,409.515,126.355,151.626
604.213,409.378,126.355,151.626
603.998,409.184,126.355,151.626
603.598,409.43,126.355,151.626
603.667,409.235,126.355,151.626
603.619,408.891,126.355,151.626
603.3,408.995,126.355,151.626
602.931,409.15,126.355,151.626
602.288,409.342,126.355,151.626
602.321,408.916,126.355,151.626
602.199,408.909,126.355,151.626
601.783,408.72,126.355,151.626
600.625,407.124,128.882,154.659
601.281,408.937,126.355,151.626
599.765,407.188,128.882,154.659
599.574,407.232,128.882,154.659
600.46,408.835,126.355,151.626
600.442,408.597,126.355,151.626
599.005,406.604,128.882,154.659
598.645,406.776,128.882,154.659
598.057,406.325,128.882,154.659
597.93,406.498,128.882,154.659
597.299,406.386,128.882,154.659
597.133,406.384,128.882,154.659
596.193,406.184,128.882,154.659
595.346,405.759,128.882,154.659
593.507,403.863,131.46,157.752
593.447,405.388,128.882,154.659
591.644,404.061,131.46,157.752
590.469,403.981,131.46,157.752
590.442,405.311,128.882,154.659
588.82,403.776,131.46,157.752
587.643,403.688,131.46,157.752
586.571,403.47,131.46,157.752
585.516,403.243,131.46,157.752
584.542,403.017,131.46,157.752
583.427,403.478,131.46,157.752
582.514,403.456,131.46,157.752
581.53,403.489,131.46,157.752
580.233,403.632,131.46,157.752
579.539,404.012,131.46,157.752
577.663,404.427,131.46,157.752
576.424,404.468,131.46,157.752
574.814,404.923,131.46,157.752
573.699,405.502,131.46,157.752
572.344,405.759,131.46,157.752
570.79,406.336,131.46,157.752
569.894,406.504,131.46,157.752
568.76,407.129,131.46,157.752
567.214,407.598,131.46,157.752
566.217,408.202,131.46,157.752
565.101,408.531,131.46,157.752
563.779,409.335,131.46,157.752
562.102,409.835,131.46,157.752
560.782,410.823,131.46,157.752
558.949,411.51,131.46,157.752
556.227,410.306,134.089,160.907
555.028,412.264,131.46,157.752
553.113,411.037,134.089,160.907
552.103,412.904,131.46,157.752
550.493,412.547,134.089,160.907
549.146,412.305,134.089,160.907
548.655,414.691,131.46,157.752
548.113,415.706,131.46,157.752
546.313,414.685,134.089,160.907
544.033,414.63,134.089,160.907
542.26,414.746,134.089,160.907
540.97,415.258,134.089,160.907
539.204,416.237,134.089,160.907
538.164,416.876,134.089,160.907
536.628,417.316,134.089,160.907
535.716,417.943,134.089,160.907
534.007,418.113,134.089,160.907
532.248,418.677,134.089,160.907
530.855,419.007,134.089,160.907
529.923,419.473,134.089,160.907
528.464,420.423,134.089,160.907
526.564,420.901,134.089,160.907
525.129,421.228,134.089,160.907
523.145,421.713,134.089,160.907
521.438,421.892,134.089,160.907
520.467,422.48,134.089,160.907
517.706,421.788,136.771,164.125
515.627,422.09,136.771,164.125
515.286,423.806,134.089,160.907
512.815,422.832,136.771,164.125
512.411,425.377,134.089,160.907
509.953,424.467,136.771,164.125
508.275,424.545,136.771,164.125
507.091,425.223,136.771,164.125
505.505,425.437,136.771,164.125
504.33,425.854,136.771,164.125
502.731,426.951,136.771,164.125
500.918,426.913,136.771,164.125
499.519,427.854,136.771,164.125
498.339,428.304,136.771,164.125
496.888,428.444,136.771,164.125
495.128,428.911,136.771,164.125
493.785,429.625,136.771,164.125
492.296,429.984,136.771,164.125
491.021,430.043,136.771,164.125
489.375,430.6,136.771,164.125
488.466,431.727,136.771,164.125
486.027,430.893,139.506,167.408
484.808,431.411,139.506,167.408
484.547,433.242,136.771,164.125
482.016,432.181,139.506,167.408
480.535,433.134,139.506,167.408
479.034,433.783,139.506,167.408
477.992,433.78,139.506,167.408
476.678,434.465,139.506,167.408
475.287,434.725,139.506,167.408
473.628,435.458,139.506,167.408
472.687,435.706,139.506,167.408
471.288,436.487,139.506,167.408
471.26,438.652,136.771,164.125
469.292,437.873,139.506,167.408
467.444,438.42,139.506,167.408
466.703,438.51,139.506,167.408
465.479,439.328,139.506,167.408
464.388,439.873,139.506,167.408
462.693,440.773,139.506,167.408
462.162,441.175,139.506,167.408
460.073,440.264,142.297,170.756
460.042,442.037,139.506,167.408
457.894,441.076,142.297,170.756
457.558,442.811,139.506,167.408
456.726,443.248,139.506,167.408
455.511,443.998,139.506,167.408
454.411,444.306,139.506,167.408
453.115,444.31,139.506,167.408
451.434,442.601,142.297,170.756
449.881,443.521,142.297,170.756
449.967,445.744,139.506,167.408
448.154,444.209,142.297,170.756
448.086,446.271,139.506,167.408
445.934,445.391,142.297,170.756
444.253,445.459,142.297,170.756
443.31,445.378,142.297,170.756
442.22,445.611,142.297,170.756
441.144,446.035,142.297,170.756
440.292,445.767,142.297,170.756
439.329,445.853,142.297,170.756
438.504,446.143,142.297,170.756
437.472,446.649,142.297,170.756
436.713,446.581,142.297,170.756
435.771,447.43,142.297,170.756
435.244,447.787,142.297,170.756
433.812,447.847,142.297,170.756
433.437,447.885,142.297,170.756
431.965,448.379,142.297,170.756
430.577,449.029,142.297,170.756
430.672,448.913,142.297,170.756
429.812,449.205,142.297,170.756
427.556,448.068,145.142,174.171
427.373,449.54,142.297,170.756
426.413,450.343,142.297,170.756
425.815,450.739,142.297,170.756
424.023,448.473,145.142,174.171
422.626,448.636,145.142,174.171
422.811,450.75,142.297,170.756
422.831,450.94,142.297,170.756
420.509,449.782,145.142,174.171
420.269,451.73,142.297,170.756
419.842,451.891,142.297,170.756
417.869,450.563,145.142,174.171
416.775,450.778,145.142,174.171
415.896,451.338,145.142,174.171
415.031,451.293,145.142,174.171
414.589,451.348,145.142,174.171
413.043,451.833,145.142,174.171
412.608,452.349,145.142,174.171
412.666,454.177,142.297,170.756
410.713,452.945,145.142,174.171
409.775,452.758,145.142,174.171
409.135,453.429,145.142,174.171
408.641,453.701,145.142,174.171
407.479,454.158,145.142,174.171
406.536,454.17,145.142,174.171
405.712,454.247,145.142,174.171
404.942,454.428,145.142,174.171
404.387,454.816,145.142,174.171
404.092,455.298,145.142,174.171
402.997,455.604,145.142,174.171
402.152,455.918,145.142,174.171
400.249,453.981,148.045,177.654
399.149,454.666,148.045,177.654
399.721,456.552,145.142,174.171
398.644,456.754,145.142,174.171
397.906,457.059,145.142,174.171
397.421,456.91,145.142,174.171
397.152,457.386,145.142,174.171
396.393,457.681,145.142,174.171
394.389,456.281,148.045,177.654
395.159,457.952,145.142,174.171
394.424,458.28,145.142,174.171
392.386,456.917,148.045,177.654
392.887,459.203,145.142,174.171
392.194,459.335,145.142,174.171
391.589,459.491,145.142,174.171
390.635,459.776,145.142,174.171
390.116,460.071,145.142,174.171
390.137,459.307,145.142,174.171
389.662,459.36,145.142,174.171
389.14,459.537,145.142,174.171
389.07,459.512,145.142,174.171
388.76,459.469,145.142,174.171
388.194,459.517,145.142,174.171
387.935,459.245,145.142,174.171
387.451,459.006,145.142,174.171
386.873,458.789,145.142,174.171
386.719,459.138,145.142,174.171
386.526,458.595,145.142,174.171
386.191,459.029,145.142,174.171
386.086,458.385,145.142,174.171
385.741,458.498,145.142,174.171
385.423,458.709,145.142,174.171
385.388,458.721,145.142,174.171
385.093,458.718,145.142,174.171
384.618,458.885,145.142,174.171
384.024,459.04,145.142,174.171
384.019,458.35,145.142,174.171
383.596,458.461,145.142,174.171
383.013,458.697,145.142,174.171
382.756,458.769,145.142,174.171
383.743,460.707,142.297,170.756
382.427,458.617,145.142,174.171
382.17,458.684,145.142,174.171
381.753,458.675,145.142,174.171
381.274,458.741,145.142,174.171
381.057,458.51,145.142,174.171
380.634,458.337,145.142,174.171
380.206,458.274,145.142,174.171
380.053,457.939,145.142,174.171
379.577,457.491,145.142,174.171
378.976,457.913,145.142,174.171
378.713,458.129,145.142,174.171
378.222,457.702,145.142,174.171
378.266,457.874,145.142,174.171
378.047,458.04,145.142,174.171
377.522,457.71,145.142,174.171
376.834,457.942,145.142,174.171
376.642,457.474,145.142,174.171
376.229,457.526,145.142,174.171
376.605,457.545,145.142,174.171
376.465,457.478,145.142,174.171
376.626,457.429,145.142,174.171
377.207,457.368,145.142,174.171
378.021,457.35,145.142,174.171
378.576,457.463,145.142,174.171
378.701,457.331,145.142,174.171
379.766,457.257,145.142,174.171
380.668,456.986,145.142,174.171
381.264,456.717,145.142,174.171
381.804,456.808,145.142,174.171
381.764,456.766,145.142,174.171
382.116,456.825,145.142,174.171
382.864,456.635,145.142,174.171
383.21,456.473,145.142,174.171
384.002,456.049,145.142,174.171
384.199,455.823,145.142,174.171
384.545,456.002,145.142,174.171
384.596,455.648,145.142,174.171
384.718,455.666,145.142,174.171
385.117,455.715,145.142,174.171
385.592,455.751,145.142,174.171
385.413,455.656,145.142,174.171
385.918,455.472,145.142,174.171
385.693,455.167,145.142,174.171
385.567,454.929,145.142,174.171
385.484,454.68,145.142,174.171
386.714,456.509,142.297,170.756
385.898,455.18,145.142,174.171
386.074,454.688,145.142,174.171
386.008,454.599,145.142,174.171
386.082,454.491,145.142,174.171
386.318,454.42,145.142,174.171
386.691,454.429,145.142,174.171
386.408,454.245,145.142,174.171
387.293,454.009,145.142,174.171
387.43,453.615,145.142,174.171
387.097,453.888,145.142,174.171
387.481,453.882,145.142,174.171
387.406,453.854,145.142,174.171
388.161,453.837,145.142,174.171
388.349,453.748,145.142,174.171
388.854,453.499,145.142,174.171
389.125,453.35,145.142,174.171
389.734,453.058,145.142,174.171
389.788,452.781,145.142,174.171
390.198,452.947,145.142,174.171
391.211,452.72,145.142,174.171
391.638,452.986,145.142,174.171
391.63,452.899,145.142,174.171
392.025,453.326,145.142,174.171
392.904,453.255,145.142,174.171
393.459,453.284,145.142,174.171
393.483,453.228,145.142,174.171
393.951,453.223,145.142,174.171
394.803,453.257,145.142,174.171
395.277,453.2,145.142,174.171
395.955,453.208,145.142,174.171
396.304,453.193,145.142,174.171
397.068,453.202,145.142,174.171
397.389,453.111,145.142,174.171
398.058,453.061,145.142,174.171
398.465,453.109,145.142,174.171
398.294,453.281,145.142,174.171
399.099,453.253,145.142,174.171
399.497,453.345,145.142,174.171
399.71,453.423,145.142,174.171
401.535,455.167,142.297,170.756
401.019,453.843,145.142,174.171
401.346,453.859,145.142,174.171
401.734,453.909,145.142,174.171
403.186,455.637,142.297,170.756
403.767,455.296,142.297,170.756
404.547,455.769,142.297,170.756
403.76,453.919,145.142,174.171
404.167,453.486,145.142,174.171
405.734,455.274,142.297,170.756
406.611,455.604,142.297,170.756
405.75,454.247,145.142,174.171
407.227,455.666,142.297,170.756
407.828,455.631,142.297,170.756
407.502,453.924,145.142,174.171
408.43,455.393,142.297,170.756
409.117,456.193,142.297,170.756
409.612,456.384,142.297,170.756
410.654,456.561,142.297,170.756
411.165,456.879,142.297,170.756
411.477,456.645,142.297,170.756
410.693,454.775,145.142,174.171
411.913,456.748,142.297,170.756
412.607,456.729,142.297,170.756
413.643,456.646,142.297,170.756
414.294,456.803,142.297,170.756
414.444,457.043,142.297,170.756
413.497,455.617,145.142,174.171
414.782,457.266,142.297,170.756
415.809,457.375,142.297,170.756
416.651,457.631,142.297,170.756
415.473,455.746,145.142,174.171
416.627,457.698,142.297,170.756
417.719,457.373,142.297,170.756
418.317,457.987,142.297,170.756
418.323,457.859,142.297,170.756
418.85,457.905,142.297,170.756
419.643,457.997,142.297,170.756
419.8,458.163,142.297,170.756
420.212,458.175,142.297,170.756
419.978,458.211,142.297,170.756
420.077,458.179,142.297,170.756
420.555,458.3,142.297,170.756
421.152,458.357,142.297,170.756
421.299,458.515,142.297,170.756
421.676,458.936,142.297,170.756
422.568,458.55,142.297,170.756
422.58,458.974,142.297,170.756
421.715,457.16,145.142,174.171
423.055,458.623,142.297,170.756
423.42,458.887,142.297,170.756
423.841,459.208,142.297,170.756
424.545,459.483,142.297,170.756
423.524,458.179,145.142,174.171
424.819,459.704,142.297,170.756
425.738,459.662,142.297,170.756
424.654,458.174,145.142,174.171
425.69,459.944,142.297,170.756
426.318,460.494,142.297,170.756
426.714,461.133,142.297,170.756
427.339,461.182,142.297,170.756
427.43,461.263,142.297,170.756
426.464,459.863,145.142,174.171
427.701,461.725,142.297,170.756
428.587,461.415,142.297,170.756
427.556,460.314,145.142,174.171
428.785,461.89,142.297,170.756
429.71,462.229,142.297,170.756
430.323,462.667,142.297,170.756
430.459,462.467,142.297,170.756
430.44,463.129,142.297,170.756
429.569,461.667,145.142,174.171
430.948,463.587,142.297,170.756
431.155,464.173,142.297,170.756
431.746,464.257,142.297,170.756
432.479,464.481,142.297,170.756
432.678,464.95,142.297,170.756
433.203,465.094,142.297,170.756
433.401,465.439,142.297,170.756
433.584,466.04,142.297,170.756
434.2,466.134,142.297,170.756
434.331,466.567,142.297,170.756
434.339,467.138,142.297,170.756
435.141,467.367,142.297,170.756
435.302,468.02,142.297,170.756
435.835,468.111,142.297,170.756
436.66,468.394,142.297,170.756
436.794,468.9,142.297,170.756
437.456,468.912,142.297,170.756
437.585,469.254,142.297,170.756
437.784,469.747,142.297,170.756
438.581,469.805,142.297,170.756
438.721,470.135,142.297,170.756
438.959,470.674,142.297,170.756
439.24,470.776,142.297,170.756
439.579,470.98,142.297,170.756
440.048,471.364,142.297,170.756
440.1,472.099,142.297,170.756
440.603,472.171,142.297,170.756
441.422,472.428,142.297,170.756
441.707,472.83,142.297,170.756
442.472,472.651,142.297,170.756
442.943,472.723,142.297,170.756
443.116,472.883,142.297,170.756
443.351,472.818,142.297,170.756
443.873,472.8,142.297,170.756
443.895,472.805,142.297,170.756
444.26,472.728,142.297,170.756
445.218,472.625,142.297,170.756
445.8,472.706,142.297,170.756
446.729,472.837,142.297,170.756
447.324,473.313,142.297,170.756
447.537,473.76,142.297,170.756
448.262,473.617,142.297,170.756
448.398,474.132,142.297,170.756
449.093,473.86,142.297,170.756
449.568,473.649,142.297,170.756
450.207,473.467,142.297,170.756
450.155,474.077,142.297,170.756
450.585,473.957,142.297,170.756
451.557,473.724,142.297,170.756
452.069,473.605,142.297,170.756
452.017,474.079,142.297,170.756
452.653,473.763,142.297,170.756
453.692,473.486,142.297,170.756
454.155,473.895,142.297,170.756
454.425,473.782,142.297,170.756
455.217,473.505,142.297,170.756
455.426,473.947,142.297,170.756
456.409,473.615,142.297,170.756
456.663,473.975,142.297,170.756
457.619,473.566,142.297,170.756
457.981,474.015,142.297,170.756
458.287,473.927,142.297,170.756
459.145,473.662,142.297,170.756
459.696,473.483,142.297,170.756
460.556,473.729,142.297,170.756
