737.038,308.93,91,91
735.961,308.684,91,91
733.88,309.716,89.2157,89.2157
730.307,309.758,91,91
727.191,308.983,92.82,92.82
724.632,309.764,91,91
722.883,309.576,91,91
720.893,309.234,91,91
717.77,309.452,91,91
714.853,308.884,92.82,92.82
713.898,309.253,91,91
712.832,309.969,91,91
711.458,310.674,91,91
711.062,312.229,89.2157,89.2157
707.33,312.873,91,91
704.853,313.05,91,91
702.568,313.445,91,91
700.255,312.883,92.82,92.82
699.722,313.186,91,91
697.233,313.366,91,91
693.902,312.636,92.82,92.82
689.746,311.706,92.82,92.82
687.885,310.708,92.82,92.82
686.263,310.182,91,91
684.529,308.595,92.82,92.82
682.136,305.164,92.82,92.82
678.75,304.938,92.82,92.82
675.642,304.581,92.82,92.82
672.919,304.597,92.82,92.82
670.885,304.175,92.82,92.82
669.061,305.115,91,91
667.336,304.158,92.82,92.82
664.47,301.837,94.6764,94.6764
663.112,299.861,94.6764,94.6764
662.269,298.585,92.82,92.82
659.463,295.936,94.6764,94.6764
658.558,292.533,94.6764,94.6764
656.97,291.523,94.6764,94.6764
654,289.549,94.6764,94.6764
651.814,288.162,94.6764,94.6764
648.148,286.773,94.6764,94.6764
645.271,285.445,94.6764,94.6764
641.772,285.318,94.6764,94.6764
638.399,284.802,94.6764,94.6764
636.392,284.318,94.6764,94.6764
632.803,284.51,94.6764,94.6764
628.606,284.827,94.6764,94.6764
626.601,284.51,94.6764,94.6764
623.073,284.558,94.6764,94.6764
622.015,284.323,94.6764,94.6764
622.167,283.968,94.6764,94.6764
621.655,282.76,96.5699,96.5699
623.747,283.232,94.6764,94.6764
624.232,283.527,94.6764,94.6764
625.508,283.843,94.6764,94.6764
627.202,283.742,94.6764,94.6764
628.747,283.858,94.6764,94.6764
630.204,284.182,94.6764,94.6764
631.645,284.91,94.6764,94.6764
632.617,285.924,94.6764,94.6764
634.233,288.44,92.82,92.82
633.393,290.303,94.6764,94.6764
632.882,292.649,96.5699,96.5699
632.796,295.519,96.5699,96.5699
632.607,297.808,96.5699,96.5699
633.165,299.141,96.5699,96.5699
633.487,301.535,96.5699,96.5699
634.893,303.032,96.5699,96.5699
637.823,304.698,94.6764,94.6764
641.442,306.006,92.82,92.82
644.504,306.199,92.82,92.82
647.155,306.271,92.82,92.82
648.974,305.23,94.6764,94.6764
652.299,304.27,96.5699,96.5699
654.396,304.074,96.5699,96.5699
655.937,303.921,96.5699,96.5699
656.34,303.601,96.5699,96.5699
656.115,303.724,96.5699,96.5699
654.659,303.765,96.5699,96.5699
651.065,302.094,100.471,100.471
647.496,303.427,98.5013,98.5013
647.299,305.13,98.5013,98.5013
644.27,305.661,100.471,100.471
642.283,309.029,98.5013,98.5013
640.697,310.944,98.5013,98.5013
637.93,311.69,100.471,100.471
635.082,314.265,98.5013,98.5013
635.217,315.288,98.5013,98.5013
635.157,316.14,98.5013,98.5013
635.083,316.855,98.5013,98.5013
635.075,317.363,98.5013,98.5013
636.372,318.903,96.5699,96.5699
635.88,317.943,98.5013,98.5013
636.031,317.732,98.5013,98.5013
637.103,318.429,96.5699,96.5699
636.955,317.291,96.5699,96.5699
635.124,315.23,96.5699,96.5699
632.74,312.875,96.5699,96.5699
629.087,310.764,94.6763,94.6763
625.275,308.293,96.5699,96.5699
619.899,306.686,96.5699,96.5699
617.229,307.591,92.82,92.82
612.638,305.182,94.6763,94.6763
608.443,303.111,98.5013,98.5013
605.912,303.082,98.5013,98.5013
604.791,302.979,98.5013,98.5013
605.44,303.781,96.5699,96.5699
605.085,302.532,98.5013,98.5013
606.486,303.641,96.5699,96.5699
606.151,302.669,98.5013,98.5013
607.67,303.568,96.5699,96.5699
608.077,302.477,98.5013,98.5013
608.929,302.487,98.5013,98.5013
611.363,304.082,96.5699,96.5699
611.966,303.787,98.5013,98.5013
612.784,304.297,98.5013,98.5013
614.885,305.777,96.5699,96.5699
617.604,306.354,94.6763,94.6763
618.807,303.853,98.5013,98.5013
620.703,303.073,96.5699,96.5699
623.254,300.422,98.5013,98.5013
626.542,299.375,96.5699,96.5699
629.924,295.45,100.471,100.471
629.552,289.307,104.53,104.53
638.371,290.231,100.471,100.471
642.705,289.994,96.5699,96.5699
646.83,287.144,100.471,100.471
645.642,284.35,104.53,104.53
653.126,286.912,100.471,100.471
655.936,288.476,96.5699,96.5699
658.447,288.89,96.5699,96.5699
659.823,287.382,98.5013,98.5013
661.991,287.924,96.5699,96.5699
663.985,285.256,98.5013,98.5013
667.021,284.207,96.5699,96.5699
669.818,281.814,96.5699,96.5699
671.495,278.764,96.5699,96.5699
673.118,275.455,98.5013,98.5013
673.937,274.425,98.5013,98.5013
676.158,274.751,96.5699,96.5699
676.879,273.501,98.5013,98.5013
677.422,274.622,98.5013,98.5013
677.588,275.112,98.5013,98.5013
674.797,273.135,102.481,102.481
673.635,274.926,98.5013,98.5013
672.296,273.356,100.471,100.471
670.335,273.506,98.5013,98.5013
667.217,271.927,100.471,100.471
662.49,270.826,98.5013,98.5013
658.838,269.541,100.471,100.471
653.438,270.112,98.5013,98.5013
651.005,269.309,100.471,100.471
647.347,270.244,98.5013,98.5013
645.453,270.713,100.471,100.471
643.146,272.51,100.471,100.471
640.025,274.302,100.471,100.471
638.522,277.346,98.5013,98.5013
636.324,279.606,100.471,100.471
634.641,281.661,100.471,100.471
633.656,284.626,100.471,100.471
632.324,287.182,100.471,100.471
630.864,289.978,100.471,100.471
629.393,293.017,100.471,100.471
629.103,296.873,100.471,100.471
629.375,301.708,98.5013,98.5013
629.3,305.794,100.471,100.471
628.696,307.041,100.471,100.471
628.568,309.735,100.471,100.471
627.453,312.738,100.471,100.471
624.282,313.404,102.481,102.481
621.06,314.341,102.481,102.481
617.68,315.19,102.481,102.481
615.033,315.606,102.481,102.481
609.822,315.626,102.481,102.481
605.806,315.663,102.481,102.481
601.244,314.816,102.481,102.481
598.376,314.043,102.481,102.481
595.925,313.622,102.481,102.481
594.907,313.603,102.481,102.481
595.191,312.744,102.481,102.481
596.629,312.304,102.481,102.481
598.821,311.531,102.481,102.481
600.112,311.492,102.481,102.481
602.848,311.06,102.481,102.481
605.49,310.331,102.481,102.481
608.877,309.734,104.53,104.53
611.251,309.435,104.53,104.53
614.715,308.546,106.621,106.621
616.93,307.911,106.621,106.621
622.719,308.438,104.53,104.53
626.373,307.553,106.621,106.621
630.347,307.454,104.53,104.53
634.521,306.989,104.53,104.53
637.884,305.998,106.621,106.621
641.591,306.216,104.53,104.53
645.915,305.628,106.621,106.621
648.003,305.126,106.621,106.621
652.481,305.191,106.621,106.621
655.799,303.692,106.621,106.621
659.354,303.26,104.53,104.53
663.347,302.178,106.621,106.621
667.163,299.163,106.621,106.621
669.827,297.215,106.621,106.621
671.464,295.303,106.621,106.621
672.621,293.928,106.621,106.621
672.94,292.641,106.621,106.621
672.525,292.655,106.621,106.621
672.208,291.78,106.621,106.621
671.667,290.351,106.621,106.621
671.572,290.002,106.621,106.621
670.149,288.679,108.753,108.753
668.655,288.779,108.753,108.753
668.253,290.393,106.621,106.621
666.851,290.658,108.753,108.753
665.725,291.153,108.753,108.753
665.056,292.651,108.753,108.753
664.435,293.698,108.753,108.753
662.336,294.288,110.928,110.928
660.859,296.716,110.928,110.928
658.728,298.318,110.928,110.928
657.384,300.524,110.928,110.928
656.9,302.491,110.928,110.928
655.885,304.22,110.928,110.928
655.244,305.422,110.928,110.928
655.014,306.854,110.928,110.928
654.068,308.095,110.928,110.928
653.415,309.671,110.928,110.928
653.09,310.591,110.928,110.928
651.433,310.464,113.147,113.147
650.739,311.528,113.147,113.147
650.427,312.05,113.147,113.147
649.891,313.009,113.147,113.147
649.604,313.418,113.147,113.147
648.975,314.332,113.147,113.147
648.661,315.144,113.147,113.147
648.205,316.029,113.147,113.147
648.462,316.49,113.147,113.147
647.94,317.087,113.147,113.147
646.989,316.556,115.41,115.41
646.683,316.765,115.41,115.41
646.332,317.554,115.41,115.41
645.673,318.557,115.41,115.41
645.166,319.668,115.41,115.41
644.986,320.799,115.41,115.41
644.45,321.997,115.41,115.41
643.7,323.165,115.41,115.41
643.476,323.85,115.41,115.41
643.133,324.092,115.41,115.41
643.159,324.287,115.41,115.41
641.87,323.821,117.718,117.718
641.628,324.381,117.718,117.718
641.069,324.892,117.718,117.718
640.663,325.857,117.718,117.718
640.151,326.905,117.718,117.718
639.522,328.204,117.718,117.718
639.224,328.662,117.718,117.718
638.565,329.709,117.718,117.718
638.012,330.533,117.718,117.718
637.377,331.123,117.718,117.718
635.964,331.999,117.718,117.718
635.235,332.04,117.718,117.718
633.965,332.33,117.718,117.718
632.404,330.838,120.072,120.072
631.306,331.735,120.072,120.072
630.341,332.228,120.072,120.072
629.529,332.02,120.072,120.072
629.306,331.294,120.072,120.072
628.808,331.324,120.072,120.072
628.501,331.155,120.072,120.072
627.724,331.374,120.072,120.072
626.805,332.069,120.072,120.072
625.688,332.803,120.072,120.072
623.469,333.336,122.474,122.474
621.711,334.253,122.474,122.474
620.031,334.915,122.474,122.474
617.804,335.334,122.474,122.474
615.815,335.742,122.474,122.474
614.339,335.756,122.474,122.474
613.507,335.227,122.474,122.474
612.663,334.093,122.474,122.474
611.531,332.958,122.474,122.474
608.834,330.462,124.923,124.923
607.055,330.067,124.923,124.923
605.985,329.109,124.923,124.923
605.024,328.548,124.923,124.923
604.114,327.161,124.923,124.923
603.082,326.719,124.923,124.923
601.942,325.286,124.923,124.923
600.872,324.406,124.923,124.923
600.036,323.443,124.923,124.923
599.053,322.818,124.923,124.923
597.943,321.537,124.923,124.923
595.194,320.068,127.422,127.422
594.122,318.956,127.422,127.422
593.224,317.265,127.422,127.422
592.741,315.358,127.422,127.422
591.578,312.695,127.422,127.422
590.547,311.159,127.422,127.422
589.818,310.306,127.422,127.422
589.499,308.169,127.422,127.422
589.427,306.963,127.422,127.422
588.362,303.298,129.97,129.97
588.448,300.533,129.97,129.97
588.462,298.887,129.97,129.97
588.523,297.965,129.97,129.97
588.695,297.066,129.97,129.97
589.613,294.824,129.97,129.97
590.754,293.544,129.97,129.97
592.067,291.813,129.97,129.97
591.219,289.766,132.57,132.57
593.794,289.972,129.97,129.97
594.664,289.789,129.97,129.97
596.015,289.658,129.97,129.97
597.582,289.927,129.97,129.97
600.379,290.264,129.97,129.97
602.172,290.369,129.97,129.97
603.679,290.597,129.97,129.97
605.704,290.295,129.97,129.97
607.242,289.451,129.97,129.97
608.506,288.871,129.97,129.97
610.898,288.486,129.97,129.97
613.295,288.078,129.97,129.97
614.458,287.655,129.97,129.97
616.578,287.467,129.97,129.97
619.169,286.896,129.97,129.97
620.569,287.236,129.97,129.97
622.973,286.721,129.97,129.97
624.859,286.71,129.97,129.97
626.443,286.48,129.97,129.97
627.829,285.892,129.97,129.97
629.026,283.829,132.57,132.57
631.536,283.964,129.97,129.97
630.351,282.462,132.57,132.57
628.496,281.023,135.221,135.221
626.755,280.93,135.221,135.221
625.395,280.182,135.221,135.221
624.223,279.633,135.221,135.221
624.3,278.535,135.221,135.221
624.021,278.543,135.221,135.221
622.804,278.703,135.221,135.221
621.055,279.03,135.221,135.221
619.819,279.238,135.221,135.221
618.536,279.104,135.221,135.221
617.144,278.689,135.221,135.221
614.699,276.706,137.925,137.925
612.135,276.397,137.925,137.925
609.529,275.64,137.925,137.925
607.632,274.764,137.925,137.925
605.781,274.26,137.925,137.925
603.865,273.486,137.925,137.925
601.94,273.356,137.925,137.925
599.931,273.509,137.925,137.925
598.176,274.132,137.925,137.925
597.092,274.045,137.925,137.925
596.539,273.557,137.925,137.925
596.593,273.153,137.925,137.925
595.895,272.854,137.925,137.925
593.174,272.269,140.684,140.684
591.514,273.266,140.684,140.684
590.476,273.822,140.684,140.684
589.796,273.687,140.684,140.684
589.695,273.067,140.684,140.684
589.97,272.917,140.684,140.684
590.457,272.557,140.684,140.684
591.045,273.405,140.684,140.684
591.168,273.725,140.684,140.684
592.028,273.066,140.684,140.684
592.753,272.78,140.684,140.684
593.292,272.159,140.684,140.684
593.017,270.402,143.498,143.498
593.131,269.471,143.498,143.498
593.333,269.099,143.498,143.498
593.471,269.251,143.498,143.498
594.392,268.34,143.498,143.498
595.401,268.012,143.498,143.498
594.681,266.878,146.368,146.368
596.964,267.891,143.498,143.498
597.136,268.381,143.498,143.498
597.585,268.319,143.498,143.498
597.798,268.754,143.498,143.498
598.022,269.817,143.498,143.498
596.88,268.885,146.368,146.368
596.515,269.099,146.368,146.368
597.086,269.399,146.368,146.368
597.535,269.652,146.368,146.368
598.208,269.615,146.368,146.368
598.16,269.714,146.368,146.368
596.308,268.618,149.295,149.295
596.288,268.551,149.295,149.295
595.969,268.833,149.295,149.295
595.56,269.285,149.295,149.295
594.973,269.909,149.295,149.295
595.003,269.877,149.295,149.295
594.263,270.324,149.295,149.295
591.901,269.695,152.281,152.281
591.639,271.454,149.295,149.295
590.729,271.223,149.295,149.295
588.651,270.188,152.281,152.281
588.476,269.354,152.281,152.281
588.31,269.096,152.281,152.281
587.579,268.95,152.281,152.281
587.116,268.521,152.281,152.281
586.249,268.555,152.281,152.281
585.908,267.631,152.281,152.281
585.66,266.73,152.281,152.281
586.439,266.034,152.281,152.281
586.373,265.156,152.281,152.281
586.227,264.941,152.281,152.281
585.82,264.219,152.281,152.281
584.167,261.798,155.326,155.326
584.148,260.645,155.326,155.326
584.55,259.432,155.326,155.326
584.461,258.082,155.326,155.326
584.465,257.586,155.326,155.326
584.522,256.373,155.326,155.326
584.683,255.431,155.326,155.326
584.992,254.67,155.326,155.326
585.908,254.273,155.326,155.326
584.915,253.13,158.433,158.433
585.03,253.061,158.433,158.433
585.593,252.819,158.433,158.433
586.548,252.121,158.433,158.433
586.842,251.783,158.433,158.433
586.446,251.849,158.433,158.433
586.867,250.223,158.433,158.433
586.645,249.685,158.433,158.433
587.736,249.52,158.433,158.433
586.658,247.679,161.602,161.602
587.349,247.602,161.602,161.602
587.729,247.933,161.602,161.602
588.866,249.206,161.602,161.602
589.549,250.057,161.602,161.602
589.865,251.338,161.602,161.602
590.645,251.66,161.602,161.602
591.101,252.506,161.602,161.602
592.33,252.803,161.602,161.602
591.005,252.192,164.834,164.834
591.089,252.605,164.834,164.834
591.224,252.76,164.834,164.834
591.65,253.157,164.834,164.834
591.85,253.66,164.834,164.834
592.961,253.851,164.834,164.834
594.188,255.024,164.834,164.834
595.68,256.476,164.834,164.834
596.128,258.013,164.834,164.834
597.25,259.084,164.834,164.834
598.16,260.321,164.834,164.834
597.074,259.898,168.13,168.13
597.316,261.004,168.13,168.13
598.181,260.691,168.13,168.13
598.466,261.398,168.13,168.13
599.412,261.582,168.13,168.13
600.387,261.728,168.13,168.13
601.389,261.853,168.13,168.13
602.249,262.535,168.13,168.13
602.838,263.151,168.13,168.13
601.93,261.816,171.493,171.493
601.739,261.895,171.493,171.493
601.843,262.073,171.493,171.493
602.622,262.358,171.493,171.493
603.345,262.535,171.493,171.493
603.612,263.04,171.493,171.493
604.146,263.747,171.493,171.493
605.014,264.096,171.493,171.493
603.692,263.361,174.923,174.923
603.257,263.393,174.923,174.923
603.452,263.287,174.923,174.923
603.679,262.836,174.923,174.923
603.293,262.257,174.923,174.923
604.254,262.239,174.923,174.923
605.03,262.304,174.923,174.923
605.552,262.469,174.923,174.923
605.453,262.864,174.923,174.923
603.518,261.255,178.421,178.421
601.764,261.986,178.421,178.421
599.974,262.277,178.421,178.421
597.363,262.339,178.421,178.421
596.025,262.329,178.421,178.421
594.432,262.374,178.421,178.421
591.161,260.717,181.99,181.99
588.138,261.116,181.99,181.99
585.939,261.667,181.99,181.99
584.594,262.766,181.99,181.99
582.647,263.537,181.99,181.99
581.146,264.062,181.99,181.99
579.302,264.426,181.99,181.99
575.781,263.695,185.629,185.629
574.678,265.415,185.629,185.629
573.054,266.78,185.629,185.629
571.654,268.068,185.629,185.629
569.858,269.288,185.629,185.629
567.92,269.708,185.629,185.629
565.734,270.395,185.629,185.629
561.311,268.539,189.342,189.342
560.34,269.733,185.629,185.629
556.055,268.71,189.342,189.342
554.024,268.761,189.342,189.342
552.599,269.108,189.342,189.342
548.856,267.883,193.129,193.129
547.379,267.916,193.129,193.129
545.772,268.442,193.129,193.129
544.932,268.268,193.129,193.129
543.434,269.112,193.129,193.129
542.108,269.246,193.129,193.129
540.661,269.563,193.129,193.129
537.525,267.584,196.991,196.991
535.603,267.465,196.991,196.991
534.166,268.841,196.991,196.991
533.299,269.118,196.991,196.991
530.312,268.054,200.931,200.931
529.572,268.233,200.931,200.931
528.724,268.807,200.931,200.931
528.431,269.176,200.931,200.931
526.773,268.253,204.95,204.95
526.215,269.239,204.95,204.95
526.472,270.811,204.95,204.95
526.818,272.201,204.95,204.95
526.279,273.599,204.95,204.95
526.426,274.092,204.95,204.95
525.041,272.849,209.049,209.049
525.482,273.207,209.049,209.049
525.268,273.76,209.049,209.049
525.703,273.685,209.049,209.049
525.593,274.023,209.049,209.049
523.666,272.68,213.23,213.23
524.509,272.967,213.23,213.23
525.084,273.941,213.23,213.23
526.266,275.119,213.23,213.23
525.034,274.427,217.494,217.494
525.027,275.282,217.494,217.494
525.781,276.686,217.494,217.494
526.364,278.016,217.494,217.494
526.343,278.752,217.494,217.494
526.28,278.256,217.494,217.494
524.38,275.178,221.844,221.844
524.898,274.27,221.844,221.844
526.261,273.747,221.844,221.844
526.783,274.011,221.844,221.844
528.379,273.904,221.844,221.844
526.51,271.573,226.281,226.281
527.098,271.418,226.281,226.281
526.921,270.727,226.281,226.281
526.815,270.201,226.281,226.281
528.126,269.305,226.281,226.281
526.044,266.945,230.807,230.807
526.802,266.78,230.807,230.807
526.801,266.822,230.807,230.807
527.132,266.678,230.807,230.807
528.307,266.228,230.807,230.807
529.7,266.214,230.807,230.807
527.971,263.893,235.423,235.423
529.281,263.408,235.423,235.423
530.547,262.982,235.423,235.423
530.397,262.851,235.423,235.423
530.464,262.094,235.423,235.423
530.628,261.46,235.423,235.423
528.792,258.02,240.131,240.131
529.463,257.448,240.131,240.131
529.605,257.215,240.131,240.131
530.395,256.964,240.131,240.131
531.192,256.8,240.131,240.131
529.964,255.196,244.934,244.934
530.716,254.987,244.934,244.934
531.504,254.589,244.934,244.934
532.804,254.492,244.934,244.934
532.92,255.279,244.934,244.934
533.21,255.756,244.934,244.934
530.962,253.377,249.833,249.833
530.986,252.848,249.833,249.833
530.774,252.165,249.833,249.833
530.749,250.739,249.833,249.833
530.513,250.077,249.833,249.833
527.863,247.037,254.829,254.829
527.913,245.673,254.829,254.829
528.579,245.193,254.829,254.829
530.041,245.527,254.829,254.829
530.701,245.908,254.829,254.829
528.401,242.874,259.926,259.926
528.986,242.707,259.926,259.926
529.775,242.32,259.926,259.926
529.58,241.5,259.926,259.926
529.348,240.868,259.926,259.926
526.645,237.691,265.124,265.124
526.772,236.308,265.124,265.124
526.698,235.374,265.124,265.124
526.796,234.526,265.124,265.124
527.321,232.781,265.124,265.124
525.013,229.195,270.427,270.427
524.346,228.193,270.427,270.427
524.764,227.586,270.427,270.427
525.877,227.345,270.427,270.427
525.625,227.246,270.427,270.427
523.981,224.433,275.835,275.835
524.533,224.384,275.835,275.835
524.837,225.031,275.835,275.835
525.511,226.31,275.835,275.835
525.879,226.75,275.835,275.835
523.426,225.242,281.352,281.352
523.697,226.166,281.352,281.352
524.591,227.156,281.352,281.352
525.343,228.557,281.352,281.352
525.722,229.51,281.352,281.352
526.602,230.694,281.352,281.352
526.833,232.258,281.352,281.352
524.513,230.938,286.979,286.979
527.584,234.517,281.352,281.352
525.543,232.583,286.979,286.979
528.302,235.316,281.352,281.352
526.164,233.152,286.979,286.979
525.952,232.699,286.979,286.979
525.662,231.946,286.979,286.979
524.784,230.964,286.979,286.979
524.138,230.164,286.979,286.979
521.279,226.187,292.719,292.719
520.849,225.32,292.719,292.719
519.894,224.754,292.719,292.719
519.636,223.601,292.719,292.719
519.762,223.371,292.719,292.719
518.965,222.146,292.719,292.719
516.001,217.631,298.573,298.573
515.738,216.366,298.573,298.573
515.638,214.967,298.573,298.573
516.571,213.755,298.573,298.573
516.811,212.464,298.573,298.573
516.646,211.996,298.573,298.573
517.144,210.724,298.573,298.573
514.168,206.353,304.545,304.545
513.746,205.48,304.545,304.545
513.589,204.797,304.545,304.545
514.45,204.129,304.545,304.545
514.688,204.032,304.545,304.545
515.29,203.863,304.545,304.545
515.323,203.558,304.545,304.545
515.124,204.08,304.545,304.545
515.469,203.927,304.545,304.545
515.755,203.961,304.545,304.545
516.056,204.225,304.545,304.545
516.321,204.51,304.545,304.545
513.547,201.976,310.635,310.635
513.915,201.745,310.635,310.635
513.19,201.715,310.635,310.635
513.377,201.679,310.635,310.635
513.081,202.341,310.635,310.635
512.972,202.889,310.635,310.635
513.03,202.733,310.635,310.635
513.116,202.814,310.635,310.635
512.75,203.402,310.635,310.635
512.278,204.158,310.635,310.635
512.492,204.66,310.635,310.635
512.472,205.527,310.635,310.635
509.553,202.854,316.848,316.848
509.61,202.303,316.848,316.848
508.679,203.017,316.848,316.848
508.51,203.637,316.848,316.848
508.86,203.825,316.848,316.848
508.196,204.319,316.848,316.848
508.528,205.407,316.848,316.848
508.717,206.088,316.848,316.848
508.212,206.221,316.848,316.848
508.581,206.977,316.848,316.848
508.347,207.149,316.848,316.848
506.113,204.777,323.185,323.185
506.823,205.39,323.185,323.185
507.465,206.777,323.185,323.185
507.262,206.966,323.185,323.185
507.58,207.539,323.185,323.185
507.276,207.613,323.185,323.185
507.422,207.486,323.185,323.185
506.53,207.125,323.185,323.185
505.767,207.129,323.185,323.185
505.341,206.487,323.185,323.185
504.533,205.111,323.185,323.185
499.904,201.095,329.649,329.649
498.807,199.566,329.649,329.649
497.625,197.826,329.649,329.649
496.196,196.431,329.649,329.649
494.42,194.881,329.649,329.649
492.846,193.561,329.649,329.649
491.273,190.921,329.649,329.649
485.369,185.755,336.242,336.242
484.019,183.863,336.242,336.242
481.288,181.685,336.242,336.242
479.546,178.789,336.242,336.242
477.949,176.399,336.242,336.242
475.419,173.123,336.242,336.242
473.536,169.882,336.242,336.242
471.104,166.86,336.242,336.242
464.651,160.961,342.967,342.967
461.549,157.283,342.967,342.967
458.755,154.162,342.967,342.967
456.63,150.693,342.967,342.967
454.477,147.546,342.967,342.967
453.241,144.658,342.967,342.967
451.064,141.947,342.967,342.967
448.72,139.21,342.967,342.967
442.931,132.915,349.826,349.826
440.995,130.413,349.826,349.826
439.135,127.268,349.826,349.826
436.65,124.542,349.826,349.826
435.053,122.572,349.826,349.826
433.729,119.93,349.826,349.826
431.937,117.777,349.826,349.826
430.626,115.157,349.826,349.826
425.205,109.361,356.822,356.822
423.616,108.433,356.822,356.822
421.549,107.601,356.822,356.822
421.129,106.124,356.822,356.822
420.393,105.814,356.822,356.822
420.22,105.335,356.822,356.822
419.199,105.319,356.822,356.822
414.809,102,363.959,363.959
413.979,102.452,363.959,363.959
413.431,102.808,363.959,363.959
412.626,103.796,363.959,363.959
412.412,105.058,363.959,363.959
412.179,105.589,363.959,363.959
407.518,102.947,371.238,371.238
407.886,105.228,371.238,371.238
408.365,107.371,371.238,371.238
409.353,109.588,371.238,371.238
410.073,111.643,371.238,371.238
411.026,115.198,371.238,371.238
408.183,115.062,378.663,378.663
409.728,119.451,378.663,378.663
411.079,124.371,378.663,378.663
413.591,129.167,378.663,378.663
416.139,133.825,378.663,378.663
414.593,134.39,386.236,386.236
417.163,139.904,386.236,386.236
419.161,145.14,386.236,386.236
422.231,151.095,386.236,386.236
425.353,157.2,386.236,386.236
424.311,159.077,393.961,393.961
426.693,164.156,393.961,393.961
425.592,165.098,401.84,401.84
428.057,170.32,401.84,401.84
430.607,175.129,401.84,401.84
432.409,179.778,401.84,401.84
433.876,184.395,401.84,401.84
435.617,186.86,401.84,401.84
436.552,189.357,401.84,401.84
434.045,187.551,409.877,409.877
435.613,189.922,409.877,409.877
437.251,192,409.877,409.877
434.962,190.673,418.074,418.074
437.297,193.466,418.074,418.074
438.706,195.79,418.074,418.074
440.573,198.304,418.074,418.074
439.499,196.394,426.436,426.436
443.862,197.03,426.436,426.436
