392.808,327.823,155,319
392.092,327.117,155,319
391.869,326.348,155,319
391.49,325.284,155,319
392.736,327.739,151.961,312.745
391.826,326.237,151.961,312.745
391.073,325.131,151.961,312.745
390.103,324.317,151.961,312.745
391.334,326.062,148.981,306.613
390.634,324.796,148.981,306.613
389.325,323.817,148.981,306.613
387.838,318.528,151.961,312.745
387.999,317.002,151.961,312.745
387.982,315.726,151.961,312.745
386.348,311.407,155,319
387.656,313.932,151.961,312.745
388.527,316.324,148.981,306.613
387.498,316.657,148.981,306.613
387.073,315.176,148.981,306.613
386.453,314.148,148.981,306.613
386.315,312.282,148.981,306.613
385.66,311.12,148.981,306.613
384.945,310.402,148.981,306.613
384.832,309.023,148.981,306.613
384.428,307.87,148.981,306.613
384.501,306.705,148.981,306.613
384.415,305.447,148.981,306.613
383.876,304.707,148.981,306.613
383.261,303.32,148.981,306.613
383.804,302.534,148.981,306.613
383.43,301.908,148.981,306.613
383.678,300.504,148.981,306.613
383.791,300.306,148.981,306.613
384.246,299.83,148.981,306.613
384.753,299.131,148.981,306.613
384.721,299.669,148.981,306.613
385.82,302.944,146.06,300.601
384.377,299.024,148.981,306.613
386.52,301.943,146.06,300.601
386.122,302.318,146.06,300.601
385.969,302.953,146.06,300.601
386.331,302.209,146.06,300.601
386.123,302.794,146.06,300.601
386.03,302.918,146.06,300.601
385.989,303.035,146.06,300.601
385.854,302.575,146.06,300.601
387.841,305.939,143.196,294.707
387.547,306.211,143.196,294.707
387.18,306.397,143.196,294.707
387.736,306.935,143.196,294.707
387.254,306.543,143.196,294.707
387.748,307.154,143.196,294.707
387.289,307.003,143.196,294.707
387.473,306.92,143.196,294.707
386.938,306.739,143.196,294.707
387.237,306.389,143.196,294.707
387.836,306.785,143.196,294.707
387.473,306.267,143.196,294.707
387.402,305.95,143.196,294.707
387.574,305.553,143.196,294.707
387.282,305.427,143.196,294.707
389.026,307.574,140.388,288.928
389.36,307.135,140.388,288.928
389.717,307.193,140.388,288.928
389.873,306.929,140.388,288.928
389.335,305.916,140.388,288.928
389.497,305.559,140.388,288.928
389.619,305.172,140.388,288.928
389.98,305.277,140.388,288.928
389.593,304.427,140.388,288.928
391.597,307.668,137.636,283.263
391.228,306.59,137.636,283.263
391.073,305.933,137.636,283.263
391.892,305.988,137.636,283.263
391.712,305.383,137.636,283.263
391.616,304.532,137.636,283.263
390.496,301.435,140.388,288.928
392.566,303.74,137.636,283.263
392.491,303.129,137.636,283.263
393.006,302.841,137.636,283.263
393.627,302.249,137.636,283.263
393.724,301.888,137.636,283.263
393.919,301.041,137.636,283.263
395.676,303.382,134.937,277.709
395.482,302.58,134.937,277.709
396.911,302.039,134.937,277.709
397.385,301.661,134.937,277.709
398.358,301.042,134.937,277.709
399.511,300.483,134.937,277.709
399.867,299.456,134.937,277.709
401.446,301.436,132.291,272.263
401.906,300.478,132.291,272.263
402.054,299.651,132.291,272.263
403.086,298.826,132.291,272.263
403.427,297.934,132.291,272.263
404.778,296.832,132.291,272.263
405.887,296.505,132.291,272.263
405.757,295.697,132.291,272.263
408.891,298.084,129.697,266.925
409.692,297.355,129.697,266.925
410.273,296.677,129.697,266.925
410.667,295.632,129.697,266.925
412.274,294.527,129.697,266.925
412.634,294.033,129.697,266.925
413.549,293.039,129.697,266.925
414.447,292.296,129.697,266.925
415.06,291.508,129.697,266.925
418.421,293.917,127.154,261.691
418.719,292.846,127.154,261.691
418.914,292.089,127.154,261.691
419.78,291.522,127.154,261.691
421.941,293.352,124.661,256.56
422.868,292.218,124.661,256.56
423.836,291.325,124.661,256.56
424.884,290.598,124.661,256.56
425.675,289.937,124.661,256.56
426.427,289.196,124.661,256.56
428.1,288.383,124.661,256.56
429.977,290.599,122.216,251.529
430.953,290.032,122.216,251.529
432.99,291.94,119.82,246.597
434.144,290.713,119.82,246.597
433.49,287.151,122.216,251.529
435.123,286.955,122.216,251.529
437.221,288.832,119.82,246.597
437.69,287.811,119.82,246.597
439.066,287.213,119.82,246.597
441.821,289.187,117.471,241.762
440.659,284.757,119.82,246.597
442.254,284.653,119.82,246.597
444.032,286.705,117.471,241.762
445.161,285.403,117.471,241.762
446.371,284.403,117.471,241.762
445.476,281.346,119.82,246.597
448.529,284.193,117.471,241.762
448.725,283.151,117.471,241.762
450.148,282.752,117.471,241.762
451.221,282.571,117.471,241.762
453.259,284.556,115.167,237.022
454.056,283.782,115.167,237.022
453.366,280.603,117.471,241.762
455.12,282.904,115.167,237.022
456.505,282.872,115.167,237.022
456.903,282.109,115.167,237.022
458.459,282.313,115.167,237.022
460.109,284.234,112.909,232.374
461.86,284.595,112.909,232.374
463.945,287.112,110.695,227.818
463.004,283.574,112.909,232.374
464.686,284.63,112.909,232.374
466.762,287.159,110.695,227.818
466.945,286.249,110.695,227.818
468.228,286.302,110.695,227.818
469.513,286.311,110.695,227.818
469.665,284.363,112.909,232.374
471.667,287.465,110.695,227.818
470.945,284.756,112.909,232.374
474.028,288.225,110.695,227.818
474.539,288.169,110.695,227.818
475.974,288.828,110.695,227.818
476.802,289.97,110.695,227.818
478.9,293.383,108.525,223.351
480.219,293.925,108.525,223.351
481.572,294.8,108.525,223.351
482.962,295.33,108.525,223.351
484.635,297.53,106.397,218.971
485.002,295.907,108.525,223.351
486.91,298.654,106.397,218.971
487.633,299.05,106.397,218.971
489.498,300.119,106.397,218.971
490.322,300.663,106.397,218.971
490.986,300.877,106.397,218.971
491.544,301.288,106.397,218.971
492.856,302.41,106.397,218.971
493.245,302.832,106.397,218.971
494.131,303.179,106.397,218.971
495.046,303.912,106.397,218.971
496.837,306.7,104.311,214.678
497.469,305.053,106.397,218.971
498.224,305.464,106.397,218.971
499.737,308.219,104.311,214.678
501.209,308.138,104.311,214.678
501.748,307.646,104.311,214.678
504.162,309.887,102.265,210.468
503.528,306.496,104.311,214.678
504.825,306.627,104.311,214.678
506.119,306.543,104.311,214.678
507.26,308.064,102.265,210.468
508.245,307.301,102.265,210.468
509.358,306.897,102.265,210.468
510.537,306.26,102.265,210.468
511.97,306.189,102.265,210.468
512.858,305.679,102.265,210.468
515.719,307.943,100.26,206.342
516.866,306.822,100.26,206.342
517.94,306.542,100.26,206.342
518.922,305.455,100.26,206.342
519.971,304.537,100.26,206.342
522.033,306.108,98.2941,202.296
523.03,304.788,98.2941,202.296
525.201,306.344,96.3668,198.329
527.056,306.345,96.3668,198.329
529.546,307.686,94.4772,194.44
532.165,308.889,92.6247,190.628
533.24,306.525,94.4772,194.44
535.412,307.093,92.6247,190.628
537.672,306.741,92.6247,190.628
539.348,305.838,92.6247,190.628
539.91,303.012,94.4772,194.44
540.971,301.485,94.4772,194.44
543.33,302.726,92.6247,190.628
545.999,302.564,92.6247,190.628
548.191,303.689,90.8086,186.89
548.738,300.679,92.6247,190.628
550.938,301.979,90.8086,186.89
552.056,301.218,90.8086,186.89
554.229,302.542,89.028,183.225
555.24,301.654,89.028,183.225
556.382,300.949,89.028,183.225
557.706,300.516,89.028,183.225
558.764,299.474,89.028,183.225
560.057,298.674,89.028,183.225
561.606,298.35,89.028,183.225
562.794,298.095,89.028,183.225
565.136,299.26,87.2824,179.633
566.557,296.759,89.028,183.225
567.486,295.705,89.028,183.225
568.665,294.943,89.028,183.225
571.199,296.728,87.2824,179.633
574.172,298.097,85.5709,176.111
574.659,295.253,87.2824,179.633
575.197,294.55,87.2824,179.633
576.039,294.015,87.2824,179.633
576.249,293.787,87.2824,179.633
576.64,293.114,87.2824,179.633
576.6,292.341,87.2824,179.633
575.804,289.346,89.028,183.225
576.707,290.67,87.2824,179.633
576.735,289.827,87.2824,179.633
576.775,289.28,87.2824,179.633
576.026,286.25,89.028,183.225
577.127,287.779,87.2824,179.633
577.311,287.205,87.2824,179.633
577.478,286.306,87.2824,179.633
577.1,285.472,87.2824,179.633
576.612,283.189,89.028,183.225
577.413,284.244,87.2824,179.633
577.149,283.361,87.2824,179.633
577.537,282.909,87.2824,179.633
577.521,282.52,87.2824,179.633
577.503,281.714,87.2824,179.633
577.526,281.229,87.2824,179.633
577.645,280.254,87.2824,179.633
577.75,279.487,87.2824,179.633
577.804,278.808,87.2824,179.633
577.848,278.4,87.2824,179.633
578.871,279.456,85.5709,176.111
579.183,279.145,85.5709,176.111
578.495,276.73,87.2824,179.633
578.56,275.78,87.2824,179.633
578.637,275.133,87.2824,179.633
578.687,274.575,87.2824,179.633
578.89,273.699,87.2824,179.633
579.904,274.695,85.5709,176.111
580.019,274.475,85.5709,176.111
579.387,271.849,87.2824,179.633
579.46,270.846,87.2824,179.633
579.597,269.919,87.2824,179.633
579.797,269.165,87.2824,179.633
580.707,270.388,85.5709,176.111
580.846,269.647,85.5709,176.111
580.899,269.052,85.5709,176.111
581.25,267.985,85.5709,176.111
582.023,268.754,83.8931,172.657
581.576,266.595,85.5709,176.111
581.608,266.004,85.5709,176.111
581.867,264.934,85.5709,176.111
582.066,264.914,85.5709,176.111
582.556,264.341,85.5709,176.111
582.695,263.257,85.5709,176.111
582.955,262.505,85.5709,176.111
583.482,261.933,85.5709,176.111
583.466,261.456,85.5709,176.111
583.536,260.657,85.5709,176.111
584.719,261.981,83.8931,172.657
585.037,261.292,83.8931,172.657
585.401,260.919,83.8931,172.657
585.639,260.183,83.8931,172.657
585.809,259.694,83.8931,172.657
586.315,259.008,83.8931,172.657
586.366,258.334,83.8931,172.657
586.42,257.939,83.8931,172.657
586.627,257.155,83.8931,172.657
586.924,256.907,83.8931,172.657
587.276,256.313,83.8931,172.657
587.307,255.665,83.8931,172.657
587.497,255.535,83.8931,172.657
587.773,255.104,83.8931,172.657
588.244,254.383,83.8931,172.657
588.385,253.788,83.8931,172.657
588.57,252.897,83.8931,172.657
588.944,252.276,83.8931,172.657
589.405,252.056,83.8931,172.657
589.435,251.404,83.8931,172.657
589.452,251.128,83.8931,172.657
589.735,250.674,83.8931,172.657
589.976,250.081,83.8931,172.657
590.401,249.998,83.8931,172.657
590.5,249.438,83.8931,172.657
590.533,249.362,83.8931,172.657
590.757,249.109,83.8931,172.657
591.126,248.81,83.8931,172.657
591.073,248.226,83.8931,172.657
591.097,248.038,83.8931,172.657
591.143,247.787,83.8931,172.657
591.332,247.374,83.8931,172.657
591.375,247.561,83.8931,172.657
591.531,247.573,83.8931,172.657
591.834,247.564,83.8931,172.657
592.159,247.468,83.8931,172.657
593.045,248.694,82.2481,169.272
592.351,246.385,83.8931,172.657
592.364,246.373,83.8931,172.657
592.514,246.343,83.8931,172.657
592.736,246.317,83.8931,172.657
593.771,248.06,82.2481,169.272
593.97,248.507,82.2481,169.272
593.987,248.399,82.2481,169.272
594.101,248.465,82.2481,169.272
594.139,248.786,82.2481,169.272
594.19,249.209,82.2481,169.272
594.268,249.569,82.2481,169.272
594.605,249.656,82.2481,169.272
595.051,249.758,82.2481,169.272
595.097,249.835,82.2481,169.272
595.255,249.914,82.2481,169.272
595.488,249.922,82.2481,169.272
595.776,249.936,82.2481,169.272
595.95,249.921,82.2481,169.272
596.07,249.675,82.2481,169.272
596.238,249.153,82.2481,169.272
596.385,249.05,82.2481,169.272
596.615,248.806,82.2481,169.272
596.854,248.311,82.2481,169.272
597.796,249.811,80.6354,165.953
597.869,249.819,80.6354,165.953
597.967,249.59,80.6354,165.953
598.21,249.23,80.6354,165.953
598.485,248.526,80.6354,165.953
598.76,248.31,80.6354,165.953
598.691,247.944,80.6354,165.953
598.482,248.137,80.6354,165.953
598.863,247.888,80.6354,165.953
598.729,248.146,80.6354,165.953
598.784,248.334,80.6354,165.953
598.777,248.819,80.6354,165.953
598.067,248.066,82.2481,169.272
598.005,248.468,82.2481,169.272
597.995,248.653,82.2481,169.272
597.159,247.557,83.8931,172.657
597.208,248.282,83.8931,172.657
597.235,248.83,83.8931,172.657
596.496,247.609,85.5709,176.111
596.55,248.259,85.5709,176.111
596.975,248.765,85.5709,176.111
598.237,251.257,83.8931,172.657
598.199,251.58,83.8931,172.657
598.306,252.014,83.8931,172.657
598.496,252.326,83.8931,172.657
598.622,252.711,83.8931,172.657
598.821,252.822,83.8931,172.657
599.14,253.037,83.8931,172.657
598.975,253.432,83.8931,172.657
599.627,253.972,83.8931,172.657
599.625,254.249,83.8931,172.657
599.642,254.627,83.8931,172.657
599.586,254.965,83.8931,172.657
599.81,254.77,83.8931,172.657
600.036,254.632,83.8931,172.657
601.256,256.872,82.2481,169.272
601.122,256.814,82.2481,169.272
600.965,256.739,82.2481,169.272
600.84,256.637,82.2481,169.272
601.476,256.616,82.2481,169.272
601.524,256.28,82.2481,169.272
601.599,256.449,82.2481,169.272
601.861,256.016,82.2481,169.272
602.163,256.125,82.2481,169.272
601.943,255.889,82.2481,169.272
601.793,255.576,82.2481,169.272
603.174,257.269,80.6354,165.953
603.344,257.304,80.6354,165.953
603.579,257.333,80.6354,165.953
603.964,257.343,80.6354,165.953
603.799,257.072,80.6354,165.953
603.657,256.69,80.6354,165.953
604.192,256.808,80.6354,165.953
604.157,256.627,80.6354,165.953
604.186,256.38,80.6354,165.953
604.323,256.283,80.6354,165.953
604.49,256.068,80.6354,165.953
605.605,257.197,79.0543,162.699
604.357,255.201,80.6354,165.953
604.688,254.767,80.6354,165.953
604.222,254.539,80.6354,165.953
604.595,254.29,80.6354,165.953
605.072,253.744,80.6354,165.953
604.812,253.423,80.6354,165.953
604.763,252.866,80.6354,165.953
604.604,252.579,80.6354,165.953
605.244,252.457,80.6354,165.953
605.271,251.699,80.6354,165.953
605.14,251.424,80.6354,165.953
605.171,250.798,80.6354,165.953
605.062,250.677,80.6354,165.953
605.103,250.421,80.6354,165.953
605.148,249.911,80.6354,165.953
605.205,249.815,80.6354,165.953
605.332,249.544,80.6354,165.953
605.519,249.051,80.6354,165.953
605.809,248.214,80.6354,165.953
605.474,247.693,80.6354,165.953
605.72,247.742,80.6354,165.953
605.432,247.42,80.6354,165.953
606.009,246.977,80.6354,165.953
605.814,246.774,80.6354,165.953
605.718,246.456,80.6354,165.953
605.741,245.917,80.6354,165.953
605.732,245.898,80.6354,165.953
606.603,247.171,79.0543,162.699
606.554,246.22,79.0543,162.699
605.706,244.154,80.6354,165.953
605.929,243.603,80.6354,165.953
606.065,243.597,80.6354,165.953
606.205,243.532,80.6354,165.953
606.55,242.995,80.6354,165.953
607.506,244.746,79.0543,162.699
606.131,241.862,80.6354,165.953
607.281,243.832,79.0543,162.699
607.45,242.777,79.0543,162.699
607.742,242.181,79.0543,162.699
607.359,241.839,79.0543,162.699
607.696,240.954,79.0543,162.699
607.36,240.125,79.0543,162.699
607.793,239.801,79.0543,162.699
607.635,239.013,79.0543,162.699
607.45,238.563,79.0543,162.699
607.909,238.563,79.0543,162.699
607.74,238.048,79.0543,162.699
607.746,237.316,79.0543,162.699
607.581,237.367,79.0543,162.699
607.455,237.188,79.0543,162.699
608.095,236.84,79.0543,162.699
608.109,236.147,79.0543,162.699
607.943,236.255,79.0543,162.699
607.74,236.171,79.0543,162.699
607.664,235.87,79.0543,162.699
607.788,235.272,79.0543,162.699
607.856,235.357,79.0543,162.699
607.949,235.381,79.0543,162.699
608.068,235.074,79.0543,162.699
608.189,234.371,79.0543,162.699
608.23,234.514,79.0543,162.699
608.25,234.467,79.0543,162.699
608.286,234.271,79.0543,162.699
608.376,233.67,79.0543,162.699
608.498,232.689,79.0543,162.699
607.908,232.471,79.0543,162.699
607.911,232.863,79.0543,162.699
608.036,232.063,79.0543,162.699
608.094,232.065,79.0543,162.699
608.226,231.5,79.0543,162.699
608.395,231.703,79.0543,162.699
608.505,230.43,79.0543,162.699
608.841,232.31,77.5042,159.509
608.63,230.119,79.0543,162.699
608.434,229.612,79.0543,162.699
608.572,229.772,79.0543,162.699
608.508,228.919,79.0543,162.699
609.13,230.479,77.5042,159.509
608.975,229.101,79.0543,162.699
608.938,228.629,79.0543,162.699
608.688,228.979,79.0543,162.699
608.751,228.079,79.0543,162.699
608.625,227.99,79.0543,162.699
608.658,227.711,79.0543,162.699
608.737,227.327,79.0543,162.699
608.832,227.932,79.0543,162.699
609.019,227.967,79.0543,162.699
609.219,228.106,79.0543,162.699
609.363,228.403,79.0543,162.699
609.597,228.896,79.0543,162.699
609.462,228.974,79.0543,162.699
609.655,229.221,79.0543,162.699
609.55,229.967,79.0543,162.699
609.429,230.221,79.0543,162.699
609.923,230.771,79.0543,162.699
609.879,231.291,79.0543,162.699
609.957,232.09,79.0543,162.699
610.05,232.552,79.0543,162.699
610.29,233.604,79.0543,162.699
610.514,234.592,79.0543,162.699
611.157,237.403,77.5042,159.509
611.041,236.287,79.0543,162.699
610.119,235.999,80.6354,165.953
611.069,239.127,79.0543,162.699
611.069,239.83,79.0543,162.699
611.051,240.802,79.0543,162.699
611.167,241.79,79.0543,162.699
611.361,242.89,79.0543,162.699
611.464,244.125,79.0543,162.699
610.844,243.821,80.6354,165.953
611.736,246.851,79.0543,162.699
611.72,247.89,79.0543,162.699
611.681,248.952,79.0543,162.699
611.677,250.197,79.0543,162.699
611.653,251.43,79.0543,162.699
611.663,252.719,79.0543,162.699
611.121,251.902,80.6354,165.953
611.826,253.477,80.6354,165.953
611.871,254.738,80.6354,165.953
612.712,257.716,79.0543,162.699
611.917,256.842,80.6354,165.953
613.055,260.035,79.0543,162.699
613.261,261.057,79.0543,162.699
612.92,260.466,80.6354,165.953
613.053,261.838,80.6354,165.953
614.325,264.891,79.0543,162.699
612.906,262.322,82.2481,169.272
613.343,265.053,80.6354,165.953
614.301,266.048,80.6354,165.953
614.677,267.359,80.6354,165.953
614.312,266.9,82.2481,169.272
613.842,268.19,82.2481,169.272
614.04,270.403,82.2481,169.272
613.109,270.437,83.8931,172.657
612.987,273.422,83.8931,172.657
614.496,277.842,82.2481,169.272
614.726,279.777,82.2481,169.272
614.886,281.837,82.2481,169.272
614.704,283.855,82.2481,169.272
615.25,285.902,82.2481,169.272
615.297,288.026,82.2481,169.272
615.572,290.029,82.2481,169.272
615.855,292.159,82.2481,169.272
616.37,294.122,82.2481,169.272
616.408,296.198,82.2481,169.272
616.714,298.135,82.2481,169.272
617.16,299.787,82.2481,169.272
617.139,301.526,82.2481,169.272
616.557,301.492,83.8931,172.657
617.824,305.304,82.2481,169.272
618.557,306.859,82.2481,169.272
618.753,308.395,82.2481,169.272
619.24,309.684,82.2481,169.272
618.442,309.606,83.8931,172.657
619.477,313.122,82.2481,169.272
619.819,314.222,82.2481,169.272
620.421,315.32,82.2481,169.272
620.532,316.682,82.2481,169.272
620.706,317.208,82.2481,169.272
621.104,318.47,82.2481,169.272
621.037,318.949,82.2481,169.272
621.132,320.125,82.2481,169.272
621.583,321.219,82.2481,169.272
622.136,322.159,82.2481,169.272
622.166,323.459,82.2481,169.272
622.348,323.697,82.2481,169.272
622.803,324.873,82.2481,169.272
623.474,325.918,82.2481,169.272
623.582,327.29,82.2481,169.272
623.745,328.631,82.2481,169.272
624.312,329.494,82.2481,169.272
623.588,329.141,83.8931,172.657
623.745,330.523,83.8931,172.657
624.919,333.823,82.2481,169.272
624.053,333.404,83.8931,172.657
624.714,334.56,83.8931,172.657
624.876,336.305,83.8931,172.657
625.173,337.512,83.8931,172.657
625.948,340.727,82.2481,169.272
626.32,341.903,82.2481,169.272
626.01,341.468,83.8931,172.657
627.215,344.548,82.2481,169.272
627.556,345.526,82.2481,169.272
627.056,345.025,83.8931,172.657
626.967,346.403,83.8931,172.657
628.24,349.446,82.2481,169.272
627.793,348.657,83.8931,172.657
627.967,350.521,83.8931,172.657
629.24,353.571,82.2481,169.272
629.445,354.643,82.2481,169.272
628.927,354.309,83.8931,172.657
629.148,355.6,83.8931,172.657
629.089,357.157,83.8931,172.657
629.218,358.332,83.8931,172.657
629.547,359.474,83.8931,172.657
630.685,362.515,82.2481,169.272
629.646,359.81,85.5709,176.11
630.26,363.191,83.893,172.657
630.488,364.28,83.893,172.657
630.758,365.436,83.893,172.657
630.223,364.884,85.5709,176.11
630.763,368.374,83.893,172.657
631.168,369.277,83.893,172.657
631.329,370.559,83.893,172.657
632.424,373.471,82.2481,169.272
632.139,372.356,83.893,172.657
632.155,373.554,83.893,172.657
632.063,374.8,83.893,172.657
632.146,375.751,83.893,172.657
631.386,374.922,85.5709,176.11
632.106,378.185,83.893,172.657
632.28,378.946,83.893,172.657
632.336,379.753,83.893,172.657
631.816,378.738,85.5709,176.11
632.829,381.9,83.893,172.657
633.374,382.758,83.893,172.657
633.415,383.911,83.893,172.657
632.617,383.362,85.5709,176.11
632.525,384.476,85.5709,176.11
632.495,385.603,85.5709,176.11
632.511,386.881,85.5709,176.11
633.524,389.85,83.893,172.657
633.219,388.779,85.5709,176.11
634.041,392.139,83.893,172.657
634.022,391.145,85.5709,176.11
634.072,392.315,85.5709,176.11
634.339,393.411,85.5709,176.11
634.107,394.651,85.5709,176.11
634.746,395.713,85.5709,176.11
634.673,396.851,85.5709,176.11
634.72,398.016,85.5709,176.11
635.028,398.877,85.5709,176.11
635.408,400.243,85.5709,176.11
635.174,401.411,85.5709,176.11
635.842,402.32,85.5709,176.11
635.911,403.306,85.5709,176.11
636.128,404.451,85.5709,176.11
635.736,403.812,87.2823,179.633
635.474,404.87,87.2823,179.633
635.241,405.935,87.2823,179.633
635.816,406.866,87.2823,179.633
635.915,407.929,87.2823,179.633
636.243,409.125,87.2823,179.633
636.69,410.405,87.2823,179.633
635.747,409.367,89.028,183.225
636.63,412.421,87.2823,179.633
636.775,413.348,87.2823,179.633
637.165,414.249,87.2823,179.633
636.675,413.532,89.028,183.225
636.539,414.832,89.028,183.225
636.618,416.198,89.028,183.225
637.595,419.569,87.2823,179.633
637.783,420.619,87.2823,179.633
638.301,421.718,87.2823,179.633
638.142,421.089,89.028,183.225
638.132,422.205,89.028,183.225
639.056,425.233,87.2823,179.633
639.282,426.194,87.2823,179.633
638.036,423.515,90.8085,186.89
638.537,426.803,89.028,183.225
639.294,429.536,87.2823,179.633
639.497,428.639,89.028,183.225
639.077,429.732,89.028,183.225
638.633,428.781,90.8085,186.89
639.312,431.899,89.028,183.225
639.289,431.136,90.8085,186.89
639.186,432.368,90.8085,186.89
639.032,433.539,90.8085,186.89
640.01,436.561,89.028,183.225
639.733,435.426,90.8085,186.89
640.289,438.851,89.028,183.225
640.413,437.616,90.8085,186.89
640.394,438.173,90.8085,186.89
640.468,439.51,90.8085,186.89
640.878,440.791,90.8085,186.89
640.608,441.639,90.8085,186.89
641.399,444.4,89.028,183.225
641.586,443.463,90.8085,186.89
641.878,444.683,90.8085,186.89
641.615,445.631,90.8085,186.89
641.484,446.29,90.8085,186.89
642.179,447.835,90.8085,186.89
642.27,448.224,90.8085,186.89
642.326,449.705,90.8085,186.89
642.531,450.011,90.8085,186.89
642.877,451.123,90.8085,186.89
642.813,452.32,90.8085,186.89
642.718,453.253,90.8085,186.89
642.757,453.964,90.8085,186.89
642.938,454.496,90.8085,186.89
644.065,457.696,89.028,183.225
643.647,456.415,90.8085,186.89
643.356,457.54,90.8085,186.89
643.748,458.448,90.8085,186.89
644.439,460.899,89.028,183.225
644.406,459.751,90.8085,186.89
643.169,457.578,92.6247,190.628
644.217,461.224,90.8085,186.89
644.152,461.402,90.8085,186.89
644.139,462.542,90.8085,186.89
644.262,463.162,90.8085,186.89
644.398,463.407,90.8085,186.89
644.831,464.675,90.8085,186.89
644.417,464.622,90.8085,186.89
644.57,465.097,90.8085,186.89
644.975,466.236,90.8085,186.89
644.705,467.673,90.8085,186.89
644.308,467.351,90.8085,186.89
644.844,468.824,90.8085,186.89
644.519,468.865,90.8085,186.89
645.263,469.793,90.8085,186.89
645.187,470.406,90.8085,186.89
645.247,471.935,90.8085,186.89
645.126,471.709,90.8085,186.89
645.148,472.408,90.8085,186.89
645.286,473.775,90.8085,186.89
645.279,473.198,90.8085,186.89
645.454,474.841,90.8085,186.89
645.447,474.451,90.8085,186.89
645.836,476.062,90.8085,186.89
645.424,476.218,90.8085,186.89
644.924,474.682,92.6247,190.628
645.604,477.585,90.8085,186.89
645.314,476.957,90.8085,186.89
645.572,477.413,90.8085,186.89
646.023,478.303,90.8085,186.89
645.865,478.883,90.8085,186.89
645.568,478.558,90.8085,186.89
645.16,476.012,92.6247,190.628
645.985,478.819,90.8085,186.89
645.857,478.911,90.8085,186.89
645.825,479.046,90.8085,186.89
645.791,479.19,90.8085,186.89
645.846,479.374,90.8085,186.89
646.003,479.425,90.8085,186.89
646.258,479.454,90.8085,186.89
646.554,479.461,90.8085,186.89
646.048,477.641,92.6247,190.628
645.837,477.943,92.6247,190.628
646.587,479.227,90.8085,186.89
646.241,477.287,92.6247,190.628
646.339,477.64,92.6247,190.628
647.358,479.867,90.8085,186.89
646.348,477.4,92.6247,190.628
647.378,480.12,90.8085,186.89
647.438,480.169,90.8085,186.89
647.561,480.391,90.8085,186.89
647.76,481.256,90.8085,186.89
647.391,481.451,90.8085,186.89
646.745,479.644,92.6247,190.628
647.318,482.449,90.8085,186.89
647.642,482.23,90.8085,186.89
647.379,482.871,90.8085,186.89
647.567,481.963,90.8085,186.89
648.088,482.909,90.8085,186.89
648.095,483.395,90.8085,186.89
648.061,484.304,90.8085,186.89
648.18,484.154,90.8085,186.89
648.392,484.605,90.8085,186.89
648.516,484.047,90.8085,186.89
648.894,485.151,90.8085,186.89
648.62,485.898,90.8085,186.89
648.341,485.537,90.8085,186.89
648.962,486.574,90.8085,186.89
648.97,485.86,90.8085,186.89
649.058,486.841,90.8085,186.89
649.102,486.884,90.8085,186.89
649.386,487.478,90.8085,186.89
649.61,488.131,90.8085,186.89
649.134,487.816,90.8085,186.89
649.397,487.645,90.8085,186.89
649.954,487.664,90.8085,186.89
649.773,487.887,90.8085,186.89
649.73,488.378,90.8085,186.89
649.812,488.9,90.8085,186.89
648.882,486.479,92.6247,190.628
649.905,489.19,90.8085,186.89
650.062,488.805,90.8085,186.89
649.411,486.673,92.6247,190.628
650.6,489.547,90.8085,186.89
650.127,489.439,90.8085,186.89
650.509,489.538,90.8085,186.89
650.815,489.765,90.8085,186.89
650.478,488.836,90.8085,186.89
650.812,489.048,90.8085,186.89
650.55,489.292,90.8085,186.89
650.905,489.49,90.8085,186.89
650.595,489.532,90.8085,186.89
651.121,489.593,90.8085,186.89
650.918,488.627,90.8085,186.89
650.796,488.657,90.8085,186.89
650.709,488.746,90.8085,186.89
650.634,488.701,90.8085,186.89
650.57,488.727,90.8085,186.89
651.275,488.732,90.8085,186.89
651.297,488.771,90.8085,186.89
651.302,489.043,90.8085,186.89
651.369,489.479,90.8085,186.89
651.613,490.242,90.8085,186.89
651.172,490.454,90.8085,186.89
651.453,490.871,90.8085,186.89
650.77,488.615,92.6247,190.628
651.382,491.775,90.8085,186.89
651.73,490.958,90.8085,186.89
651.51,491.553,90.8085,186.89
652.078,492.225,90.8085,186.89
652.098,492.24,90.8085,186.89
652.027,492.412,90.8085,186.89
652.035,492.859,90.8085,186.89
651.258,490.595,92.6247,190.628
652.329,493.624,90.8085,186.89
652.387,492.617,90.8085,186.89
652.591,492.779,90.8085,186.89
651.94,491.19,92.6247,190.628
652.343,493.854,90.8085,186.89
651.69,491.462,92.6247,190.628
652.198,494.408,90.8085,186.89
652.433,494.008,90.8085,186.89
652.85,493.663,90.8085,186.89
652.647,493.572,90.8085,186.89
652.542,493.337,90.8085,186.89
653.186,493.812,90.8085,186.89
652.208,491.637,92.6247,190.628
653.138,493.987,90.8085,186.89
652.364,491.508,92.6247,190.628
653.312,493.505,90.8085,186.89
653.454,493.641,90.8085,186.89
651.771,488.579,94.4772,194.44
652.253,492.615,90.8085,186.89
652.191,490.002,92.6247,190.628
652.46,490.395,92.6247,190.628
652.751,490.556,92.6247,190.628
653.403,492.846,90.8085,186.89
651.843,487.743,94.4772,194.44
651.803,490.03,92.6247,190.628
652.377,489.442,92.6247,190.628
652.966,489.945,92.6247,190.628
652.792,489.415,92.6247,190.628
653.639,491.81,90.8085,186.89
652.878,489.094,92.6247,190.628
652.965,489.091,92.6247,190.628
652.239,486.754,94.4772,194.44
651.615,486.449,94.4772,194.44
650.999,483.835,96.3667,198.329
650.725,483.519,96.3667,198.329
651.174,482.924,96.3667,198.329
650.148,480.413,98.2941,202.296
650.031,480.262,98.2941,202.296
649.935,480.058,98.2941,202.296
649.924,479.852,98.2941,202.296
649.708,479.821,98.2941,202.296
650.096,479.468,98.2941,202.296
649.9,479.463,98.2941,202.296
649.756,479.322,98.2941,202.296
649.161,476.638,100.26,206.341
650.186,479.191,98.2941,202.296
650.248,478.887,98.2941,202.296
650.418,478.486,98.2941,202.296
650.587,478.393,98.2941,202.296
650.621,478.05,98.2941,202.296
649.927,475.739,100.26,206.341
650.627,478.538,98.2941,202.296
650.754,478.105,98.2941,202.296
650.838,477.628,98.2941,202.296
649.99,475.524,100.26,206.341
650.687,477.963,98.2941,202.296
651.023,477.465,98.2941,202.296
650.674,477.215,98.2941,202.296
649.951,474.783,100.26,206.341
650.685,477.271,98.2941,202.296
650.072,474.712,100.26,206.341
651.035,476.895,98.2941,202.296
650.861,476.353,98.2941,202.296
649.654,473.78,100.26,206.341
651.147,476.258,98.2941,202.296
650.762,475.766,98.2941,202.296
650.044,473.625,100.26,206.341
650.708,475.814,98.2941,202.296
650.975,475.457,98.2941,202.296
650.775,475.171,98.2941,202.296
650.221,472.651,100.26,206.341
651.128,475.174,98.2941,202.296
651.042,474.738,98.2941,202.296
650.835,474.474,98.2941,202.296
651.13,473.967,98.2941,202.296
649.979,471.56,100.26,206.341
650.846,474.073,98.2941,202.296
651.3,473.438,98.2941,202.296
651.107,473.141,98.2941,202.296
649.974,470.743,100.26,206.341
651.015,473.32,98.2941,202.296
650.96,472.89,98.2941,202.296
650.928,472.38,98.2941,202.296
650.812,471.939,98.2941,202.296
650.199,469.244,100.26,206.341
650.135,469.762,100.26,206.341
650.989,472.182,98.2941,202.296
650.77,471.61,98.2941,202.296
650.981,471.154,98.2941,202.296
