629.069,441.027,95,82
629.16,441.312,95,82
629.386,441.761,95,82
629.872,442.491,95,82
629.996,442.638,95,82
629.314,442.214,96.9,83.64
630.6,442.47,95,82
630.438,443.125,95,82
631.378,443.46,95,82
631.322,443.879,95,82
630.482,443.442,96.9,83.64
630.738,443.082,96.9,83.64
630.304,443.69,96.9,83.64
631.514,444.462,95,82
631.253,444.904,95,82
631.71,445.643,95,82
631.707,445.856,95,82
631.749,446.252,95,82
633.001,447.079,93.1373,80.3922
633.11,447.148,93.1373,80.3922
632.38,446.53,95,82
631.58,446.173,96.9,83.64
631.753,447.283,95,82
633.351,448.279,93.1373,80.3922
633.717,448.303,93.1373,80.3922
632.357,447.737,95,82
634.1,449.094,93.1373,80.3922
633.967,448.962,93.1373,80.3922
634.047,448.933,93.1373,80.3922
634.248,449.064,93.1373,80.3922
633.676,448.449,95,82
634.302,449.711,93.1373,80.3922
633.751,449.352,95,82
633.667,449.521,95,82
633.57,449.661,95,82
634.588,450.82,93.1373,80.3922
633.52,449.498,95,82
633.592,449.977,95,82
634.603,451.225,93.1373,80.3922
634.524,450.81,93.1373,80.3922
633.447,449.735,95,82
634.218,450.41,95,82
634.167,450.649,95,82
634.112,450.991,95,82
633.05,450.471,96.9,83.64
633.152,450.703,95,82
633.291,451.187,95,82
633.477,451.156,95,82
633.387,451.207,95,82
633.203,451.248,95,82
633.78,452.308,93.1373,80.3922
631.699,451.655,95,82
631.713,452.041,95,82
631.485,451.867,95,82
631.477,452.509,95,82
631.458,452.56,95,82
631.346,452.843,95,82
631.706,453.911,93.1373,80.3922
629.63,452.487,95,82
629.499,453.034,95,82
630.183,453.193,95,82
629.73,453.072,95,82
628.893,453.228,95,82
628.554,453.668,95,82
628.058,454.133,95,82
628.266,454.215,95,82
628.032,454.428,95,82
627.656,454.648,95,82
627.228,454.796,95,82
627.251,455.203,95,82
627.346,454.966,95,82
627.058,455.475,95,82
626.341,455.394,95,82
625.976,455.367,95,82
625.294,455.584,95,82
625.021,455.982,95,82
624.382,456.466,95,82
623.842,455.886,95,82
623.138,456.275,95,82
622.775,455.919,95,82
621.993,456.337,95,82
621.602,455.908,95,82
620.753,456.382,95,82
620.307,456.087,95,82
620.116,455.778,95,82
619.484,456.228,95,82
618.854,455.906,95,82
617.667,456.376,95,82
616.83,455.973,95,82
616.179,456.519,95,82
615.451,456.329,95,82
615.01,456.045,95,82
614.021,455.68,95,82
613.386,456.16,95,82
612.64,455.836,95,82
611.363,456.209,95,82
610.689,455.828,95,82
609.841,456.292,95,82
609.195,455.992,95,82
608.616,456.556,95,82
607.327,456.134,95,82
606.819,455.72,95,82
605.703,456.141,95,82
605.03,455.771,95,82
604.458,456.178,95,82
604.175,455.739,95,82
603.004,455.971,95,82
601.797,456.153,95,82
601.097,455.647,95,82
600.177,455.918,95,82
599.733,456.282,95,82
598.975,456.004,95,82
598.469,455.922,95,82
598.034,456.428,95,82
597.148,456.246,95,82
596.274,456.28,95,82
595.626,456.384,95,82
594.471,456.494,95,82
594.152,456.712,95,82
593.462,456.998,95,82
593.014,457.211,95,82
592.093,456.839,95,82
591.286,457.212,95,82
590.854,457.089,95,82
590.036,456.801,95,82
589.099,457.471,95,82
588.661,457.563,95,82
588.103,457.99,95,82
587.775,458.386,95,82
586.785,458.094,95,82
585.931,457.727,95,82
585.401,458.289,95,82
584.907,458.14,95,82
584.412,458.144,95,82
583.801,458.109,95,82
582.887,458.158,95,82
582.372,458.355,95,82
582.513,458.808,95,82
582.284,459.313,95,82
583.356,460.049,93.1373,80.3922
583.399,459.972,93.1373,80.3922
583.717,459.83,93.1373,80.3922
584.239,460.537,91.311,78.8158
583.649,460.734,93.1373,80.3922
583.387,460.694,93.1373,80.3922
583.738,460.503,93.1373,80.3922
583.624,460.448,93.1373,80.3922
583.79,460.335,93.1373,80.3922
584.182,460.266,93.1373,80.3922
584.773,460.4,93.1373,80.3922
585.017,460.774,93.1373,80.3922
585.274,461.281,93.1373,80.3922
585.645,460.786,93.1373,80.3922
585.79,461.203,93.1373,80.3922
586.686,461.189,93.1373,80.3922
587.559,460.978,93.1373,80.3922
587.994,461.253,93.1373,80.3922
588.445,461.313,93.1373,80.3922
588.731,461.453,93.1373,80.3922
589.038,461.832,93.1373,80.3922
591.043,461.976,91.311,78.8158
590.547,462.056,93.1372,80.3922
590.869,462.036,93.1372,80.3922
591.314,462.105,93.1372,80.3922
591.172,461.35,95,82
592.392,463.03,93.1372,80.3922
591.792,462.115,95,82
592.102,462.721,95,82
592.199,463.513,95,82
592.577,463.51,95,82
591.391,463.523,95,82
591.644,463.196,95,82
590.427,463.152,95,82
590.407,462.829,95,82
589.63,463.303,95,82
588.922,463.114,95,82
588.306,462.634,95,82
587.816,462.817,95,82
587.144,463.051,95,82
587.586,462.186,95,82
586.863,462.301,95,82
586.96,462.378,95,82
587.067,462.159,95,82
586.624,462.029,95,82
586.768,462.015,95,82
586.704,461.763,95,82
586.455,462.229,95,82
587.352,461.66,95,82
587.243,462.197,95,82
587.142,461.368,95,82
587.472,461.053,95,82
587.185,459.977,96.9,83.64
587.642,461.069,95,82
588.093,460.233,95,82
588.12,459.036,96.9,83.64
588.732,459.801,95,82
589.579,459.678,95,82
588.861,459.285,95,82
589.319,458.771,95,82
590.108,458.531,95,82
590.308,458.148,95,82
590.619,457.532,95,82
589.995,457.044,95,82
589.748,456.567,95,82
589.867,456.505,95,82
589.793,456.105,95,82
589.77,455.55,95,82
589.035,455.322,95,82
589.69,455.061,95,82
588.57,454.433,95,82
588.465,454.156,95,82
588.62,453.613,95,82
587.584,454.285,93.1372,80.3922
586.722,453.58,93.1372,80.3922
586.558,453.342,93.1372,80.3922
586.093,453.007,93.1372,80.3922
586.077,451.963,93.1372,80.3922
585.29,451.33,93.1372,80.3922
585.133,451.102,93.1372,80.3922
584.68,450.613,93.1372,80.3922
583.984,450.722,93.1372,80.3922
584.443,450.421,93.1372,80.3922
583.435,449.846,93.1372,80.3922
581.733,447.993,95,82
581.979,448.699,95,82
582.391,448.127,95,82
582.745,447.409,95,82
581.786,447.29,95,82
581.693,446.705,95,82
581.769,446.719,95,82
581.11,446.337,95,82
581.185,445.553,95,82
581.06,445.106,95,82
581.189,444.451,95,82
580.835,444.408,95,82
580.463,443.828,95,82
580.711,443.626,95,82
579.679,443.181,95,82
579.467,442.544,95,82
580.102,442.27,95,82
579.796,441.191,95,82
579.285,440.538,95,82
579.372,440.672,95,82
579.511,440.439,95,82
578.445,439.979,95,82
578.503,439.946,95,82
577.6,439.506,95,82
577.856,438.632,95,82
577.857,438.304,95,82
577.893,437.896,95,82
577.69,438.054,95,82
578.698,438.076,93.1372,80.3922
578.525,437.3,93.1372,80.3922
578.009,437.084,93.1372,80.3922
578.011,436.563,93.1372,80.3922
578.066,436.593,93.1372,80.3922
577.948,436.136,93.1372,80.3922
577.337,435.46,93.1372,80.3922
577.12,435.408,93.1372,80.3922
576.759,435.25,93.1372,80.3922
576.273,434.912,93.1372,80.3922
576.323,434.287,93.1372,80.3922
576.117,434.423,93.1372,80.3922
575.535,434.337,93.1372,80.3922
574.727,434.024,93.1372,80.3922
575.212,434.32,91.311,78.8158
575.066,433.804,93.1372,80.3921
574.391,433.53,93.1372,80.3921
574.166,433.162,93.1372,80.3921
573.585,432.554,93.1372,80.3921
572.65,432.509,93.1372,80.3921
572.419,432.639,93.1372,80.3921
572.139,432.437,93.1372,80.3921
571.541,432.021,93.1372,80.3921
570.866,431.312,93.1372,80.3921
570.742,431.352,93.1372,80.3921
570.808,431.296,93.1372,80.3921
570.618,430.782,93.1372,80.3921
570.227,431.006,93.1372,80.3921
570.095,430.03,93.1372,80.3921
570.275,429.824,93.1372,80.3921
570.268,429.301,93.1372,80.3921
570.189,429.163,93.1372,80.3921
569.898,428.832,93.1372,80.3921
570.515,428.842,91.311,78.8158
569.534,428.326,93.1372,80.3921
569.39,427.907,93.1372,80.3921
569.536,427.321,93.1372,80.3921
568.946,426.983,93.1372,80.3921
569.257,426.756,93.1372,80.3921
569.602,427.147,93.1372,80.3921
569.206,426.039,93.1372,80.3921
569.586,425.954,93.1372,80.3921
569.509,425.408,93.1372,80.3921
569.353,425.241,93.1372,80.3921
569.696,425.121,93.1372,80.3921
570.164,425.06,91.311,78.8158
570.532,425.534,91.311,78.8158
570.291,425.43,91.311,78.8158
569.444,424.387,93.1372,80.3921
568.843,423.022,93.1372,80.3921
569.877,423.295,91.311,78.8158
570.333,423.771,91.311,78.8158
570.485,423.056,91.311,78.8158
570.03,422.35,91.311,78.8158
570.324,422.419,91.311,78.8158
569.765,421.207,93.1372,80.3921
569.914,420.333,91.311,78.8158
569.422,420.253,93.1372,80.3921
570.318,419.835,91.311,78.8158
570.681,419.68,91.311,78.8158
570.259,418.818,91.311,78.8158
570.735,418.766,91.311,78.8158
570.435,418.219,91.311,78.8158
570.12,418.357,91.311,78.8158
570.858,418.335,91.311,78.8158
570.799,418.039,91.311,78.8158
570.875,417.461,91.311,78.8158
571.279,417.5,91.311,78.8158
572.247,417.31,91.311,78.8158
572.704,416.716,91.311,78.8158
572.957,416.022,91.311,78.8158
573.466,415.949,91.311,78.8158
573.728,415.576,91.311,78.8158
574.089,415.598,91.311,78.8158
574.581,414.186,91.311,78.8158
574.984,414.513,91.311,78.8158
575.568,414.489,91.311,78.8158
575.277,413.72,91.311,78.8158
576.338,412.909,91.311,78.8158
576.983,413.088,91.311,78.8158
576.957,412.911,91.311,78.8158
577.329,412.656,91.311,78.8158
577.941,412.165,91.311,78.8158
577.935,412.34,91.311,78.8158
578.474,412.576,91.311,78.8158
578.282,412.676,91.311,78.8158
580.116,412.348,89.5206,77.2704
579.436,411.94,91.311,78.8158
580.225,412.156,89.5206,77.2704
581.497,412.346,89.5206,77.2704
580.94,412.297,89.5206,77.2704
580.379,411.112,91.311,78.8158
581.422,411.343,89.5206,77.2704
580.661,410.619,91.311,78.8158
581.275,409.519,91.311,78.8158
582.117,410.186,91.311,78.8158
581.951,409.651,91.311,78.8158
582.734,409.903,89.5206,77.2704
583.18,410.112,89.5206,77.2704
583.377,410.182,89.5206,77.2704
582.796,410.204,89.5206,77.2704
583.758,409.757,89.5206,77.2704
583.67,409.151,89.5206,77.2704
583.935,409.451,89.5206,77.2704
584.136,408.437,89.5206,77.2704
584.623,408.366,89.5206,77.2704
584.701,407.991,89.5206,77.2704
584.837,408.641,89.5206,77.2704
585.055,407.872,89.5206,77.2704
585.722,407.805,89.5206,77.2704
585.808,407.56,89.5206,77.2704
586.234,407.095,89.5206,77.2704
587.075,407.533,89.5206,77.2704
587.784,406.938,87.7653,75.7553
587.888,406.892,87.7653,75.7553
588.6,406.638,87.7653,75.7553
588.385,406.125,87.7653,75.7553
589.255,406.193,86.0444,74.2699
589.928,406.002,86.0444,74.2699
592.875,407.257,82.7032,71.3859
591.439,406.216,86.0444,74.2699
590.755,405.293,86.0444,74.2699
592.662,405.461,86.0444,74.2699
592.473,405.237,86.0444,74.2699
592.747,404.865,86.0444,74.2699
593.249,404.472,86.0444,74.2699
593.506,404.515,86.0444,74.2699
594.027,404.233,86.0444,74.2699
594.9,404.521,84.3572,72.8136
595.494,404.875,84.3572,72.8136
595.913,404.489,84.3572,72.8136
595.837,404.436,84.3572,72.8136
596.327,404.295,84.3572,72.8136
597.03,404.215,84.3572,72.8136
596.297,403.078,86.0444,74.2699
597.105,402.64,86.0444,74.2699
597.494,402.692,86.0444,74.2699
598.411,402.549,86.0444,74.2699
598.622,402.238,86.0444,74.2699
599.29,401.52,86.0444,74.2699
599.761,401.432,86.0444,74.2699
600.687,401.266,86.0444,74.2699
601.114,400.623,86.0444,74.2699
601.365,400.602,86.0444,74.2699
602.44,400.339,86.0444,74.2699
602.496,399.996,86.0444,74.2699
603.031,399.356,86.0444,74.2699
603.571,399.224,86.0444,74.2699
604.435,398.875,86.0444,74.2699
604.982,398.175,86.0444,74.2699
604.854,398.023,86.0444,74.2699
606.488,397.535,86.0444,74.2699
606.602,397.655,86.0444,74.2699
607.085,397.56,86.0444,74.2699
606.846,397.177,86.0444,74.2699
608.655,397.304,84.3572,72.8136
608.431,396.265,86.0444,74.2699
608.002,395.927,86.0444,74.2699
608.322,395.958,84.3572,72.8136
609.091,395.541,84.3572,72.8136
607.973,394.975,86.0444,74.2699
608.571,393.913,86.0444,74.2699
609.429,394.021,84.3572,72.8136
609.757,393.798,84.3572,72.8136
609.912,393.226,84.3572,72.8136
609.598,393.251,84.3572,72.8136
609.619,392.325,86.0444,74.2699
610.201,392.484,84.3572,72.8136
610.562,392.363,84.3572,72.8136
610.183,391.283,86.0444,74.2699
610.126,391.305,84.3572,72.8136
610.204,391.074,84.3572,72.8136
610.592,390.486,84.3572,72.8136
611.453,390.387,84.3572,72.8136
611.674,390.023,84.3572,72.8136
612.355,389.333,84.3572,72.8136
612.244,389.293,84.3572,72.8136
612.479,388.9,84.3572,72.8136
613.376,388.325,84.3572,72.8136
613.921,388.247,84.3572,72.8136
613.82,388.026,84.3572,72.8136
614.874,387.403,84.3572,72.8136
612.907,386.919,86.0444,74.2699
613.45,384.955,87.7652,75.7553
614.109,386.14,86.0443,74.2699
614.753,386.449,84.3572,72.8136
616.767,387.199,82.7031,71.3859
616.313,386.782,84.3572,72.8136
615.794,385.614,84.3572,72.8136
617.642,385.685,82.7031,71.3859
618.314,386.141,82.7031,71.3859
617.676,385.874,84.3572,72.8136
617.256,384.83,84.3572,72.8136
617.975,385.141,82.7031,71.3859
618.043,384.732,84.3572,72.8136
618.176,384.311,82.7031,71.3859
619.981,384.911,81.0815,69.9862
619.323,384.655,82.7031,71.3859
619.432,383.973,82.7031,71.3859
619.51,383.964,82.7031,71.3859
619.626,383.816,82.7031,71.3859
619.183,382.822,84.3572,72.8136
619,382.732,82.7031,71.3859
619.119,382.942,82.7031,71.3859
619.091,383.134,82.7031,71.3859
618.613,383.254,82.7031,71.3859
618.974,383.293,82.7031,71.3859
617.886,383.235,82.7031,71.3859
617.313,383.065,82.7031,71.3859
617.288,382.698,82.7031,71.3859
617.894,382.887,81.0815,69.9861
616.682,382.505,82.7031,71.3859
616.055,381.995,82.7031,71.3859
615.948,381.996,82.7031,71.3859
615.531,382.093,82.7031,71.3859
616.724,382.819,81.0815,69.9861
616.551,382.994,81.0815,69.9861
615.692,382.484,82.7031,71.3859
615.066,381.803,82.7031,71.3859
615.039,381.95,82.7031,71.3859
614.855,381.885,82.7031,71.3859
614.572,381.955,82.7031,71.3859
615.188,382.084,82.7031,71.3859
615.019,382.139,82.7031,71.3859
615.095,382.15,82.7031,71.3859
615.157,382.199,82.7031,71.3859
615.615,382.251,82.7031,71.3859
616.449,382.048,82.7031,71.3859
616.613,381.827,82.7031,71.3859
616.925,381.474,82.7031,71.3859
616.537,381.263,82.7031,71.3859
616.911,381.639,82.7031,71.3859
616.907,381.185,82.7031,71.3859
617.046,381.458,82.7031,71.3859
617.363,380.969,82.7031,71.3859
617.871,381.345,82.7031,71.3859
618.06,380.925,82.7031,71.3859
618.34,381.285,82.7031,71.3859
617.934,381.087,84.3572,72.8136
618.175,380.954,82.7031,71.3859
618.337,381.343,82.7031,71.3859
618.604,381.166,82.7031,71.3859
618.362,381.014,84.3572,72.8136
619.176,380.895,82.7031,71.3859
619.28,381.302,82.7031,71.3859
619.461,381.542,82.7031,71.3859
619.609,381.3,82.7031,71.3859
619.112,381.005,84.3572,72.8136
618.742,380.765,82.7031,71.3859
618.128,381.087,82.7031,71.3859
618.394,381.599,82.7031,71.3859
618.505,381.644,82.7031,71.3859
618.691,381.741,82.7031,71.3859
617.82,381.992,82.7031,71.3859
617.576,382.249,82.7031,71.3859
617.224,382.285,84.3572,72.8136
616.387,381.727,84.3572,72.8136
617.366,382.116,82.7031,71.3859
617.578,383.106,82.7031,71.3859
616.809,382.923,84.3572,72.8136
616.372,382.33,84.3572,72.8136
615.547,382.734,84.3572,72.8136
615.518,382.348,84.3572,72.8136
615.157,382.899,84.3572,72.8136
614.647,382.813,84.3572,72.8136
614.697,383.131,84.3572,72.8136
614.539,383.526,84.3572,72.8136
614.225,384.188,84.3572,72.8136
613.926,384.186,84.3572,72.8136
613.645,384.198,84.3572,72.8136
613.701,384.414,84.3572,72.8136
613.605,384.755,84.3572,72.8136
613.156,384.522,84.3572,72.8136
612.505,385.258,84.3572,72.8136
612.605,385.466,84.3572,72.8136
612.417,385.91,84.3572,72.8136
612.545,385.854,84.3572,72.8136
612.239,385.958,84.3572,72.8136
611.788,386.326,84.3572,72.8136
611.818,386.833,84.3572,72.8136
611.561,387.036,84.3572,72.8136
610.94,387.226,84.3572,72.8136
610.138,387.798,84.3572,72.8136
609.32,387.724,84.3572,72.8136
608.338,387.375,86.0443,74.2698
608.624,388.751,84.3572,72.8136
608.511,388.817,84.3572,72.8136
608.05,389.12,84.3572,72.8136
607.35,389.726,84.3572,72.8136
606.353,389.156,86.0443,74.2698
605.614,389.607,86.0443,74.2698
605.132,390.225,86.0443,74.2698
604.055,390.198,86.0443,74.2698
604.723,391.162,84.3572,72.8136
603.794,390.774,86.0443,74.2698
602.841,391.322,86.0443,74.2698
601.255,390.781,87.7652,75.7552
601.193,391.972,86.0443,74.2698
600.662,392.307,86.0443,74.2698
600.544,392.939,86.0443,74.2698
599.698,393.335,86.0443,74.2698
598.143,393.086,87.7652,75.7552
