663.091,449.919,128,132
663.108,450.529,128,132
663.238,451.178,128,132
663.458,451.462,128,132
663.696,451.997,128,132
664.109,453.347,128,132
663.823,453.863,128,132
663.333,454.106,130.56,134.64
663.661,455.324,130.56,134.64
664.137,457.208,130.56,134.64
663.858,458.317,130.56,134.64
664.886,461.229,128,132
664.031,460.861,130.56,134.64
664.221,462.084,130.56,134.64
664.406,463.563,130.56,134.64
665.735,466.568,128,132
664.741,466.556,130.56,134.64
665.731,469.405,128,132
665.935,470.365,128,132
665.427,470.396,130.56,134.64
665.365,471.873,130.56,134.64
665.464,472.926,130.56,134.64
665.733,473.865,130.56,134.64
665.439,474.899,130.56,134.64
665.929,475.619,130.56,134.64
665.604,476.648,130.56,134.64
667.463,478.337,128,132
667.647,478.565,128,132
667.644,478.849,128,132
667.91,479.386,128,132
666.868,478.021,130.56,134.64
667.857,479.495,128,132
666.787,478.749,130.56,134.64
667.721,480.14,128,132
666.724,479.239,130.56,134.64
667.435,481.295,128,132
667.604,481.543,128,132
667.782,482.271,128,132
666.771,481.445,130.56,134.64
665.756,482.368,130.56,134.64
665.662,482.404,130.56,134.64
666.46,482.81,130.56,134.64
666.978,482.669,130.56,134.64
667.993,485.169,128,132
667.791,483.465,130.56,134.64
667.371,484.366,130.56,134.64
667.974,484.4,130.56,134.64
668.014,485.209,130.56,134.64
668.47,485.516,130.56,134.64
669.18,486.364,130.56,134.64
669.184,487.018,130.56,134.64
669.203,487.338,130.56,134.64
669.595,487.84,130.56,134.64
669.875,488.278,130.56,134.64
669.197,489.908,130.56,134.64
669.612,490.367,130.56,134.64
669.672,491.693,130.56,134.64
670.012,492.186,130.56,134.64
669.185,493.782,130.56,134.64
669.463,494.375,130.56,134.64
669.423,495.774,130.56,134.64
669.638,496.325,130.56,134.64
669.639,497.737,130.56,134.64
670.107,498.19,130.56,134.64
669.531,499.41,130.56,134.64
670.014,500.139,130.56,134.64
670.18,500.642,130.56,134.64
670.554,501.611,130.56,134.64
671.099,502.112,130.56,134.64
671.502,502.783,130.56,134.64
672.162,503.035,130.56,134.64
672.583,503.955,130.56,134.64
673.137,504.468,130.56,134.64
673.207,505.719,130.56,134.64
673.589,505.873,130.56,134.64
673.989,506.701,130.56,134.64
672.727,505.837,133.171,137.333
672.872,506.955,133.171,137.333
673.401,507.894,133.171,137.333
674.055,508.327,133.171,137.333
674.297,509.27,133.171,137.333
674.683,509.691,133.171,137.333
674.703,509.93,133.171,137.333
675.149,510.381,133.171,137.333
675.757,510.633,133.171,137.333
676.187,511.271,133.171,137.333
677.205,512.171,133.171,137.333
678.142,512.532,133.171,137.333
678.731,512.606,133.171,137.333
679.205,512.994,133.171,137.333
680.029,513.694,133.171,137.333
680.753,514.018,133.171,137.333
680.919,514.569,133.171,137.333
681.748,514.675,133.171,137.333
682.281,514.91,133.171,137.333
683.26,515.407,133.171,137.333
684.128,515.211,133.171,137.333
684.746,516.459,133.171,137.333
685.404,516.375,133.171,137.333
686.363,516.587,133.171,137.333
687.048,517.054,133.171,137.333
687.536,518.043,133.171,137.333
687.995,518.517,133.171,137.333
688.937,518.226,133.171,137.333
689.277,519.024,133.171,137.333
690.405,519.05,133.171,137.333
691.162,519.423,133.171,137.333
691.866,519.259,133.171,137.333
692.249,519.662,133.171,137.333
692.997,519.37,133.171,137.333
693.656,519.348,133.171,137.333
694.225,519.51,133.171,137.333
695.284,519.511,133.171,137.333
695.999,519.856,133.171,137.333
696.551,520.49,133.171,137.333
697.383,520.639,133.171,137.333
698.388,520.685,133.171,137.333
699.285,520.891,133.171,137.333
700.187,521.289,133.171,137.333
700.835,521.858,133.171,137.333
701.661,521.97,133.171,137.333
702.276,522.273,133.171,137.333
704.46,523.681,130.56,134.64
704.514,522.121,133.171,137.333
704.73,522.566,133.171,137.333
705.611,522.21,133.171,137.333
706.307,522.157,133.171,137.333
707.309,522.172,133.171,137.333
708.446,522.198,133.171,137.333
710.265,523.834,130.56,134.64
709.996,522.277,133.171,137.333
710.667,522.189,133.171,137.333
711.354,522.2,133.171,137.333
712.315,522.086,133.171,137.333
713.393,522.081,133.171,137.333
714.416,522.069,133.171,137.333
714.782,522.113,133.171,137.333
716.055,522.258,133.171,137.333
717.346,522.518,133.171,137.333
718.552,522.294,133.171,137.333
718.786,522.797,133.171,137.333
720.099,522.649,133.171,137.333
721.685,522.763,133.171,137.333
721.835,522.99,133.171,137.333
723.56,523.131,133.171,137.333
724.191,523.294,133.171,137.333
725.724,523.009,133.171,137.333
726.388,522.606,133.171,137.333
727.538,521.976,133.171,137.333
728.348,521.743,133.171,137.333
729.693,521.553,133.171,137.333
730.762,521.399,133.171,137.333
731.867,521.17,133.171,137.333
733.094,521.614,133.171,137.333
734.165,521.385,133.171,137.333
733.553,519.821,135.835,140.079
734.865,521.716,133.171,137.333
735.361,521.375,133.171,137.333
735.139,519.768,135.835,140.079
736.243,521.34,133.171,137.333
736.925,520.172,133.171,137.333
737.238,520.077,133.171,137.333
737.802,519.562,133.171,137.333
737.961,518.275,133.171,137.333
738.269,517.874,133.171,137.333
737.98,516.31,133.171,137.333
737.215,515.145,133.171,137.333
737.029,513.532,133.171,137.333
736.529,511.328,133.171,137.333
735.462,510.159,133.171,137.333
734.724,508.662,133.171,137.333
734.848,507.094,133.171,137.333
735.125,506.175,133.171,137.333
735.446,505.454,133.171,137.333
734.776,504.168,133.171,137.333
735.144,503.696,133.171,137.333
735.245,502.738,133.171,137.333
734.223,500.653,135.835,140.079
733.972,500.176,135.835,140.079
734.212,499.024,135.835,140.079
734.999,499.695,133.171,137.333
735.049,498.804,133.171,137.333
735.078,498.086,133.171,137.333
735.617,497.539,133.171,137.333
735.278,496.767,133.171,137.333
735.764,495.841,133.171,137.333
735.817,495.227,133.171,137.333
736.006,494.804,133.171,137.333
735.934,493.995,133.171,137.333
736.174,493.675,133.171,137.333
736.598,493.229,133.171,137.333
736.837,493.174,133.171,137.333
737.04,493.04,133.171,137.333
737.552,492.796,133.171,137.333
737.673,492.921,133.171,137.333
737.751,492.977,133.171,137.333
737.805,493.29,133.171,137.333
738.328,493.617,133.171,137.333
738.772,493.334,133.171,137.333
739.042,493.687,133.171,137.333
739.593,494.031,133.171,137.333
739.502,494.779,133.171,137.333
739.758,495.142,133.171,137.333
740.513,495.554,133.171,137.333
740.559,495.671,133.171,137.333
740.717,495.894,133.171,137.333
741.482,496.28,133.171,137.333
741.244,496.841,133.171,137.333
742.464,496.654,133.171,137.333
742.136,496.931,133.171,137.333
741.801,495.953,135.835,140.079
742.706,496.912,135.835,140.079
744.388,498.837,133.171,137.333
744.846,498.855,133.171,137.333
744.897,499.162,133.171,137.333
744.893,499.462,133.171,137.333
745.181,499.525,133.171,137.333
745.736,499.725,133.171,137.333
745.575,500.018,133.171,137.333
745.694,500.67,133.171,137.333
745.893,500.817,133.171,137.333
746.564,501.25,133.171,137.333
746.882,501.786,133.171,137.333
747.202,502.143,133.171,137.333
747.574,502.51,133.171,137.333
747.31,502.587,133.171,137.333
747.891,502.994,133.171,137.333
748.09,503.516,133.171,137.333
748.133,503.452,133.171,137.333
748.439,503.536,133.171,137.333
747.853,503.776,133.171,137.333
748.313,504.3,133.171,137.333
748.638,505.022,133.171,137.333
748.33,505.015,133.171,137.333
748.676,505.289,133.171,137.333
748.488,505.724,133.171,137.333
748.471,505.525,133.171,137.333
748.456,505.499,133.171,137.333
748.484,505.672,133.171,137.333
748.46,505.939,133.171,137.333
748.256,506.331,133.171,137.333
749.1,506.767,133.171,137.333
749.412,506.464,133.171,137.333
749.719,506.472,133.171,137.333
749.59,506.984,133.171,137.333
748.815,507.55,133.171,137.333
748.874,507.252,133.171,137.333
748.366,508.069,133.171,137.333
748.572,508.131,133.171,137.333
747.851,508.153,133.171,137.333
747.529,508.386,133.171,137.333
747.222,507.93,133.171,137.333
747.157,508.368,133.171,137.333
747.21,507.826,133.171,137.333
745.421,506.77,135.835,140.079
746.251,508.935,133.171,137.333
745.931,508.589,133.171,137.333
745.452,508.336,133.171,137.333
744.53,508.225,133.171,137.333
744.161,509.222,133.171,137.333
744.278,509.478,133.171,137.333
744.471,509.171,133.171,137.333
743.754,509.651,133.171,137.333
743.763,509.435,133.171,137.333
743.551,509.235,133.171,137.333
743.033,509.704,133.171,137.333
742.913,509.609,133.171,137.333
742.638,509.54,133.171,137.333
742.289,509.672,133.171,137.333
742.763,509.699,133.171,137.333
742.305,509.932,133.171,137.333
742.475,510.047,133.171,137.333
741.824,510.27,133.171,137.333
741.74,510.434,133.171,137.333
741.5,509.713,133.171,137.333
740.905,509.582,133.171,137.333
741.032,509.496,133.171,137.333
740.784,509.23,133.171,137.333
740.383,509.726,133.171,137.333
740.462,509.525,133.171,137.333
739.56,508.702,133.171,137.333
739.293,508.53,133.171,137.333
739.123,508.447,133.171,137.333
738.697,508.211,133.171,137.333
738.001,508.447,133.171,137.333
737.766,507.978,133.171,137.333
736.993,507.909,133.171,137.333
736.554,507.826,133.171,137.333
735.716,507.486,133.171,137.333
735.348,507.103,133.171,137.333
736.062,507.032,133.171,137.333
735.352,506.759,133.171,137.333
735.079,506.337,133.171,137.333
734.357,505.626,133.171,137.333
734.401,505.625,133.171,137.333
734.183,505.525,133.171,137.333
733.493,505.094,133.171,137.333
732.202,505.177,133.171,137.333
732.861,505.219,133.171,137.333
732.241,504.786,133.171,137.333
732.59,504.387,133.171,137.333
732.091,503.668,133.171,137.333
732.101,503.657,133.171,137.333
732.3,503.556,133.171,137.333
732.288,503.191,133.171,137.333
732.078,503.296,133.171,137.333
731.926,503.193,133.171,137.333
731.843,503.198,133.171,137.333
731.951,503.1,133.171,137.333
732.391,502.881,133.171,137.333
732.886,502.481,133.171,137.333
732.197,501.309,133.171,137.333
732.307,501.568,133.171,137.333
732.79,500.961,133.171,137.333
732.174,500.705,133.171,137.333
731.366,498.943,135.835,140.079
731.065,498.849,135.835,140.079
732.621,500.583,133.171,137.333
731.703,499.627,133.171,137.333
730.493,497.929,135.835,140.079
732.375,499.803,133.171,137.333
732.67,499.275,133.171,137.333
732.175,499.378,133.171,137.333
732.26,498.794,133.171,137.333
732.69,498.622,133.171,137.333
731.755,498.388,133.171,137.333
731.888,498.134,133.171,137.333
732.103,498.441,133.171,137.333
732.18,498.08,133.171,137.333
731.977,498.293,133.171,137.333
731.573,498.218,133.171,137.333
730.89,498.155,133.171,137.333
731.078,497.775,133.171,137.333
731.266,497.408,133.171,137.333
731.077,497.103,133.171,137.333
730.585,497.306,133.171,137.333
729.691,497.609,133.171,137.333
729.578,496.881,133.171,137.333
729.344,496.682,133.171,137.333
729.717,496.424,133.171,137.333
729.157,496.239,133.171,137.333
729.744,496.587,133.171,137.333
729.246,496.205,133.171,137.333
729.25,496.307,133.171,137.333
729.214,496.123,133.171,137.333
729.022,495.962,133.171,137.333
728.692,495.869,133.171,137.333
728.077,495.483,133.171,137.333
728.252,494.934,133.171,137.333
728.225,495.19,133.171,137.333
728.047,495.497,133.171,137.333
727.892,495.103,133.171,137.333
727.559,495.375,133.171,137.333
726.998,494.805,133.171,137.333
726.839,494.768,133.171,137.333
726.578,494.939,133.171,137.333
726.285,495.056,133.171,137.333
726.446,495.115,133.171,137.333
725.67,495.425,133.171,137.333
725.509,494.984,133.171,137.333
724.715,495.409,133.171,137.333
724.762,495.042,133.171,137.333
724.473,495.473,133.171,137.333
724.333,495.804,133.171,137.333
724.521,496.187,133.171,137.333
723.941,496.771,133.171,137.333
723.959,496.518,133.171,137.333
723.853,496.275,133.171,137.333
723.954,496.922,133.171,137.333
723.71,496.632,133.171,137.333
723.211,496.258,133.171,137.333
722.991,496.665,133.171,137.333
722.66,496.316,133.171,137.333
722.275,496.536,133.171,137.333
722.506,496.222,133.171,137.333
721.963,496.525,133.171,137.333
721.986,496.097,133.171,137.333
721.476,496.272,133.171,137.333
720.849,496.585,133.171,137.333
721.153,496.137,133.171,137.333
720.999,496.455,133.171,137.333
721.21,495.916,133.171,137.333
720.64,496.078,133.171,137.333
719.924,496.232,133.171,137.333
720.217,496.285,133.171,137.333
720.316,496.325,133.171,137.333
720.253,496.3,133.171,137.333
720.437,496.166,133.171,137.333
719.874,495.842,133.171,137.333
719.938,495.669,133.171,137.333
719.883,495.396,133.171,137.333
719.805,495.069,133.171,137.333
719.883,495.396,133.171,137.333
719.204,493.826,135.835,140.079
721.213,495.954,133.171,137.333
721.771,495.434,133.171,137.333
722.131,494.935,133.171,137.333
722.83,495.008,133.171,137.333
723.595,495.136,133.171,137.333
724.728,495.025,133.171,137.333
726.009,495.202,133.171,137.333
727.123,495.124,133.171,137.333
727.999,494.867,133.171,137.333
728.626,494.685,133.171,137.333
729.052,494.684,133.171,137.333
729.792,494.488,133.171,137.333
730.022,494.34,133.171,137.333
729.271,492.804,135.835,140.079
729.556,493.382,135.835,140.079
732.403,494.85,133.171,137.333
733.338,494.708,133.171,137.333
734.158,494.407,133.171,137.333
734.738,493.961,133.171,137.333
734.761,494.111,133.171,137.333
735.43,494.08,133.171,137.333
735.957,493.935,133.171,137.333
737.103,493.658,133.171,137.333
738.325,493.416,133.171,137.333
739.34,493.038,133.171,137.333
738.479,491.724,135.835,140.079
740.156,493.095,133.171,137.333
741.061,492.901,133.171,137.333
741.701,492.594,133.171,137.333
742.141,491.838,133.171,137.333
743.285,491.945,133.171,137.333
744.06,491.736,133.171,137.333
743.334,489.911,135.835,140.079
744.928,491.565,133.171,137.333
745.562,490.782,133.171,137.333
745.725,490.499,133.171,137.333
746.512,490.079,133.171,137.333
748.32,491.843,130.56,134.64
749.502,491.518,130.56,134.64
748.8,490.487,133.171,137.333
750.388,491.126,130.56,134.64
749.988,490.098,133.171,137.333
751.627,491.33,130.56,134.64
752.646,491.281,130.56,134.64
751.777,489.604,133.171,137.333
753.205,490.308,130.56,134.64
752.535,489.08,133.171,137.333
752.682,488.982,133.171,137.333
754.003,489.994,130.56,134.64
754.525,489.76,130.56,134.64
755.388,489.338,130.56,134.64
754.492,488.009,133.171,137.333
755.642,489.211,130.56,134.64
756.604,488.985,130.56,134.64
757.146,488.495,130.56,134.64
757.273,488.438,130.56,134.64
757.719,488.25,130.56,134.64
758.353,487.864,130.56,134.64
758.662,487.499,130.56,134.64
759.508,487.496,130.56,134.64
758.544,486.136,133.171,137.333
758.457,486.066,133.171,137.333
759.978,487.408,130.56,134.64
760.693,487.221,130.56,134.64
760.344,485.665,133.171,137.333
760.973,485.39,133.171,137.333
761.485,484.872,133.171,137.333
762.694,486.139,130.56,134.64
763.629,486.085,130.56,134.64
762.936,484.447,133.171,137.333
763.553,483.783,133.171,137.333
765.184,484.94,130.56,134.64
766.182,484.807,130.56,134.64
766.995,484.567,130.56,134.64
768.868,485.995,128,132
768.31,483.663,133.171,137.333
769.247,482.992,133.171,137.333
769.82,482.555,133.171,137.333
771.674,483.436,130.56,134.64
772.382,483.61,130.56,134.64
773.154,483.65,130.56,134.64
773.967,483.406,130.56,134.64
775.135,483.011,130.56,134.64
776.201,482.693,130.56,134.64
777.728,482.132,130.56,134.64
778.197,482.386,130.56,134.64
779.907,482.322,130.56,134.64
780.724,482.195,130.56,134.64
781.99,481.948,130.56,134.64
783.533,481.305,130.56,134.64
784.948,481.191,130.56,134.64
786.932,482.45,128,132
787.879,480.921,130.56,134.64
788.243,480.668,130.56,134.64
789.319,480.322,130.56,134.64
790.655,479.692,130.56,134.64
792.078,479.219,130.56,134.64
792.62,479.268,130.56,134.64
794.349,478.835,130.56,134.64
794.969,478.558,130.56,134.64
796.825,479.842,128,132
797.719,478.679,130.56,134.64
798.646,478.305,130.56,134.64
799.222,477.802,130.56,134.64
800.978,478.404,128,132
801.48,476.965,130.56,134.64
802.936,477.921,128,132
803.196,476.676,130.56,134.64
803.055,476.567,130.56,134.64
803.452,476.251,130.56,134.64
804.462,475.738,130.56,134.64
805.109,475.172,130.56,134.64
805.342,474.886,130.56,134.64
806.191,474.671,130.56,134.64
807.812,476.093,128,132
807.95,474.072,130.56,134.64
809.177,474.986,128,132
809.901,475.499,128,132
810.938,474.728,128,132
810.41,473.126,130.56,134.64
810.948,472.446,130.56,134.64
812.199,473.519,128,132
813.096,473.17,128,132
813.639,472.766,128,132
814.51,473.007,128,132
815.292,472.162,128,132
815.849,471.912,128,132
815.919,470.945,130.56,134.64
817.516,471.44,128,132
818.405,471.144,128,132
818.934,470.707,128,132
819.945,470.931,128,132
820.841,470.976,128,132
821.396,470.761,128,132
820.727,468.971,130.56,134.64
822.663,469.623,128,132
823.863,469.315,128,132
824.668,468.679,128,132
825.493,468.495,128,132
826.277,468.292,128,132
826.903,467.911,128,132
828.114,467.85,128,132
826.92,466.378,130.56,134.64
827.44,465.709,130.56,134.64
828.965,464.761,130.56,134.64
830.228,465.623,128,132
831.291,465.874,128,132
832.01,465.826,128,132
832.435,465.481,128,132
833.653,464.977,128,132
834.867,464.862,128,132
834.371,463.231,130.56,134.64
835.085,462.525,130.56,134.64
836.537,463.56,128,132
835.782,461.982,130.56,134.64
835.26,461.336,130.56,134.64
834.787,461.059,130.56,134.64
833.913,460.488,130.56,134.64
833.107,460.23,130.56,134.64
832.167,459.699,130.56,134.64
831.481,458.921,130.56,134.64
830.937,458.379,130.56,134.64
831.677,459.483,128,132
830.577,457.802,130.56,134.64
830.613,456.932,130.56,134.64
830.309,456.703,130.56,134.64
830.028,456.16,130.56,134.64
830.976,457.253,128,132
831.726,456.756,128,132
831.689,456.767,128,132
831.895,456.626,128,132
832.792,456.045,128,132
832.072,453.969,130.56,134.64
833.342,454.656,128,132
834.268,454.722,128,132
834.492,454.449,128,132
835.084,453.833,128,132
835.341,453.445,128,132
836.075,452.776,128,132
836.528,452.278,128,132
837.523,451.58,128,132
838.072,451.286,128,132
838.143,450.543,128,132
838.543,450.123,128,132
839.689,449.515,128,132
838.794,447.894,130.56,134.64
840.006,448.365,128,132
840.068,448.1,128,132
841.24,448.771,125.49,129.412
840.649,447.438,128,132
840.872,446.989,128,132
839.866,445.558,130.56,134.64
840.268,446.353,128,132
840.629,445.736,128,132
839.809,444.091,130.56,134.64
840.38,444.539,128,132
840.049,442.734,130.56,134.64
841.044,443.16,128,132
842.189,444.179,125.49,129.412
841.731,442.74,128,132
841.999,442.624,128,132
841.997,442.168,128,132
841.73,441.428,128,132
840.111,439.91,130.56,134.64
841.135,441.934,125.49,129.412
840.905,440.495,128,132
839.897,438.747,130.56,134.64
840.834,440.589,125.49,129.412
840.076,438.827,128,132
840.21,440.259,125.49,129.412
839.598,438.531,128,132
840.09,438.981,125.49,129.412
838.877,437.122,128,132
838.222,436.418,128,132
837.282,436.062,128,132
837.928,436.802,125.49,129.412
836.374,435.282,128,132
836.811,436.056,125.49,129.412
835.779,435.87,125.49,129.412
834.642,435.328,125.49,129.412
833.567,434.333,125.49,129.412
832.547,433.712,125.49,129.412
831.577,433.506,125.49,129.412
832.07,434.348,123.03,126.874
830.338,433.005,125.49,129.412
830.437,433.791,123.03,126.874
828.557,431.707,125.49,129.412
827.285,431.13,125.49,129.412
827.038,432.179,123.03,126.874
826.412,431.799,123.03,126.874
824.409,429.901,125.49,129.412
824.023,430.802,123.03,126.874
823.076,430.163,123.03,126.874
822.13,429.761,123.03,126.874
820.937,429.171,123.03,126.874
819.822,428.68,123.03,126.874
819.72,427.973,123.03,126.874
819.573,428.642,120.617,124.386
818.409,428.206,120.617,124.386
817.137,427.483,120.617,124.386
815.26,427.059,120.617,124.386
815.827,427.51,118.252,121.948
813.775,425.843,120.617,124.386
813.988,427.534,115.933,119.556
812.668,426.201,118.252,121.948
811.199,425.557,118.252,121.948
811.025,426.472,115.933,119.556
809.766,424.874,118.252,121.948
807.744,423.422,120.617,124.386
807.44,424.188,118.252,121.948
806.14,423.261,118.252,121.948
806.01,423.939,115.933,119.556
803.846,421.421,120.617,124.386
803.075,422.062,118.252,121.947
802.022,420.997,118.252,121.947
801.158,420.806,118.252,121.947
799.893,420.454,118.252,121.947
799.745,421.217,115.933,119.556
799.465,421.193,115.933,119.556
798.315,421.085,115.933,119.556
797.351,420.708,115.933,119.556
796.042,420.306,115.933,119.556
795.556,420.583,113.66,117.212
794.167,419.092,115.933,119.556
793.146,418.873,115.933,119.556
793.126,419.788,113.66,117.212
791.261,418.011,115.933,119.556
790.376,417.709,115.933,119.556
789.095,417.296,115.933,119.556
788.924,417.677,113.66,117.212
787.244,416.068,115.933,119.556
786.368,415.883,115.933,119.556
785.175,415.388,115.933,119.556
784.736,415.669,113.66,117.212
783.845,415.053,113.66,117.212
784.243,415.967,111.432,114.914
782.233,414.063,113.66,117.212
782.091,415.072,111.432,114.914
782.261,415.347,109.247,112.661
781.071,413.97,111.432,114.914
780.012,413.113,111.432,114.914
778.893,412.733,111.432,114.914
777.682,412.081,111.432,114.914
777.623,412.695,109.247,112.661
776.985,412.175,109.247,112.661
775.365,410.708,111.432,114.914
775.196,410.901,109.247,112.661
774.847,410.249,109.247,112.661
774.227,410.114,109.247,112.661
773.775,409.409,109.247,112.661
772.878,409.168,109.247,112.661
772.028,408.457,109.247,112.661
772.38,409.146,107.105,110.452
771.151,407.418,109.247,112.661
770.087,407.301,109.247,112.661
769.273,406.602,109.247,112.661
768.403,406.262,109.247,112.661
768.233,406.565,107.105,110.452
767.644,406.303,107.105,110.452
766.608,405.866,107.105,110.452
765.615,404.946,107.105,110.452
764.648,404.315,107.105,110.452
764.739,405.267,105.004,108.286
763.788,404.743,105.004,108.286
763.753,405.562,102.946,106.163
763.018,405.209,102.946,106.163
762.174,404.289,102.946,106.163
761.407,403.718,102.946,106.163
760.487,403.335,102.946,106.163
758.597,401.681,105.004,108.286
759.325,403.22,100.927,104.081
757.786,401.337,102.946,106.163
757.873,401.831,100.927,104.081
757.129,401.66,100.927,104.081
757.468,402.238,98.9481,102.04
755.814,400.744,100.927,104.081
754.689,400.428,100.927,104.081
754.472,400.802,98.9481,102.04
753.263,399.494,100.927,104.081
753.193,399.934,98.9481,102.04
752.453,399.948,98.9481,102.04
750.664,398.789,100.927,104.081
749.964,399.345,98.9481,102.04
749.007,398.78,98.9481,102.04
748.013,398.569,98.9481,102.04
747.051,398.167,98.9481,102.04
745.756,397.531,98.9481,102.04
745.22,398.037,97.0079,100.039
744.58,397.618,97.0079,100.039
744.131,398.508,95.1058,98.0779
742.507,397.218,97.0079,100.039
740.576,396.219,97.0079,100.039
738.4,394.568,98.9481,102.04
739.131,395.518,97.0079,100.039
738.782,396.019,95.1058,98.0779
737.445,395.512,95.1058,98.0779
736.853,395.502,95.1058,98.0779
735.573,395.165,95.1058,98.0779
733.719,394.299,95.1058,98.0779
732.743,394.087,95.1058,98.0779
731.691,393.557,95.1058,98.0779
730.48,393.559,95.1058,98.0779
728.932,393.181,95.1058,98.0779
728.313,392.582,95.1058,98.0779
728.626,393.398,93.241,96.1548
727.554,393.557,93.241,96.1548
726.374,393.406,93.241,96.1548
724.791,392.181,95.1058,98.0778
723.473,391.939,93.241,96.1547
722.777,391.823,93.241,96.1547
722.25,392.224,93.241,96.1547
720.682,390.757,95.1058,98.0778
720.548,391.15,93.241,96.1547
719.929,390.807,93.241,96.1547
719.945,391.05,93.241,96.1547
720.137,391.503,91.4127,94.2693
718.518,390.746,93.241,96.1547
718.751,391.687,91.4127,94.2693
718.386,391.81,91.4127,94.2693
719.042,393.717,87.863,90.6088
717.316,391.54,91.4127,94.2693
716.011,391.443,91.4127,94.2693
715.352,391.311,91.4127,94.2693
714.184,391.054,91.4127,94.2693
712.521,389.893,93.241,96.1547
711.883,391.844,89.6203,92.4209
710.99,391.269,89.6203,92.4209
710.081,391.14,89.6203,92.4209
708.515,390.723,89.6203,92.4209
706.903,390.972,89.6203,92.4209
706.498,390.558,89.6203,92.4209
705.159,391.254,87.863,90.6088
704.49,391.675,87.863,90.6088
704.06,391.933,87.863,90.6088
702.782,391.425,87.863,90.6088
701.567,391.376,87.863,90.6088
699.216,390.461,89.6203,92.4209
694.712,387.758,93.2409,96.1547
696.19,389.542,89.6203,92.4209
693.029,388.143,91.4127,94.2693
694.365,388.76,89.6203,92.4209
690.758,387.596,91.4127,94.2693
692.246,389.481,87.863,90.6087
691.15,389.408,87.863,90.6087
690.057,389.792,86.1402,88.8321
688.059,388.957,86.1402,88.8321
687.255,388.703,86.1402,88.8321
686.741,389.192,84.4512,87.0903
685.47,389.158,86.1402,88.8321
683.065,388.461,86.1402,88.8321
680.866,387.305,87.863,90.6087
681.668,388.245,86.1402,88.8321
679.189,387.688,86.1402,88.8321
677.823,387.16,86.1402,88.8321
676.964,387.229,86.1402,88.8321
673.636,386.051,87.863,90.6087
674.118,385.663,87.863,90.6087
671.541,386.002,87.863,90.6087
671.677,386.545,86.1402,88.8321
669.804,386.406,86.1402,88.8321
669.045,386.137,86.1402,88.8321
665.728,384.873,87.863,90.6087
666.206,384.563,87.863,90.6087
664.571,385.761,86.1402,88.8321
664.348,386.308,84.4512,87.0903
663.663,387.01,84.4512,87.0903
662.529,386.963,84.4512,87.0903
660.949,386.913,84.4512,87.0903
659.211,386.998,84.4512,87.0903
657.975,387.017,84.4512,87.0903
656.424,387.037,84.4512,87.0903
656.114,386.938,84.4512,87.0903
653.879,386.981,84.4512,87.0903
652.547,386.898,84.4512,87.0903
652.255,386.617,84.4512,87.0903
651.186,387.135,82.7953,85.3827
649.001,386.599,84.4512,87.0903
647.745,386.234,84.4512,87.0903
647.219,386.32,84.4512,87.0903
645.162,386.342,84.4512,87.0903
643.974,386.228,84.4512,87.0903
642.56,386.006,84.4512,87.0903
641.892,385.63,84.4512,87.0903
640.32,385.19,84.4512,87.0903
639.575,385.246,84.4512,87.0903
639.172,385.352,84.4512,87.0903
637.948,385.414,84.4512,87.0903
636.803,385.591,84.4512,87.0903
635.455,385.127,84.4512,87.0903
635.455,384.984,84.4512,87.0903
634.688,384.805,84.4512,87.0903
634.037,384.531,84.4512,87.0903
632.956,384.231,84.4512,87.0903
632.244,384.535,84.4512,87.0903
632.352,384.913,82.7953,85.3827
632.374,385.87,81.1719,83.7085
630.98,385.228,82.7953,85.3827
629.761,385.405,82.7953,85.3827
629.392,385.83,81.1719,83.7085
629.123,385.201,82.7953,85.3827
627.829,385.369,82.7953,85.3827
627.627,385.844,81.1719,83.7085
627.232,386.122,81.1719,83.7085
626.225,385.535,82.7953,85.3827
625.949,385.865,81.1719,83.7085
625.188,386.118,81.1719,83.7085
624.092,385.463,82.7953,85.3827
623.657,385.596,81.1719,83.7085
622.669,385.772,81.1719,83.7085
622.007,385.93,81.1719,83.7085
621.719,385.915,81.1719,83.7085
620.575,385.883,81.1719,83.7085
619.766,385.768,81.1719,83.7085
619.443,385.664,81.1719,83.7085
618.346,385.37,81.1719,83.7085
619.468,385.825,79.5803,82.0671
617.723,385.7,81.1719,83.7085
616.432,385.189,81.1719,83.7085
615.751,385.492,79.5803,82.0671
616.334,385.963,79.5803,82.0671
614.385,385.699,81.1719,83.7085
614.589,385.819,79.5803,82.0671
612.075,384.475,82.7953,85.3826
610.831,384.314,81.1719,83.7085
610.324,384.213,81.1719,83.7085
608.821,383.15,82.7953,85.3826
607.516,384.181,81.1719,83.7085
607.978,385.506,78.0199,80.458
607.41,385.755,79.5802,82.0671
605.19,385.926,79.5802,82.0671
604.333,385.509,81.1719,83.7085
602.995,385.556,79.5802,82.0671
602.707,385.927,79.5802,82.0671
600.471,385.465,81.1719,83.7085
598.848,385.589,79.5802,82.0671
598.55,385.215,81.1719,83.7085
597.082,385.31,79.5802,82.0671
597.681,385.908,79.5802,82.0671
595.628,386.49,79.5802,82.0671
595.149,386.517,79.5802,82.0671
593.519,385.859,81.1719,83.7085
591.921,386.209,79.5802,82.0671
591.481,385.614,81.1719,83.7085
589.387,386.099,79.5802,82.0671
589.509,386.404,79.5802,82.0671
588.407,386.641,79.5802,82.0671
587.37,386.857,79.5802,82.0671
585.479,386.432,81.1719,83.7085
585.147,387.432,78.0199,80.458
584.425,387.188,79.5802,82.0671
583.461,387.155,79.5802,82.0671
582.787,387.15,79.5802,82.0671
581.449,386.357,81.1719,83.7085
581.198,387.496,78.0199,80.458
580.568,387.352,79.5802,82.0671
579.6,387.534,79.5802,82.0671
578.696,387.738,79.5802,82.0671
578.176,387.97,79.5802,82.0671
578.337,387.539,79.5802,82.0671
576.644,387.536,79.5802,82.0671
576.865,387.574,79.5802,82.0671
576.657,387.588,79.5802,82.0671
575.242,387.396,79.5802,82.0671
574.672,387.249,79.5802,82.0671
574.481,387.102,79.5802,82.0671
574.446,387.744,78.0199,80.458
573.169,387.443,79.5802,82.0671
