0.683657 3.77666 0.639037 0.911507
0.625143 3.42304 0.65377 0.869906
0.625052 3.40927 0.662493 0.869906
0.623251 3.40353 0.666397 0.874793
0.615237 3.33478 0.675169 0.874793
0.621149 3.39649 0.662262 0.874793
0.609509 3.36492 0.669438 0.874793
0.589165 3.24088 0.662383 0.874793
0.556313 3.06455 0.672233 0.882023
0.550756 3.02473 0.654351 0.882023
0.537437 2.99289 0.66601 0.836353
0.530342 2.89728 0.648343 0.822336
0.492237 2.68078 0.650488 0.766026
0.471816 2.582 0.631642 0.781615
0.486119 2.69499 0.659544 0.798974
0.483599 2.67983 0.656095 0.752819
0.436229 2.38518 0.637934 0.752819
0.440233 2.44694 0.633221 0.740578
0.432312 2.39318 0.633937 0.779487
0.438925 2.46167 0.649299 0.766496
0.456941 2.50488 0.651283 0.715559
0.410169 2.26636 0.622314 0.747578
0.469799 2.59646 0.643069 0.740019
0.464593 2.5541 0.637905 0.740019
0.491245 2.75139 0.64023 0.740019
0.476129 2.63496 0.641345 0.740019
0.470187 2.61654 0.653057 0.786825
0.504238 2.83813 0.655528 0.838217
0.533806 2.97814 0.679407 0.838217
0.512351 2.86322 0.675242 0.822598
0.505032 2.83008 0.673185 0.801773
0.482016 2.71409 0.665988 0.828216
0.488212 2.75411 0.684546 0.841418
0.494188 2.77701 0.673515 0.83509
0.479375 2.72419 0.673447 0.793322
0.456206 2.58634 0.651931 0.788563
0.475926 2.67786 0.654339 0.783271
0.457386 2.59312 0.649456 0.772686
0.445392 2.5507 0.658396 0.761155
0.441161 2.50476 0.647363 0.761155
0.445157 2.55685 0.650648 0.744306
0.44063 2.49831 0.649671 0.744306
0.440399 2.51113 0.647389 0.744306
0.425419 2.41113 0.640614 0.744306
0.402737 2.29835 0.652962 0.734
0.419594 2.40631 0.648555 0.723693
0.397908 2.26102 0.650871 0.713385
0.410974 2.35698 0.649648 0.698686
0.413132 2.36689 0.666171 0.71949
0.420527 2.40749 0.65862 0.71435
0.423069 2.417 0.662983 0.718719
0.421643 2.39279 0.65042 0.723142
0.425813 2.45432 0.653217 0.72762
0.41786 2.43101 0.651043 0.721431
0.418675 2.42558 0.655188 0.721431
0.403019 2.31994 0.654109 0.709966
0.416693 2.41798 0.654849 0.710743
0.405979 2.30978 0.64934 0.705399
0.414252 2.35807 0.648311 0.706038
0.414652 2.36715 0.645089 0.694711
0.417205 2.38236 0.649231 0.688773
0.410063 2.3483 0.641077 0.677583
0.408365 2.3473 0.642472 0.677583
0.402151 2.29818 0.635243 0.677583
0.397867 2.29852 0.639475 0.677583
0.404402 2.34681 0.637575 0.677583
0.390528 2.26595 0.644458 0.67233
0.396232 2.3015 0.622136 0.67233
0.39492 2.29953 0.639273 0.661825
0.385227 2.24572 0.629286 0.656573
0.382397 2.22351 0.63846 0.646067
0.375369 2.18118 0.627579 0.646067
0.379691 2.21779 0.631502 0.646067
0.380068 2.20577 0.623611 0.646067
0.380445 2.21071 0.629679 0.669942
0.401011 2.3615 0.628552 0.65896
0.383607 2.25385 0.638789 0.647736
0.388436 2.29214 0.634775 0.647736
0.397114 2.33747 0.650058 0.647736
0.397885 2.38032 0.642427 0.647736
0.393778 2.32509 0.647838 0.642004
0.392038 2.30225 0.641515 0.630925
0.399855 2.39358 0.640407 0.625241
0.385633 2.30646 0.634507 0.625241
0.397788 2.39418 0.640727 0.625241
0.383131 2.27069 0.632211 0.625241
0.375663 2.26398 0.638794 0.619942
0.367427 2.18295 0.639519 0.634648
0.366298 2.19246 0.652812 0.655207
0.364864 2.19952 0.658255 0.67067
0.381688 2.26142 0.68742 0.662741
0.389895 2.32831 0.676284 0.661072
0.39326 2.39527 0.675909 0.659583
0.397536 2.40025 0.664658 0.604267
0.406101 2.40727 0.663104 0.560345
0.36882 2.21496 0.647376 0.555008
0.378009 2.25212 0.655592 0.555008
0.366748 2.19955 0.633969 0.549672
0.372249 2.20942 0.633971 0.58722
0.36723 2.2041 0.648116 0.592866
0.378105 2.27219 0.657102 0.598512
0.374428 2.24461 0.649368 0.598512
0.386984 2.31218 0.649162 0.598512
0.388166 2.29685 0.643265 0.598512
0.386769 2.29765 0.660581 0.592757
0.372993 2.21451 0.653952 0.581465
0.363605 2.17589 0.649518 0.59627
0.374468 2.24242 0.665481 0.599541
0.355447 2.11477 0.66996 0.584562
0.367534 2.20655 0.664221 0.587584
0.374531 2.26193 0.669208 0.587584
0.377772 2.2729 0.656863 0.59206
0.389011 2.32138 0.663453 0.59206
0.391274 2.34435 0.649994 0.59206
0.384119 2.29635 0.666044 0.59206
0.386918 2.30905 0.660462 0.59206
0.379011 2.2448 0.662939 0.59206
0.380732 2.26059 0.65555 0.59206
0.38015 2.26371 0.661285 0.59206
0.374209 2.21987 0.662311 0.60067
0.373272 2.20022 0.668347 0.610105
0.379042 2.23012 0.660051 0.610105
0.361938 2.14673 0.671264 0.624469
0.409773 2.45024 0.667084 0.624469
0.408467 2.41589 0.660152 0.624469
0.403583 2.40242 0.652928 0.618097
0.400731 2.37362 0.662817 0.618097
0.407076 2.42938 0.652052 0.611725
0.402296 2.39958 0.666762 0.611725
0.403571 2.39072 0.653872 0.611725
0.407941 2.41433 0.664988 0.611725
0.404696 2.38667 0.654642 0.611725
0.404174 2.375 0.652494 0.611725
0.403688 2.37875 0.655654 0.611725
0.41422 2.44012 0.660701 0.611725
0.408779 2.40693 0.6514 0.611725
0.407156 2.38963 0.657409 0.611725
0.400274 2.36276 0.652984 0.56847
0.394008 2.33406 0.64774 0.562486
0.40153 2.36138 0.644673 0.551151
0.390115 2.29629 0.649553 0.551151
0.393457 2.32689 0.629899 0.551151
0.387186 2.27777 0.641974 0.551151
0.382327 2.23395 0.640872 0.545224
0.376257 2.21204 0.648289 0.545224
0.384413 2.27525 0.645245 0.539298
0.377855 2.20599 0.647086 0.539298
0.379559 2.2405 0.641505 0.539298
0.378557 2.20578 0.641355 0.547454
0.395913 2.32438 0.653101 0.562786
0.38917 2.28639 0.670721 0.556318
0.413982 2.46238 0.653096 0.550067
0.405702 2.42248 0.656474 0.556591
0.409414 2.43922 0.648901 0.553642
0.392749 2.32943 0.650877 0.547837
0.393822 2.27939 0.645923 0.541048
0.383956 2.2556 0.669498 0.545544
0.379904 2.20913 0.669147 0.505814
0.392665 2.30872 0.650572 0.501428
0.36755 2.16634 0.632571 0.503846
0.369983 2.19646 0.631273 0.50748
0.388512 2.27177 0.63116 0.50748
0.388239 2.26441 0.635006 0.50748
0.387868 2.27581 0.625689 0.50748
0.404051 2.33871 0.642698 0.50748
0.40144 2.32489 0.635342 0.50748
0.401674 2.34179 0.642493 0.50748
0.403812 2.36932 0.641008 0.50748
0.401815 2.35851 0.643159 0.50748
0.39832 2.31904 0.640506 0.50748
0.395939 2.30642 0.644075 0.50748
0.39655 2.31964 0.630007 0.50748
0.396693 2.32819 0.629008 0.50748
0.385693 2.22917 0.629673 0.501438
0.3872 2.23832 0.636746 0.495397
0.39026 2.25186 0.631377 0.489356
0.388716 2.23775 0.637478 0.483314
0.385198 2.21184 0.637308 0.477273
0.389075 2.23581 0.640263 0.471231
0.381636 2.19398 0.64124 0.46519
0.383947 2.20986 0.637743 0.453107
0.373873 2.14058 0.636054 0.447066
0.3905 2.2512 0.644003 0.447066
0.382147 2.19508 0.633537 0.447066
0.384713 2.21221 0.637986 0.447066
0.396454 2.29635 0.631653 0.434983
0.387458 2.22492 0.648097 0.428941
0.392547 2.28012 0.633992 0.416858
0.39697 2.29687 0.641727 0.416858
0.391082 2.25993 0.635416 0.416858
0.386372 2.22032 0.636756 0.416858
0.372586 2.15905 0.640854 0.416858
0.379297 2.18927 0.641241 0.416858
0.387645 2.27145 0.63378 0.416858
0.383081 2.22507 0.634528 0.416858
0.380752 2.2072 0.634686 0.416858
0.381313 2.20727 0.633869 0.416858
0.369983 2.12441 0.628861 0.394937
0.367031 2.11537 0.639793 0.396165
0.364631 2.10675 0.656886 0.373892
0.375045 2.18714 0.646394 0.373892
0.371374 2.2052 0.652435 0.373892
0.363574 2.15426 0.654567 0.373892
0.377939 2.23169 0.646709 0.373892
0.369494 2.18322 0.647371 0.373892
0.370161 2.17805 0.649414 0.373892
0.358462 2.09271 0.652183 0.378744
0.363818 2.13511 0.64471 0.37735
0.359033 2.07352 0.644267 0.374592
0.357906 2.05855 0.63623 0.374819
0.369215 2.13793 0.646967 0.376181
0.373306 2.17317 0.640141 0.368795
0.378665 2.18728 0.641737 0.368795
0.374422 2.1993 0.644948 0.368795
0.372413 2.14686 0.65045 0.368795
0.361008 2.05516 0.643715 0.381296
0.3638 2.07478 0.651046 0.387547
0.360661 2.06239 0.651293 0.400049
0.359506 2.08356 0.646732 0.400049
0.358521 2.06265 0.646059 0.393798
0.353085 2.0211 0.645747 0.393798
0.348592 2.00139 0.64454 0.393798
0.353757 2.02044 0.64058 0.397012
0.349177 1.97427 0.646172 0.40776
0.363822 2.11818 0.671842 0.419759
0.355604 2.05583 0.667021 0.419759
0.349424 1.99353 0.667021 0.419904
0.357081 2.04025 0.652476 0.410031
0.355763 2.00973 0.65704 0.416499
0.342536 1.94515 0.647942 0.412355
0.351815 1.97867 0.655267 0.42335
0.3495 1.97548 0.646225 0.434845
0.339037 1.90747 0.665087 0.434073
0.347012 1.95796 0.652212 0.418207
0.354292 1.99132 0.636605 0.427115
0.351479 1.97954 0.648689 0.422928
0.360307 2.04046 0.640245 0.429057
0.362386 2.02464 0.633253 0.441316
0.354157 1.98031 0.640745 0.463022
0.351727 1.96783 0.655704 0.469932
0.338855 1.90729 0.649007 0.469932
0.32893 1.84041 0.652384 0.463022
0.331226 1.85641 0.652076 0.463022
0.313826 1.76525 0.652749 0.483424
0.335509 1.88108 0.655733 0.483424
0.329823 1.82901 0.655524 0.476323
0.328556 1.83961 0.655543 0.462322
0.31547 1.76255 0.649159 0.453574
0.332518 1.84607 0.643001 0.459704
0.341806 1.93205 0.644634 0.459704
0.341885 1.90079 0.641418 0.474604
0.33365 1.85878 0.664688 0.476926
0.319689 1.78209 0.663884 0.472034
0.324227 1.82214 0.663342 0.451997
0.342504 1.92538 0.649075 0.451997
0.346673 1.93547 0.638234 0.451997
0.339484 1.89085 0.650364 0.474355
0.332151 1.85576 0.660427 0.474355
0.310656 1.74356 0.670597 0.451997
0.320739 1.78436 0.641971 0.451997
0.3289 1.84364 0.660286 0.451997
0.342053 1.9148 0.64681 0.451997
0.330171 1.82359 0.656475 0.451997
0.321918 1.77987 0.640668 0.459158
0.318645 1.77825 0.648407 0.494844
0.324849 1.81369 0.67728 0.513781
0.32105 1.78807 0.672925 0.513781
0.309869 1.72629 0.665968 0.478517
0.315962 1.75038 0.64902 0.453682
0.319575 1.77586 0.635417 0.464615
0.321151 1.78503 0.641217 0.470081
0.323088 1.7853 0.635103 0.481013
0.320613 1.7636 0.638898 0.481013
0.327414 1.80181 0.633778 0.481013
0.313386 1.73007 0.640909 0.481013
0.306361 1.69023 0.636749 0.507343
0.338052 1.86919 0.66371 0.507343
0.332345 1.83464 0.652574 0.507343
0.336386 1.85793 0.657956 0.507343
0.341832 1.91179 0.651203 0.507343
0.332158 1.84524 0.665953 0.507343
0.325529 1.8261 0.661982 0.507343
0.327516 1.83363 0.664935 0.507343
0.322158 1.7944 0.656298 0.507343
0.330214 1.85498 0.6624 0.507343
0.329862 1.85793 0.663922 0.507343
0.340582 1.90698 0.663948 0.507343
0.328676 1.84196 0.660219 0.518874
0.327995 1.83682 0.660911 0.535987
0.333606 1.87169 0.662407 0.547639
0.320867 1.80389 0.672728 0.547639
0.336686 1.87815 0.662279 0.547639
0.34112 1.91034 0.66777 0.547639
0.343471 1.9216 0.667249 0.547639
0.33971 1.91098 0.666567 0.547639
0.341238 1.91508 0.655654 0.547639
0.330937 1.83125 0.668113 0.547639
0.327095 1.82608 0.669498 0.547639
0.33901 1.90168 0.668945 0.547639
0.33835 1.8699 0.665099 0.547639
0.336657 1.87288 0.671269 0.547639
0.334764 1.85915 0.663754 0.519217
0.319439 1.76185 0.650734 0.489929
0.296606 1.61199 0.637059 0.489929
0.300483 1.63603 0.643575 0.489929
0.311845 1.71851 0.644169 0.489929
0.315319 1.73229 0.645581 0.489929
0.304294 1.67504 0.645155 0.489929
0.321791 1.7779 0.65296 0.500353
0.303565 1.64281 0.645779 0.515989
0.308206 1.68442 0.64506 0.526413
0.323113 1.77786 0.644304 0.526413
0.328997 1.80653 0.653214 0.520929
0.320575 1.75309 0.646555 0.520929
0.303658 1.66625 0.654271 0.492354
0.299189 1.64181 0.628243 0.492354
0.30117 1.6494 0.635758 0.492354
0.321151 1.74975 0.634071 0.492354
0.321547 1.76092 0.63567 0.492354
0.314303 1.72574 0.633609 0.492354
0.319824 1.73941 0.634559 0.492354
0.310932 1.70595 0.636411 0.492354
0.30814 1.68415 0.639305 0.492354
0.322818 1.76704 0.639292 0.492354
0.318159 1.74151 0.640415 0.492354
0.319748 1.75624 0.638212 0.492354
0.321352 1.76498 0.646736 0.492354
0.313664 1.73117 0.637916 0.492354
0.30699 1.67736 0.646899 0.492354
0.328928 1.81636 0.636925 0.492354
0.328701 1.82589 0.64655 0.492354
0.332228 1.84646 0.639954 0.492354
0.328267 1.81096 0.647948 0.492354
0.316471 1.74316 0.647678 0.492354
0.315839 1.74224 0.645028 0.492354
0.320305 1.76128 0.643622 0.492354
0.320691 1.76934 0.651773 0.492354
0.315382 1.74288 0.644487 0.492354
0.303107 1.67978 0.651109 0.492354
0.299682 1.67041 0.643227 0.462187
0.304492 1.69253 0.63328 0.462187
0.304048 1.68199 0.624601 0.466763
0.305931 1.68333 0.627958 0.471339
0.300439 1.66223 0.627837 0.475915
0.309092 1.71141 0.633969 0.475915
0.302704 1.67023 0.631326 0.475915
0.296545 1.63588 0.63507 0.475915
0.299721 1.6665 0.62214 0.475915
0.306111 1.69646 0.638753 0.475915
0.315678 1.74358 0.626517 0.475915
0.312329 1.72285 0.635315 0.480491
0.311753 1.72327 0.640073 0.489644
0.316197 1.74042 0.630266 0.49422
0.317543 1.76172 0.630908 0.49422
0.3127 1.71436 0.633741 0.49422
0.31558 1.73998 0.633196 0.49422
0.314484 1.72034 0.639332 0.49422
0.292867 1.60289 0.638585 0.468622
0.292642 1.58701 0.624613 0.468622
0.289718 1.5739 0.618124 0.468622
0.29668 1.63672 0.624342 0.468622
0.303044 1.65482 0.621622 0.468622
0.313981 1.73765 0.629273 0.468622
0.286674 1.57801 0.615984 0.468622
0.282857 1.55117 0.627998 0.441461
0.290764 1.61181 0.616151 0.436814
0.28985 1.58404 0.619824 0.436814
0.277956 1.5284 0.618081 0.429308
0.269611 1.46358 0.623901 0.435437
0.282583 1.5675 0.62084 0.43462
0.285367 1.59631 0.631297 0.437589
0.285559 1.58324 0.619743 0.437589
0.288585 1.59026 0.623598 0.437589
0.289093 1.60185 0.622611 0.437589
0.289487 1.61427 0.628078 0.434811
0.283285 1.56597 0.625093 0.423805
0.283229 1.55595 0.629042 0.407609
0.266973 1.47431 0.624611 0.437589
0.281685 1.54966 0.637233 0.464511
0.304025 1.65045 0.637387 0.464511
0.309056 1.69957 0.640267 0.461507
0.312277 1.69618 0.643494 0.455536
0.311325 1.69682 0.645406 0.449613
0.303799 1.65878 0.640689 0.426006
0.30494 1.67262 0.635383 0.433647
0.302359 1.64918 0.636055 0.435803
0.296089 1.63704 0.633327 0.435803
0.28723 1.57509 0.634741 0.435803
0.285838 1.54195 0.639945 0.460824
0.285038 1.58153 0.631575 0.460824
0.292174 1.60114 0.641582 0.458001
0.290411 1.61097 0.635366 0.441289
0.30735 1.70268 0.637464 0.441289
0.308648 1.68361 0.64391 0.441289
0.304183 1.67059 0.645518 0.441289
0.301572 1.68909 0.639405 0.430359
0.299701 1.63396 0.64843 0.399503
0.294011 1.61908 0.630957 0.40449
0.282427 1.54191 0.637414 0.40449
0.282312 1.53853 0.626663 0.380872
0.281445 1.53616 0.62192 0.394915
0.278404 1.52929 0.619283 0.406838
0.288513 1.59898 0.625794 0.39966
0.291153 1.60498 0.621663 0.414573
0.303714 1.69182 0.638678 0.400212
0.30026 1.64745 0.640893 0.38245
0.281671 1.53316 0.63347 0.39701
0.28578 1.55701 0.622903 0.39701
0.275761 1.52011 0.639316 0.374686
0.275969 1.49996 0.617791 0.38774
0.263398 1.44559 0.625902 0.437607
0.298505 1.67429 0.642073 0.430272
0.30712 1.71761 0.639922 0.425424
0.305433 1.69996 0.64235 0.415825
0.321542 1.7914 0.64944 0.38774
0.297819 1.64015 0.62912 0.370426
0.292839 1.61464 0.62085 0.374549
0.290411 1.6006 0.612818 0.370426
0.289079 1.59961 0.62144 0.342833
0.282208 1.56022 0.605239 0.350454
0.281333 1.5548 0.614275 0.346633
0.270989 1.48125 0.611166 0.342833
0.27169 1.48459 0.617201 0.389176
0.289326 1.58562 0.626573 0.401044
0.299912 1.663 0.643662 0.406355
0.308953 1.69938 0.653467 0.392384
0.297999 1.63136 0.659681 0.387789
0.300368 1.64724 0.662067 0.36612
0.289384 1.58079 0.646635 0.376641
0.287628 1.57359 0.648464 0.375467
0.294339 1.62105 0.648713 0.373142
0.291808 1.59748 0.650475 0.412508
0.304882 1.68728 0.66045 0.412508
0.297404 1.63176 0.652258 0.412508
0.310493 1.73894 0.65456 0.403566
0.313011 1.7533 0.655375 0.390364
0.313937 1.7188 0.651182 0.381699
0.31689 1.75887 0.645607 0.360931
0.315286 1.75382 0.645537 0.373068
0.31751 1.76694 0.643095 0.353123
0.314778 1.74294 0.635497 0.359763
0.306511 1.69494 0.630746 0.358751
0.306624 1.68717 0.634969 0.33345
0.30162 1.67806 0.62189 0.339618
0.308208 1.7126 0.622152 0.338722
0.299923 1.66405 0.617534 0.334324
0.290172 1.61011 0.627672 0.334324
0.287354 1.59769 0.6235 0.370254
0.304057 1.70558 0.629563 0.370254
0.31498 1.75506 0.626045 0.359273
0.306 1.70263 0.632968 0.35205
0.311397 1.7404 0.633959 0.341358
0.321164 1.79756 0.638135 0.341358
0.322132 1.7956 0.636543 0.341358
0.316126 1.74986 0.640723 0.341358
0.314431 1.74714 0.637661 0.341358
0.300352 1.67494 0.642361 0.322755
0.307435 1.70266 0.633418 0.33272
0.31407 1.74178 0.642974 0.312116
0.293984 1.63875 0.624825 0.321538
0.297928 1.65161 0.63011 0.319282
0.298369 1.66658 0.63419 0.30111
0.301191 1.68191 0.622281 0.312693
0.287497 1.57086 0.630402 0.312693
0.289378 1.6078 0.631887 0.311601
0.289043 1.59313 0.631843 0.294056
0.280394 1.5621 0.623902 0.304146
0.286897 1.6044 0.621859 0.304146
0.282023 1.58424 0.630306 0.304146
0.290146 1.62132 0.635564 0.304146
0.292428 1.65772 0.640492 0.302826
0.283879 1.5995 0.638123 0.303678
0.295978 1.68231 0.645549 0.302371
0.298652 1.69883 0.644025 0.286041
0.299411 1.67629 0.635179 0.293944
0.285545 1.61959 0.633778 0.293944
0.291825 1.62397 0.64192 0.293944
0.298805 1.69315 0.640801 0.293944
0.308877 1.74432 0.647758 0.293944
0.315436 1.78057 0.650988 0.295831
0.307785 1.73167 0.651239 0.295222
0.300969 1.6942 0.651033 0.297059
0.299236 1.66575 0.653971 0.297059
0.318264 1.80728 0.659858 0.297059
0.306006 1.70512 0.664688 0.297059
0.302219 1.70332 0.660824 0.297059
0.306869 1.71917 0.659502 0.297059
0.299634 1.67888 0.663681 0.297059
0.297912 1.67993 0.66774 0.279902
0.307886 1.74565 0.653607 0.286873
0.303621 1.72391 0.659501 0.286312
0.297347 1.67124 0.660125 0.286312
0.290595 1.62417 0.66175 0.286312
0.292747 1.66266 0.657887 0.286312
0.299791 1.68899 0.664267 0.288267
0.309488 1.77167 0.665444 0.285754
0.305039 1.7576 0.666391 0.287704
0.312176 1.76992 0.667941 0.274814
0.301115 1.69347 0.66094 0.283208
0.315153 1.79371 0.661208 0.286369
0.316165 1.81423 0.664199 0.286369
0.317517 1.81495 0.667292 0.289308
0.327249 1.87065 0.665897 0.289308