0.911507
0.869906
0.869906
0.874793
0.874793
0.874793
0.874793
0.874793
0.882023
0.882023
0.836353
0.822336
0.766026
0.752819
0.752819
0.752819
0.752819
0.740578
0.734457
0.722216
0.715559
0.704392
0.740019
0.740019
0.740019
0.740019
0.740019
0.740019
0.740019
0.72623
0.752615
0.737954
0.792651
0.792651
0.829389
0.830849
0.825291
0.814176
0.7902
0.7902
0.766783
0.766783
0.766783
0.766783
0.756304
0.745819
0.73533
0.730083
0.730083
0.724836
0.718719
0.712602
0.706486
0.695297
0.71614
0.704749
0.695295
0.690114
0.680895
0.669922
0.664071
0.653231
0.653231
0.653231
0.653231
0.653231
0.64824
0.64824
0.638255
0.633261
0.623269
0.623269
0.623269
0.623269
0.621688
0.611579
0.609812
0.609812
0.609812
0.609812
0.608751
0.598246
0.592856
0.592856
0.625241
0.625241
0.619942
0.609345
0.643473
0.627312
0.650633
0.638797
0.579625
0.571121
0.560345
0.58722
0.58722
0.581573
0.556461
0.539801
0.561515
0.565681
0.598512
0.598512
0.628193
0.616226
0.610184
0.563657
0.558161
0.561248
0.561248
0.569929
0.569929
0.578707
0.59206
0.59206
0.59206
0.624469
0.619653
0.619653
0.624469
0.624469
0.564008
0.564008
0.535772
0.547161
0.547161
0.541657
0.541657
0.541657
0.541657
0.541657
0.541657
0.541657
0.541657
0.541657
0.541657
0.530816
0.525361
0.514678
0.514678
0.514678
0.514678
0.517117
0.517117
0.519409
0.527303
0.527303
0.535279
0.529412
0.527445
0.550067
0.548344
0.553642
0.564238
0.520774
0.509132
0.505814
0.513356
0.508347
0.51594
0.51594
0.51594
0.51594
0.523609
0.531356
0.535259
0.553449
0.557654
0.557654
0.553449
0.553449
0.545106
0.538737
0.532365
0.525991
0.519614
0.513233
0.50685
0.500464
0.487684
0.481289
0.481289
0.481289
0.481289
0.468492
0.462088
0.449273
0.449273
0.449273
0.449273
0.449273
0.449273
0.449273
0.449273
0.449273
0.449273
0.431859
0.422394
0.401447
0.401447
0.401447
0.401447
0.401447
0.401447
0.401447
0.406601
0.404994
0.401819
0.39956
0.401116
0.387969
0.387969
0.387969
0.387969
0.401043
0.407578
0.420644
0.420644
0.414111
0.414111
0.419904
0.425835
0.431583
0.434792
0.44271
0.44271
0.444783
0.448166
0.450302
0.465237
0.453392
0.474984
0.477321
0.477321
0.479682
0.486494
0.500107
0.506908
0.511398
0.515498
0.495188
0.502981
0.513705
0.513705
0.513705
0.513705
0.509707
0.487784
0.502979
0.517449
0.520154
0.514926
0.501848
0.498758
0.486388
0.509699
0.513655
0.509699
0.494078
0.467143
0.485307
0.485307
0.492995
0.506679
0.543793
0.543793
0.571746
0.576515
0.590407
0.522805
0.51434
0.540316
0.544732
0.544732
0.544732
0.544732
0.544732
0.544732
0.544732
0.544732
0.544732
0.544732
0.544732
0.544732
0.544732
0.544732
0.557112
0.575487
0.587998
0.587998
0.587998
0.587998
0.587998
0.587998
0.587998
0.587998
0.587998
0.587998
0.587998
0.587998
0.587998
0.587998
0.587998
0.587998
0.543238
0.547639
0.547639
0.559291
0.619274
0.631785
0.626697
0.625204
0.625204
0.625204
0.625204
0.620189
0.625204
0.625204
0.625204
0.625204
0.625204
0.620189
0.620189
0.620189
0.625204
0.625204
0.625204
0.625204
0.625204
0.625204
0.625204
0.620189
0.610252
0.600436
0.625204
0.625204
0.625204
0.625204
0.620189
0.610252
0.616385
0.622518
0.628652
0.628652
0.628652
0.628652
0.628652
0.628652
0.628652
0.62482
0.627093
0.623316
0.623316
0.623316
0.623316
0.603996
0.594508
0.575864
0.627727
0.607495
0.577927
0.555394
0.543918
0.543918
0.530321
0.541356
0.601097
0.570002
0.560988
0.549114
0.549114
0.513833
0.529473
0.561742
0.545439
0.521613
0.521613
0.521613
0.521613
0.513833
0.506132
0.49851
0.555878
0.550135
0.525387
0.540444
0.540444
0.540444
0.517968
0.503345
0.456887
0.47683
0.47683
0.452316
0.504409
0.497694
0.484442
0.484442
0.455933
0.46816
0.455933
0.437971
0.426241
0.50437
0.525085
0.531937
0.517459
0.490689
0.478472
0.491271
0.484844
0.451113
0.531032
0.504293
0.517897
0.490689
0.484039
0.470915
0.464439
0.459681
0.465891
0.459681
0.42234
0.433711
0.412914
0.395688
0.410984
0.476724
0.457614
0.454077
0.454077
0.454077
0.454077
0.442925
0.426513
0.415778
0.483345
0.471342
0.471342
0.463545
0.461692
0.454065
0.446557
0.423877
0.427611
0.404975
0.396156
0.410422
0.396156
0.424983
0.410422
0.410422
0.410422
0.410422
0.410422
0.410422
0.410422
0.406271
0.405541
0.379687
0.392744
0.392744
0.371716
0.382014
0.382859
0.38053
0.38053
0.38053
0.360516
0.370436
0.371196
0.36903
0.36903
0.36903
0.350243
0.361553
0.361553
0.361553
0.363156
0.362141
0.363673
0.363673
0.363673
0.363673
0.363673
0.343592
0.354373
0.353428
0.348899
0.347976
0.347976
0.347976
0.347976
0.350622
0.329066
0.345032
0.349204
0.347452
0.351588
0.351588
0.355022
0.355022
