0.957504 25.6951 20.084 18.797 13.084 0.462 5.282 13.706 4.954
0.935499 26.0186 19.569 18.827 12.903 0.438 5.017 13.688 5.011
0.925266 26.7752 18.552 18.758 12.022 0.415 4.929 13.653 4.962
0.956284 26.1746 19.439 18.728 12.89 0.453 4.895 13.628 4.96
0.956044 26.165 19.382 18.774 12.914 0.423 4.864 13.655 4.986
0.944504 26.7946 19.394 17.89 12.87 0.424 4.909 12.746 5.012
0.881333 26.0919 19.58 18.707 13.065 0.416 4.897 13.677 4.904
0.829367 26.1472 19.547 18.656 12.914 0.416 4.988 13.589 4.934
0.8564 26.2529 19.368 18.687 12.905 0.423 4.889 13.662 4.895
0.833777 25.9902 19.526 18.905 12.873 0.438 5.049 13.768 4.971
0.81637 26.2943 19.351 18.636 12.93 0.415 4.848 13.593 4.911
0.795754 26.1952 19.369 18.769 12.923 0.433 4.844 13.684 4.95
0.834755 26.2591 19.318 18.729 12.894 0.417 4.88 13.686 4.909
0.787384 26.2688 19.281 18.746 12.889 0.417 4.867 13.65 4.96
0.743691 26.2674 19.316 18.7 12.904 0.416 4.86 13.639 4.93
0.783617 26.2075 19.33 18.751 12.888 0.416 4.859 13.739 4.874
0.800094 26.3089 19.267 18.685 12.863 0.417 4.873 13.628 4.919
0.815354 26.2916 19.288 18.701 12.882 0.416 4.877 13.634 4.93
0.800094 26.1684 19.229 18.946 12.936 0.414 4.78 13.855 4.945
0.856036 26.2151 19.525 18.586 12.748 0.435 5.16 13.547 4.912
0.88078 26.5013 19.074 18.618 12.817 0.414 4.788 13.6 4.891
0.834914 25.1819 20.695 18.976 13.743 0.429 5.364 13.647 5.166
0.818881 26.3317 19.3 18.637 12.951 0.417 4.814 13.639 4.86
0.743188 26.3852 19.34 18.516 12.914 0.424 4.879 13.571 4.805
0.715412 26.3248 19.293 18.642 12.942 0.419 4.837 13.658 4.816
0.778191 26.1219 19.751 18.486 13.356 0.427 4.818 13.554 4.784
0.773114 26.2729 19.516 18.502 13.099 0.424 4.811 13.56 4.805
0.804648 26.432 19.259 18.525 12.914 0.427 4.85 13.591 4.794
0.805946 26.5894 19.201 18.366 12.916 0.417 4.799 13.48 4.749
0.816055 26.5386 19.171 18.467 12.886 0.427 4.82 13.55 4.773
0.839695 26.5604 19.149 18.454 12.876 0.427 4.801 13.535 4.782
0.837239 26.559 19.17 18.442 12.916 0.416 4.797 13.542 4.771
0.813054 26.5752 19.142 18.429 12.92 0.45 4.739 13.503 4.78
0.81954 26.5908 19.182 18.388 12.955 0.414 4.779 13.479 4.775
0.837889 26.5957 19.145 18.404 12.918 0.417 4.745 13.536 4.732
0.78307 26.5597 19.152 18.455 12.875 0.417 4.799 13.566 4.739
0.809917 26.6319 19.074 18.427 12.915 0.416 4.716 13.54 4.754
0.791031 26.5365 19.177 18.465 12.889 0.424 4.839 13.595 4.741
0.895152 26.6071 19.122 18.411 12.871 0.419 4.764 13.5 4.771
0.862799 26.6909 19.044 18.387 12.855 0.424 4.774 13.499 4.758
0.79501 26.4417 19.388 18.383 12.914 0.417 5.033 13.516 4.729
0.737921 26.7566 19.014 18.315 12.889 0.44 4.682 13.459 4.715
0.769716 26.6468 19.069 18.415 12.887 0.441 4.736 13.486 4.784
0.778135 26.6688 19.133 18.302 12.968 0.423 4.744 13.441 4.72
0.693816 26.7065 19.078 18.316 12.875 0.415 4.753 13.479 4.707
0.791288 26.7394 19.047 18.302 12.905 0.415 4.709 13.45 4.706
0.812124 27.2665 19.112 17.52 12.87 0.423 4.828 12.644 4.738
0.816359 26.7322 19.08 18.284 12.937 0.417 4.736 13.421 4.731
0.787723 26.824 18.959 18.278 12.857 0.446 4.653 13.425 4.72
0.819672 26.4711 19.14 18.548 12.951 0.414 4.779 13.607 4.801
0.831713 27.3748 18.143 18.337 12.03 0.413 4.711 13.452 4.736
0.834059 26.8334 18.987 18.24 12.88 0.411 4.694 13.395 4.715
0.867169 26.7652 19.018 18.296 12.947 0.414 4.68 13.432 4.701
0.868349 27.3643 19.008 17.5 12.874 0.415 4.712 12.559 4.799
0.898305 26.7001 19.106 18.309 12.975 0.42 4.688 13.484 4.703
0.870341 26.7809 18.991 18.302 12.899 0.412 4.695 13.463 4.703
0.82681 26.837 18.989 18.235 12.891 0.414 4.707 13.42 4.685
0.883985 26.796 18.928 18.349 12.863 0.416 4.677 13.464 4.751
0.862208 26.819 18.947 18.299 12.828 0.422 4.693 13.439 4.716
0.847587 26.8723 18.881 18.288 12.869 0.413 4.638 13.443 4.705
0.893805 26.8269 18.979 18.248 12.875 0.417 4.712 13.434 4.678
0.846419 26.8068 18.967 18.296 12.948 0.414 4.658 13.456 4.705
0.849101 26.4361 19.23 18.549 12.952 0.415 4.804 13.705 4.7
0.877597 26.8658 18.918 18.264 12.912 0.411 4.648 13.461 4.674
0.873874 26.693 19.039 18.38 12.921 0.416 4.735 13.532 4.711
0.842957 26.8262 18.943 18.272 12.938 0.414 4.651 13.414 4.726
0.809378 26.7824 19.008 18.287 12.911 0.413 4.695 13.469 4.694
0.821144 26.8298 18.914 18.318 12.901 0.413 4.677 13.469 4.717
0.773987 26.8125 18.977 18.273 12.9 0.414 4.717 13.449 4.695
0.812511 26.8284 18.909 18.318 12.89 0.451 4.65 13.465 4.723
0.755073 26.708 19.023 18.38 12.999 0.416 4.689 13.437 4.809
0.71273 26.8601 18.919 18.255 12.939 0.412 4.65 13.425 4.69
0.71273 26.8097 18.917 18.338 12.894 0.415 4.67 13.48 4.728
0.766534 26.944 18.892 18.183 12.894 0.414 4.64 13.385 4.674
0.766534 26.773 18.983 18.276 12.9 0.415 4.73 13.449 4.699
0.751355 26.796 18.967 18.302 12.914 0.415 4.701 13.493 4.678
0.795118 26.7895 18.94 18.345 12.905 0.416 4.687 13.497 4.714
0.826275 26.9099 18.934 18.184 12.898 0.45 4.661 13.418 4.64
0.883382 26.7673 18.927 18.307 12.946 0.415 4.657 13.439 4.721
0.923385 26.7201 19.04 18.346 12.923 0.418 4.744 13.528 4.685
0.926252 26.8745 18.887 18.28 12.844 0.413 4.713 13.486 4.664
0.838461 27.5733 18.941 17.285 12.9 0.415 4.681 12.516 4.64
0.871954 26.9418 18.834 18.222 12.855 0.414 4.63 13.426 4.667
0.851165 26.9353 18.839 18.244 12.886 0.426 4.63 13.453 4.661
0.754942 26.8269 18.948 18.291 12.935 0.414 4.649 13.428 4.685
0.766484 27.2316 18.435 18.242 12.418 0.421 4.606 13.454 4.652
0.747593 26.832 19.009 18.221 13.037 0.422 4.637 13.458 4.634
0.789474 27.3838 18.13 18.336 12.083 0.416 4.709 13.519 4.681
0.800389 26.9847 18.873 18.142 12.932 0.415 4.633 13.353 4.656
0.780372 26.9418 18.917 18.157 12.937 0.448 4.628 13.398 4.623
0.780372 27.5247 18.859 17.422 12.915 0.437 4.608 12.592 4.658
0.782161 26.8291 18.946 18.274 12.967 0.416 4.657 13.431 4.674
0.782161 26.9455 18.846 18.224 12.87 0.42 4.619 13.454 4.64
0.82038 26.9855 18.85 18.162 12.927 0.415 4.614 13.39 4.626
0.7603 27.0037 18.864 18.127 12.9 0.419 4.653 13.37 4.63
0.699036 26.8334 18.959 18.252 12.963 0.455 4.65 13.437 4.672
0.825243 26.8608 18.907 18.281 12.956 0.417 4.636 13.425 4.714
0.853791 26.9694 18.809 18.228 12.879 0.416 4.628 13.456 4.642
0.804598 26.9767 18.842 18.173 12.898 0.412 4.648 13.378 4.655
0.786629 26.976 18.864 18.164 12.922 0.444 4.615 13.389 4.644
0.809152 26.9629 18.862 18.177 12.95 0.414 4.606 13.385 4.66
0.787724 27.038 18.786 18.156 12.9 0.412 4.594 13.419 4.605
0.839668 26.8918 18.852 18.289 12.892 0.426 4.644 13.48 4.675
0.858939 27.0358 18.796 18.151 12.9 0.439 4.584 13.392 4.626
0.855835 27.0431 18.78 18.157 12.934 0.412 4.568 13.372 4.65
0.780581 26.9906 18.831 18.171 12.941 0.416 4.605 13.384 4.655
0.854653 26.9884 18.814 18.195 12.902 0.414 4.628 13.439 4.627
0.838308 27.0066 18.785 18.195 12.909 0.412 4.592 13.415 4.644
0.834532 26.9978 18.818 18.176 12.902 0.421 4.581 13.387 4.649
0.849383 27.0893 18.768 18.094 12.901 0.42 4.569 13.334 4.624
0.808889 27.0307 18.789 18.163 12.888 0.423 4.61 13.368 4.664
0.771526 27.0124 18.814 18.164 12.918 0.413 4.58 13.416 4.615
0.708019 26.9578 18.87 18.179 12.905 0.421 4.649 13.455 4.589
0.661174 27.0548 18.826 18.092 12.921 0.414 4.583 13.35 4.61
0.727686 26.968 18.849 18.188 12.914 0.416 4.616 13.419 4.645
0.801047 27.049 18.799 18.128 12.938 0.414 4.579 13.376 4.613
0.856464 27.0278 18.796 18.155 12.909 0.421 4.594 13.363 4.663
0.892962 26.9092 18.732 18.381 12.851 0.419 4.587 13.411 4.826
0.85187 27.0212 18.806 18.128 12.928 0.417 4.566 13.382 4.615
0.809877 26.8543 18.88 18.275 12.902 0.42 4.658 13.467 4.675
0.82963 27.0387 18.81 18.125 12.906 0.423 4.582 13.377 4.62
0.845269 27.0438 18.802 18.134 12.944 0.411 4.58 13.351 4.649
0.86712 26.9564 18.825 18.232 12.908 0.417 4.624 13.456 4.639
0.865751 27.0139 18.768 18.175 12.891 0.414 4.579 13.399 4.641
0.823467 27.0373 18.823 18.113 12.91 0.415 4.592 13.385 4.598
0.803383 27.0548 18.742 18.166 12.867 0.416 4.6 13.391 4.645
0.803383 26.9237 18.839 18.245 12.931 0.417 4.615 13.444 4.671
0.783298 27.0219 18.791 18.168 12.918 0.413 4.585 13.416 4.604
0.80115 27.0621 18.813 18.098 12.902 0.414 4.623 13.356 4.611
0.799557 26.9971 18.796 18.202 12.911 0.455 4.573 13.412 4.654
0.758029 27.6955 18.841 17.222 12.967 0.414 4.607 12.467 4.621
0.737542 27.0212 18.793 18.132 12.958 0.422 4.563 13.384 4.615
0.820598 27.0497 18.77 18.157 12.848 0.425 4.606 13.365 4.664
0.865242 27.0175 18.75 18.225 12.859 0.419 4.614 13.47 4.622
0.89011 27.7801 18.759 17.194 12.908 0.43 4.565 12.489 4.582
0.930506 27.1091 18.762 18.082 12.915 0.421 4.571 13.361 4.583
0.862069 27.0168 18.729 18.241 12.932 0.422 4.51 13.455 4.648
0.906152 27.09 18.77 18.092 12.935 0.416 4.583 13.35 4.608
0.927711 27.038 18.778 18.167 12.882 0.42 4.635 13.409 4.624
0.819507 27.1503 18.71 18.079 12.896 0.443 4.531 13.345 4.597
0.83808 27.7585 17.888 18.086 11.996 0.427 4.608 13.358 4.592
0.83908 27.0841 18.747 18.132 12.873 0.457 4.566 13.357 4.639
0.798213 27.1555 18.673 18.112 12.879 0.425 4.542 13.373 4.609
0.79906 27.8358 18.736 17.143 12.931 0.419 4.548 12.416 4.593
0.815348 27.0841 18.747 18.134 12.934 0.42 4.548 13.425 4.581
0.767756 26.9063 18.838 18.282 12.967 0.42 4.522 13.533 4.574
0.851105 27.1047 18.743 18.113 12.933 0.415 4.571 13.409 4.575
0.899408 27.1776 18.677 18.069 12.924 0.412 4.516 13.368 4.564
0.901267 27.0146 18.698 18.268 12.884 0.421 4.561 13.534 4.564
0.858016 26.7824 19.194 18.101 13.34 0.423 4.565 13.373 4.593
0.88062 27.0205 18.853 18.115 13.015 0.447 4.55 13.394 4.589
0.902377 27.2116 18.683 18.018 12.903 0.415 4.519 13.324 4.562
0.837315 27.1319 18.723 18.093 12.929 0.423 4.543 13.336 4.59
0.860665 27.1407 18.765 18.035 12.911 0.413 4.561 13.353 4.552
0.836316 27.0937 18.722 18.138 12.883 0.426 4.565 13.437 4.569
0.88062 27.1665 18.69 18.069 12.893 0.421 4.548 13.362 4.575
0.901267 27.1437 18.737 18.051 12.892 0.422 4.573 13.351 4.572
0.783133 27.1687 18.685 18.079 12.834 0.425 4.601 13.351 4.604
0.802741 27.1636 18.723 18.048 12.885 0.421 4.58 13.342 4.574
0.821629 27.1297 18.679 18.14 12.86 0.454 4.536 13.387 4.619
0.715319 27.0548 18.742 18.169 12.88 0.421 4.57 13.399 4.632
0.672584 27.171 18.704 18.059 12.917 0.412 4.532 13.353 4.573
0.655823 27.1724 18.711 18.048 12.878 0.418 4.54 13.301 4.575
0.597569 27.0724 18.72 18.17 12.87 0.425 4.599 13.436 4.608
0.613807 26.6035 19.449 18.095 13.61 0.45 4.55 13.359 4.605
0.59492 27.0966 18.73 18.126 12.911 0.412 4.573 13.36 4.631
0.576034 27.1231 18.736 18.09 12.93 0.413 4.569 13.392 4.571
0.571992 27.1791 18.681 18.047 12.895 0.411 4.546 13.331 4.579
0.602253 27.1319 18.757 18.055 12.912 0.415 4.589 13.352 4.572
0.661451 27.1628 18.729 18.042 12.944 0.417 4.539 13.327 4.584
0.661451 27.2079 18.673 18.044 12.908 0.413 4.525 13.3 4.585
0.678426 27.2287 18.656 18.006 12.861 0.42 4.524 13.294 4.581
0.672673 27.1806 18.707 18.041 12.891 0.417 4.546 13.388 4.529
0.652174 27.3403 18.56 17.971 12.803 0.411 4.531 13.327 4.518
0.699963 27.1017 18.679 18.177 12.847 0.414 4.556 13.489 4.557
0.747774 26.9251 18.647 18.449 12.888 0.445 4.5 13.694 4.626
0.753623 26.9593 18.841 18.207 12.995 0.415 4.616 13.448 4.626
0.795252 26.832 18.938 18.291 13.068 0.412 4.624 13.536 4.629
0.770686 26.8622 18.933 18.253 13.061 0.418 4.636 13.494 4.631
0.770686 26.9157 18.896 18.214 13.082 0.413 4.583 13.441 4.644
0.842342 26.8492 18.927 18.258 13.03 0.413 4.646 13.502 4.622
0.844329 26.944 18.865 18.203 13.043 0.41 4.568 13.452 4.623
0.803811 26.683 19.066 18.363 13.087 0.415 4.75 13.564 4.674
0.758218 26.8248 18.9 18.335 13.074 0.413 4.603 13.558 4.644
0.753623 26.683 19.046 18.361 13.002 0.419 4.805 13.548 4.67
0.708379 26.8629 18.892 18.289 13.047 0.413 4.622 13.492 4.664
0.768018 26.8521 18.877 18.319 13.007 0.417 4.648 13.549 4.639
0.835294 26.85 18.939 18.261 13.085 0.416 4.616 13.511 4.618
0.765957 26.9339 18.84 18.246 13.049 0.417 4.571 13.495 4.622
0.763441 26.881 18.871 18.283 13.026 0.419 4.609 13.548 4.602
0.785014 26.832 18.933 18.291 13.05 0.416 4.65 13.521 4.642
0.78254 26.9498 18.851 18.211 13.092 0.414 4.541 13.444 4.636
0.861111 26.8348 18.969 18.246 13.074 0.427 4.605 13.544 4.579
0.888889 26.9353 18.862 18.221 13.055 0.419 4.566 13.479 4.599
0.772719 26.7065 18.949 18.449 13.063 0.418 4.638 13.698 4.623
0.863014 26.9157 18.88 18.232 13.111 0.416 4.546 13.473 4.616
0.758606 26.8334 18.909 18.316 13.068 0.415 4.622 13.551 4.638
0.682353 26.9745 18.848 18.184 13.055 0.442 4.555 13.458 4.597
0.680672 26.9397 18.807 18.269 13.049 0.415 4.555 13.471 4.659
0.639304 26.9869 18.827 18.171 13.026 0.412 4.586 13.47 4.584
0.676617 26.9375 18.81 18.272 13.002 0.415 4.575 13.507 4.638
0.748739 26.902 18.886 18.245 13.047 0.439 4.6 13.509 4.607
0.755814 26.9549 18.828 18.226 13.071 0.414 4.547 13.459 4.634
0.806559 26.6581 18.85 18.626 13.027 0.416 4.597 13.623 4.851
0.776471 26.4222 19.464 18.337 13.322 0.441 4.858 13.595 4.608
0.752941 26.8911 18.896 18.227 13.058 0.414 4.587 13.537 4.566
0.684254 26.9498 18.83 18.225 13.045 0.419 4.565 13.524 4.575
0.650692 26.9426 18.831 18.239 13.045 0.415 4.581 13.471 4.64
0.709544 26.952 18.825 18.24 13.018 0.416 4.596 13.5 4.613
0.692308 26.9433 18.845 18.226 13.024 0.416 4.581 13.518 4.582
0.702368 26.8543 18.997 18.196 13.15 0.431 4.604 13.492 4.577
0.713012 26.8962 18.894 18.245 13.1 0.416 4.585 13.511 4.604
0.647059 26.8593 18.885 18.307 13.056 0.423 4.588 13.553 4.632
0.713012 26.2323 19.808 18.273 13.79 0.424 4.693 13.553 4.588
0.776408 26.9782 18.837 18.173 13.027 0.421 4.573 13.452 4.591
0.831209 26.9092 18.912 18.206 13.049 0.421 4.575 13.48 4.59
0.775401 27.0292 18.801 18.151 13.019 0.42 4.532 13.431 4.59
0.723708 26.9898 18.841 18.169 13.079 0.425 4.531 13.435 4.606
0.648841 26.8976 18.888 18.244 13.036 0.414 4.581 13.537 4.578
0.801248 26.9716 18.833 18.194 13.037 0.422 4.569 13.48 4.582
0.859155 26.9971 18.956 18.04 13.115 0.415 4.574 13.35 4.559
0.837969 27.3351 18.583 17.959 12.83 0.422 4.538 13.295 4.536
0.859155 27.3358 18.565 17.941 12.838 0.424 4.502 13.311 4.498
0.804457 27.3172 18.566 17.984 12.853 0.423 4.504 13.317 4.524
0.661017 27.3008 18.598 17.991 12.87 0.423 4.502 13.321 4.535
0.726402 27.3913 18.513 17.952 12.829 0.422 4.456 13.298 4.525
0.767045 27.3935 18.57 17.895 12.873 0.449 4.45 13.236 4.527
0.795455 27.3112 18.655 17.919 12.919 0.451 4.489 13.281 4.508
0.768939 27.4205 18.538 17.887 12.837 0.452 4.448 13.26 4.498
0.719495 27.4251 18.554 17.86 12.863 0.457 4.437 13.228 4.499
0.693458 27.2993 18.599 17.946 12.887 0.423 4.486 13.31 4.509
0.690341 27.3703 18.531 17.963 12.858 0.413 4.476 13.316 4.516
0.664773 27.3403 18.552 17.984 12.854 0.429 4.494 13.323 4.535
0.640152 27.4296 18.505 17.909 12.849 0.419 4.455 13.28 4.503
0.715909 27.2956 18.606 17.987 12.861 0.422 4.502 13.306 4.542
0.792614 27.2851 18.576 18.029 12.837 0.425 4.5 13.334 4.558
0.850467 28.0151 17.599 18.051 11.896 0.427 4.49 13.373 4.523
0.875 27.3052 18.613 17.968 12.836 0.422 4.496 13.291 4.539
0.846774 27.3515 18.529 17.984 12.8 0.426 4.525 13.308 4.504
0.790323 28.1952 17.569 17.855 11.878 0.42 4.48 13.228 4.495
0.762097 27.2814 18.586 18.012 12.851 0.422 4.495 13.315 4.571
0.715909 27.371 18.577 17.913 12.871 0.42 4.506 13.303 4.484
0.733871 27.3127 18.581 17.986 12.846 0.421 4.515 13.351 4.505
0.762097 27.4401 18.506 17.895 12.83 0.419 4.476 13.303 4.459
0.789315 27.392 18.513 17.946 12.807 0.427 4.489 13.331 4.485
0.873118 27.3905 18.558 17.911 12.832 0.419 4.508 13.302 4.482
0.818548 27.4808 18.477 17.865 12.827 0.416 4.454 13.285 4.452
0.789315 27.4348 18.544 17.856 12.849 0.422 4.47 13.223 4.501
0.813658 27.4085 18.555 17.886 12.822 0.421 4.524 13.275 4.482
0.758218 27.4236 18.527 17.891 12.821 0.418 4.51 13.264 4.491
0.696774 27.4326 18.525 17.882 12.814 0.418 4.469 13.245 4.5
0.643011 27.3853 18.54 17.929 12.824 0.422 4.489 13.29 4.509
0.670968 27.4725 18.507 17.85 12.801 0.421 4.505 13.221 4.499
0.754839 27.404 18.57 17.86 12.824 0.421 4.535 13.266 4.47
0.783871 27.4348 18.473 17.943 12.811 0.426 4.471 13.284 4.53
0.812903 27.4771 18.498 17.855 12.843 0.42 4.458 13.263 4.465
0.782796 27.4567 18.514 17.861 12.838 0.418 4.461 13.249 4.482
0.78579 27.3605 18.565 17.94 12.844 0.428 4.48 13.31 4.496
0.782796 27.3965 18.471 17.944 12.81 0.423 4.458 13.324 4.493
0.752688 27.413 18.511 17.909 12.804 0.422 4.502 13.303 4.478
0.725806 27.416 18.476 17.956 12.801 0.419 4.473 13.324 4.499
0.670968 27.3838 18.564 17.903 12.858 0.423 4.503 13.301 4.475
0.670968 27.4213 18.493 17.933 12.836 0.424 4.455 13.313 4.493
0.61828 27.4582 18.484 17.892 12.837 0.424 4.451 13.272 4.493
0.638889 27.4228 18.489 17.898 12.819 0.42 4.468 13.271 4.492
0.693333 27.4379 18.504 17.896 12.83 0.418 4.451 13.274 4.492
0.693333 27.5096 18.479 17.827 12.833 0.421 4.42 13.219 4.477
0.693333 27.4635 18.469 17.898 12.818 0.422 4.451 13.295 4.469
0.72 27.3703 18.568 17.925 12.847 0.427 4.531 13.301 4.495
0.697368 27.5149 18.499 17.799 12.818 0.42 4.446 13.201 4.464
0.72 27.4605 18.481 17.89 12.833 0.421 4.456 13.26 4.5
0.69 27.465 18.496 17.868 12.842 0.421 4.455 13.281 4.457
0.69 27.3456 18.586 17.942 12.866 0.435 4.507 13.31 4.501
0.69 27.4929 18.451 17.846 12.807 0.422 4.44 13.254 4.462
0.72 27.5126 18.439 17.864 12.827 0.42 4.416 13.254 4.48
0.72 27.4311 18.507 17.879 12.828 0.416 4.464 13.288 4.462
0.75 27.5096 18.409 17.901 12.78 0.411 4.433 13.334 4.441
0.808889 26.5125 19.719 17.955 13.976 0.417 4.485 13.338 4.48
0.812808 27.3381 18.707 17.829 13.069 0.415 4.419 13.242 4.458
0.84 27.4401 18.525 17.878 12.832 0.414 4.486 13.273 4.475
0.865636 27.471 18.494 17.868 12.858 0.415 4.44 13.264 4.468
0.837237 27.4695 18.505 17.854 12.827 0.416 4.474 13.251 4.47
0.834721 27.398 18.463 17.995 12.831 0.413 4.442 13.419 4.446
0.834721 27.4839 18.477 17.863 12.83 0.414 4.454 13.276 4.457
0.803805 27.3613 18.61 17.896 12.972 0.418 4.445 13.315 4.453
0.834721 27.3373 18.56 17.976 12.871 0.419 4.486 13.354 4.49
0.837237 27.4582 18.471 17.905 12.8 0.416 4.481 13.306 4.469
0.867682 27.4929 18.468 17.852 12.844 0.416 4.418 13.217 4.492
0.865636 27.505 18.5 17.821 12.842 0.415 4.436 13.208 4.481
0.89893 27.416 18.526 17.902 12.839 0.415 4.498 13.246 4.517
0.866825 27.4914 18.478 17.85 12.883 0.414 4.414 13.253 4.468
0.866825 27.5573 18.46 17.784 12.805 0.413 4.429 13.197 4.452
0.803805 27.4755 18.457 17.896 12.785 0.416 4.448 13.225 4.532
0.803805 27.5383 18.451 17.823 12.805 0.412 4.461 13.215 4.475
0.803805 27.419 18.465 17.947 12.813 0.414 4.448 13.308 4.505
0.834721 27.4823 18.469 17.874 12.835 0.417 4.437 13.276 4.467
0.834721 27.462 18.473 17.9 12.832 0.415 4.455 13.308 4.463
0.834721 27.5854 18.385 17.823 12.757 0.416 4.423 13.196 4.49
0.805734 27.3329 18.584 17.957 12.858 0.431 4.479 13.306 4.479
0.806792 27.4484 18.447 17.937 12.809 0.414 4.423 13.253 4.547
0.803805 27.4672 18.498 17.866 12.849 0.416 4.475 13.233 4.504
0.802616 27.4205 18.489 17.935 12.796 0.463 4.464 13.282 4.515
0.770511 27.527 18.416 17.862 12.773 0.425 4.465 13.232 4.502
0.741974 27.4153 18.503 17.904 12.851 0.425 4.462 13.285 4.488
0.829082 27.5672 18.406 17.83 12.808 0.415 4.43 13.268 4.433
0.768989 27.4839 18.459 17.878 12.805 0.418 4.454 13.27 4.476
0.829082 27.4559 18.457 17.892 12.817 0.418 4.468 13.27 4.478
0.717073 27.5748 18.402 17.825 12.775 0.442 4.43 13.236 4.461
0.826531 27.4695 18.476 17.861 12.818 0.415 4.472 13.243 4.476
0.768844 27.5012 18.432 17.85 12.826 0.417 4.422 13.282 4.438
0.765306 27.53 18.433 17.847 12.818 0.417 4.428 13.262 4.453
0.734694 27.4499 18.518 17.876 12.833 0.415 4.461 13.273 4.475
0.704082 27.5459 18.455 17.805 12.872 0.414 4.424 13.216 4.459
0.704082 27.5832 18.43 17.787 12.856 0.416 4.392 13.206 4.443
0.673469 27.4891 18.48 17.844 12.834 0.415 4.429 13.238 4.479
0.704082 27.5626 18.434 17.808 12.83 0.413 4.435 13.219 4.464
0.733418 27.4922 18.471 17.857 12.862 0.414 4.436 13.285 4.444
0.765306 27.502 18.379 17.94 12.756 0.417 4.443 13.349 4.463
0.829082 27.6205 18.363 17.801 12.768 0.415 4.419 13.26 4.417
0.829082 27.5262 18.494 17.793 12.852 0.416 4.411 13.192 4.467
0.864492 27.4574 18.475 17.862 12.823 0.412 4.435 13.247 4.478
0.831764 27.4861 18.472 17.869 12.851 0.418 4.447 13.244 4.476
0.768844 27.4733 18.503 17.852 12.884 0.418 4.434 13.258 4.466
0.762755 27.5012 18.463 17.856 12.825 0.439 4.424 13.252 4.465
0.738693 27.5164 18.41 17.89 12.784 0.416 4.457 13.258 4.496
0.765306 27.4929 18.468 17.863 12.866 0.413 4.417 13.297 4.439
0.737602 27.5581 18.421 17.822 12.817 0.414 4.422 13.26 4.438
0.765306 27.4386 18.486 17.91 12.799 0.43 4.454 13.27 4.507
0.765306 27.5118 18.451 17.838 12.875 0.413 4.4 13.245 4.465
0.765306 27.5277 18.423 17.843 12.81 0.446 4.403 13.214 4.494
0.829082 27.4145 18.525 17.905 12.814 0.414 4.517 13.296 4.482
0.829082 28.1555 17.541 17.936 11.912 0.416 4.454 13.258 4.547
0.895408 27.5096 18.424 17.884 12.828 0.413 4.42 13.297 4.456
0.765306 27.4771 18.461 17.877 12.822 0.419 4.418 13.23 4.518
0.704082 27.4537 18.539 17.838 12.863 0.416 4.497 13.212 4.497
0.589286 27.4635 18.501 17.868 12.888 0.415 4.44 13.264 4.477
0.645408 28.1746 17.518 17.933 11.92 0.416 4.423 13.319 4.482
0.725652 27.5535 18.403 17.85 12.831 0.415 4.411 13.301 4.422
0.790123 28.2032 17.563 17.855 11.978 0.44 4.399 13.25 4.472
0.790123 27.5399 18.392 17.881 12.801 0.419 4.416 13.277 4.473
0.857339 27.5421 18.372 17.892 12.782 0.42 4.434 13.304 4.462
0.796352 26.6731 19.521 17.922 13.831 0.446 4.423 13.298 4.488
0.826028 27.4033 18.642 17.802 13.017 0.448 4.409 13.229 4.443
0.823045 27.5399 18.461 17.8 12.797 0.416 4.477 13.199 4.465
0.823045 27.4296 18.487 17.93 12.847 0.417 4.46 13.326 4.473
0.793522 27.4778 18.464 17.888 12.826 0.414 4.465 13.292 4.457
0.825911 27.4786 18.505 17.81 12.87 0.415 4.427 13.233 4.445
0.825911 28.2622 17.586 17.759 11.98 0.415 4.415 13.182 4.448
0.792032 27.4635 18.443 17.925 12.81 0.42 4.46 13.326 4.472
0.820302 27.4236 18.513 17.913 12.869 0.417 4.464 13.282 4.499
0.784636 28.1603 18.484 16.976 12.847 0.414 4.445 12.393 4.454
0.760972 27.4552 18.44 17.938 12.804 0.415 4.421 13.296 4.509
0.760972 27.5224 18.401 17.9 12.806 0.422 4.424 13.309 4.459
0.790123 27.4688 18.479 17.87 12.841 0.414 4.45 13.268 4.477
0.757202 27.4048 18.515 17.928 12.845 0.417 4.423 13.278 4.516
0.725652 27.4326 18.537 17.872 12.925 0.416 4.45 13.242 4.488
0.694102 27.5171 18.421 17.877 12.817 0.419 4.401 13.264 4.482
0.694102 27.5832 18.44 17.767 12.832 0.416 4.426 13.19 4.434
0.757202 27.4884 18.449 17.884 12.835 0.417 4.442 13.28 4.467
0.757202 27.4688 18.476 17.891 12.846 0.417 4.445 13.302 4.466
0.702648 27.5111 18.441 17.863 12.799 0.414 4.428 13.223 4.49
0.820513 27.6022 18.427 17.753 12.871 0.415 4.392 13.178 4.441
0.820513 27.508 18.484 17.821 12.821 0.462 4.425 13.235 4.454
0.786325 27.4891 18.478 17.855 12.866 0.419 4.437 13.255 4.473
0.819088 27.5984 18.386 17.804 12.803 0.417 4.413 13.238 4.437
0.783476 27.5338 18.432 17.844 12.816 0.412 4.442 13.27 4.448
0.752274 27.5073 18.441 17.861 12.849 0.416 4.415 13.29 4.445
0.755961 27.4492 18.441 17.935 12.772 0.418 4.45 13.273 4.521
0.726301 27.6152 18.381 17.785 12.822 0.417 4.399 13.229 4.426
0.72428 27.4846 18.519 17.82 12.887 0.42 4.437 13.222 4.468
0.689459 27.5323 18.476 17.81 12.817 0.428 4.469 13.235 4.443
0.65812 27.574 18.402 17.82 12.817 0.413 4.418 13.256 4.418
0.689459 27.6152 18.396 17.77 12.837 0.413 4.403 13.228 4.415
0.65812 27.5368 18.429 17.836 12.822 0.414 4.419 13.242 4.473
0.688034 27.555 18.418 17.824 12.85 0.416 4.411 13.225 4.473
0.688034 27.5763 18.444 17.774 12.824 0.45 4.395 13.208 4.43
0.655271 27.5558 18.427 17.817 12.814 0.417 4.442 13.235 4.436
0.655271 27.5012 18.468 17.809 12.844 0.43 4.441 13.228 4.452
0.655271 27.5239 18.45 17.826 12.834 0.417 4.442 13.253 4.44
0.688034 27.5908 18.391 17.81 12.811 0.415 4.412 13.221 4.421
0.688034 27.5232 18.43 17.855 12.798 0.416 4.431 13.242 4.482
0.688034 27.6129 18.393 17.775 12.836 0.415 4.41 13.201 4.444
0.689459 27.5991 18.407 17.791 12.795 0.437 4.417 13.232 4.433
0.689459 27.6075 18.404 17.784 12.824 0.413 4.421 13.196 4.466
0.720798 27.6014 18.369 17.822 12.798 0.415 4.409 13.269 4.43
0.688034 27.5733 18.358 17.863 12.795 0.414 4.387 13.241 4.49
0.717949 27.5308 18.438 17.845 12.859 0.415 4.423 13.258 4.463
0.717949 27.6014 18.396 17.791 12.823 0.435 4.384 13.205 4.448
0.720798 27.4093 18.557 17.88 12.946 0.417 4.449 13.244 4.479
0.720798 27.5285 18.439 17.843 12.816 0.414 4.407 13.25 4.463
0.688034 27.6113 18.42 17.75 12.852 0.416 4.402 13.183 4.432
0.717949 27.4869 18.45 17.885 12.831 0.417 4.457 13.271 4.485
0.683761 27.5938 18.387 17.805 12.804 0.438 4.393 13.216 4.445
0.717949 27.6075 18.393 17.785 12.792 0.417 4.445 13.208 4.446
0.717949 27.5338 18.449 17.828 12.854 0.414 4.429 13.254 4.449
0.752137 27.6251 18.362 17.799 12.812 0.414 4.396 13.233 4.447
0.752137 27.5771 18.443 17.778 12.845 0.413 4.413 13.219 4.426
0.752137 27.6388 18.379 17.759 12.837 0.416 4.384 13.19 4.442
0.752137 27.5224 18.46 17.829 12.87 0.448 4.389 13.229 4.463
0.752137 27.4891 18.487 17.844 12.811 0.418 4.486 13.264 4.454
0.747863 27.5459 18.42 17.841 12.834 0.416 4.39 13.263 4.448
0.747863 27.5854 18.417 17.789 12.812 0.417 4.444 13.201 4.459
0.747863 27.5088 18.426 17.883 12.815 0.415 4.446 13.281 4.473
0.683761 27.6274 18.358 17.796 12.801 0.414 4.396 13.239 4.43
0.683761 27.5771 18.401 17.817 12.791 0.419 4.432 13.205 4.449
0.683761 27.2807 18.801 17.813 13.186 0.428 4.403 13.222 4.457
0.688034 27.3815 18.618 17.858 12.96 0.424 4.43 13.254 4.47
0.688034 27.4899 18.457 17.841 12.835 0.414 4.424 13.236 4.473
0.715976 27.5133 18.509 17.785 12.942 0.412 4.397 13.186 4.462
0.715976 27.4861 18.5 17.828 12.891 0.417 4.416 13.24 4.448
0.714497 27.5626 18.424 17.806 12.836 0.415 4.39 13.241 4.432
0.683432 27.6129 18.401 17.759 12.851 0.415 4.393 13.203 4.423
0.715976 27.4846 18.455 17.888 12.813 0.419 4.453 13.321 4.444
0.683432 27.3883 18.554 17.879 12.981 0.415 4.398 13.254 4.437
0.683432 27.574 18.434 17.786 12.806 0.413 4.415 13.218 4.433
0.748521 27.4552 18.454 17.925 12.87 0.417 4.421 13.299 4.493
0.748521 27.5467 18.416 17.838 12.785 0.454 4.434 13.224 4.474
0.748521 27.4982 18.442 17.873 12.833 0.446 4.407 13.288 4.453
0.683432 27.3202 18.599 17.962 12.915 0.417 4.521 13.338 4.494
0.683432 27.4937 18.48 17.851 12.83 0.416 4.474 13.268 4.455
0.683432 27.5923 18.401 17.802 12.823 0.436 4.394 13.266 4.408
0.621302 27.5399 18.412 17.858 12.814 0.417 4.421 13.293 4.435
0.621302 27.5065 18.463 17.844 12.832 0.415 4.411 13.211 4.504
0.683432 27.4688 18.476 17.881 12.863 0.417 4.44 13.255 4.493
0.683432 27.3958 18.387 18.074 12.817 0.417 4.411 13.45 4.49
0.748521 27.5512 18.454 17.793 12.861 0.442 4.399 13.218 4.446
0.748521 27.5088 18.496 17.82 12.832 0.423 4.487 13.241 4.44
0.683432 27.5346 18.417 17.858 12.814 0.429 4.429 13.293 4.434
0.683432 27.5657 18.355 17.882 12.766 0.425 4.43 13.307 4.446
0.683432 27.5991 18.403 17.787 12.855 0.415 4.396 13.21 4.449
0.683432 27.5247 18.477 17.808 12.848 0.461 4.419 13.223 4.456
0.683432 27.6304 18.36 17.799 12.761 0.424 4.432 13.238 4.438
0.650888 27.5604 18.393 17.853 12.825 0.42 4.415 13.267 4.464
0.650888 27.4967 18.459 17.866 12.809 0.427 4.445 13.251 4.485
0.618343 27.465 18.405 17.962 12.802 0.427 4.388 13.342 4.492
0.618343 27.5073 18.437 17.881 12.785 0.427 4.452 13.28 4.48
0.650888 27.5232 18.436 17.853 12.823 0.429 4.413 13.253 4.468
0.650888 27.4168 18.503 17.884 12.836 0.418 4.447 13.293 4.462
0.650888 27.5854 18.375 17.831 12.827 0.423 4.382 13.267 4.433
0.590237 27.6007 18.429 17.76 12.852 0.416 4.41 13.23 4.406
0.590237 27.5626 18.392 17.8 12.822 0.423 4.402 13.208 4.46
0.590237 27.5073 18.443 17.859 12.821 0.417 4.417 13.218 4.471
0.650888 27.6068 18.425 17.754 12.858 0.415 4.409 13.197 4.426
0.650888 27.5391 18.403 17.863 12.797 0.437 4.411 13.259 4.474
0.650888 27.5444 18.4 17.852 12.806 0.414 4.408 13.257 4.467
0.64645 27.6411 18.39 17.744 12.798 0.416 4.401 13.182 4.424
0.64645 27.5383 18.404 17.867 12.814 0.418 4.432 13.271 4.467
0.64645 27.5459 18.412 17.85 12.814 0.416 4.428 13.302 4.419
0.650888 27.5908 18.385 17.819 12.825 0.425 4.407 13.231 4.462
0.704 27.6388 18.384 17.757 12.81 0.445 4.378 13.199 4.425
0.704 27.5543 18.411 17.834 12.813 0.418 4.416 13.233 4.471
0.6688 27.5969 18.395 17.794 12.82 0.414 4.377 13.222 4.446
0.6688 27.5672 18.398 17.835 12.805 0.431 4.415 13.294 4.412
0.6688 27.6763 18.374 17.717 12.86 0.414 4.367 13.157 4.429
0.6048 27.5626 18.428 17.807 12.852 0.425 4.409 13.232 4.444
0.6048 27.6213 18.351 17.81 12.815 0.426 4.393 13.225 4.455
0.6688 27.6794 18.358 17.727 12.788 0.425 4.379 13.171 4.426
0.6688 27.5573 18.399 17.834 12.807 0.414 4.435 13.269 4.433
0.736 27.5976 18.359 17.826 12.767 0.428 4.437 13.284 4.414
0.736 27.549 18.432 17.825 12.896 0.417 4.394 13.224 4.458
0.6688 27.587 18.424 17.774 12.873 0.422 4.4 13.202 4.446
0.6688 27.6373 18.367 17.775 12.818 0.414 4.362 13.219 4.428
0.704 27.5847 18.414 17.794 12.811 0.414 4.441 13.226 4.441
0.672 27.6251 18.36 17.753 12.815 0.416 4.39 13.204 4.422
0.7056 27.6228 18.369 17.791 12.805 0.412 4.404 13.243 4.425
0.672 27.5323 18.424 17.847 12.823 0.416 4.444 13.301 4.422
0.608 27.6167 18.365 17.804 12.803 0.417 4.403 13.216 4.457
0.576 27.6533 18.386 17.727 12.812 0.415 4.383 13.166 4.418
0.608 27.5383 18.426 17.832 12.86 0.414 4.407 13.264 4.439
0.672 27.3239 18.687 17.862 13.014 0.415 4.4 13.243 4.467
0.7056 27.4657 18.563 17.8 13.049 0.416 4.361 13.252 4.405
0.7056 27.5923 18.429 17.779 12.825 0.414 4.403 13.184 4.466
0.704 27.5604 18.392 17.84 12.851 0.415 4.387 13.256 4.443
0.704 27.6235 18.378 17.78 12.863 0.414 4.366 13.207 4.431
0.704 27.5938 18.403 17.795 12.805 0.45 4.397 13.23 4.428
0.6384 27.5497 18.427 17.828 12.826 0.415 4.439 13.232 4.461
0.6384 27.6335 18.385 17.75 12.825 0.416 4.392 13.197 4.424
0.672 27.5604 18.361 17.88 12.77 0.414 4.441 13.313 4.431
0.704 27.5323 18.399 17.884 12.827 0.417 4.41 13.219 4.52
0.7392 27.6037 18.422 17.767 12.873 0.418 4.391 13.197 4.423
0.704 27.6144 18.346 17.824 12.759 0.455 4.387 13.237 4.459
0.672 27.6129 18.356 17.794 12.771 0.416 4.402 13.201 4.456
0.6384 27.6748 18.333 17.73 12.791 0.415 4.386 13.191 4.409
0.608 27.5444 18.357 17.831 12.806 0.417 4.39 13.278 4.431
0.608 27.5353 18.388 17.885 12.799 0.417 4.443 13.328 4.421
0.5776 27.5649 18.345 17.884 12.767 0.415 4.418 13.287 4.47
0.5776 27.6748 18.323 17.757 12.788 0.413 4.385 13.195 4.434
0.64 27.6786 18.356 17.732 12.819 0.416 4.383 13.195 4.408
0.64 27.5771 18.389 17.832 12.794 0.449 4.402 13.259 4.44
0.608 27.6342 18.351 17.772 12.804 0.418 4.393 13.215 4.415
0.6384 27.5126 18.383 17.912 12.818 0.415 4.415 13.318 4.462
0.6048 27.5847 18.366 17.843 12.831 0.413 4.385 13.312 4.399
0.6384 27.5778 18.373 17.845 12.811 0.419 4.407 13.236 4.475
0.672 27.6274 18.346 17.808 12.819 0.416 4.373 13.221 4.456
0.7056 27.5262 18.395 17.891 12.809 0.426 4.43 13.279 4.475
0.7056 27.6129 18.4 17.772 12.829 0.448 4.375 13.219 4.423
0.7056 27.6342 18.381 17.762 12.81 0.422 4.411 13.22 4.415
0.7056 27.5611 18.351 17.883 12.77 0.425 4.427 13.318 4.438
0.7056 27.4922 18.439 17.891 12.773 0.427 4.435 13.265 4.493
0.672 27.6274 18.36 17.791 12.808 0.438 4.378 13.211 4.444
0.672 27.6947 18.329 17.737 12.786 0.421 4.356 13.192 4.415
0.672 27.4816 18.406 17.94 12.805 0.425 4.438 13.331 4.47
0.672 27.6243 18.372 17.785 12.811 0.425 4.397 13.249 4.411
0.672 27.6083 18.403 17.778 12.841 0.421 4.394 13.254 4.395
0.64 27.3928 18.602 17.857 12.943 0.42 4.465 13.248 4.479
0.64 27.6144 18.333 17.836 12.797 0.426 4.384 13.254 4.445
0.608 27.6319 18.388 17.758 12.793 0.467 4.376 13.213 4.422
0.64 27.5566 18.403 17.839 12.828 0.417 4.404 13.248 4.447
0.64 27.5657 18.38 17.849 12.811 0.415 4.411 13.294 4.416
0.672 27.5718 18.378 17.838 12.818 0.415 4.408 13.295 4.408
0.64 27.635 18.397 17.747 12.812 0.421 4.391 13.204 4.413
0.608 27.5626 18.427 17.817 12.876 0.416 4.406 13.265 4.424
0.576 27.5923 18.347 17.851 12.791 0.423 4.367 13.276 4.443
0.576 27.5619 18.376 17.862 12.823 0.415 4.398 13.292 4.437
0.5472 27.5991 18.329 17.86 12.772 0.428 4.404 13.302 4.43
0.5472 27.6091 18.364 17.816 12.806 0.417 4.394 13.276 4.414
0.5472 27.5406 18.436 17.821 12.83 0.425 4.403 13.224 4.434
0.5472 27.619 18.37 17.798 12.834 0.422 4.388 13.228 4.444
0.5472 27.5505 18.345 17.911 12.784 0.424 4.409 13.31 4.474
0.576 27.574 18.443 17.781 12.869 0.427 4.414 13.255 4.399
0.544 27.6022 18.367 17.82 12.777 0.425 4.435 13.266 4.428
0.5712 27.5141 18.474 17.814 12.81 0.418 4.435 13.233 4.449
0.5712 27.5877 18.416 17.789 12.845 0.457 4.382 13.229 4.43
0.6048 27.5338 18.439 17.821 12.845 0.427 4.428 13.224 4.456
0.6048 27.5695 18.396 17.827 12.813 0.427 4.42 13.291 4.409
0.6048 27.6136 18.385 17.787 12.84 0.421 4.39 13.269 4.391
0.576 27.4688 18.5 17.864 12.875 0.419 4.457 13.299 4.435
0.576 27.4379 18.49 17.907 12.864 0.42 4.415 13.266 4.493
0.576 27.6426 18.381 17.748 12.827 0.427 4.392 13.191 4.425
0.5776 27.5611 18.385 17.858 12.797 0.431 4.404 13.294 4.439
0.5776 27.6167 18.323 17.839 12.782 0.425 4.387 13.278 4.427
0.5776 27.5885 18.366 17.827 12.801 0.427 4.403 13.25 4.45
0.5184 27.6549 18.37 17.747 12.868 0.423 4.354 13.207 4.412
0.5184 26.3387 20.034 17.891 14.11 0.428 4.547 13.298 4.442
0.5472 27.3673 18.653 17.841 13.024 0.424 4.435 13.268 4.439
0.5472 27.5444 18.399 17.851 12.811 0.422 4.406 13.265 4.457
0.576 27.533 18.459 17.816 12.867 0.427 4.42 13.269 4.419
0.576 27.4574 18.546 17.83 12.832 0.531 4.434 13.238 4.461
0.5776 27.4952 18.409 17.91 12.79 0.418 4.415 13.28 4.465
0.5776 27.5217 18.456 17.835 12.884 0.428 4.402 13.247 4.444
0.5472 27.5088 18.407 17.896 12.804 0.418 4.437 13.31 4.456
0.5184 27.5573 18.412 17.83 12.833 0.444 4.392 13.256 4.44
0.4896 27.5346 18.421 17.852 12.812 0.42 4.443 13.265 4.452
0.5168 27.4982 18.414 17.899 12.83 0.42 4.41 13.285 4.475
0.5168 27.6167 18.363 17.802 12.826 0.416 4.38 13.272 4.4
0.590278 27.5976 18.409 17.789 12.833 0.417 4.427 13.214 4.446
0.560764 27.6564 18.353 17.761 12.845 0.415 4.364 13.219 4.41
0.560764 27.6289 18.376 17.765 12.852 0.415 4.379 13.205 4.424
0.53125 27.5088 18.445 17.865 12.849 0.416 4.407 13.291 4.44
0.59375 27.6465 18.331 17.798 12.798 0.426 4.376 13.217 4.456
0.625 27.6411 18.366 17.745 12.804 0.413 4.379 13.197 4.42
0.692708 27.6098 18.339 17.834 12.816 0.423 4.368 13.205 4.435
0.659722 27.6068 18.385 17.783 12.8 0.42 4.425 13.237 4.415
0.659722 27.6442 18.369 17.765 12.816 0.413 4.41 13.221 4.413
0.626736 27.7762 18.39 17.57 12.833 0.424 4.405 13.001 4.435
0.59375 27.6213 18.395 17.768 12.863 0.414 4.377 13.206 4.43
0.5 27.4861 18.4 17.936 12.799 0.42 4.419 13.302 4.465
0.46875 27.5535 18.321 17.927 12.863 0.417 4.293 13.373 4.425
0.5 27.4869 18.48 17.858 12.859 0.448 4.427 13.264 4.456
0.560764 28.2582 17.513 17.831 11.943 0.416 4.407 13.288 4.41
0.59375 27.5718 18.393 17.832 12.826 0.423 4.407 13.288 4.417
0.59375 27.5497 18.439 17.824 12.862 0.417 4.41 13.233 4.422
0.59375 27.5111 18.416 17.89 12.833 0.426 4.435 13.267 4.472
0.59375 27.5566 18.457 17.79 12.907 0.427 4.392 13.238 4.415
0.59375 27.5239 18.441 17.848 12.867 0.447 4.384 13.27 4.446
0.59375 27.5118 18.452 17.842 12.848 0.42 4.44 13.255 4.459
0.590278 28.2422 18.365 16.99 12.817 0.423 4.392 12.438 4.42
0.590278 27.5505 18.456 17.794 12.854 0.416 4.396 13.219 4.442
0.560764 27.533 18.462 17.822 12.906 0.422 4.406 13.271 4.426
0.560764 27.4929 18.44 17.875 12.849 0.44 4.398 13.274 4.463
0.560764 27.4454 18.409 17.985 12.799 0.458 4.405 13.4 4.452
0.560764 27.6289 18.352 17.801 12.823 0.414 4.355 13.261 4.407
0.560764 27.5217 18.489 17.802 12.869 0.419 4.434 13.229 4.443
0.560764 27.6472 18.356 17.771 12.831 0.416 4.377 13.242 4.403
0.59375 27.4175 18.44 17.984 12.86 0.414 4.404 13.371 4.485
0.59375 27.3628 18.62 17.883 13.058 0.423 4.398 13.329 4.424
0.59375 27.3351 18.7 17.84 13.089 0.421 4.446 13.262 4.439
0.59375 27.3778 18.474 18.011 12.871 0.418 4.425 13.38 4.497
0.619565 27.4914 18.434 17.89 12.858 0.419 4.421 13.327 4.436
0.619565 27.6258 18.388 17.767 12.852 0.421 4.374 13.247 4.393
0.653986 27.5383 18.43 17.827 12.877 0.425 4.403 13.258 4.437
0.653986 27.5088 18.435 17.862 12.894 0.418 4.396 13.279 4.442
0.619565 27.5984 18.4 17.799 12.847 0.419 4.368 13.251 4.42
0.586957 27.5999 18.376 17.812 12.845 0.414 4.382 13.274 4.408
0.554348 27.5816 18.366 17.85 12.795 0.427 4.416 13.303 4.418
0.554348 27.5596 18.402 17.841 12.836 0.417 4.406 13.314 4.396
0.554348 27.5012 18.459 17.866 12.907 0.426 4.405 13.263 4.477
0.554348 27.5908 18.304 17.896 12.801 0.414 4.357 13.219 4.53
0.554348 27.527 18.411 17.853 12.824 0.423 4.425 13.293 4.43
0.619565 27.552 18.402 17.813 12.827 0.417 4.423 13.25 4.433
0.619565 27.6129 18.386 17.787 12.831 0.425 4.397 13.264 4.396
0.619565 27.5126 18.414 17.887 12.833 0.414 4.418 13.351 4.408
0.619565 27.4718 18.484 17.872 12.867 0.42 4.406 13.285 4.45
0.619565 27.6106 18.398 17.774 12.872 0.421 4.375 13.22 4.425
0.619565 27.5649 18.393 17.843 12.817 0.453 4.386 13.282 4.43
0.586957 27.474 18.446 17.911 12.87 0.42 4.428 13.26 4.506
0.5625 27.413 18.487 17.939 12.869 0.419 4.454 13.324 4.484
0.586957 27.3269 18.615 17.882 13.054 0.416 4.407 13.308 4.44
0.619565 27.4205 18.469 17.946 12.901 0.42 4.408 13.366 4.446
0.619565 27.5908 18.393 17.809 12.818 0.421 4.406 13.282 4.399
0.586957 27.5232 18.427 17.831 12.798 0.422 4.423 13.253 4.445
0.619565 27.5961 18.421 17.772 12.881 0.417 4.375 13.228 4.412
0.585145 27.555 18.432 17.812 12.857 0.443 4.384 13.246 4.434
0.585145 27.3823 18.558 17.921 12.877 0.455 4.436 13.326 4.456
0.586957 27.4168 18.442 17.988 12.864 0.418 4.391 13.301 4.549
0.586957 27.5376 18.448 17.805 12.866 0.421 4.385 13.242 4.432
0.586957 27.5368 18.386 17.864 12.834 0.424 4.398 13.309 4.429
0.586957 27.4861 18.425 17.895 12.847 0.417 4.375 13.251 4.499
0.586957 27.5156 18.414 17.885 12.879 0.426 4.379 13.294 4.457
0.586957 27.5999 18.41 17.772 12.876 0.418 4.369 13.21 4.425
0.554348 27.5141 18.448 17.85 12.844 0.425 4.396 13.283 4.436
0.554348 27.533 18.429 17.844 12.83 0.418 4.404 13.244 4.467
0.586957 27.5512 18.401 17.851 12.867 0.418 4.374 13.296 4.421
0.586957 27.5149 18.444 17.859 12.854 0.43 4.408 13.271 4.453
0.619565 27.5088 18.455 17.854 12.86 0.423 4.395 13.271 4.425
0.619565 27.5931 18.417 17.779 12.882 0.42 4.377 13.243 4.411
0.554348 27.4967 18.406 17.921 12.812 0.457 4.408 13.32 4.459
0.554348 27.5543 18.421 17.822 12.856 0.416 4.396 13.235 4.445
0.554348 27.4484 18.439 17.946 12.847 0.426 4.427 13.344 4.46
0.554348 27.5406 18.416 17.852 12.844 0.418 4.421 13.316 4.409
0.554348 27.5801 18.407 17.809 12.825 0.423 4.406 13.272 4.41
0.554348 27.5604 18.413 17.819 12.847 0.418 4.41 13.272 4.415
0.523551 27.5164 18.439 17.844 12.839 0.419 4.403 13.252 4.462
0.523551 27.3658 18.409 18.086 12.845 0.419 4.416 13.245 4.648
0.521739 27.5406 18.427 17.835 12.882 0.425 4.388 13.256 4.448
0.513889 27.6007 18.423 17.772 12.876 0.443 4.38 13.215 4.427
0.549598 27.5771 18.402 17.819 12.839 0.418 4.381 13.259 4.432
0.459057 27.5361 18.403 17.869 12.866 0.417 4.388 13.321 4.402
0.569444 27.5111 18.439 17.869 12.869 0.418 4.402 13.32 4.41
0.554054 27.6167 18.391 17.775 12.827 0.419 4.367 13.241 4.402
0.586207 27.5923 18.386 17.812 12.852 0.417 4.375 13.278 4.402
0.61809 27.5179 18.46 17.837 12.869 0.454 4.394 13.275 4.43
0.649708 27.6037 18.416 17.764 12.84 0.425 4.405 13.223 4.413
0.61809 27.5893 18.375 17.832 12.823 0.42 4.399 13.306 4.405
0.61809 27.5718 18.416 17.818 12.886 0.417 4.385 13.225 4.464
0.6329 27.6549 18.34 17.776 12.826 0.416 4.363 13.234 4.41
0.646739 27.6342 18.361 17.779 12.824 0.422 4.376 13.211 4.432
0.57971 27.4839 18.447 17.888 12.875 0.418 4.412 13.333 4.425
0.521739 27.5058 18.427 17.889 12.873 0.419 4.402 13.318 4.434
0.521739 27.4168 18.477 17.942 12.877 0.429 4.425 13.359 4.447
0.550725 27.5839 18.36 17.844 12.805 0.425 4.407 13.31 4.411
0.550725 27.5497 18.393 17.866 12.808 0.42 4.393 13.279 4.457
0.57971 27.5255 18.394 17.888 12.874 0.418 4.355 13.285 4.468
0.57971 27.4205 18.558 17.859 12.946 0.471 4.395 13.264 4.455
0.608696 27.5634 18.441 17.791 12.868 0.416 4.383 13.244 4.417
0.614286 27.5976 18.415 17.775 12.842 0.425 4.413 13.244 4.405
0.652096 27.5005 18.423 17.899 12.85 0.418 4.41 13.32 4.437
0.6329 27.5611 18.343 17.892 12.802 0.429 4.384 13.321 4.44
0.586207 27.5961 18.378 17.818 12.818 0.419 4.392 13.253 4.435
0.668394 27.4055 18.531 17.903 12.874 0.419 4.443 13.289 4.483
0.668394 27.5604 18.413 17.826 12.87 0.416 4.376 13.247 4.438
0.668394 27.5096 18.411 17.898 12.862 0.42 4.391 13.299 4.474
0.61809 27.5649 18.4 17.827 12.854 0.441 4.356 13.276 4.415
0.668394 27.5292 18.418 17.855 12.826 0.417 4.416 13.278 4.447
0.648241 27.471 18.538 17.818 12.892 0.42 4.443 13.268 4.416
0.581543 27.6327 18.39 17.756 12.818 0.425 4.376 13.222 4.404
0.566228 27.533 18.445 17.836 12.866 0.416 4.43 13.307 4.408
0.608592 27.587 18.383 17.825 12.825 0.416 4.398 13.246 4.442
0.578475 27.5224 18.473 17.816 12.904 0.416 4.394 13.274 4.414
0.578475 27.5832 18.381 17.827 12.873 0.415 4.369 13.28 4.413
0.537118 27.5634 18.39 17.849 12.825 0.452 4.378 13.276 4.444
0.5459 26.6574 19.514 17.954 13.786 0.43 4.527 13.383 4.429
0.5459 27.398 18.623 17.83 13.061 0.449 4.377 13.272 4.423
0.615551 27.4461 18.544 17.848 12.94 0.418 4.435 13.267 4.446
0.548936 27.5657 18.379 17.819 12.833 0.417 4.388 13.261 4.425
0.53527 27.5202 18.383 17.899 12.804 0.418 4.428 13.321 4.437
0.512263 27.5323 18.425 17.855 12.853 0.439 4.397 13.319 4.405
0.53609 27.4529 18.47 17.907 12.85 0.415 4.417 13.293 4.464
0.528736 27.5459 18.462 17.798 12.893 0.426 4.397 13.255 4.412
0.511364 27.5771 18.43 17.787 12.878 0.421 4.393 13.247 4.41
0.496689 27.5065 18.42 17.894 12.811 0.427 4.415 13.307 4.447
0.513393 27.5285 18.399 17.875 12.863 0.415 4.383 13.295 4.441
0.474614 27.4311 18.463 17.939 12.88 0.419 4.419 13.362 4.445
0.52439 27.4605 18.465 17.911 12.891 0.42 4.405 13.334 4.446
0.5 27.462 18.428 17.934 12.83 0.42 4.431 13.309 4.488
0.52439 27.5126 18.469 17.827 12.849 0.418 4.4 13.267 4.435
0.597859 27.59 18.435 17.767 12.894 0.42 4.38 13.217 4.417
0.582712 27.416 18.404 18.021 12.883 0.415 4.371 13.467 4.428
0.562914 27.5877 18.398 17.809 12.897 0.416 4.353 13.248 4.426
0.548781 27.5414 18.418 17.844 12.843 0.429 4.39 13.251 4.454
0.548781 27.4846 18.453 17.887 12.816 0.422 4.458 13.301 4.458
0.511905 27.4982 18.429 17.895 12.879 0.42 4.406 13.305 4.459
0.452539 27.3045 18.602 17.979 12.901 0.42 4.47 13.393 4.412
0.485327 27.5649 18.398 17.835 12.823 0.415 4.377 13.265 4.435
0.511905 27.5816 18.405 17.798 12.891 0.415 4.349 13.244 4.413
0.465909 27.4937 18.448 17.883 12.892 0.417 4.395 13.291 4.455
0.524767 27.5588 18.385 17.857 12.805 0.427 4.394 13.287 4.439
0.524767 27.5338 18.51 17.765 12.91 0.42 4.437 13.219 4.416
0.523256 27.4635 18.451 17.917 12.854 0.424 4.423 13.342 4.447
0.523256 27.5908 18.395 17.805 12.839 0.42 4.392 13.277 4.396
0.528736 27.5588 18.374 17.865 12.819 0.419 4.402 13.284 4.439
0.516854 27.5096 18.422 17.884 12.85 0.418 4.402 13.285 4.455
0.505495 27.4808 18.412 17.903 12.857 0.424 4.396 13.289 4.483
0.529093 27.4967 18.455 17.861 12.916 0.419 4.371 13.281 4.444
0.529093 27.5733 18.428 17.797 12.883 0.42 4.388 13.247 4.421
0.552 27.2072 18.404 18.31 12.855 0.445 4.368 13.733 4.445
0.552 27.3793 18.494 17.987 12.883 0.456 4.392 13.417 4.438
0.517196 27.6083 18.339 17.835 12.787 0.418 4.375 13.251 4.453
0.517196 27.5209 18.436 17.846 12.867 0.418 4.397 13.305 4.419
0.517196 27.4922 18.527 17.802 12.985 0.417 4.391 13.266 4.408
0.529093 27.5961 18.38 17.807 12.844 0.415 4.393 13.262 4.416
0.529093 27.502 18.36 17.952 12.809 0.42 4.413 13.306 4.508
0.517196 27.4967 18.441 17.841 12.918 0.417 4.388 13.257 4.447
0.494624 27.5058 18.41 17.907 12.869 0.444 4.359 13.269 4.511
0.484211 27.3598 18.541 17.967 12.907 0.42 4.455 13.326 4.51
0.484211 27.5058 18.447 17.873 12.886 0.416 4.417 13.35 4.402
0.505821 27.502 18.441 17.883 12.855 0.423 4.422 13.293 4.464
0.505821 27.5096 18.408 17.877 12.842 0.418 4.39 13.255 4.497
0.505821 27.5323 18.47 17.81 12.917 0.418 4.368 13.241 4.444
0.505821 27.6037 18.392 17.796 12.862 0.416 4.383 13.247 4.422
0.505821 27.5323 18.371 17.905 12.804 0.445 4.38 13.308 4.449
0.517196 27.5255 18.448 17.821 12.881 0.42 4.418 13.245 4.439
0.517196 27.499 18.446 17.852 12.883 0.417 4.379 13.271 4.445
0.511706 27.5475 18.436 17.82 12.863 0.419 4.391 13.25 4.431
0.511706 27.4559 18.441 17.927 12.823 0.464 4.419 13.326 4.473
0.498069 27.5786 18.427 17.783 12.898 0.415 4.377 13.231 4.416
0.533597 27.6106 18.366 17.811 12.833 0.448 4.35 13.267 4.413
0.517196 27.471 18.495 17.861 12.906 0.445 4.396 13.278 4.45
0.489443 27.5391 18.433 17.838 12.89 0.415 4.362 13.272 4.429
0.459184 27.499 18.416 17.9 12.829 0.458 4.385 13.298 4.457
0.459184 27.3973 18.541 17.911 12.885 0.42 4.472 13.299 4.482
0.494937 27.4409 18.541 17.86 12.859 0.414 4.533 13.264 4.468
0.494937 27.401 18.446 18.009 12.912 0.414 4.397 13.46 4.423
0.484211 27.6007 18.386 17.804 12.863 0.415 4.369 13.239 4.422
0.447917 27.5118 18.401 17.908 12.836 0.425 4.423 13.336 4.444
0.436105 27.3261 18.544 18.007 12.87 0.418 4.48 13.408 4.461
0.407555 27.1422 18.897 17.903 13.285 0.426 4.424 13.309 4.459
0.436105 27.2918 18.735 17.861 13.167 0.416 4.378 13.29 4.441
0.407555 27.3187 18.657 17.848 13.048 0.43 4.408 13.277 4.436
0.39961 27.5308 18.448 17.827 12.917 0.414 4.376 13.25 4.439
0.406208 27.4975 18.417 17.899 12.884 0.418 4.389 13.306 4.457
0.398676 27.4778 18.463 17.892 12.915 0.415 4.386 13.295 4.457
0.461847 27.4937 18.448 17.875 12.852 0.419 4.389 13.306 4.434
0.46875 27.6541 18.373 17.74 12.846 0.44 4.349 13.218 4.392
0.427345 27.5437 18.439 17.824 12.847 0.421 4.427 13.261 4.426
0.457733 27.6075 18.398 17.781 12.859 0.414 4.387 13.252 4.399
0.447917 27.4816 18.404 17.94 12.825 0.418 4.418 13.341 4.465
0.494624 27.5308 18.417 17.857 12.857 0.426 4.4 13.304 4.416
0.418367 27.4175 18.511 17.917 12.97 0.412 4.388 13.318 4.465
0.39 27.4959 18.427 17.884 12.837 0.418 4.427 13.274 4.479
0.39 27.5323 18.396 17.877 12.842 0.418 4.385 13.297 4.439
0.382353 27.5292 18.389 17.886 12.826 0.414 4.389 13.264 4.486
0.41 27.5133 18.402 17.899 12.834 0.416 4.427 13.29 4.474
0.459184 27.5399 18.43 17.834 12.897 0.419 4.364 13.244 4.454
0.421569 27.6243 18.388 17.772 12.877 0.413 4.363 13.21 4.428
0.469037 27.619 18.39 17.779 12.829 0.419 4.417 13.2 4.457
0.474515 27.5058 18.4 17.917 12.829 0.416 4.399 13.309 4.477
0.421569 27.5847 18.397 17.813 12.839 0.414 4.398 13.218 4.46
0.421569 27.5111 18.404 17.825 12.901 0.411 4.358 13.247 4.436
0.41109 27.4642 18.475 17.874 12.898 0.417 4.415 13.287 4.459
0.43 27.5437 18.405 17.852 12.903 0.415 4.354 13.272 4.435
0.401961 27.5323 18.441 17.835 12.868 0.414 4.406 13.22 4.468
0.418619 27.5475 18.37 17.885 12.823 0.435 4.376 13.29 4.46
0.39023 27.5885 18.39 17.813 12.825 0.441 4.393 13.221 4.459
0.438776 27.5467 18.407 17.854 12.843 0.416 4.416 13.265 4.457
0.41 27.5528 18.415 17.834 12.855 0.418 4.415 13.266 4.437
0.401961 27.5475 18.383 17.876 12.796 0.419 4.43 13.3 4.451
0.410241 27.574 18.418 17.794 12.827 0.427 4.397 13.218 4.442
0.430253 27.6098 18.398 17.774 12.854 0.417 4.388 13.228 4.407
0.430253 27.5399 18.438 17.822 12.852 0.412 4.437 13.273 4.417
0.413462 27.6235 18.374 17.781 12.846 0.417 4.372 13.262 4.396
0.386792 27.6335 18.39 17.756 12.883 0.414 4.364 13.188 4.444
0.386792 27.499 18.428 17.886 12.832 0.424 4.404 13.293 4.46
0.430253 27.6778 18.344 17.742 12.808 0.415 4.356 13.199 4.411
0.430253 27.6251 18.375 17.779 12.871 0.412 4.36 13.23 4.42
0.459459 27.5931 18.432 17.766 12.864 0.447 4.383 13.217 4.419
0.413462 27.5292 18.463 17.813 12.874 0.416 4.42 13.239 4.443
0.386792 27.4492 18.361 18.025 12.796 0.418 4.405 13.399 4.49
0.386792 27.6388 18.37 17.759 12.847 0.414 4.363 13.227 4.396
0.413462 28.2462 17.529 17.821 11.96 0.415 4.416 13.248 4.436
0.386792 27.6182 18.385 17.78 12.829 0.419 4.367 13.204 4.44
0.386792 27.5118 18.415 17.882 12.818 0.417 4.436 13.291 4.456
0.402193 27.5315 18.433 17.825 12.911 0.415 4.38 13.244 4.447
0.402193 27.6388 18.369 17.767 12.835 0.439 4.353 13.203 4.423
0.459459 27.5702 18.415 17.817 12.845 0.418 4.382 13.256 4.441
0.437288 27.5399 18.417 17.85 12.87 0.413 4.387 13.275 4.43
0.437288 28.2694 17.495 17.837 11.911 0.411 4.431 13.238 4.472
0.446367 27.6304 18.399 17.748 12.854 0.414 4.369 13.199 4.42
0.416949 28.2821 17.538 17.776 11.973 0.414 4.409 13.223 4.427
0.39661 27.5771 18.41 17.81 12.835 0.413 4.407 13.237 4.444
0.425606 27.5323 18.377 17.904 12.826 0.415 4.405 13.303 4.469
0.439039 28.2454 18.378 16.982 12.828 0.417 4.403 12.374 4.471
0.439039 27.5733 18.371 17.855 12.849 0.419 4.377 13.271 4.456
0.402193 27.5657 18.396 17.838 12.819 0.447 4.376 13.255 4.45
0.446367 27.5164 18.414 17.856 12.853 0.449 4.355 13.29 4.429
0.437288 27.5368 18.433 17.803 12.866 0.419 4.38 13.225 4.449
0.467128 27.5619 18.456 17.777 12.858 0.417 4.433 13.231 4.419
0.375212 27.707 18.271 17.784 12.757 0.416 4.368 13.23 4.431
0.402193 27.5255 18.374 17.906 12.773 0.421 4.438 13.339 4.439
0.402193 27.1953 18.888 17.84 13.265 0.435 4.426 13.263 4.443
0.394454 27.1245 19.003 17.821 13.364 0.426 4.447 13.271 4.42
0.421812 27.5535 18.469 17.782 12.925 0.446 4.355 13.207 4.444
0.402193 27.4801 18.507 17.836 12.862 0.418 4.461 13.266 4.439
0.413462 27.5794 18.391 17.825 12.836 0.418 4.384 13.268 4.425
0.394231 27.6129 18.387 17.785 12.839 0.417 4.386 13.236 4.411
0.394231 27.5437 18.431 17.83 12.821 0.416 4.414 13.249 4.448
0.370705 27.6007 18.41 17.776 12.85 0.418 4.399 13.235 4.41
0.395948 27.5255 18.427 17.846 12.872 0.419 4.388 13.274 4.443
0.370705 27.5361 18.418 17.852 12.846 0.445 4.393 13.285 4.435
0.386792 27.6297 18.402 17.738 12.844 0.417 4.404 13.189 4.412
0.413462 27.4221 18.493 17.922 12.843 0.421 4.472 13.313 4.476
0.386792 27.6205 18.383 17.781 12.845 0.417 4.384 13.246 4.408
0.40566 27.4786 18.403 17.953 12.816 0.422 4.433 13.345 4.47
0.37963 27.4439 18.456 17.935 12.835 0.425 4.453 13.375 4.44
0.37963 27.2405 18.656 18.013 13.048 0.443 4.408 13.377 4.509
0.40566 27.416 18.598 17.833 13.042 0.426 4.361 13.257 4.444
0.432692 27.2532 18.85 17.805 13.23 0.437 4.427 13.241 4.438
0.40566 27.4627 18.552 17.82 13.019 0.419 4.385 13.229 4.446
0.394454 27.5566 18.437 17.806 12.849 0.419 4.4 13.216 4.44
0.394454 27.5028 18.474 17.844 12.864 0.421 4.444 13.256 4.458
0.421812 27.5824 18.432 17.785 12.831 0.417 4.441 13.239 4.423
0.408638 27.6235 18.324 17.837 12.801 0.419 4.367 13.256 4.458
0.437288 27.5915 18.397 17.807 12.838 0.415 4.392 13.279 4.395
0.408638 27.6167 18.335 17.832 12.81 0.416 4.37 13.252 4.446
0.400651 27.5475 18.432 17.784 12.836 0.417 4.393 13.245 4.411
0.428571 27.6136 18.378 17.775 12.815 0.42 4.372 13.213 4.418
0.428571 27.568 18.432 17.801 12.857 0.417 4.424 13.234 4.44
0.441431 27.53 18.426 17.853 12.862 0.42 4.422 13.258 4.464
0.441431 27.6197 18.421 17.742 12.902 0.418 4.369 13.19 4.416
0.457627 27.4997 18.452 17.866 12.874 0.421 4.411 13.3 4.433
0.437288 27.6297 18.357 17.791 12.85 0.418 4.351 13.226 4.437
0.452131 27.5444 18.405 17.851 12.86 0.42 4.372 13.287 4.427
0.496228 27.6014 18.44 17.744 12.867 0.43 4.402 13.217 4.398
0.400651 27.6373 18.38 17.759 12.887 0.419 4.353 13.214 4.414
0.400651 27.5596 18.388 17.825 12.853 0.423 4.38 13.248 4.448
0.437288 27.4718 18.472 17.873 12.828 0.422 4.448 13.287 4.455
0.394454 27.5292 18.438 17.854 12.876 0.427 4.402 13.274 4.452
0.430253 27.6174 18.353 17.81 12.825 0.421 4.378 13.251 4.43
0.402193 27.6947 18.351 17.716 12.824 0.442 4.351 13.176 4.408
0.421812 27.6022 18.38 17.814 12.815 0.454 4.366 13.246 4.443
0.421812 27.5991 18.351 17.823 12.779 0.42 4.37 13.245 4.441
0.421812 27.5832 18.399 17.818 12.813 0.419 4.372 13.244 4.43
0.432692 27.6266 18.394 17.756 12.824 0.419 4.371 13.213 4.403
0.40566 27.5406 18.414 17.851 12.818 0.421 4.423 13.295 4.427
0.40566 27.6258 18.335 17.822 12.792 0.424 4.392 13.277 4.416
0.413696 27.6503 18.363 17.749 12.828 0.42 4.376 13.225 4.396
0.413696 27.5043 18.393 17.903 12.813 0.438 4.403 13.337 4.435
0.441431 27.587 18.37 17.836 12.835 0.425 4.366 13.314 4.389
0.40566 27.6068 18.382 17.803 12.826 0.423 4.396 13.264 4.417
0.40566 27.6144 18.366 17.808 12.81 0.418 4.395 13.304 4.385
0.40566 27.5794 18.352 17.866 12.814 0.421 4.387 13.264 4.475
0.40566 27.5171 18.405 17.898 12.835 0.429 4.414 13.311 4.465
0.37963 27.5824 18.406 17.809 12.866 0.43 4.379 13.239 4.444
0.432692 27.5111 18.445 17.857 12.822 0.426 4.399 13.264 4.456
0.421812 27.6342 18.316 17.826 12.766 0.428 4.373 13.262 4.435
0.450265 27.6174 18.366 17.789 12.803 0.42 4.416 13.221 4.433
0.421812 27.571 18.424 17.794 12.831 0.427 4.432 13.279 4.394
0.450265 27.6434 18.352 17.783 12.842 0.419 4.352 13.212 4.443
0.421812 27.5535 18.463 17.792 12.845 0.426 4.402 13.242 4.422
0.450265 27.6136 18.358 17.804 12.835 0.421 4.367 13.236 4.437
0.446367 27.5999 18.412 17.771 12.851 0.444 4.381 13.212 4.421
0.446367 27.6091 18.377 17.804 12.823 0.42 4.369 13.252 4.429
0.477032 27.6266 18.352 17.806 12.829 0.424 4.372 13.265 4.418
0.402193 27.2301 18.891 17.789 13.248 0.428 4.446 13.224 4.436
0.430253 27.3336 18.693 17.844 13.059 0.468 4.403 13.251 4.456
0.439039 27.5308 18.386 17.888 12.806 0.421 4.421 13.306 4.447
0.439039 27.4922 18.456 17.877 12.835 0.426 4.454 13.303 4.444
0.448191 27.5573 18.384 17.859 12.852 0.417 4.384 13.301 4.415
0.418619 27.5991 18.408 17.781 12.858 0.425 4.39 13.242 4.403
0.479023 27.5383 18.444 17.826 12.875 0.418 4.399 13.286 4.412
0.418619 27.5065 18.476 17.834 12.913 0.415 4.408 13.302 4.397
0.43 27.5558 18.381 17.844 12.813 0.419 4.403 13.266 4.447
0.43 27.5588 18.429 17.807 12.835 0.427 4.387 13.23 4.419
0.41109 27.5611 18.47 17.77 12.923 0.421 4.389 13.219 4.416
0.43 27.3515 18.458 18.06 12.885 0.428 4.402 13.458 4.459
0.43 27.5535 18.441 17.808 12.914 0.423 4.365 13.269 4.408
0.448191 27.6243 18.412 17.745 12.834 0.454 4.375 13.191 4.422
0.448191 27.5862 18.407 17.801 12.811 0.428 4.43 13.244 4.427
0.410241 27.5217 18.43 17.868 12.845 0.428 4.428 13.304 4.44
0.469037 27.5452 18.409 17.855 12.857 0.425 4.389 13.297 4.426
0.448191 27.5733 18.386 17.843 12.848 0.419 4.379 13.256 4.456
0.418619 27.4914 18.408 17.925 12.805 0.423 4.392 13.283 4.512
0.489443 27.5543 18.454 17.796 12.909 0.422 4.374 13.242 4.424
0.457733 27.6144 18.4 17.767 12.854 0.435 4.382 13.213 4.425
0.489443 27.6274 18.408 17.746 12.834 0.454 4.38 13.204 4.412
0.457733 27.5224 18.408 17.877 12.82 0.419 4.422 13.28 4.448
0.457733 27.6144 18.393 17.778 12.826 0.43 4.355 13.227 4.42
0.457733 27.6121 18.415 17.755 12.851 0.422 4.368 13.203 4.421
0.457733 27.5642 18.386 17.826 12.831 0.425 4.389 13.288 4.408
0.489443 27.6129 18.379 17.793 12.85 0.419 4.376 13.267 4.403
0.436443 27.5695 18.38 17.847 12.791 0.424 4.415 13.29 4.426
0.500327 27.574 18.403 17.821 12.867 0.42 4.378 13.274 4.416
0.436443 27.5604 18.454 17.785 12.853 0.429 4.393 13.2 4.455
0.464151 27.5497 18.466 17.789 12.862 0.419 4.404 13.238 4.421
0.464151 27.6319 18.376 17.761 12.868 0.42 4.355 13.222 4.405
0.464151 27.5149 18.415 17.894 12.855 0.423 4.395 13.292 4.466
0.498069 27.6152 18.403 17.768 12.842 0.419 4.366 13.226 4.413
0.498069 27.6022 18.415 17.765 12.845 0.426 4.377 13.226 4.407
0.474903 27.5543 18.463 17.783 12.848 0.418 4.433 13.237 4.419
0.488963 27.5756 18.402 17.82 12.871 0.42 4.385 13.283 4.411
0.466221 27.4431 18.468 17.929 12.865 0.421 4.44 13.368 4.44
0.500342 27.606 18.369 17.812 12.847 0.421 4.37 13.293 4.389
0.486166 27.5733 18.418 17.805 12.849 0.425 4.397 13.234 4.441
0.486166 27.4326 18.49 17.92 12.878 0.422 4.413 13.322 4.471
0.522267 27.5619 18.439 17.802 12.928 0.417 4.369 13.214 4.463
0.509881 27.5581 18.377 17.871 12.824 0.424 4.399 13.322 4.422
0.509881 27.6258 18.354 17.801 12.815 0.426 4.376 13.264 4.406
0.53527 27.4952 18.425 17.886 12.834 0.431 4.427 13.324 4.439
0.453799 27.5885 18.403 17.801 12.86 0.421 4.388 13.274 4.391
0.475951 27.59 18.378 17.832 12.815 0.425 4.407 13.246 4.454
0.464611 27.5043 18.45 17.862 12.858 0.422 4.392 13.269 4.46
0.485477 27.6014 18.416 17.77 12.834 0.421 4.376 13.205 4.429
0.510373 27.6274 18.422 17.733 12.878 0.428 4.38 13.194 4.41
0.485477 27.6434 18.404 17.73 12.83 0.428 4.384 13.2 4.402
0.519271 27.5756 18.393 17.827 12.817 0.427 4.384 13.266 4.426
0.533477 27.5239 18.405 17.883 12.856 0.42 4.391 13.319 4.432
0.533477 27.6289 18.362 17.791 12.812 0.426 4.394 13.265 4.401
0.57661 27.6129 18.369 17.803 12.823 0.417 4.395 13.251 4.417
0.57661 27.4371 18.476 17.926 12.843 0.43 4.417 13.279 4.495
0.593298 27.6274 18.382 17.77 12.852 0.434 4.359 13.237 4.403
0.548483 27.6472 18.368 17.755 12.84 0.428 4.374 13.217 4.406
0.564356 27.6488 18.325 17.797 12.788 0.425 4.385 13.253 4.413
0.535415 27.6319 18.37 17.778 12.825 0.446 4.36 13.237 4.407
0.511521 27.5308 18.436 17.841 12.85 0.425 4.426 13.233 4.463
0.483871 27.1665 18.402 18.362 12.824 0.428 4.399 13.468 4.735
0.456221 27.5224 18.372 17.913 12.807 0.427 4.417 13.315 4.46
0.477532 27.6327 18.388 17.759 12.841 0.431 4.387 13.239 4.394
0.537591 26.2405 20.152 17.914 14.385 0.441 4.509 13.325 4.455
0.537591 27.306 18.717 17.856 13.051 0.429 4.436 13.3 4.428
0.469194 27.4612 18.462 17.907 12.861 0.423 4.401 13.297 4.449
0.512195 27.4823 18.438 17.906 12.832 0.429 4.44 13.319 4.445
0.469194 27.4975 18.428 17.902 12.859 0.423 4.405 13.326 4.435
0.521569 27.5111 18.46 17.841 12.871 0.422 4.394 13.251 4.444
0.521569 26.9056 19.259 17.866 13.684 0.424 4.412 13.292 4.443
0.477532 27.5778 18.411 17.792 12.884 0.42 4.374 13.261 4.401
0.512195 27.4085 18.548 17.895 12.975 0.427 4.413 13.295 4.465
0.557789 27.3808 18.679 17.804 13.094 0.425 4.402 13.267 4.406
0.537591 27.5672 18.387 17.835 12.823 0.422 4.402 13.248 4.449
0.554629 27.3344 18.609 17.853 12.989 0.434 4.401 13.277 4.448
0.581395 27.4318 18.556 17.852 12.936 0.454 4.419 13.279 4.443
0.530547 27.5908 18.386 17.812 12.789 0.427 4.403 13.239 4.439
0.476152 27.3261 18.61 17.938 12.862 0.417 4.556 13.365 4.428
0.600342 27.5285 18.421 17.858 12.814 0.428 4.442 13.273 4.45
0.577558 27.5763 18.403 17.816 12.846 0.42 4.389 13.276 4.412
0.577558 27.5725 18.416 17.803 12.842 0.426 4.406 13.274 4.4
0.559787 27.4522 18.418 17.963 12.818 0.422 4.42 13.386 4.449
0.578285 27.5361 18.436 17.838 12.839 0.42 4.381 13.246 4.461
0.6048 27.386 18.48 17.938 12.828 0.421 4.457 13.302 4.479
0.54524 27.568 18.403 17.828 12.853 0.43 4.387 13.261 4.436
0.5712 27.533 18.434 17.846 12.895 0.422 4.393 13.246 4.46
0.5712 27.4228 18.625 17.802 13.058 0.42 4.403 13.223 4.445
0.5712 27.3718 18.631 17.835 13.056 0.45 4.378 13.232 4.469
0.5712 27.2636 18.635 18.004 12.845 0.418 4.592 13.407 4.47
0.544 27.5414 18.41 17.858 12.82 0.452 4.407 13.264 4.463
0.519685 27.4582 18.551 17.822 12.991 0.42 4.392 13.245 4.434
0.519685 27.225 18.742 17.948 13.076 0.429 4.488 13.365 4.45
0.519685 27.4733 18.494 17.855 12.91 0.418 4.416 13.291 4.434
0.519685 27.5687 18.45 17.746 12.84 0.418 4.393 13.188 4.422
0.544 27.2561 18.624 18.029 12.838 0.42 4.566 13.371 4.507
0.502959 27.4409 18.478 17.917 12.837 0.421 4.425 13.287 4.503
0.502959 27.4386 18.462 17.937 12.82 0.416 4.432 13.302 4.492
0.528107 27.527 18.444 17.842 12.822 0.421 4.405 13.224 4.493
0.515789 27.5642 18.407 17.829 12.852 0.418 4.386 13.239 4.462
0.564103 27.5695 18.407 17.817 12.855 0.422 4.381 13.209 4.479
0.540783 27.4718 18.533 17.826 12.897 0.45 4.424 13.249 4.447
0.528107 27.4213 18.591 17.83 12.865 0.448 4.49 13.245 4.455
0.528107 27.5429 18.466 17.796 12.896 0.449 4.361 13.212 4.45
0.559172 27.4657 18.49 17.871 12.856 0.454 4.412 13.275 4.466
0.559172 27.5452 18.43 17.83 12.833 0.417 4.395 13.263 4.438
0.590237 27.5961 18.406 17.788 12.814 0.419 4.379 13.208 4.435
0.565914 27.5058 18.451 17.87 12.854 0.419 4.438 13.282 4.456
0.539359 27.3396 18.468 18.061 12.835 0.419 4.445 13.319 4.535
0.56213 27.1687 18.918 17.845 13.269 0.429 4.433 13.281 4.439
0.56213 27.365 18.607 17.895 12.992 0.452 4.397 13.285 4.47
0.535324 27.2889 18.678 17.927 13.061 0.429 4.42 13.321 4.48
0.559172 27.5323 18.44 17.838 12.862 0.421 4.37 13.246 4.464
0.540783 27.4801 18.494 17.845 12.847 0.462 4.409 13.256 4.457
0.560408 27.5452 18.418 17.845 12.845 0.42 4.406 13.284 4.435
0.591241 27.5497 18.452 17.797 12.863 0.419 4.423 13.227 4.437
0.524208 27.5915 18.419 17.782 12.838 0.419 4.406 13.2 4.456
0.545263 27.4914 18.467 17.864 12.864 0.42 4.414 13.278 4.455
0.547753 27.5908 18.397 17.802 12.825 0.419 4.408 13.245 4.421
0.505464 27.6136 18.4 17.773 12.832 0.42 4.406 13.236 4.414
0.487078 27.468 18.463 17.894 12.835 0.422 4.439 13.295 4.468
0.553753 27.5164 18.434 17.868 12.86 0.418 4.403 13.31 4.428
0.510848 27.2428 18.698 17.973 12.911 0.433 4.561 13.362 4.483
0.534121 27.3321 18.463 18.081 12.756 0.424 4.481 13.274 4.682
0.534121 27.4348 18.59 17.824 13.016 0.419 4.401 13.245 4.452
0.543246 27.3411 18.695 17.835 13.011 0.425 4.425 13.252 4.459
0.497121 27.4522 18.414 17.969 12.792 0.421 4.449 13.37 4.468
0.530241 27.5012 18.43 17.892 12.841 0.42 4.43 13.314 4.455
0.462158 27.9728 18.67 17.028 13.024 0.418 4.419 12.41 4.482
0.450549 27.413 18.495 17.927 12.846 0.419 4.459 13.307 4.476
0.466667 27.3067 18.625 17.948 12.907 0.418 4.511 13.337 4.474
0.450549 27.3471 18.546 17.978 12.864 0.436 4.465 13.331 4.509
0.449148 27.3853 18.532 17.943 12.845 0.419 4.477 13.363 4.456
0.419494 27.4085 18.602 17.84 12.896 0.422 4.491 13.254 4.457
0.449148 27.4484 18.528 17.863 12.828 0.418 4.499 13.261 4.471
0.450549 28.127 17.646 17.867 11.997 0.422 4.453 13.249 4.488
0.419355 27.3321 18.601 17.929 12.925 0.418 4.463 13.289 4.485
0.472817 27.9783 17.722 17.977 12.009 0.433 4.482 13.343 4.495
0.462158 27.3583 18.556 17.952 12.876 0.418 4.462 13.277 4.539
0.483387 27.4605 18.515 17.854 12.845 0.423 4.443 13.259 4.464
0.483387 27.3905 18.544 17.923 12.834 0.459 4.477 13.284 4.497
0.492428 27.3815 18.564 17.915 12.845 0.453 4.465 13.287 4.495
0.512701 27.3023 18.562 18.024 12.909 0.42 4.441 13.403 4.487
0.468328 27.3988 18.559 17.897 12.887 0.42 4.465 13.262 4.507
0.471585 28.0034 17.723 17.944 12.007 0.418 4.488 13.283 4.511
0.444556 27.419 18.539 17.886 12.845 0.419 4.483 13.263 4.49
0.420616 27.386 18.544 17.923 12.837 0.425 4.502 13.253 4.53
0.420616 27.353 18.598 17.919 12.864 0.42 4.524 13.29 4.503
0.441133 27.4522 18.498 17.892 12.829 0.418 4.469 13.261 4.493
0.471322 27.4228 18.516 17.911 12.844 0.419 4.465 13.321 4.468
0.440313 27.4424 18.525 17.876 12.849 0.419 4.476 13.258 4.49
0.469062 27.2502 18.746 17.908 12.989 0.42 4.498 13.275 4.504
0.412668 27.3995 18.539 17.908 12.849 0.42 4.45 13.275 4.503
0.441133 27.3478 18.568 17.955 12.843 0.419 4.482 13.263 4.554
0.412159 27.3613 18.532 17.965 12.816 0.422 4.476 13.315 4.522
0.443038 27.3172 18.631 17.924 12.859 0.422 4.512 13.257 4.538
0.407307 27.3239 18.593 17.958 12.843 0.42 4.507 13.303 4.526
0.434483 27.3351 18.604 17.934 12.867 0.418 4.481 13.282 4.522
0.443038 27.4341 18.545 17.859 12.825 0.418 4.483 13.229 4.505
0.423347 27.3306 18.563 17.98 12.813 0.42 4.525 13.351 4.503
0.393048 27.1533 18.705 18.079 12.821 0.424 4.627 13.424 4.525
0.370588 27.3358 18.602 17.946 12.903 0.42 4.459 13.284 4.503
0.406723 27.3358 18.607 17.94 12.868 0.42 4.501 13.318 4.501
0.406723 27.362 18.575 17.935 12.824 0.417 4.487 13.244 4.564
0.406723 27.2621 18.607 18.024 12.891 0.425 4.486 13.319 4.526
0.42521 27.3523 18.563 17.956 12.843 0.42 4.458 13.274 4.551
0.42521 27.2584 18.656 17.962 12.879 0.422 4.514 13.291 4.542
0.401587 27.3105 18.612 17.96 12.865 0.419 4.483 13.295 4.537
0.389457 27.306 18.614 17.962 12.84 0.422 4.502 13.252 4.558
0.389457 27.1857 18.681 18.055 12.883 0.422 4.55 13.392 4.536
0.401587 27.3105 18.55 18.021 12.799 0.421 4.507 13.359 4.533
0.419048 27.2926 18.62 17.974 12.841 0.419 4.522 13.354 4.497
0.406766 27.3575 18.561 17.947 12.838 0.421 4.49 13.321 4.504
0.419048 27.3545 18.579 17.936 12.86 0.423 4.478 13.319 4.49
0.443177 27.2777 18.643 17.976 12.885 0.421 4.526 13.341 4.508
0.417536 27.353 18.558 17.953 12.857 0.425 4.46 13.325 4.505
0.443177 27.2851 18.564 18.045 12.84 0.422 4.505 13.374 4.54
0.443396 27.3718 18.571 17.922 12.839 0.422 4.499 13.294 4.502
0.457143 27.3583 18.58 17.927 12.844 0.421 4.508 13.295 4.504
0.417536 27.3703 18.576 17.915 12.843 0.418 4.491 13.291 4.498
0.461266 27.3381 18.589 17.943 12.863 0.418 4.494 13.306 4.513
0.410989 27.274 18.625 17.995 12.856 0.419 4.516 13.35 4.522
0.42532 27.1783 18.726 18.025 12.876 0.418 4.614 13.354 4.546
0.42532 27.1289 18.773 18.036 12.887 0.42 4.582 13.335 4.561
0.426743 27.2301 18.672 18.005 12.903 0.423 4.521 13.343 4.536
0.408962 27.1106 18.724 18.095 12.889 0.42 4.584 13.393 4.57
0.391184 27.2539 18.637 18.011 12.859 0.417 4.538 13.331 4.545
0.374566 27.3232 18.599 17.964 12.842 0.418 4.519 13.292 4.552
0.393162 27.1437 18.664 18.132 12.823 0.422 4.591 13.382 4.601
0.394477 27.1245 18.719 18.097 12.878 0.434 4.584 13.382 4.586
0.410914 27.1319 18.737 18.074 12.888 0.422 4.598 13.38 4.566
0.410914 27.2621 18.644 17.997 12.856 0.422 4.539 13.307 4.56
0.394477 26.0593 20.204 18.13 14.294 0.431 4.576 13.396 4.605
0.394477 27.0446 18.92 18.012 13.074 0.42 4.593 13.307 4.57
0.375 27.14 18.671 18.127 12.826 0.418 4.604 13.367 4.624
0.35693 27.1069 18.793 18.061 12.895 0.419 4.578 13.345 4.587
0.35693 26.7989 18.872 18.409 12.838 0.442 4.669 13.533 4.749
0.35693 27.1385 18.71 18.101 12.838 0.429 4.587 13.333 4.634
0.342058 27.1813 18.714 18.036 12.892 0.418 4.559 13.297 4.6
0.342058 27.1297 18.7 18.115 12.815 0.456 4.587 13.361 4.62
0.342058 26.9847 18.902 18.112 12.929 0.421 4.679 13.336 4.646
0.39 27.0409 18.881 18.052 13 0.419 4.605 13.315 4.605
0.410256 27.0519 18.863 18.059 12.863 0.42 4.704 13.373 4.556
0.410256 26.9862 18.838 18.175 12.942 0.42 4.631 13.456 4.592
0.378041 27.1466 18.666 18.117 12.809 0.421 4.586 13.382 4.611
0.378041 27.2405 18.67 17.992 12.822 0.421 4.542 13.285 4.573
0.378041 27.171 18.712 18.038 12.841 0.428 4.594 13.316 4.581
0.413757 27.0629 18.892 18.019 13.01 0.453 4.561 13.306 4.582
0.42532 27.1998 18.692 18.032 12.873 0.425 4.539 13.327 4.576
0.441679 27.0299 18.913 18.04 13.065 0.429 4.572 13.325 4.579
0.40715 27.1533 18.715 18.067 12.85 0.423 4.579 13.349 4.584
0.423117 27.2064 18.689 18.022 12.847 0.417 4.567 13.345 4.553
0.423117 27.2153 18.606 18.098 12.804 0.424 4.55 13.357 4.604
0.40715 27.219 18.667 18.027 12.83 0.42 4.537 13.33 4.575
0.40715 27.2747 18.643 17.979 12.851 0.417 4.542 13.28 4.568
0.40715 27.1592 18.732 18.053 12.869 0.451 4.562 13.334 4.589
0.40715 27.1998 18.725 17.998 12.949 0.417 4.524 13.29 4.575
0.40715 27.1769 18.663 18.086 12.845 0.419 4.578 13.321 4.602
0.408284 27.2057 18.656 18.058 12.845 0.42 4.525 13.317 4.61
0.426035 27.1754 18.705 18.039 12.854 0.429 4.557 13.298 4.614
0.414873 27.188 18.706 18.028 12.863 0.418 4.561 13.292 4.612
0.432018 27.1142 18.741 18.103 12.88 0.422 4.578 13.351 4.579
0.443787 27.1968 18.704 18.014 12.885 0.423 4.562 13.333 4.55
0.461538 27.2227 18.64 18.055 12.842 0.42 4.552 13.34 4.587
0.461538 27.1415 18.785 18.011 13.007 0.42 4.53 13.324 4.543
0.402589 27.1894 18.691 18.043 12.871 0.421 4.565 13.336 4.569
0.460224 27.1828 18.649 18.096 12.831 0.434 4.562 13.397 4.567
0.425088 27.1806 18.705 18.038 12.86 0.424 4.565 13.3 4.604
0.430528 27.1569 18.728 18.05 12.874 0.419 4.598 13.344 4.575
0.430528 27.2309 18.676 18.003 12.852 0.421 4.565 13.321 4.553
0.42 27.2116 18.671 18.035 12.829 0.425 4.553 13.299 4.602
0.426357 27.0658 18.759 18.141 12.884 0.42 4.59 13.387 4.619
0.426357 27.2013 18.666 18.048 12.858 0.441 4.523 13.339 4.565
0.44186 27.1084 18.782 18.066 12.964 0.422 4.558 13.311 4.62
0.435 27.14 18.72 18.087 12.863 0.42 4.61 13.347 4.616
0.418193 27.1924 18.71 18.021 12.898 0.417 4.538 13.31 4.584
0.39759 27.0585 18.805 18.102 12.956 0.421 4.58 13.331 4.636
0.435 27.0555 18.732 18.176 12.875 0.424 4.55 13.438 4.608
0.435 27.1916 18.678 18.059 12.838 0.424 4.582 13.357 4.581
0.418093 27.1312 18.72 18.096 12.888 0.419 4.565 13.381 4.58
0.418093 27.1628 18.707 18.067 12.888 0.421 4.556 13.353 4.586
0.432763 27.126 18.738 18.082 12.854 0.418 4.615 13.37 4.578
0.432763 27.2301 18.654 18.027 12.851 0.422 4.542 13.345 4.555
0.435115 27.1363 18.7 18.106 12.868 0.417 4.573 13.399 4.575
0.435115 27.1857 18.717 18.026 12.876 0.418 4.581 13.307 4.588
0.452105 27.1584 18.72 18.059 12.862 0.421 4.596 13.319 4.594
0.452774 27.1106 18.747 18.099 12.875 0.425 4.596 13.362 4.611
0.446994 26.9179 19.058 18.05 13.218 0.449 4.537 13.337 4.58
0.446994 27.0783 18.718 18.164 12.864 0.42 4.609 13.396 4.638
0.463146 26.9986 18.762 18.231 12.923 0.42 4.581 13.355 4.732
0.463146 27.0717 18.748 18.111 12.867 0.418 4.575 13.407 4.58
0.463146 27.168 18.706 18.052 12.856 0.419 4.563 13.318 4.607
0.44697 27.1437 18.736 18.055 12.874 0.423 4.59 13.329 4.591
0.44697 27.0519 18.815 18.116 12.894 0.422 4.653 13.393 4.603
0.44697 26.9614 18.916 18.129 12.861 0.419 4.731 13.388 4.606
0.469231 26.9986 18.805 18.197 12.93 0.422 4.61 13.435 4.634
0.469231 26.8716 19.03 18.14 13.096 0.418 4.594 13.414 4.596
0.469231 26.915 18.981 18.127 13.086 0.419 4.618 13.379 4.614
0.44634 27.0563 18.764 18.152 12.857 0.423 4.629 13.376 4.646
0.426132 27.0008 18.865 18.127 12.917 0.45 4.606 13.354 4.636
0.426132 27.0183 18.799 18.16 12.897 0.42 4.591 13.356 4.639
0.42026 27.0577 18.834 18.081 12.908 0.418 4.59 13.353 4.594
0.42026 27.0834 18.778 18.106 12.87 0.419 4.608 13.377 4.602
0.426132 27.115 18.744 18.092 12.869 0.419 4.588 13.374 4.578
0.441572 27.0395 18.806 18.121 12.87 0.421 4.636 13.403 4.593
0.448059 27.0695 18.741 18.16 12.826 0.423 4.622 13.413 4.617
0.443951 27.0643 18.763 18.143 12.853 0.425 4.629 13.378 4.637
0.402405 26.9891 18.832 18.174 12.898 0.419 4.633 13.392 4.647
0.398936 27.0278 18.807 18.151 12.867 0.419 4.636 13.374 4.646
0.387339 27.0343 18.827 18.12 12.869 0.421 4.641 13.33 4.658
0.374427 26.9476 18.907 18.159 12.892 0.445 4.649 13.364 4.664
0.386506 26.9114 18.962 18.156 13.035 0.42 4.6 13.372 4.653
0.386506 26.9346 18.909 18.128 12.94 0.425 4.641 13.343 4.651
0.373178 26.9484 18.886 18.181 12.932 0.418 4.638 13.358 4.696
0.373178 27.0234 18.818 18.144 12.862 0.417 4.61 13.383 4.637
0.373178 27.0336 18.819 18.128 12.868 0.42 4.629 13.371 4.63
0.35985 26.9738 18.897 18.132 12.893 0.421 4.663 13.375 4.627
0.35985 26.9418 18.877 18.197 12.877 0.42 4.675 13.401 4.664
0.371095 26.9288 18.932 18.162 12.945 0.42 4.628 13.356 4.677
0.357351 26.9469 18.909 18.157 12.875 0.456 4.656 13.376 4.649
0.346667 26.9447 18.855 18.21 12.923 0.418 4.624 13.375 4.665
0.36 26.9034 18.923 18.205 12.932 0.417 4.656 13.37 4.705
0.352071 26.9491 18.848 18.219 12.888 0.418 4.635 13.433 4.655
0.364645 26.8384 18.892 18.319 12.851 0.419 4.709 13.484 4.702
0.364645 26.8341 18.976 18.243 12.905 0.42 4.708 13.405 4.703
0.341716 26.9556 18.913 18.143 12.885 0.45 4.654 13.35 4.664
0.341716 26.8111 18.94 18.313 12.923 0.42 4.647 13.431 4.698
0.322851 26.8442 18.904 18.305 12.873 0.42 4.638 13.474 4.702
0.332635 26.9179 18.897 18.218 12.887 0.419 4.642 13.401 4.691
0.332635 26.8413 18.962 18.257 12.886 0.419 4.684 13.403 4.712
0.344514 26.9179 18.887 18.22 12.884 0.419 4.619 13.4 4.689
0.334382 26.8788 18.931 18.224 12.896 0.419 4.673 13.409 4.687
0.345912 26.8384 18.975 18.242 12.949 0.42 4.647 13.37 4.73
0.345912 26.8478 18.89 18.312 12.835 0.424 4.692 13.468 4.699
0.294552 26.7867 18.938 18.34 12.883 0.417 4.689 13.465 4.738
0.279661 26.7831 18.941 18.346 12.869 0.423 4.692 13.451 4.759
0.288136 26.7745 19.002 18.304 12.878 0.425 4.687 13.467 4.711
0.288136 26.8392 18.945 18.272 12.858 0.427 4.674 13.407 4.721
0.277322 26.6709 19.095 18.355 12.928 0.466 4.707 13.449 4.774
0.286885 26.7294 18.985 18.384 12.859 0.429 4.703 13.453 4.801
0.278689 26.6532 19.093 18.381 12.908 0.433 4.742 13.5 4.748
0.269841 26.7244 19.078 18.301 12.896 0.425 4.756 13.421 4.752
0.261137 26.6553 19.121 18.349 12.952 0.428 4.725 13.434 4.783
0.252404 26.7044 19.045 18.358 12.872 0.424 4.694 13.466 4.759
0.233012 26.6276 19.079 18.438 12.848 0.429 4.792 13.498 4.812
0.23416 26.6937 19.068 18.351 12.913 0.423 4.709 13.455 4.766
0.220588 26.2144 19.663 18.439 13.399 0.42 4.767 13.519 4.777
0.234848 26.7137 19.05 18.341 12.845 0.427 4.751 13.438 4.77
0.261905 26.6503 19.114 18.347 12.917 0.427 4.746 13.444 4.776
0.227941 26.6312 19.048 18.46 12.861 0.424 4.74 13.542 4.786
0.212072 26.5562 19.133 18.48 12.85 0.424 4.815 13.528 4.82
0.241965 26.6304 19.164 18.345 12.907 0.431 4.758 13.448 4.765
0.24977 26.7044 19.048 18.355 12.868 0.426 4.724 13.455 4.767
0.24977 26.6035 19.138 18.402 12.881 0.42 4.788 13.473 4.792
0.24977 26.6028 19.12 18.426 12.908 0.454 4.729 13.49 4.805
0.234645 26.5908 19.143 18.422 12.94 0.422 4.763 13.49 4.806
0.21831 26.5527 19.161 18.458 12.904 0.42 4.759 13.507 4.823
0.206431 26.4669 19.2 18.518 12.934 0.423 4.792 13.519 4.853
0.206431 26.5393 19.171 18.463 12.889 0.46 4.743 13.503 4.821
0.21831 26.4683 19.229 18.518 12.931 0.432 4.815 13.514 4.872
0.234645 26.1267 19.682 18.536 13.247 0.432 4.831 13.564 4.839
0.242215 26.3532 19.475 18.432 13.21 0.418 4.745 13.507 4.795
0.242215 26.5562 19.167 18.451 12.91 0.421 4.797 13.516 4.803
0.225352 26.455 19.227 18.525 12.929 0.422 4.833 13.549 4.841
0.21347 26.5647 19.175 18.425 12.89 0.448 4.767 13.466 4.825
0.21347 26.3595 19.326 18.529 13.021 0.419 4.809 13.562 4.831
0.208108 26.4033 19.232 18.6 12.91 0.425 4.802 13.61 4.855
0.208108 26.4159 19.278 18.514 12.919 0.419 4.822 13.526 4.852
0.203008 26.2778 19.369 18.639 12.964 0.425 4.79 13.562 4.931
0.192795 26.3366 19.266 18.662 12.863 0.422 4.828 13.653 4.871
0.208108 26.4326 19.327 18.461 12.896 0.422 4.867 13.493 4.835
0.208108 26.4852 19.21 18.506 12.937 0.42 4.766 13.484 4.889
0.208108 26.4306 19.215 18.576 12.85 0.429 4.814 13.577 4.865
0.203008 26.4264 19.219 18.551 12.895 0.419 4.803 13.56 4.853
0.203008 26.395 19.273 18.568 12.866 0.456 4.83 13.571 4.861
0.19815 26.3296 19.279 18.656 12.883 0.422 4.833 13.648 4.873
0.189401 26.2391 19.241 18.829 12.86 0.426 4.835 13.68 5.018
0.209672 26.3158 19.333 18.612 12.877 0.455 4.845 13.573 4.899
0.210159 26.3019 19.398 18.578 12.924 0.427 4.827 13.589 4.858
0.200542 26.3588 19.255 18.64 12.882 0.429 4.824 13.58 4.923
0.200542 26.2295 19.383 18.693 12.94 0.427 4.859 13.625 4.935
0.19105 26.2323 19.368 18.705 12.916 0.424 4.872 13.659 4.908
0.200542 26.264 19.396 18.643 12.914 0.453 4.88 13.629 4.887
0.200241 26.2784 19.328 18.678 12.876 0.419 4.841 13.653 4.893
0.205962 26.3019 19.314 18.663 12.882 0.427 4.846 13.615 4.903
0.201377 25.9754 19.494 18.958 12.883 0.448 4.992 13.835 4.987
0.192863 26.8356 19.402 17.815 12.903 0.429 4.888 12.747 4.931
0.184244 26.1445 19.431 18.774 12.927 0.424 4.907 13.671 4.969
0.17952 26.06 19.489 18.836 12.912 0.428 4.908 13.74 4.957
0.187918 26.1814 19.443 18.71 12.898 0.424 4.917 13.646 4.93
0.192863 26.7137 19.49 17.893 12.973 0.428 4.909 12.772 4.979
0.192863 26.0647 19.455 18.869 12.875 0.43 4.936 13.759 4.974
0.188968 26.2274 19.385 18.71 12.874 0.431 4.907 13.627 4.948
0.17678 25.941 19.592 18.919 12.986 0.434 4.968 13.785 5.008
0.165733 26.0004 19.51 18.907 12.88 0.43 4.973 13.697 5.065
0.17678 26.0139 19.59 18.81 12.977 0.438 4.943 13.659 5.003
0.188968 26.1267 19.503 18.727 12.914 0.427 4.911 13.651 4.934
0.183861 26.7953 19.454 17.822 12.941 0.428 4.883 12.74 4.942
0.183861 26.0967 19.495 18.779 12.915 0.425 4.909 13.721 4.912
0.172002 26.0817 19.457 18.79 12.904 0.426 4.889 13.683 4.963
0.16159 25.8853 19.717 18.868 13.092 0.428 4.965 13.699 5.033
0.151799 26.0024 19.538 18.874 12.913 0.426 4.97 13.698 5.044
0.151799 25.9653 19.633 18.836 12.94 0.429 4.996 13.724 4.985
0.157223 25.9558 19.534 18.937 12.861 0.424 5 13.743 5.056
0.157223 26.0369 19.511 18.849 12.868 0.428 4.944 13.744 4.974
0.161254 26.0078 19.501 18.911 12.892 0.429 4.932 13.726 5.029
0.169877 25.9882 19.603 18.829 12.912 0.431 4.963 13.72 4.978
0.163476 25.9767 19.526 18.926 12.924 0.458 4.912 13.713 5.079
0.159583 25.9525 19.588 18.906 12.923 0.425 4.978 13.733 5.041
0.148215 25.9471 19.553 18.946 12.935 0.426 4.932 13.728 5.073
0.136124 25.8833 19.662 18.934 12.918 0.428 5.034 13.756 5.053
0.144414 25.8726 19.666 18.941 12.957 0.42 4.999 13.722 5.087
0.155902 25.8699 19.68 18.923 12.937 0.421 5.034 13.748 5.041
0.155902 25.8431 19.676 18.951 12.953 0.43 4.999 13.781 5.039
0.148215 25.888 19.647 18.929 12.921 0.428 5.018 13.749 5.041
0.147059 25.8071 19.652 19.052 12.892 0.429 5.025 13.822 5.093
0.147059 25.7579 19.717 19.062 12.926 0.465 5.027 13.834 5.095
0.138852 25.7858 19.719 19.016 12.948 0.425 5.041 13.77 5.114
0.138674 25.7089 19.819 19.032 12.989 0.431 5.063 13.824 5.08
0.138674 25.7739 19.744 18.974 12.934 0.426 5.046 13.746 5.09
0.147059 25.8071 19.753 18.962 12.894 0.428 5.085 13.755 5.074
0.147059 25.7812 19.712 19.034 12.963 0.431 5.03 13.82 5.084
0.14687 25.7281 19.764 19.067 12.922 0.425 5.131 13.824 5.108
0.142323 25.748 19.734 19.061 12.954 0.427 5.003 13.8 5.128
0.145794 24.8219 21.133 19.114 14.07 0.424 5.08 13.809 5.17
0.140117 25.4771 20.03 19.178 13.134 0.431 5.132 13.811 5.198
0.132743 25.5539 19.894 19.197 12.971 0.427 5.093 13.87 5.19
0.132822 25.5977 19.863 19.159 12.99 0.418 5.09 13.82 5.181
0.132822 25.5317 19.937 19.188 12.972 0.424 5.136 13.826 5.219
0.121888 25.4725 19.943 19.272 12.972 0.423 5.175 13.894 5.238
0.124861 25.4181 19.997 19.288 12.944 0.424 5.186 13.912 5.239
0.129425 25.5376 19.912 19.2 12.936 0.422 5.161 13.839 5.213
0.129425 25.5925 19.909 19.119 12.942 0.482 5.109 13.797 5.181
0.129425 25.5735 19.884 19.174 12.939 0.421 5.169 13.846 5.189
0.121739 25.4304 20.01 19.277 12.991 0.421 5.178 13.89 5.247
0.127982 25.4699 19.952 19.264 12.987 0.421 5.139 13.881 5.246
0.126471 25.3743 20.06 19.305 13.051 0.425 5.181 13.908 5.258
0.125066 25.2436 20.13 19.437 13.078 0.448 5.18 13.886 5.408
0.125066 25.3665 20.084 19.299 12.938 0.423 5.258 13.852 5.313
0.129412 25.3807 20.094 19.229 12.958 0.419 5.215 13.825 5.267
0.115486 25.3704 20.041 19.333 12.971 0.423 5.188 13.895 5.307
0.129412 25.2876 20.167 19.333 12.977 0.423 5.276 13.908 5.282
0.129202 25.4039 20.04 19.274 12.989 0.427 5.156 13.862 5.278
0.129202 25.4907 19.983 19.188 12.93 0.421 5.204 13.79 5.25
0.124934 25.2538 20.16 19.398 12.985 0.426 5.253 13.935 5.323
0.122158 25.3088 20.082 19.387 12.968 0.424 5.24 13.909 5.341
0.125066 25.3479 20.121 19.286 13.002 0.449 5.224 13.843 5.306
0.120922 25.257 20.162 19.381 12.982 0.421 5.31 13.869 5.38
0.113623 25.2258 20.157 19.438 12.959 0.419 5.297 13.924 5.378
0.116148 25.1965 20.168 19.474 12.91 0.423 5.298 13.928 5.405
0.113682 25.1946 20.183 19.463 12.881 0.423 5.322 13.962 5.368
0.106965 25.1921 20.15 19.503 12.96 0.42 5.255 13.934 5.417
0.0983213 24.9919 20.346 19.622 12.945 0.424 5.364 14.003 5.482
0.100876 25.0156 20.317 19.612 12.913 0.422 5.395 14.004 5.47
0.100928 24.9594 20.395 19.627 12.917 0.424 5.429 14.009 5.48
0.103118 25.0138 20.37 19.554 12.99 0.422 5.38 13.983 5.436
0.095292 25.0238 20.345 19.546 12.997 0.419 5.36 13.953 5.453
0.095292 24.8404 20.501 19.715 13.014 0.425 5.456 14.069 5.513
0.104588 25.0019 20.399 19.55 12.919 0.426 5.451 13.931 5.481
0.109453 25.0828 20.321 19.507 12.986 0.421 5.374 13.916 5.45
0.11194 25.0614 20.296 19.568 12.942 0.423 5.375 13.932 5.491
0.110312 24.9433 20.34 19.702 12.964 0.425 5.322 14.095 5.448
0.11271 24.9975 20.394 19.572 12.921 0.423 5.413 13.954 5.483
0.106471 25.0006 20.386 19.567 12.952 0.421 5.406 13.992 5.437
0.102184 24.8738 20.464 19.692 12.958 0.422 5.438 14.014 5.516
0.104406 24.7097 20.572 19.808 12.946 0.436 5.526 14.068 5.565
0.0989474 24.8651 20.499 19.674 12.881 0.422 5.531 13.933 5.595
0.101053 24.6737 20.685 19.801 12.936 0.437 5.633 14.006 5.618
0.103158 24.7048 20.615 19.76 12.923 0.437 5.575 13.977 5.642
0.105263 24.7292 20.685 19.709 13.004 0.427 5.535 13.972 5.589
0.100596 24.6208 20.702 19.871 12.997 0.433 5.552 14.05 5.679
0.113291 24.695 20.699 19.755 12.973 0.428 5.642 14.067 5.546
0.11107 24.8423 20.495 19.717 12.966 0.422 5.451 14.042 5.536
0.11107 24.6822 20.713 19.766 12.982 0.424 5.668 14.097 5.532
0.115698 24.8676 20.509 19.655 12.933 0.422 5.457 14.007 5.51
0.118012 24.8509 20.554 19.636 12.953 0.423 5.496 13.999 5.502
0.116228 24.8231 20.448 19.745 12.926 0.424 5.497 14.001 5.604
0.118553 24.7237 20.67 19.733 12.955 0.428 5.577 14.002 5.579
0.118596 24.7408 20.604 19.761 12.934 0.423 5.528 14.004 5.612
0.113253 24.7231 20.587 19.827 12.908 0.424 5.579 14.025 5.661
0.113253 24.6166 20.667 19.881 12.93 0.422 5.623 14.011 5.729
0.111102 24.656 20.712 19.803 12.983 0.423 5.597 13.948 5.713
0.111102 24.5519 20.795 19.888 12.954 0.422 5.686 13.996 5.751
0.115295 24.7072 20.642 19.788 12.895 0.422 5.62 13.97 5.669
0.109095 24.5014 20.77 19.997 12.984 0.431 5.665 14.094 5.765
0.113135 24.3861 20.956 20.006 12.972 0.439 5.795 14.065 5.802
0.117249 24.5308 20.788 19.933 12.966 0.427 5.702 14.001 5.784
0.112426 24.4762 20.822 19.998 12.939 0.46 5.717 14.062 5.793
0.116405 24.0321 21.559 20.008 13.391 0.424 5.889 14.037 5.826
0.111742 24.216 21.121 20.082 13.142 0.428 5.779 14.063 5.858
0.111742 24.2612 21.029 20.126 12.991 0.419 5.874 14.035 5.949
0.113636 24.2683 20.964 20.193 12.943 0.422 5.89 14.129 5.911
0.108059 24.1727 21.092 20.231 13.026 0.428 5.871 14.098 5.985
0.111722 24.1214 21.184 20.225 12.98 0.429 5.959 14.056 6.019
0.113553 24.1709 21.103 20.223 12.961 0.429 5.946 14.074 5.992
0.105738 24.1861 21.044 20.247 12.991 0.425 5.886 14.097 6.004
0.105738 24.101 21.206 20.239 12.929 0.419 6.025 14.049 6.046
0.103946 24.0871 21.169 20.295 12.971 0.428 5.981 14.064 6.072
0.0992323 24.0494 21.185 20.349 12.998 0.43 5.97 14.139 6.064
0.100941 23.9693 21.295 20.377 12.973 0.421 6.055 14.075 6.154
0.102596 24.0079 21.226 20.382 12.932 0.426 6.04 14.153 6.083
0.104278 23.9969 21.259 20.367 12.978 0.426 6.054 14.065 6.136
0.102273 23.7914 21.274 20.719 12.933 0.424 6.141 14.322 6.254
0.103896 23.7631 21.462 20.571 12.999 0.429 6.225 14.165 6.25
0.100951 23.5666 21.731 20.663 12.969 0.423 6.51 14.208 6.315
0.100951 23.6591 21.648 20.571 13.07 0.428 6.269 14.125 6.295
0.104106 23.6546 21.566 20.661 12.999 0.43 6.309 14.249 6.269
0.105683 23.6804 21.524 20.655 12.954 0.423 6.289 14.15 6.36
0.0997024 23.722 21.431 20.682 12.931 0.462 6.208 14.171 6.373
0.10119 23.5944 21.611 20.724 12.975 0.419 6.344 14.146 6.429
0.102747 23.5355 21.643 20.804 12.973 0.46 6.366 14.247 6.414
0.101038 23.4907 21.672 20.854 12.984 0.426 6.354 14.191 6.518
0.102524 23.4742 21.687 20.87 12.942 0.429 6.436 14.235 6.494
0.102524 23.445 21.678 20.926 12.892 0.42 6.494 14.256 6.508
0.101038 23.3869 21.782 20.921 12.938 0.422 6.5 14.231 6.534
0.0952052 23.3699 21.746 20.998 12.932 0.427 6.47 14.258 6.598
0.0966053 23.297 21.872 20.996 12.94 0.423 6.593 14.272 6.579
0.0994258 23.2196 21.934 21.085 12.925 0.425 6.658 14.285 6.653
0.100846 23.2656 21.9 21.038 12.96 0.424 6.584 14.222 6.662
0.0988558 23.1219 21.925 21.277 12.938 0.455 6.617 14.357 6.768
0.105835 23.0436 22.123 21.234 12.978 0.426 6.784 14.385 6.7
0.110126 23.0595 22.081 21.238 12.94 0.427 6.8 14.373 6.711
0.110126 23.0266 22.177 21.207 12.951 0.439 6.8 14.36 6.692
0.111594 23.1219 22.064 21.135 12.934 0.428 6.707 14.244 6.741
0.111594 23.0144 22.177 21.231 13.012 0.432 6.782 14.315 6.771
0.108298 22.9674 22.07 21.419 12.987 0.427 6.719 14.395 6.847
0.111111 22.8938 22.26 21.377 12.971 0.457 6.858 14.37 6.861
0.11396 22.9053 22.242 21.371 12.94 0.426 6.872 14.387 6.83
0.115385 22.9558 22.205 21.309 12.959 0.425 6.847 14.333 6.824
0.113924 22.8087 22.368 21.429 12.994 0.429 6.94 14.406 6.873
0.115331 22.8781 22.257 21.408 12.973 0.425 6.861 14.376 6.88
0.118234 22.9226 22.258 21.315 12.966 0.423 6.852 14.329 6.837
0.112849 22.8196 22.236 21.542 12.981 0.427 6.85 14.415 6.98
0.108802 22.627 22.405 21.736 12.951 0.424 6.994 14.469 7.115
0.111458 22.6111 22.476 21.695 12.928 0.456 7.062 14.436 7.09
0.111458 22.6122 22.55 21.629 12.973 0.422 7.098 14.411 7.056
0.107595 22.4417 22.676 21.84 12.96 0.422 7.24 14.436 7.253
0.110159 22.4674 22.711 21.75 12.994 0.421 7.231 14.381 7.212
0.11402 22.4336 22.735 21.795 12.931 0.423 7.286 14.401 7.237
0.11666 22.3684 22.831 21.827 12.977 0.426 7.322 14.442 7.197
0.117942 22.3879 22.795 21.782 12.954 0.421 7.298 14.452 7.18
0.119329 22.3629 22.744 21.917 12.964 0.425 7.276 14.483 7.278
0.113466 22.3085 22.76 22.019 12.984 0.429 7.216 14.451 7.419
0.108075 22.1317 22.874 22.271 12.939 0.428 7.42 14.528 7.596
0.102019 21.8398 23.139 22.604 12.928 0.424 7.589 14.624 7.826
0.103104 21.826 23.295 22.474 12.981 0.426 7.686 14.595 7.73
0.106499 21.8393 23.254 22.487 12.946 0.416 7.674 14.603 7.731
0.108695 21.8905 23.206 22.38 12.96 0.424 7.651 14.522 7.7
0.112166 21.8103 23.331 22.475 12.995 0.426 7.788 14.535 7.793
0.113276 21.8117 23.371 22.434 12.925 0.437 7.797 14.583 7.703
0.108319 21.6967 23.304 22.748 12.947 0.428 7.783 14.648 7.945
0.109381 21.6183 23.514 22.697 12.956 0.423 7.879 14.615 7.933
0.111684 21.1224 24.579 22.719 13.64 0.435 8.021 14.629 7.932
0.115263 21.6155 23.603 22.606 13.023 0.417 7.896 14.581 7.872
0.117626 21.5466 23.574 22.792 13.015 0.428 7.916 14.632 7.996
0.118736 21.5327 23.652 22.744 12.961 0.431 7.974 14.674 7.913
0.113939 21.4381 23.614 22.981 13.017 0.43 7.955 14.682 8.143
0.114994 21.427 23.758 22.869 12.954 0.424 8.084 14.566 8.139
0.119416 21.368 23.812 22.942 12.969 0.418 8.114 14.645 8.139
0.124108 21.3986 23.767 22.903 12.99 0.425 8.098 14.672 8.078
0.128687 21.1936 24.164 22.963 13.386 0.466 8.07 14.624 8.18
0.127737 21.2716 23.739 23.228 12.931 0.428 8.133 14.731 8.339
0.127889 21.0058 24.341 23.224 13.212 0.419 8.376 14.725 8.345
0.127287 21.118 24.111 23.186 12.977 0.434 8.358 14.757 8.276
0.127488 21.1028 24.116 23.227 13.006 0.422 8.387 14.764 8.307
0.127599 21.1475 24.057 23.184 12.962 0.465 8.341 14.646 8.342
0.127622 21.1363 23.982 23.205 12.92 0.433 8.326 14.694 8.361
0.132077 21.0717 24.058 23.348 12.95 0.428 8.331 14.715 8.485
0.127619 20.889 24.342 23.488 12.937 0.422 8.612 14.783 8.547
0.128165 20.9547 24.227 23.449 12.997 0.426 8.482 14.712 8.582
0.126316 20.9153 24.297 23.449 13.014 0.419 8.52 14.731 8.559
0.125553 20.9223 24.268 23.456 13.006 0.431 8.504 14.749 8.55
0.12365 20.9551 24.237 23.443 12.985 0.42 8.492 14.744 8.537
0.122701 20.8716 24.374 23.493 12.99 0.451 8.586 14.775 8.565
0.125122 20.6296 24.286 24.139 12.954 0.428 8.534 15 8.939
0.118117 20.5863 24.72 23.815 13.021 0.437 8.857 14.908 8.746
0.115437 20.555 24.754 23.854 12.973 0.422 8.898 14.894 8.798
0.112659 20.6283 24.65 23.784 12.939 0.424 8.853 14.867 8.764
0.110028 20.6339 24.656 23.766 12.964 0.422 8.826 14.843 8.764
0.113412 20.4382 24.608 24.276 12.929 0.443 8.789 14.913 9.2
0.104707 20.4248 24.828 24.087 12.948 0.422 8.985 14.834 9.096
0.126841 20.27 24.805 24.484 12.928 0.47 8.964 14.962 9.366
0.127804 19.9338 25.184 24.937 12.917 0.42 9.301 14.984 9.745
0.128172 19.6128 25.602 25.339 12.934 0.439 9.69 15.115 10.064
0.129443 19.149 26.438 25.734 12.977 0.429 9.998 15.17 10.396
