0.95642 31.082 17.322 14.814 8.72 0.472 5.943 9.271 5.405
0.911507 33.106 15.444 14.724 7.902 0.469 5.364 9.134 5.461
0.869906 32.4897 15.903 14.837 8.152 0.49 5.467 9.237 5.464
0.869906 32.6126 15.684 14.94 8.086 0.512 5.401 9.213 5.576
0.874793 33.2602 15.391 14.638 8.004 0.471 5.245 9.264 5.243
0.874793 33.6134 15.198 14.513 7.851 0.466 5.215 9.171 5.208
0.874793 33.37 15.339 14.592 8 0.47 5.169 9.214 5.246
0.874793 33.2646 15.271 14.751 7.897 0.468 5.24 9.332 5.281
0.874793 33.4124 15.314 14.572 7.913 0.468 5.272 9.164 5.271
0.882023 33.5694 15.217 14.534 7.881 0.469 5.174 9.16 5.241
0.882023 33.3578 15.235 14.705 7.887 0.466 5.211 9.318 5.251
0.889252 33.3801 15.349 14.572 7.942 0.475 5.263 9.156 5.28
0.822336 33.2513 15.283 14.754 7.924 0.474 5.205 9.187 5.428
0.812991 33.2381 15.393 14.653 7.936 0.472 5.306 9.214 5.3
0.798974 33.456 15.253 14.597 7.855 0.471 5.201 9.143 5.32
0.798974 33.3923 15.247 14.656 7.871 0.472 5.263 9.211 5.312
0.798974 33.2901 15.387 14.61 7.974 0.47 5.255 9.183 5.293
0.798974 33.2314 15.408 14.637 7.926 0.474 5.274 9.158 5.339
0.785983 33.6134 15.197 14.515 7.834 0.471 5.235 9.148 5.237
0.779487 33.2237 15.361 14.7 7.903 0.5 5.305 9.197 5.362
0.766496 33.2712 15.373 14.645 7.882 0.474 5.311 9.194 5.293
0.75943 33.5064 15.24 14.556 7.85 0.476 5.247 9.119 5.303
0.747578 33.1356 15.499 14.637 7.951 0.467 5.308 9.183 5.319
0.740019 33.2491 15.362 14.675 7.901 0.472 5.291 9.195 5.336
0.786825 33.2856 15.373 14.632 7.926 0.495 5.263 9.172 5.321
0.819312 33.6802 15.198 14.447 7.829 0.464 5.183 9.108 5.208
0.842369 33.7143 15.155 14.464 7.88 0.463 5.11 9.156 5.166
0.882864 33.5661 15.062 14.678 7.841 0.465 5.094 9.16 5.366
0.889787 33.8101 15.073 14.466 7.864 0.466 5.05 9.129 5.201
0.882864 33.3367 15.38 14.574 8.046 0.474 5.165 9.268 5.178
0.866472 33.4381 15.347 14.52 8.012 0.474 5.194 9.173 5.216
0.795823 33.888 14.989 14.478 7.799 0.473 5.054 9.079 5.262
0.786154 33.7052 15.185 14.44 7.894 0.469 5.122 9.11 5.178
0.792651 33.6315 15.228 14.456 7.884 0.474 5.195 9.106 5.215
0.792651 33.8158 15.086 14.442 7.854 0.465 5.101 9.075 5.228
0.799148 33.7268 15.134 14.476 7.865 0.47 5.083 9.091 5.251
0.788563 33.548 15.2 14.57 7.873 0.475 5.13 9.156 5.279
0.735248 33.6168 15.191 14.513 7.94 0.464 5.119 9.137 5.242
0.725312 33.4941 15.324 14.495 7.976 0.467 5.192 9.162 5.2
0.714488 33.3678 15.299 14.636 7.943 0.471 5.22 9.213 5.284
0.714488 33.3667 15.304 14.624 7.893 0.469 5.193 9.239 5.25
0.703744 33.5909 15.2 14.53 7.848 0.462 5.163 9.107 5.276
0.703744 33.6225 15.224 14.479 7.92 0.462 5.138 9.096 5.246
0.703744 33.6542 15.173 14.502 7.857 0.462 5.177 9.117 5.245
0.703744 33.6973 15.22 14.414 7.887 0.463 5.201 9.119 5.16
0.69397 33.6836 15.205 14.446 7.855 0.463 5.18 9.125 5.169
0.684196 33.4359 15.354 14.513 7.956 0.477 5.206 9.185 5.203
0.683485 33.5661 15.265 14.487 7.901 0.474 5.205 9.136 5.213
0.708231 33.7621 15.199 14.381 7.954 0.496 5.095 9.081 5.168
0.708231 33.687 15.214 14.429 7.93 0.466 5.176 9.116 5.185
0.703076 33.6621 15.248 14.42 7.934 0.472 5.177 9.108 5.182
0.697241 32.5998 16.08 14.556 8.553 0.472 5.254 9.307 5.119
0.691407 33.437 15.418 14.448 8.035 0.474 5.183 9.182 5.135
0.685572 33.6112 15.34 14.37 7.995 0.472 5.153 9.13 5.107
0.674754 33.6802 15.288 14.365 7.973 0.473 5.133 9.105 5.126
0.674754 33.5807 15.307 14.432 7.965 0.475 5.169 9.134 5.161
0.664021 33.5278 15.253 14.534 7.929 0.466 5.193 9.243 5.159
0.65534 33.6519 15.223 14.452 7.906 0.465 5.179 9.161 5.159
0.650454 33.6202 15.283 14.42 7.855 0.463 5.288 9.151 5.138
0.64198 33.6022 15.282 14.439 7.923 0.47 5.177 9.175 5.126
0.63163 33.5942 15.252 14.474 7.91 0.466 5.179 9.165 5.176
0.626114 32.9196 15.819 14.521 8.504 0.473 5.174 9.211 5.175
0.615889 33.53 15.296 14.482 7.978 0.495 5.151 9.17 5.182
0.615889 33.4638 15.377 14.469 8.016 0.466 5.212 9.184 5.151
0.615889 33.7257 15.238 14.375 7.918 0.463 5.181 9.126 5.122
0.615889 33.7314 15.207 14.4 7.921 0.468 5.152 9.177 5.092
0.615889 33.5323 15.316 14.465 7.931 0.467 5.198 9.175 5.163
0.611179 33.5289 15.286 14.496 7.945 0.503 5.174 9.209 5.12
0.611179 33.7291 15.231 14.381 7.9 0.463 5.193 9.134 5.117
0.601758 33.5988 15.241 14.464 7.933 0.469 5.177 9.203 5.133
0.597045 33.4739 15.424 14.407 8.092 0.469 5.186 9.136 5.139
0.587617 33.6112 15.297 14.409 7.99 0.469 5.153 9.177 5.099
0.587617 33.5278 15.228 14.562 7.929 0.467 5.2 9.26 5.168
0.587617 33.7291 15.184 14.427 7.892 0.475 5.133 9.206 5.092
0.587617 33.6157 15.283 14.425 7.941 0.466 5.139 9.137 5.159
0.585938 33.8066 15.173 14.37 7.887 0.466 5.115 9.118 5.12
0.576406 33.5042 15.322 14.481 7.984 0.468 5.193 9.204 5.134
0.574558 33.7929 15.176 14.376 7.898 0.467 5.141 9.151 5.097
0.574558 33.5582 15.226 14.531 7.912 0.468 5.177 9.205 5.196
0.574558 33.4482 15.417 14.441 7.917 0.473 5.311 9.177 5.132
0.609812 33.428 15.267 14.602 7.949 0.498 5.172 9.273 5.176
0.595741 33.7792 15.161 14.404 7.927 0.5 5.092 9.185 5.08
0.593951 33.7747 15.13 14.438 7.889 0.464 5.118 9.211 5.097
0.592856 33.6157 15.191 14.52 7.946 0.469 5.142 9.295 5.086
0.592856 33.6078 15.192 14.519 7.916 0.466 5.139 9.305 5.09
0.592856 33.6259 15.209 14.473 7.928 0.476 5.105 9.216 5.128
0.592856 33.5582 15.213 14.549 7.951 0.499 5.104 9.274 5.143
0.619942 33.5773 15.439 14.305 7.934 0.468 5.219 9.156 5.016
0.596083 33.8409 15.184 14.328 7.961 0.471 5.103 9.133 5.06
0.590942 33.7712 15.141 14.431 7.948 0.474 5.083 9.254 5.043
0.627312 33.9732 15.076 14.322 7.903 0.47 5.031 9.158 5.032
0.610315 34.2313 14.937 14.239 7.885 0.493 4.987 9.117 4.989
0.638797 34.1986 14.986 14.216 7.894 0.463 5.046 9.125 4.961
0.627287 34.0356 15.012 14.326 7.941 0.47 5.002 9.243 4.953
0.501625 33.5548 15.285 14.464 8.036 0.471 5.13 9.283 5.054
0.526012 33.6893 15.141 14.504 7.964 0.469 5.072 9.293 5.075
0.521002 33.8857 15.106 14.368 7.953 0.49 5.045 9.197 5.037
0.555008 33.8753 15.176 14.307 7.938 0.467 5.167 9.171 5.007
0.549672 33.7918 15.078 14.474 7.976 0.468 5.057 9.324 5.023
0.58722 33.9778 15.104 14.288 7.998 0.465 5.025 9.19 4.965
0.592866 34.0657 15.043 14.274 7.958 0.498 5.03 9.168 4.973
0.598512 34.1041 15.012 14.261 7.957 0.473 5.015 9.152 4.983
0.528964 34.0263 14.995 14.355 7.914 0.467 5.021 9.192 5.036
0.536974 33.8226 15.058 14.462 7.935 0.511 5.031 9.269 5.055
0.545068 33.9259 15.049 14.389 7.921 0.466 5.099 9.194 5.063
0.54797 33.9052 15.053 14.403 7.945 0.469 5.07 9.251 5.02
0.577098 33.972 15.035 14.362 7.905 0.466 5.046 9.149 5.085
0.571456 34.2325 14.974 14.198 7.934 0.465 5.025 9.125 4.944
0.570064 34.0472 15.022 14.307 7.925 0.467 5.032 9.216 4.97
0.598101 34.1577 15.02 14.211 7.954 0.469 5.003 9.142 4.912
0.587584 34.3595 14.931 14.135 7.943 0.461 5.001 9.097 4.914
0.561248 34.2501 14.949 14.21 7.98 0.469 4.983 9.147 4.932
0.569929 34.2044 14.931 14.264 7.958 0.468 4.949 9.156 4.981
0.569929 34.3253 14.922 14.172 7.961 0.468 4.969 9.119 4.922
0.578707 34.153 14.998 14.241 7.976 0.463 5.017 9.143 4.958
0.59206 32.113 16.522 14.581 9.02 0.569 5.167 9.433 5.014
0.59206 34.0472 15.137 14.193 8.056 0.475 5.057 9.112 4.946
0.59206 34.0321 15.102 14.245 8.075 0.48 4.996 9.162 4.954
0.624469 34.1344 15.074 14.183 8.04 0.475 4.976 9.158 4.901
0.619653 34.3112 14.923 14.186 8.062 0.494 4.875 9.152 4.902
0.619653 34.3359 14.903 14.182 8.01 0.466 4.946 9.146 4.905
0.552663 34.4056 14.834 14.194 7.935 0.464 4.921 9.15 4.918
0.561248 34.3136 14.927 14.181 7.963 0.497 4.944 9.103 4.952
0.561248 34.16 14.957 14.279 7.942 0.466 5.046 9.207 4.948
0.561248 34.1869 14.943 14.266 7.961 0.465 4.964 9.157 4.978
0.561248 34.4329 14.856 14.146 7.892 0.462 4.977 9.087 4.929
0.555631 34.139 14.991 14.262 8.004 0.472 4.988 9.179 4.957
0.555631 34.1297 14.898 14.363 7.905 0.467 4.982 9.235 4.998
0.550011 34.1623 15.04 14.193 8.009 0.465 4.972 9.113 4.949
0.550011 34.2501 14.904 14.255 7.946 0.466 4.975 9.16 4.968
0.550011 34.3702 14.883 14.17 7.931 0.469 4.952 9.136 4.909
0.550011 34.1076 14.951 14.33 7.932 0.468 4.977 9.189 5.012
0.550011 34.1367 14.902 14.351 7.924 0.468 4.954 9.121 5.094
0.550011 34.2185 14.956 14.23 7.954 0.467 4.971 9.132 4.973
0.550011 34.3784 14.935 14.113 7.966 0.469 4.963 9.066 4.915
0.550011 34.369 14.768 14.289 7.845 0.465 4.954 9.204 4.951
0.519541 34.1111 14.986 14.29 8.014 0.48 4.952 9.182 4.978
0.535258 33.9547 15.103 14.31 7.99 0.466 5.034 9.203 4.98
0.524607 34.3395 14.889 14.195 7.893 0.464 4.985 9.098 4.974
0.519127 34.0878 15.015 14.281 7.934 0.473 5.033 9.146 5.006
0.508635 34.1192 14.982 14.29 7.928 0.469 5.021 9.16 4.997
0.508635 34.2712 14.89 14.251 7.874 0.469 4.984 9.155 4.967
0.508635 33.9951 15.06 14.318 7.936 0.478 5.033 9.145 5.046
0.508635 33.9755 15.021 14.367 7.902 0.474 5.01 9.178 5.058
0.510696 34.1076 14.993 14.286 7.939 0.468 5.065 9.15 5.001
0.510696 34.0217 14.981 14.375 7.929 0.467 5.015 9.222 5.029
0.508877 34.0646 15.036 14.277 7.956 0.467 5.026 9.155 4.951
0.508877 34.0855 15.007 14.292 7.92 0.468 5.019 9.16 5.003
0.508877 33.173 15.758 14.346 7.988 0.469 5.027 9.169 5.044
0.539298 34.118 15.14 14.132 8.017 0.473 5.039 9.032 4.964
0.562568 34.6572 14.73 14.085 7.802 0.469 4.958 9.053 4.9
0.556318 34.4578 14.859 14.122 7.877 0.465 4.966 9.042 4.949
0.586057 35.0238 14.669 13.846 7.764 0.471 4.947 8.869 4.846
0.492976 35.0656 14.514 13.965 7.705 0.462 4.889 8.97 4.865
0.487745 34.6921 14.729 14.056 7.772 0.492 4.935 8.978 4.946
0.484082 34.7114 14.708 14.062 7.718 0.464 4.987 8.959 4.976
0.487833 34.3903 14.838 14.199 7.793 0.469 5.026 9.054 5.013
0.476746 34.6129 14.785 14.034 7.751 0.462 4.974 8.939 4.965
0.473335 34.522 14.783 14.15 7.757 0.467 5.015 9.045 4.979
0.480039 34.4139 14.827 14.192 7.766 0.467 5.001 9.013 5.05
0.475489 34.4756 14.818 14.151 7.752 0.467 5.069 9.014 5.001
0.478853 34.2959 14.962 14.153 7.725 0.492 5.151 9.014 5.007
0.478853 34.7488 14.735 14.007 7.734 0.465 4.981 8.994 4.887
0.50748 34.7693 14.779 13.943 7.753 0.463 5.019 8.934 4.884
0.503846 34.8262 14.71 13.966 7.726 0.472 4.965 8.929 4.907
0.50748 34.8262 14.657 14.001 7.708 0.465 4.926 8.932 4.937
0.50748 34.6452 14.703 14.118 7.752 0.466 4.99 9.035 4.95
0.531356 34.6176 14.819 14.015 7.784 0.468 4.962 8.989 4.897
0.535259 35.0079 14.613 13.912 7.714 0.468 4.894 8.915 4.878
0.535259 34.8347 14.663 14.007 7.771 0.469 4.932 8.956 4.921
0.535259 34.7996 14.702 13.994 7.779 0.478 4.943 8.974 4.894
0.531356 34.8432 14.617 14.045 7.756 0.475 4.924 8.963 4.945
0.531356 34.8566 14.66 13.988 7.76 0.497 4.938 8.937 4.92
0.523609 34.8505 14.622 14.034 7.774 0.466 4.914 8.963 4.937
0.517422 35.025 14.558 13.955 7.693 0.472 4.941 8.987 4.849
0.511234 34.9369 14.628 13.954 7.741 0.472 4.95 8.938 4.889
0.505045 34.8566 14.632 14.011 7.725 0.466 4.89 9.004 4.878
0.498855 34.8468 14.656 13.998 7.788 0.467 4.925 8.961 4.91
0.492664 34.9944 14.575 13.963 7.737 0.468 4.894 8.942 4.892
0.486472 34.5256 14.889 14.035 7.932 0.482 5.008 9.017 4.889
0.480278 34.8566 14.773 13.877 7.909 0.468 4.899 8.886 4.857
0.467888 34.7778 14.68 14.032 7.756 0.467 4.928 8.985 4.913
0.461691 34.8845 14.597 14.014 7.714 0.474 4.942 8.952 4.931
0.461691 35.0336 14.56 13.946 7.732 0.464 4.885 8.94 4.874
0.461691 34.9822 14.62 13.921 7.728 0.468 4.876 8.92 4.868
0.461691 35.014 14.602 13.92 7.74 0.464 4.896 8.962 4.832
0.449295 34.7355 14.707 14.029 7.786 0.466 4.963 8.977 4.926
0.443094 34.2196 15.086 14.097 7.886 0.491 5.199 9.016 4.943
0.430691 33.9847 15.33 14.051 8.121 0.476 5.01 9.007 4.912
0.430691 33.7998 15.48 14.067 8.243 0.483 5.031 9.01 4.933
0.430691 34.6729 14.867 13.934 7.906 0.515 4.954 8.92 4.885
0.430691 34.8602 14.705 13.946 7.835 0.465 4.916 8.923 4.896
0.430691 34.8918 14.725 13.897 7.81 0.465 4.95 8.902 4.862
0.430691 34.9138 14.646 13.955 7.762 0.462 4.891 8.923 4.898
0.430691 34.965 14.656 13.904 7.752 0.471 4.957 8.889 4.885
0.430691 34.8238 14.626 14.045 7.771 0.473 4.916 9.008 4.906
0.430691 35.0214 14.605 13.902 7.701 0.471 4.95 8.89 4.88
0.430691 34.8699 14.698 13.939 7.769 0.492 4.91 8.939 4.874
0.413724 34.9565 14.649 13.915 7.721 0.472 4.93 8.899 4.892
0.396165 34.8554 14.637 14.015 7.695 0.462 4.989 9.026 4.864
0.373892 34.4828 14.946 14.006 7.828 0.476 4.982 8.957 4.92
0.373892 34.5375 14.882 14.033 7.925 0.468 4.932 8.975 4.93
0.373892 34.9369 14.613 13.966 7.727 0.464 4.933 8.965 4.871
0.373892 35.0103 14.597 13.929 7.732 0.463 4.939 8.918 4.883
0.373892 34.9699 14.614 13.94 7.679 0.493 4.93 8.913 4.896
0.373892 34.9932 14.585 13.955 7.73 0.464 4.905 8.927 4.899
0.373892 34.9626 14.559 14.001 7.7 0.468 4.915 8.972 4.896
0.381296 35.0054 14.636 13.894 7.755 0.465 4.936 8.898 4.862
0.384998 34.7078 14.739 14.028 7.809 0.468 4.934 8.963 4.936
0.384713 34.7222 14.708 14.054 7.769 0.466 4.962 9.027 4.899
0.382328 34.7766 14.712 14.004 7.768 0.467 4.969 8.954 4.924
0.378687 35.041 14.587 13.912 7.732 0.462 4.895 8.889 4.883
0.368795 34.9065 14.644 13.966 7.729 0.462 4.907 8.908 4.9
0.368795 34.9883 14.619 13.926 7.765 0.469 4.892 8.896 4.865
0.368795 34.7983 14.662 14.034 7.76 0.472 4.947 9.009 4.902
0.368795 33.9709 14.724 14.669 7.792 0.471 4.961 9.554 4.969
0.381296 34.7754 14.666 14.048 7.784 0.471 4.918 8.912 4.999
0.387547 34.7741 14.663 14.056 7.761 0.469 4.928 9.023 4.902
0.400049 35.0165 14.64 13.881 7.748 0.471 4.935 8.876 4.877
0.400049 34.7621 14.713 14.017 7.805 0.467 4.926 8.956 4.928
0.419904 35.0018 14.645 13.885 7.739 0.471 4.944 8.895 4.868
0.414111 35.1556 14.518 13.889 7.746 0.463 4.854 8.912 4.854
0.419904 35.1506 14.562 13.847 7.765 0.469 4.881 8.874 4.845
0.419904 34.6644 14.603 14.203 7.769 0.5 4.877 9.143 4.923
0.419759 34.915 14.666 13.933 7.778 0.47 4.911 8.948 4.83
0.36 35.1284 14.506 13.923 7.787 0.471 4.822 8.953 4.844
0.361026 34.6945 14.742 14.04 7.78 0.466 5.003 8.991 4.928
0.365933 34.7222 14.711 14.045 7.781 0.471 4.939 8.97 4.944
0.367257 34.6729 14.726 14.076 7.748 0.472 4.972 8.988 4.951
0.373076 34.7078 14.671 14.101 7.755 0.471 4.951 9.036 4.933
0.371922 34.6464 14.771 14.05 7.788 0.467 4.996 8.979 4.947
0.387342 34.8214 14.714 13.957 7.753 0.487 4.949 8.934 4.897
0.393211 34.6777 14.718 14.081 7.724 0.466 4.983 8.976 4.973
0.431302 34.7633 14.725 13.999 7.786 0.465 4.962 8.992 4.888
0.427115 34.7476 14.651 14.083 7.763 0.472 4.932 8.882 5.064
0.45532 34.8189 14.729 13.953 7.802 0.465 4.92 8.944 4.88
0.454095 34.9846 14.589 13.959 7.755 0.474 4.908 8.933 4.902
0.460676 35.1185 14.543 13.895 7.761 0.471 4.85 8.915 4.853
0.483106 34.9724 14.663 13.89 7.771 0.476 4.966 8.925 4.833
0.497176 35.0398 14.602 13.874 7.849 0.473 4.823 8.924 4.827
0.489733 35.0263 14.6 13.912 7.786 0.475 4.877 8.924 4.856
0.489733 35.2958 14.462 13.827 7.74 0.473 4.821 8.864 4.836
0.456177 34.9724 14.601 13.951 7.835 0.476 4.847 8.949 4.866
0.43159 33.5762 15.522 14.222 8.482 0.484 4.957 9.154 4.935
0.453574 34.4495 15.053 13.936 7.951 0.509 5.017 8.911 4.893
0.487001 34.8202 14.734 13.948 7.786 0.471 4.949 8.914 4.908
0.483424 34.8105 14.699 13.984 7.806 0.478 4.891 8.934 4.919
0.487001 34.9174 14.593 14.003 7.789 0.473 4.88 8.95 4.916
0.483424 35.041 14.594 13.907 7.78 0.472 4.887 8.943 4.84
0.443281 35.0054 14.569 13.961 7.784 0.471 4.839 8.934 4.898
0.459704 34.7596 14.729 14.003 7.765 0.468 5.035 8.974 4.906
0.465833 34.7536 14.727 14.005 7.799 0.473 4.957 8.95 4.921
0.491518 34.9834 14.668 13.876 7.715 0.471 4.91 8.879 4.868
0.490259 34.9491 14.62 13.954 7.768 0.474 4.879 8.93 4.899
0.485307 34.9296 14.603 13.991 7.778 0.468 4.894 8.966 4.896
0.44202 34.8347 14.634 14.036 7.817 0.47 4.871 9.005 4.899
0.428539 34.6656 14.705 14.094 7.805 0.469 4.937 9.029 4.94
0.428539 34.6069 14.82 14.037 7.811 0.474 5.01 8.985 4.929
0.428539 34.5925 14.793 14.075 7.793 0.467 4.99 8.996 4.948
0.451997 34.6404 14.86 13.968 7.89 0.47 4.92 8.911 4.918
0.451997 34.7899 14.677 14.026 7.763 0.474 4.956 8.975 4.882
0.425422 34.7935 14.677 14.026 7.756 0.472 4.981 8.984 4.915
0.428539 34.8105 14.74 13.95 7.783 0.498 4.947 8.938 4.889
0.428539 34.6033 14.809 14.05 7.797 0.474 4.974 8.978 4.946
0.435328 34.4222 14.909 14.104 7.884 0.469 5.047 9.036 4.935
0.447411 34.7596 14.72 14.006 7.774 0.471 4.948 8.945 4.929
0.453682 34.6801 14.77 14.026 7.785 0.497 4.984 8.957 4.935
0.478517 34.4483 14.908 14.084 7.882 0.47 4.997 8.991 4.958
0.478517 34.5626 14.881 14.012 7.917 0.466 4.993 8.978 4.913
0.478517 34.7754 14.681 14.033 7.792 0.476 4.942 8.976 4.924
0.490047 34.7439 14.736 14.006 7.807 0.47 4.926 8.935 4.938
0.495813 34.7379 14.678 14.068 7.775 0.474 4.931 8.985 4.953
0.507343 34.5746 14.66 14.223 7.787 0.47 4.922 8.94 5.138
0.507343 34.8906 14.682 13.942 7.753 0.469 4.922 8.945 4.868
0.507343 34.7186 14.745 14.019 7.794 0.47 4.93 8.979 4.918
0.481013 34.497 14.682 14.265 7.754 0.481 4.9 9.008 5.126
0.481013 34.6141 14.752 14.101 7.775 0.471 4.986 8.997 4.937
0.481013 34.8311 14.68 13.99 7.712 0.463 4.927 8.972 4.895
0.481013 34.5173 14.83 14.093 7.794 0.475 5.01 9.006 4.956
0.481013 34.5304 14.806 14.115 7.783 0.471 4.952 9.019 4.958
0.481013 34.5483 14.823 14.084 7.805 0.473 4.985 9.046 4.915
0.481013 34.6236 14.75 14.093 7.766 0.473 4.981 9.027 4.936
0.481013 34.2665 15.033 14.112 7.971 0.471 5.037 9.026 4.95
0.481013 34.6164 14.788 14.059 7.787 0.469 4.931 8.948 4.945
0.481013 34.7524 14.746 13.994 7.753 0.471 4.969 8.947 4.926
0.481013 34.8578 14.671 13.982 7.714 0.47 4.944 8.982 4.884
0.481013 34.6356 14.807 14.025 7.78 0.473 5.001 8.952 4.922
0.481013 34.7874 14.703 14.003 7.755 0.469 4.934 8.955 4.92
0.491945 34.2818 15.023 14.105 7.801 0.503 4.985 9.015 4.957
0.50817 34.3277 14.797 14.296 7.818 0.472 4.922 9.018 5.136
0.519217 34.626 14.822 14.022 7.785 0.47 5.026 8.995 4.908
0.519217 34.4828 14.855 14.104 7.815 0.471 5.016 9.013 4.964
0.519217 34.4863 14.893 14.056 7.827 0.552 4.949 8.983 4.94
0.519217 34.6392 14.76 14.071 7.793 0.472 4.935 8.989 4.956
0.519217 34.6117 14.83 14.025 7.789 0.468 5.027 8.975 4.887
0.519217 34.5865 14.768 14.1 7.752 0.463 4.995 9.044 4.931
0.519217 34.7246 14.769 13.989 7.783 0.468 4.964 8.952 4.916
0.519217 34.7596 14.747 13.984 7.788 0.469 4.953 8.962 4.9
0.519217 34.7138 14.767 13.998 7.721 0.521 4.929 8.943 4.922
0.519217 34.6164 14.735 14.11 7.762 0.466 4.936 9.005 4.972
0.519217 34.6957 14.74 14.037 7.74 0.47 4.953 8.989 4.914
0.519217 34.7596 14.694 14.035 7.76 0.462 4.903 8.996 4.908
0.519217 34.6608 14.771 14.043 7.8 0.463 4.962 9.021 4.901
0.519217 34.8262 14.733 13.944 7.786 0.461 4.941 8.937 4.887
0.519217 34.6897 14.806 13.985 7.815 0.461 4.984 8.959 4.906
0.519217 34.6957 14.791 13.99 7.804 0.463 4.98 8.941 4.922
0.489929 34.4139 14.851 14.162 7.796 0.468 5.039 9.024 5.012
0.489929 33.1444 15.806 14.328 8.492 0.514 5.124 9.172 5.022
0.489929 34.2865 15.043 14.086 7.911 0.473 5.028 8.983 4.961
0.500353 34.4637 14.882 14.09 7.797 0.463 4.996 8.973 4.99
0.515989 34.5006 14.86 14.085 7.802 0.462 5.004 9.019 4.936
0.526413 34.5101 14.834 14.107 7.796 0.459 4.984 9.034 4.948
0.526413 34.4436 14.834 14.15 7.785 0.463 4.996 8.998 5.026
0.520929 34.4626 14.892 14.087 7.822 0.46 5.009 8.984 4.974
0.520929 34.1635 15.137 14.088 7.81 0.461 5.247 8.985 4.971
0.520929 34.3477 14.92 14.158 7.775 0.488 5.057 9.037 4.993
0.520929 33.4638 15.735 14.108 8.361 0.467 5.03 9.034 4.944
0.520929 34.4554 14.795 14.19 7.758 0.464 5.003 9.089 4.967
0.520929 34.3584 14.914 14.15 7.833 0.465 5.032 9.046 4.979
0.520929 34.2255 14.848 14.329 7.799 0.46 4.997 8.979 5.205
0.520929 34.2888 14.945 14.172 7.844 0.492 5.034 9.035 5.004
0.520929 34.4792 14.871 14.092 7.804 0.462 4.97 8.976 4.953
0.520929 34.3796 14.885 14.163 7.789 0.462 5.001 9.004 5.023
0.520929 34.4104 14.841 14.18 7.802 0.463 5.001 9.089 4.961
0.520929 34.2794 14.962 14.168 7.814 0.461 5.1 9.07 4.962
0.520929 34.3832 14.961 14.083 7.856 0.468 5.02 8.985 4.976
0.520929 34.4887 14.847 14.111 7.788 0.468 4.978 8.976 5.007
0.520929 34.1787 14.885 14.338 7.819 0.473 5.013 9.073 5.122
0.520929 34.4436 14.814 14.177 7.74 0.465 5.022 9.073 4.973
0.520929 34.4222 14.866 14.148 7.801 0.469 5.013 9.012 4.999
0.520929 34.4958 14.814 14.14 7.711 0.495 5.017 9.035 4.981
0.520929 34.4542 14.84 14.142 7.76 0.472 5.013 9.01 4.997
0.520929 34.3442 14.896 14.167 7.831 0.473 5.012 9.087 4.95
0.520929 34.3666 14.906 14.154 7.82 0.472 5.019 9.043 4.967
0.520929 34.3006 14.935 14.18 7.783 0.472 5.05 9.026 5.009
0.520929 34.3454 14.824 14.254 7.79 0.462 4.982 9.149 4.966
0.492354 34.2806 14.911 14.218 7.804 0.472 5.048 9.043 5.04
0.492354 34.2454 14.922 14.237 7.779 0.517 5.011 9.046 5.035
0.492354 34.3112 14.943 14.162 7.789 0.47 5.03 8.991 5.039
0.462187 34.1542 14.897 14.342 7.775 0.474 5.045 9.125 5.08
0.462187 33.6712 15.01 14.65 7.801 0.468 5.088 9.42 5.08
0.462187 34.1483 14.963 14.282 7.776 0.472 5.079 9.032 5.118
0.466763 34.0913 15.054 14.237 7.857 0.471 5.112 9.071 5.032
0.471339 34.2607 14.994 14.156 7.815 0.469 5.101 9.007 5.018
0.475915 34.3041 14.945 14.167 7.774 0.467 5.056 8.998 5.033
0.475915 34.3903 14.864 14.175 7.709 0.469 5.045 8.991 5.055
0.475915 34.2971 14.948 14.165 7.79 0.463 5.08 9.035 4.995
0.475915 34.153 15.016 14.225 7.817 0.471 5.09 9.051 5.034
0.475915 34.0948 15.021 14.27 7.771 0.471 5.169 9.045 5.086
0.475915 34.1099 15.053 14.224 7.783 0.467 5.132 9.022 5.063
0.475915 34.2103 14.986 14.204 7.805 0.468 5.09 9.05 5.016
0.480491 34.2009 14.978 14.222 7.796 0.471 5.099 9.057 5.035
0.489644 34.0113 15.078 14.275 7.852 0.469 5.101 9.072 5.065
0.49422 34.1367 14.957 14.3 7.802 0.468 5.07 9.156 5.012
0.49422 34.2466 15.002 14.158 7.809 0.468 5.117 8.998 5.025
0.49422 34.1799 15.022 14.194 7.839 0.496 5.058 9.035 5.023
0.49422 34.2278 14.991 14.186 7.79 0.464 5.083 9.016 5.036
0.49422 34.2067 14.949 14.247 7.768 0.47 5.101 9.093 5.029
0.468622 34.1332 14.932 14.319 7.748 0.465 5.13 9.089 5.1
0.468622 33.7815 15.081 14.48 7.792 0.472 5.101 9.155 5.193
0.468622 34.0623 15.032 14.287 7.763 0.461 5.141 9.114 5.036
0.468622 34.0078 15.036 14.327 7.788 0.472 5.146 9.102 5.09
0.468622 33.9132 15.127 14.29 7.826 0.516 5.142 9.096 5.068
0.468622 34.1577 14.987 14.249 7.735 0.466 5.088 9.038 5.082
0.468622 33.8983 15.082 14.375 7.76 0.471 5.196 9.146 5.102
0.468622 33.8753 15.047 14.434 7.828 0.469 5.1 9.236 5.063
0.436814 34.0646 15.059 14.258 7.788 0.471 5.102 9 5.123
0.436814 34.1425 15.005 14.245 7.737 0.463 5.125 9.043 5.074
0.432167 33.8972 15.16 14.302 7.804 0.467 5.239 9.069 5.103
0.432602 33.3067 15.208 14.779 7.909 0.502 5.158 9.18 5.45
0.426243 33.8834 15.161 14.299 7.833 0.468 5.186 9.042 5.118
0.437589 33.7427 15.324 14.274 7.926 0.483 5.265 9.032 5.111
0.437589 33.8169 15.236 14.296 7.928 0.47 5.141 9.022 5.137
0.437589 33.987 15.066 14.316 7.769 0.465 5.154 9.02 5.167
0.437589 34.0657 15.079 14.238 7.792 0.462 5.135 9.04 5.064
0.437589 33.9443 15.12 14.303 7.808 0.465 5.187 9.043 5.132
0.434811 34.0275 15.129 14.221 7.812 0.468 5.202 8.977 5.107
0.418365 33.7975 15.142 14.403 7.807 0.493 5.129 9.047 5.217
0.418365 33.32 15.48 14.491 7.82 0.472 5.211 9.191 5.166
0.418365 33.4426 15.42 14.443 7.811 0.467 5.211 9.149 5.16
0.418365 33.3634 15.435 14.501 7.756 0.489 5.26 9.154 5.215
0.388054 33.1719 15.402 14.706 7.772 0.468 5.226 9.341 5.236
0.398055 33.0907 15.544 14.63 7.864 0.473 5.242 9.201 5.293
0.437589 33.2149 15.51 14.557 7.812 0.468 5.284 9.226 5.198
0.445334 33.2303 15.49 14.565 7.808 0.47 5.294 9.279 5.147
0.450271 33.9709 15.153 14.243 7.801 0.464 5.137 8.989 5.124
0.452387 33.987 15.111 14.272 7.812 0.462 5.149 8.981 5.161
0.424801 33.8799 15.076 14.403 7.788 0.465 5.162 9.11 5.163
0.43257 33.9524 15.149 14.264 7.809 0.464 5.208 8.998 5.135
0.460824 33.8238 15.242 14.285 7.933 0.466 5.154 9.029 5.124
0.435803 33.8444 15.185 14.32 7.849 0.465 5.174 9.032 5.157
0.424956 33.9075 15.12 14.33 7.839 0.466 5.151 9.081 5.119
0.408989 33.7086 15.209 14.415 7.815 0.467 5.267 9.028 5.255
0.408989 33.9662 15.15 14.253 7.847 0.521 5.117 8.995 5.129
0.452387 33.9466 15.124 14.294 7.775 0.467 5.185 9.032 5.128
0.452387 33.9524 15.114 14.297 7.79 0.465 5.181 9.045 5.124
0.441289 33.9939 15.164 14.21 7.855 0.461 5.189 8.982 5.103
0.409514 33.9547 15.086 14.292 7.827 0.489 5.114 8.992 5.167
0.414573 33.8203 15.136 14.393 7.788 0.465 5.215 9.038 5.22
0.414573 33.934 15.118 14.31 7.801 0.463 5.172 9.044 5.134
0.390203 33.8112 15.136 14.403 7.808 0.462 5.197 9.026 5.236
0.404437 33.7952 15.126 14.425 7.757 0.495 5.158 9.028 5.263
0.394915 33.7667 15.184 14.394 7.801 0.461 5.199 9.007 5.247
0.359253 33.7314 15.164 14.441 7.822 0.462 5.163 9.06 5.248
0.363569 33.2624 15.456 14.565 7.902 0.526 5.307 9.131 5.301
0.386288 33.1873 15.368 14.727 7.847 0.472 5.274 9.314 5.279
0.420068 33.8673 15.13 14.359 7.804 0.461 5.182 8.998 5.231
0.420608 33.7405 15.142 14.459 7.795 0.487 5.149 9.037 5.289
0.446877 33.7576 15.207 14.378 7.845 0.466 5.184 9.046 5.157
0.458952 33.9144 15.101 14.345 7.792 0.463 5.205 9.103 5.114
0.442605 33.849 15.189 14.315 7.829 0.467 5.229 9.042 5.135
0.437236 34.0136 15.098 14.263 7.781 0.492 5.119 9.007 5.1
0.40649 33.8032 15.109 14.435 7.79 0.463 5.155 9.01 5.293
0.392384 33.8432 15.145 14.361 7.818 0.463 5.188 9.012 5.217
0.39701 33.3289 15.364 14.596 7.85 0.469 5.355 9.154 5.257
0.411074 32.5542 16.193 14.49 8.775 0.477 5.247 9.088 5.266
0.401667 33.7758 15.183 14.367 7.847 0.505 5.16 9.018 5.212
0.37039 33.5379 15.219 14.556 7.847 0.466 5.187 9.099 5.318
0.358205 33.5087 15.297 14.499 7.824 0.464 5.299 9.082 5.281
0.362254 33.1994 15.584 14.497 7.857 0.468 5.306 9.061 5.277
0.358205 32.8742 15.519 14.861 7.83 0.466 5.373 9.129 5.517
0.354179 33.2878 15.46 14.544 7.836 0.464 5.44 9.085 5.326
0.370426 33.31 15.417 14.564 7.816 0.464 5.405 9.05 5.365
0.366328 33.3456 15.327 14.625 7.813 0.464 5.377 9.145 5.355
0.358205 33.2336 15.396 14.605 7.788 0.466 5.45 9.114 5.353
0.335297 33.0033 15.458 14.803 7.865 0.471 5.367 9.219 5.457
0.346633 33.1708 15.496 14.609 7.851 0.463 5.461 9.089 5.393
0.342833 32.8807 15.505 14.868 7.817 0.471 5.442 9.164 5.569
0.32989 32.937 15.515 14.807 7.809 0.464 5.507 9.133 5.539
0.338809 32.9794 15.539 14.744 7.816 0.468 5.453 9.092 5.519
0.337904 33.0175 15.516 14.732 7.832 0.461 5.479 9.102 5.49
0.336108 32.9641 15.519 14.776 7.79 0.486 5.456 9.096 5.541
0.354097 33.0568 15.487 14.723 7.824 0.46 5.446 9.091 5.494
0.376359 33.1203 15.492 14.663 7.823 0.515 5.419 9.102 5.427
0.385423 33.2392 15.461 14.586 7.829 0.462 5.466 9.116 5.336
0.364953 33.0393 15.592 14.636 7.979 0.517 5.37 9.075 5.426
0.352958 33.0469 15.586 14.632 7.976 0.471 5.418 9.113 5.385
0.38128 33.32 15.378 14.595 7.838 0.489 5.337 9.053 5.388
0.38128 32.9968 15.47 14.797 7.845 0.471 5.396 9.133 5.513
0.38128 33.3 15.417 14.571 7.838 0.463 5.404 9.082 5.357
0.38128 33.3278 15.428 14.53 7.834 0.463 5.391 9.054 5.342
0.37604 33.1741 15.457 14.649 7.849 0.462 5.42 9.134 5.376
0.354938 33.2513 15.41 14.622 7.826 0.498 5.376 9.061 5.43
0.361564 32.9685 15.526 14.766 7.845 0.464 5.437 9.179 5.456
0.356743 33.1345 15.508 14.633 7.847 0.463 5.475 9.08 5.414
0.335203 32.7729 15.635 14.838 7.844 0.472 5.538 9.184 5.523
0.341358 32.9012 15.567 14.788 7.847 0.464 5.526 9.127 5.526
0.341358 32.7751 15.584 14.887 7.882 0.471 5.461 9.199 5.553
0.341358 33.0775 15.501 14.691 7.832 0.462 5.471 9.069 5.484
0.322755 32.7193 15.593 14.928 7.839 0.474 5.485 9.162 5.632
0.32606 32.7675 15.703 14.777 7.847 0.463 5.619 9.104 5.544
0.319466 32.7557 15.672 14.819 7.841 0.469 5.556 9.145 5.54
0.309698 32.4391 15.961 14.827 7.843 0.464 5.889 9.108 5.583
0.309698 32.4781 15.736 14.975 7.86 0.474 5.599 9.248 5.583
0.33272 32.5924 15.74 14.899 7.853 0.466 5.609 9.167 5.601
0.33272 32.745 15.68 14.819 7.822 0.471 5.614 9.149 5.536
0.33272 32.6275 15.668 14.944 7.813 0.505 5.619 9.2 5.604
0.33272 32.5882 15.745 14.904 7.871 0.47 5.646 9.169 5.598
0.33272 32.7579 15.666 14.819 7.826 0.468 5.575 9.111 5.573
0.330232 32.6531 15.724 14.86 7.841 0.472 5.646 9.148 5.573
0.330255 32.4454 15.855 14.923 7.972 0.471 5.616 9.171 5.575
0.327822 32.6137 15.717 14.905 7.852 0.472 5.619 9.149 5.61
0.310089 32.5024 15.727 15.002 7.84 0.468 5.605 9.209 5.659
0.319282 32.4191 15.787 15.018 7.833 0.475 5.687 9.184 5.695
0.319282 32.5606 15.725 14.95 7.834 0.463 5.663 9.203 5.605
0.299903 32.3332 15.844 15.046 7.915 0.495 5.63 9.16 5.753
0.312685 32.2872 15.91 15.014 7.835 0.461 5.803 9.14 5.736
0.311421 32.229 15.874 15.113 7.805 0.47 5.737 9.255 5.724
0.311421 32.0955 15.964 15.154 7.873 0.465 5.814 9.213 5.798
0.311421 32.2997 15.836 15.085 7.831 0.468 5.706 9.208 5.742
0.311421 32.2227 15.872 15.116 7.78 0.465 5.765 9.199 5.781
0.309996 32.112 15.849 15.253 7.801 0.465 5.779 9.205 5.907
0.310862 32.2643 15.91 15.043 7.829 0.462 5.746 9.193 5.706
0.309452 31.9448 16.092 15.165 7.971 0.497 5.79 9.222 5.811
0.309452 32.3185 15.898 15.007 7.841 0.462 5.777 9.154 5.717
0.309452 32.1802 15.944 15.087 7.857 0.47 5.741 9.238 5.714
0.309452 32.2331 15.911 15.071 7.85 0.462 5.792 9.176 5.757
0.291255 32.0955 15.881 15.239 7.825 0.467 5.762 9.195 5.895
0.302371 31.8066 16.164 15.237 7.965 0.471 5.876 9.274 5.828
0.286041 31.9101 16.075 15.225 7.91 0.466 5.815 9.182 5.9
0.295831 31.7591 16.11 15.331 7.821 0.465 5.991 9.247 5.929
0.295222 32.0041 15.987 15.211 7.776 0.469 5.908 9.214 5.864
0.297059 31.8076 16.074 15.328 7.808 0.472 5.937 9.305 5.887
0.297059 31.7753 16.111 15.316 7.833 0.5 5.92 9.248 5.934
0.280449 31.7209 16.031 15.456 7.788 0.463 5.986 9.299 6.021
0.290538 31.6776 16.203 15.325 7.852 0.47 6.014 9.239 5.948
0.290538 31.6636 16.201 15.342 7.82 0.472 5.987 9.276 5.927
0.290538 31.5507 16.296 15.361 7.765 0.469 5.996 9.292 5.936
0.290538 31.6496 16.242 15.315 7.896 0.469 6.024 9.218 5.961
0.289967 31.507 16.244 15.456 7.837 0.473 6.061 9.262 6.048
0.286873 31.6947 16.216 15.294 7.842 0.47 6.042 9.227 5.932
0.286312 31.6516 16.207 15.348 7.84 0.467 5.973 9.283 5.924
0.286312 31.4852 16.235 15.487 7.814 0.477 6.012 9.359 5.993
0.30327 31.7269 16.221 15.257 7.825 0.488 6.004 9.198 5.913
0.292567 31.8481 16.068 15.291 7.841 0.476 5.938 9.253 5.897
0.29462 31.743 16.103 15.359 7.83 0.472 5.99 9.247 5.972
0.291967 31.8421 16.049 15.315 7.797 0.475 5.978 9.254 5.915
0.277735 31.6997 16.107 15.397 7.834 0.466 5.98 9.288 5.971
0.291038 31.5597 16.206 15.441 7.804 0.475 6.049 9.313 5.992
0.289909 31.2832 16.466 15.461 8.021 0.482 6.092 9.289 6.033
0.276963 31.4278 16.304 15.476 7.956 0.495 5.981 9.275 6.066
0.286369 31.2042 16.351 15.644 7.856 0.47 6.166 9.334 6.171
0.289308 31.4179 16.287 15.504 7.825 0.465 6.109 9.264 6.102
0.289308 31.2178 16.429 15.563 7.858 0.467 6.229 9.29 6.135
