0.983641 32.8926 16.233 14.097 7.938 0.499 6.002 8.441 5.512
0.983641 35.6735 14.306 13.682 7.096 0.504 5.263 8.251 5.303
0.983641 35.8192 14.226 13.648 7.03 0.482 5.292 8.273 5.246
0.983641 35.3245 14.405 13.822 7.108 0.458 5.304 8.403 5.277
0.983641 35.7679 14.095 13.823 7.034 0.456 5.168 8.334 5.339
0.983641 35.8938 14.17 13.647 6.999 0.459 5.217 8.213 5.304
0.983641 35.9596 14.139 13.623 7.019 0.46 5.234 8.271 5.222
0.983641 35.9609 14.168 13.592 6.985 0.499 5.22 8.178 5.28
0.983641 35.7846 14.136 13.76 7.011 0.459 5.231 8.287 5.336
0.969024 35.6633 14.122 13.873 6.973 0.47 5.234 8.343 5.367
0.940426 35.8732 14.181 13.648 7.065 0.46 5.23 8.209 5.301
0.983641 35.8899 14.214 13.599 7.052 0.462 5.251 8.197 5.264
0.983641 36.0828 14.059 13.612 7.004 0.453 5.172 8.183 5.292
0.969024 35.4635 14.398 13.736 7.17 0.456 5.289 8.317 5.277
0.95462 35.8359 14.179 13.678 7.033 0.458 5.258 8.271 5.265
0.95462 35.9557 14.142 13.622 6.966 0.459 5.241 8.242 5.246
0.95462 36.0179 14.095 13.615 7.009 0.457 5.124 8.174 5.304
0.95462 35.8925 14 13.813 6.93 0.457 5.164 8.373 5.288
0.95462 36.0425 14.035 13.662 6.998 0.467 5.156 8.25 5.275
0.95462 36.1651 14.088 13.516 6.99 0.455 5.162 8.147 5.234
0.95462 36.2818 14.004 13.51 7.017 0.455 5.105 8.154 5.222
0.95462 35.5467 14.098 13.988 7.006 0.462 5.206 8.303 5.525
0.969024 35.9286 14.26 13.512 7.125 0.461 5.203 8.155 5.22
0.983641 35.9906 14.197 13.544 7.011 0.499 5.166 8.175 5.231
0.951906 35.9208 14.239 13.549 7.057 0.465 5.235 8.167 5.248
0.951906 35.8912 14.245 13.571 7.068 0.464 5.178 8.143 5.288
0.921421 36.0153 14.173 13.544 6.995 0.471 5.218 8.172 5.237
0.90795 35.9803 14.123 13.622 6.994 0.466 5.196 8.18 5.288
0.894666 36.0828 14.151 13.518 6.988 0.485 5.194 8.149 5.229
0.948943 35.9428 14.163 13.61 7.018 0.483 5.145 8.15 5.313
0.935084 35.3895 14.542 13.671 7.212 0.507 5.37 8.248 5.28
0.921421 36.0776 14.146 13.528 7.066 0.472 5.172 8.144 5.25
0.936627 35.7731 14.275 13.631 7.077 0.464 5.252 8.261 5.229
0.871912 36.3201 14.001 13.484 6.999 0.462 5.134 8.121 5.229
0.871912 36.1233 14.137 13.5 7.049 0.469 5.194 8.184 5.185
0.889331 36.1847 14.05 13.543 7.011 0.467 5.158 8.164 5.24
0.935084 35.9337 14.137 13.641 7.001 0.469 5.246 8.266 5.229
0.921421 36.2306 14.035 13.507 7.001 0.463 5.131 8.141 5.231
0.90795 36.0737 14.145 13.53 6.996 0.47 5.244 8.167 5.222
0.936627 35.9299 14.119 13.667 6.99 0.474 5.198 8.227 5.294
0.871912 36.4073 13.959 13.461 6.982 0.464 5.096 8.159 5.171
0.885008 36.3504 13.973 13.483 6.917 0.511 5.092 8.114 5.238
0.871912 36.3795 13.981 13.468 6.996 0.466 5.114 8.141 5.197
0.871912 36.2911 14.039 13.474 6.995 0.472 5.155 8.129 5.2
0.918564 36.398 13.968 13.461 6.951 0.466 5.111 8.144 5.183
0.875375 36.3003 13.988 13.515 6.945 0.497 5.092 8.151 5.229
0.933799 35.8269 14.135 13.732 7.037 0.47 5.193 8.319 5.274
0.919029 36.0594 14.167 13.518 6.981 0.518 5.189 8.153 5.23
0.932905 35.917 14.082 13.681 6.987 0.474 5.194 8.297 5.239
0.893774 36.2371 14.064 13.484 6.986 0.473 5.172 8.159 5.192
0.886193 36.2568 14.052 13.486 7.019 0.47 5.155 8.136 5.216
0.873274 36.2148 14.017 13.552 6.992 0.464 5.151 8.223 5.194
0.87156 36.3148 13.95 13.539 6.996 0.464 5.084 8.163 5.24
0.943118 35.9971 14.088 13.647 6.992 0.471 5.203 8.27 5.206
0.936149 36.2214 14.03 13.533 6.925 0.503 5.124 8.158 5.238
0.922359 36.0841 14.128 13.539 7.009 0.471 5.202 8.165 5.227
0.869073 35.8372 14.133 13.718 6.989 0.471 5.169 8.297 5.276
0.910028 36.0049 14.094 13.632 6.993 0.475 5.158 8.239 5.26
0.910028 35.9945 14.157 13.581 6.965 0.502 5.19 8.168 5.271
0.910028 35.7654 14.222 13.692 7.015 0.468 5.244 8.206 5.354
0.924859 35.713 14.278 13.673 7.118 0.469 5.214 8.261 5.278
0.924859 35.7705 14.266 13.641 7.037 0.512 5.196 8.177 5.326
0.925164 35.7615 14.259 13.654 7.042 0.481 5.268 8.211 5.304
0.925164 36.0127 14.094 13.629 6.997 0.471 5.16 8.203 5.289
0.925164 35.9544 14.219 13.548 6.998 0.503 5.21 8.183 5.231
0.925164 35.8616 14.257 13.578 7.052 0.472 5.251 8.214 5.223
0.925164 35.9531 14.148 13.622 7.015 0.47 5.186 8.251 5.237
0.904984 35.1124 14.771 13.658 7.095 0.464 5.19 8.202 5.317
0.91839 35.9622 14.196 13.565 6.968 0.508 5.212 8.161 5.267
0.911491 36.0516 14.12 13.574 6.996 0.477 5.179 8.192 5.247
0.90465 35.9958 14.16 13.566 7.001 0.47 5.225 8.173 5.255
0.890956 36.1233 14.106 13.534 6.96 0.496 5.157 8.162 5.238
0.890956 35.9402 14.054 13.724 6.956 0.463 5.175 8.242 5.343
0.890956 35.2634 14.668 13.644 7.103 0.481 5.412 8.271 5.235
0.890956 35.5771 14.121 13.892 6.957 0.514 5.166 8.504 5.251
0.904261 35.8654 14.297 13.54 7.043 0.48 5.304 8.154 5.252
0.917002 36.0711 14.16 13.519 6.963 0.48 5.225 8.129 5.256
0.929179 36.0503 14.166 13.529 6.991 0.469 5.23 8.143 5.244
0.929179 36.0698 14.12 13.546 6.939 0.47 5.194 8.161 5.251
0.929179 36.0789 14.129 13.543 6.973 0.471 5.22 8.184 5.214
0.929179 36.0153 14.141 13.576 6.988 0.473 5.21 8.15 5.285
0.916188 35.9583 14.168 13.539 6.995 0.47 5.218 8.129 5.244
0.909684 36.0153 14.192 13.523 6.968 0.472 5.21 8.144 5.241
0.89666 36.1808 14.079 13.508 6.957 0.464 5.185 8.154 5.222
0.89666 36.0205 14.067 13.64 6.966 0.465 5.166 8.131 5.359
0.89666 36.0373 14.166 13.537 6.915 0.466 5.24 8.152 5.241
0.89666 35.9997 14.218 13.515 6.985 0.472 5.28 8.15 5.226
0.89666 36.169 14.057 13.547 6.973 0.466 5.154 8.162 5.245
0.89666 35.926 14.197 13.588 7.013 0.478 5.232 8.196 5.259
0.89666 36.0282 14.169 13.54 6.937 0.505 5.219 8.142 5.262
0.89666 36.0308 14.197 13.511 6.993 0.472 5.262 8.158 5.221
0.89666 35.9505 14.247 13.533 7.137 0.466 5.179 8.143 5.248
0.89666 35.9919 14.186 13.552 7.004 0.478 5.238 8.148 5.271
0.89666 35.868 14.144 13.69 6.919 0.51 5.211 8.259 5.293
0.89666 36.3055 13.996 13.503 6.881 0.465 5.177 8.135 5.232
0.89666 35.8128 14.176 13.693 6.982 0.471 5.25 8.164 5.39
0.903127 36.0425 14.172 13.527 6.936 0.471 5.224 8.16 5.234
0.896591 36.1141 14.131 13.51 6.959 0.467 5.227 8.155 5.219
0.896546 36.1899 14.053 13.534 6.917 0.467 5.208 8.157 5.243
0.889419 36.0568 14.176 13.512 6.929 0.504 5.24 8.127 5.247
0.875147 35.8757 14.133 13.694 6.948 0.477 5.264 8.29 5.269
0.868326 36.3174 13.956 13.523 6.876 0.472 5.146 8.137 5.254
0.868326 36.1246 14.159 13.477 6.933 0.469 5.255 8.123 5.225
0.868326 36.1781 14.058 13.539 6.961 0.465 5.172 8.195 5.212
0.899445 36.0477 14.165 13.532 7.006 0.47 5.225 8.126 5.275
0.893333 35.9932 14.21 13.527 6.96 0.473 5.272 8.157 5.234
0.881087 36.2476 14.021 13.513 6.918 0.467 5.18 8.131 5.218
0.874952 36.036 14.163 13.547 7.001 0.469 5.234 8.139 5.239
0.874952 35.312 14.436 13.829 7.112 0.472 5.326 8.318 5.353
0.874952 36.1337 14.133 13.498 6.988 0.467 5.221 8.139 5.225
0.874952 35.9816 14.189 13.554 7.012 0.469 5.245 8.142 5.283
0.860609 35.7679 14.198 13.708 6.94 0.501 5.172 8.252 5.312
0.840537 36.0101 14.18 13.541 6.934 0.467 5.315 8.167 5.244
0.815266 36.1428 14.063 13.558 6.952 0.467 5.182 8.147 5.279
0.815266 35.957 14.198 13.567 6.95 0.513 5.227 8.175 5.25
0.815266 35.9454 14.217 13.553 7.018 0.47 5.26 8.186 5.235
0.815266 36.1808 14.073 13.523 6.966 0.467 5.184 8.132 5.255
0.815266 36.1402 14.08 13.535 6.911 0.498 5.178 8.138 5.263
0.815266 36.118 14.105 13.531 6.969 0.468 5.214 8.174 5.227
0.815266 36.1011 14.064 13.56 6.954 0.464 5.187 8.121 5.304
0.815266 35.966 14.18 13.581 6.955 0.504 5.231 8.171 5.276
0.815266 35.9467 14.147 13.629 6.977 0.47 5.259 8.268 5.23
0.815266 36.2266 14.014 13.546 6.913 0.465 5.184 8.147 5.261
0.815266 36.118 14.119 13.522 6.908 0.505 5.208 8.144 5.245
0.815266 36.1428 14.068 13.555 6.961 0.468 5.191 8.172 5.252
0.815266 35.4208 14.421 13.731 7.094 0.483 5.299 8.291 5.26
0.815266 35.7309 14.271 13.67 7.028 0.482 5.303 8.173 5.353
0.815266 35.8577 14.177 13.633 7.067 0.465 5.176 8.144 5.333
0.826766 36.1559 14.085 13.524 6.926 0.467 5.199 8.138 5.25
0.815175 36.1468 14.086 13.534 6.982 0.464 5.173 8.18 5.222
0.809501 35.8912 14.083 13.731 6.971 0.464 5.176 8.284 5.307
0.798386 36.0295 14.179 13.531 6.936 0.503 5.222 8.148 5.24
0.798386 36.1899 14.075 13.513 6.942 0.464 5.207 8.141 5.239
0.798386 36.1781 14.045 13.548 6.958 0.463 5.171 8.142 5.271
0.798386 36.0114 14.191 13.521 6.934 0.512 5.224 8.137 5.246
0.798386 36.0231 14.19 13.516 6.971 0.473 5.283 8.15 5.236
0.83787 36.0776 14.093 13.58 6.967 0.466 5.197 8.154 5.285
0.83787 36.1886 14.041 13.54 6.87 0.497 5.171 8.156 5.244
0.83787 35.9893 14.187 13.559 6.976 0.473 5.268 8.175 5.251
0.83787 36.0205 14.163 13.545 6.97 0.468 5.249 8.159 5.253
0.83787 35.8886 14.117 13.701 7.03 0.465 5.169 8.302 5.261
0.826407 35.5366 14.439 13.61 7.089 0.475 5.359 8.206 5.266
0.826407 35.9389 14.208 13.565 7.034 0.473 5.238 8.168 5.263
0.815086 35.8307 14.318 13.545 7.061 0.504 5.236 8.152 5.259
0.80896 36.1925 14.061 13.522 6.928 0.465 5.191 8.154 5.23
0.7979 35.7718 14.233 13.673 7.026 0.48 5.246 8.278 5.258
0.791984 35.8989 14.222 13.567 7.023 0.475 5.251 8.15 5.276
0.791984 36.1246 14.101 13.536 6.932 0.506 5.148 8.155 5.24
0.791984 36.1624 14.063 13.537 6.912 0.466 5.221 8.141 5.255
0.791984 36.0881 14.124 13.542 6.994 0.467 5.186 8.139 5.266
0.791984 36.1324 14.111 13.522 6.989 0.467 5.182 8.145 5.237
0.791984 36.1024 14.127 13.522 6.948 0.467 5.192 8.145 5.232
0.791984 36.1703 14.095 13.505 6.965 0.468 5.159 8.174 5.191
0.791984 36.1598 14.055 13.556 6.949 0.466 5.179 8.161 5.245
0.791984 35.9686 14.204 13.55 6.952 0.505 5.233 8.163 5.25
0.791984 35.8051 14.113 13.766 6.965 0.471 5.21 8.207 5.409
0.791984 36.0153 14.098 13.599 6.98 0.467 5.19 8.184 5.278
0.791984 36.2371 14.004 13.549 6.915 0.467 5.165 8.168 5.244
0.791984 35.9868 14.177 13.558 7.024 0.469 5.216 8.164 5.263
0.791984 35.886 14.21 13.6 7.016 0.477 5.249 8.227 5.234
0.825215 36.1559 14.199 13.413 6.996 0.471 5.247 7.999 5.283
0.825215 35.8526 14.301 13.542 7.058 0.472 5.239 8.137 5.264
0.819439 35.9144 14.168 13.628 6.961 0.472 5.29 8.254 5.242
0.802755 35.832 14.164 13.698 6.971 0.47 5.274 8.278 5.285
0.797247 36.1637 14.023 13.56 6.922 0.467 5.179 8.155 5.243
0.793421 35.9273 14.215 13.567 6.958 0.472 5.271 8.161 5.267
0.77546 36.0075 14.163 13.567 7.005 0.473 5.228 8.182 5.249
0.771543 35.823 14.209 13.659 7.017 0.471 5.241 8.223 5.292
0.771543 35.9855 14.209 13.535 6.958 0.509 5.242 8.145 5.247
0.771543 35.9725 14.225 13.52 6.994 0.47 5.276 8.154 5.236
0.771543 36.0516 14.154 13.541 6.983 0.473 5.241 8.154 5.255
0.771543 35.8719 14.152 13.682 6.966 0.472 5.255 8.273 5.27
0.771543 35.859 14.228 13.609 6.946 0.472 5.231 8.245 5.229
0.771543 35.4799 14.245 13.89 6.997 0.473 5.304 8.365 5.369
0.771543 35.9208 14.245 13.558 7.026 0.471 5.275 8.17 5.217
0.771543 35.8809 14.228 13.59 7.029 0.47 5.257 8.143 5.306
0.771543 35.9118 14.171 13.628 6.931 0.472 5.276 8.259 5.236
0.771543 35.8899 14.056 13.739 6.924 0.468 5.172 8.145 5.445
0.771543 35.8706 14.207 13.618 7.003 0.472 5.259 8.184 5.297
0.771543 35.6227 14.396 13.599 7.112 0.473 5.245 8.17 5.288
0.771543 35.5796 14.318 13.738 7.021 0.514 5.307 8.266 5.33
0.771543 35.4711 14.505 13.643 7.199 0.475 5.35 8.252 5.256
0.771543 35.9544 14.225 13.541 7.006 0.47 5.244 8.174 5.238
0.784913 35.9596 14.162 13.601 6.984 0.469 5.238 8.188 5.283
0.813084 36.1128 14.057 13.589 6.964 0.466 5.172 8.194 5.257
0.801433 36.0828 14.139 13.531 6.938 0.464 5.233 8.144 5.253
0.801433 36.0972 14.128 13.525 6.958 0.47 5.23 8.152 5.246
0.801433 36.0373 14.144 13.553 6.976 0.47 5.231 8.148 5.275
0.801433 35.8282 14.141 13.68 6.971 0.476 5.237 8.245 5.301
0.801433 35.6926 14.283 13.68 7.161 0.473 5.162 8.182 5.358
0.790437 35.8076 14.306 13.576 7.014 0.471 5.26 8.162 5.278
0.790437 35.8757 14.214 13.611 6.997 0.471 5.245 8.185 5.284
0.790437 35.9557 14.224 13.545 7.044 0.463 5.235 8.162 5.241
0.790437 36.118 14.059 13.584 6.955 0.46 5.173 8.165 5.28
0.790437 35.7692 14.229 13.681 6.975 0.519 5.232 8.251 5.293
0.790437 35.9234 14.211 13.557 7.021 0.466 5.258 8.151 5.259
0.790437 36.1128 14.073 13.571 6.976 0.464 5.177 8.145 5.289
0.790437 36.0868 14.073 13.588 6.904 0.507 5.161 8.172 5.272
0.779575 35.9131 14.208 13.598 6.987 0.468 5.288 8.193 5.273
0.758242 36.014 14.106 13.613 7.004 0.462 5.174 8.175 5.304
0.747766 36.001 14.151 13.576 6.944 0.499 5.208 8.191 5.25
0.747766 36.0998 14.133 13.522 6.948 0.463 5.165 8.144 5.245
0.747766 35.8809 14.145 13.68 6.964 0.474 5.249 8.267 5.284
0.747766 35.832 14.234 13.63 7.064 0.473 5.195 8.21 5.282
0.747766 35.7424 14.316 13.613 7.106 0.488 5.246 8.192 5.287
0.747766 35.8153 14.28 13.58 7.089 0.477 5.222 8.164 5.274
0.747766 35.868 14.286 13.548 7.055 0.478 5.211 8.163 5.248
0.747766 35.823 14.287 13.579 7.083 0.475 5.255 8.194 5.246
0.747766 35.6761 14.364 13.62 7.105 0.471 5.305 8.223 5.255
0.747766 35.9079 14.207 13.589 7.095 0.47 5.178 8.172 5.285
0.747766 35.8423 14.188 13.667 7.095 0.469 5.161 8.141 5.389
0.823834 35.926 14.228 13.561 7.111 0.471 5.151 8.164 5.263
0.823834 35.9157 14.263 13.535 7.065 0.505 5.189 8.15 5.249
0.812053 35.8089 14.318 13.566 7.099 0.475 5.274 8.187 5.246
0.806288 35.7833 14.299 13.599 7.103 0.475 5.257 8.232 5.235
0.795 35.8384 14.298 13.555 7.118 0.476 5.232 8.174 5.249
0.784294 35.685 14.348 13.614 7.146 0.489 5.246 8.184 5.29
0.773715 35.8372 14.306 13.547 7.153 0.465 5.157 8.161 5.245
0.763261 35.8141 14.301 13.571 7.105 0.468 5.256 8.192 5.242
0.763261 35.9518 14.206 13.562 7.092 0.462 5.177 8.19 5.233
0.763261 35.7028 14.349 13.582 7.142 0.478 5.261 8.165 5.277
0.763261 35.8051 14.29 13.59 7.11 0.471 5.22 8.162 5.266
0.758049 35.7219 14.386 13.563 7.091 0.47 5.257 8.168 5.257
0.747834 35.8616 14.301 13.535 7.095 0.468 5.266 8.146 5.251
0.74283 35.8025 14.3 13.578 7.105 0.471 5.24 8.147 5.293
0.74283 35.7705 14.211 13.618 7.1 0.466 5.186 8.17 5.272
0.74283 35.7731 14.351 13.557 7.13 0.508 5.214 8.159 5.261
0.74283 35.7245 14.321 13.619 7.124 0.478 5.247 8.21 5.276
0.74283 35.759 14.348 13.567 7.15 0.476 5.255 8.182 5.253
0.74283 35.7411 14.3 13.616 7.129 0.473 5.232 8.201 5.278
0.74283 35.7731 14.295 13.59 7.123 0.471 5.238 8.16 5.292
0.74283 35.9402 14.215 13.564 7.041 0.503 5.159 8.171 5.255
0.74283 36.0075 14.166 13.553 7.023 0.466 5.206 8.177 5.24
0.74283 35.7999 14.269 13.577 7.131 0.464 5.19 8.197 5.248
0.74283 35.8397 14.286 13.572 7.117 0.47 5.223 8.177 5.265
0.74283 35.6506 14.344 13.639 7.158 0.478 5.24 8.19 5.302
0.74283 35.7974 14.313 13.574 7.082 0.509 5.214 8.181 5.254
0.737523 35.8564 14.236 13.607 7.111 0.466 5.193 8.161 5.309
0.744724 35.8925 14.16 13.653 7.045 0.465 5.181 8.199 5.315
0.759669 35.5467 14.385 13.701 7.111 0.469 5.28 8.235 5.332
0.759669 35.5353 14.327 13.768 7.031 0.502 5.249 8.278 5.349
0.759669 35.4396 14.5 13.667 7.191 0.504 5.268 8.236 5.295
0.759669 35.832 14.232 13.627 7.025 0.463 5.232 8.2 5.292
0.749562 35.7347 14.307 13.623 7.106 0.463 5.211 8.203 5.287
0.73957 35.3357 14.562 13.691 7.263 0.477 5.296 8.239 5.318
0.729692 35.5783 14.399 13.66 7.148 0.47 5.266 8.206 5.322
0.729692 35.7948 14.229 13.664 7.059 0.471 5.203 8.209 5.321
0.724982 35.6163 14.404 13.617 7.102 0.515 5.253 8.188 5.297
0.724982 35.7961 14.26 13.624 7.051 0.465 5.212 8.186 5.301
0.715742 35.5543 14.452 13.625 7.15 0.474 5.313 8.204 5.289
0.71121 35.4811 14.453 13.676 7.094 0.465 5.388 8.242 5.3
0.702316 35.5973 14.371 13.645 7.097 0.471 5.301 8.19 5.321
0.702316 35.624 14.363 13.669 7.11 0.47 5.276 8.2 5.302
0.702316 35.4359 14.471 13.688 7.154 0.483 5.331 8.229 5.324
0.702316 35.3932 14.395 13.812 7.108 0.479 5.307 8.339 5.338
0.702316 35.3619 14.475 13.755 7.108 0.479 5.382 8.255 5.352
0.702316 35.5543 14.365 13.716 7.104 0.471 5.266 8.246 5.328
0.702316 35.5695 14.422 13.647 7.125 0.476 5.266 8.205 5.303
0.702316 35.4271 14.537 13.644 7.224 0.511 5.26 8.209 5.298
0.702316 35.8012 14.271 13.609 7.082 0.464 5.218 8.182 5.29
0.702316 35.6519 14.377 13.61 7.105 0.471 5.298 8.187 5.289
0.697502 35.7743 14.229 13.635 7.078 0.463 5.182 8.209 5.294
0.692754 35.7897 14.218 13.677 7.078 0.465 5.178 8.163 5.372
0.68807 35.7718 14.228 13.657 7.074 0.463 5.195 8.221 5.299
0.68807 35.7168 14.328 13.623 7.056 0.496 5.193 8.19 5.296
0.68807 35.0594 14.656 13.819 7.07 0.477 5.582 8.377 5.303
0.68807 35.4887 14.496 13.637 7.201 0.479 5.313 8.196 5.304
0.683449 35.6455 14.391 13.618 7.121 0.47 5.292 8.204 5.28
0.733851 35.7846 14.255 13.64 7.083 0.465 5.21 8.191 5.312
0.72883 35.6303 14.256 13.744 7.093 0.47 5.191 8.261 5.345
0.724141 35.1432 14.485 13.916 7.145 0.477 5.307 8.441 5.331
0.724141 35.8051 14.287 13.597 7.028 0.465 5.191 8.168 5.291
0.719512 35.7258 14.265 13.672 7.082 0.465 5.218 8.222 5.313
0.719512 35.5189 14.467 13.643 7.121 0.476 5.33 8.209 5.299
0.719512 35.7731 14.238 13.669 7.062 0.467 5.207 8.248 5.29
0.719512 35.6684 14.304 13.681 7.089 0.464 5.22 8.214 5.327
0.706475 35.5923 14.315 13.691 7.113 0.472 5.212 8.206 5.351
0.702222 35.5518 14.399 13.68 7.109 0.477 5.269 8.242 5.302
0.68942 35.7283 14.308 13.635 7.041 0.465 5.219 8.194 5.304
0.68942 35.4862 14.423 13.711 7.115 0.478 5.304 8.233 5.34
0.68942 35.7283 14.313 13.626 7.084 0.464 5.247 8.211 5.28
0.68942 35.85 14.144 13.7 6.825 0.471 5.291 8.272 5.293
0.68942 35.5834 14.374 13.681 7.11 0.478 5.276 8.214 5.33
0.68942 35.7194 14.258 13.66 7.065 0.479 5.22 8.205 5.321
0.68942 35.7756 14.225 13.681 7.036 0.463 5.214 8.197 5.315
0.681063 35.461 14.371 13.782 7.033 0.505 5.269 8.29 5.358
0.676959 35.5013 14.417 13.703 7.105 0.476 5.28 8.248 5.318
0.668899 35.624 14.395 13.631 7.104 0.478 5.312 8.206 5.294
0.668899 35.5973 14.437 13.611 7.101 0.481 5.347 8.201 5.277
0.668899 35.5353 14.298 13.797 7.101 0.471 5.22 8.375 5.289
0.668899 34.8056 14.965 13.717 7.778 0.47 5.213 8.292 5.291
0.668899 35.841 14.192 13.665 7.015 0.471 5.207 8.219 5.313
0.668899 35.4824 14.499 13.638 7.19 0.477 5.294 8.186 5.317
0.668899 35.6125 14.432 13.588 7.182 0.472 5.232 8.172 5.281
0.668899 35.2659 14.626 13.679 7.147 0.511 5.416 8.216 5.323
0.668899 35.6659 14.352 13.634 7.052 0.479 5.247 8.195 5.306
0.668899 35.782 14.275 13.626 7.056 0.465 5.245 8.193 5.297
0.660372 35.5999 14.414 13.627 7.127 0.477 5.306 8.199 5.295
0.655863 36.0205 14.007 13.708 6.772 0.47 5.257 8.235 5.338
0.647588 35.8333 14.214 13.645 7.015 0.468 5.219 8.185 5.326
0.659232 35.7641 14.284 13.63 7 0.466 5.225 8.198 5.296
0.66723 35.5695 14.368 13.689 7.086 0.465 5.213 8.213 5.342
0.679597 34.522 15.283 13.623 7.726 0.469 5.221 8.181 5.31
0.679597 35.6952 14.342 13.625 7.068 0.47 5.252 8.198 5.291
0.679597 35.6265 14.283 13.739 7.046 0.504 5.195 8.164 5.43
0.679597 35.8102 14.227 13.653 7.014 0.463 5.243 8.197 5.322
0.679597 35.5265 14.246 13.856 7.013 0.469 5.239 8.218 5.486
0.679597 35.7322 14.333 13.612 7.047 0.469 5.296 8.203 5.276
0.679597 35.6265 14.376 13.645 7.114 0.474 5.27 8.212 5.298
0.671302 35.7232 14.231 13.717 7.033 0.465 5.23 8.234 5.349
0.669245 35.75 14.236 13.691 7.06 0.469 5.213 8.19 5.343
0.678409 35.5088 14.458 13.659 7.038 0.516 5.312 8.189 5.337
0.678409 35.6328 14.331 13.687 7.009 0.471 5.285 8.207 5.348
0.678409 35.4459 14.456 13.707 7.098 0.471 5.35 8.222 5.349
0.678409 35.4925 14.326 13.776 7.029 0.472 5.306 8.215 5.421
0.673903 35.495 14.363 13.768 7.064 0.47 5.303 8.24 5.398
0.669457 35.3045 14.456 13.797 7.086 0.475 5.357 8.188 5.475
0.66507 34.6945 14.881 13.891 7.327 0.475 5.379 8.337 5.41
0.66507 35.1877 14.6 13.765 7.203 0.483 5.398 8.277 5.351
0.66507 35.3482 14.511 13.73 7.111 0.469 5.339 8.209 5.386
0.66507 35.4547 14.497 13.662 7.106 0.477 5.374 8.194 5.332
0.66507 35.4673 14.491 13.642 7.088 0.481 5.384 8.18 5.329
0.66507 35.7143 14.299 13.661 6.98 0.474 5.318 8.181 5.344
0.66507 35.466 14.443 13.707 7.087 0.476 5.328 8.204 5.367
0.66507 35.6455 14.325 13.683 7.038 0.463 5.29 8.22 5.329
0.66507 35.5707 14.345 13.721 7.06 0.471 5.267 8.186 5.397
0.66507 35.6138 14.328 13.696 7.036 0.464 5.285 8.197 5.363
0.66507 35.495 14.435 13.693 7.104 0.47 5.329 8.198 5.36
0.66507 35.5328 14.372 13.726 7.073 0.47 5.293 8.21 5.381
0.66507 35.629 14.338 13.68 7.051 0.472 5.272 8.193 5.348
0.660739 35.61 14.338 13.697 7.063 0.467 5.269 8.236 5.327
0.648298 35.4484 14.416 13.741 7.093 0.471 5.316 8.285 5.323
0.644151 35.4836 14.463 13.668 7.095 0.478 5.357 8.177 5.355
0.644151 35.7181 14.24 13.712 7.01 0.476 5.237 8.172 5.402
0.644151 35.3469 14.523 13.723 7.136 0.476 5.367 8.221 5.366
0.644151 35.163 14.621 13.771 7.095 0.509 5.398 8.286 5.352
0.644151 35.4623 14.359 13.79 7.026 0.511 5.245 8.195 5.455
0.644151 35.5038 14.477 13.652 7.07 0.512 5.322 8.173 5.342
0.644151 35.7194 14.288 13.658 6.945 0.515 5.262 8.19 5.333
0.640366 35.3669 14.446 13.784 7.047 0.479 5.322 8.302 5.349
0.636626 35.5885 14.368 13.681 6.997 0.51 5.275 8.195 5.345
0.632928 35.6646 14.317 13.675 6.992 0.511 5.247 8.208 5.332
0.632928 35.6799 14.322 13.658 7 0.473 5.285 8.2 5.322
0.632928 35.6799 14.343 13.636 7.045 0.475 5.293 8.184 5.319
0.632928 35.5341 14.429 13.658 7.082 0.481 5.34 8.207 5.317
0.632928 35.5 14.476 13.647 7.095 0.48 5.375 8.194 5.319
0.625106 35.3357 14.577 13.67 7.299 0.465 5.301 8.196 5.343
0.625106 35.2684 14.39 13.913 7.073 0.474 5.32 8.417 5.358
0.625106 35.5948 14.349 13.702 7.069 0.475 5.297 8.214 5.352
0.632928 35.1902 14.574 13.795 6.992 0.475 5.565 8.292 5.36
0.632928 35.4673 14.482 13.665 7.131 0.473 5.337 8.21 5.319
0.632928 35.524 14.449 13.652 7.103 0.484 5.351 8.206 5.319
0.632928 35.671 14.312 13.675 7.053 0.477 5.269 8.223 5.321
0.632928 35.1407 14.614 13.79 7.203 0.473 5.374 8.238 5.422
0.632928 35.3033 14.612 13.681 7.289 0.472 5.334 8.228 5.329
0.632928 35.6748 14.372 13.617 7.063 0.473 5.312 8.178 5.311
0.632928 35.6722 14.297 13.678 7.007 0.473 5.27 8.218 5.33
0.632928 35.5834 14.335 13.678 7.093 0.475 5.254 8.221 5.326
0.632928 35.5505 14.396 13.682 7.092 0.482 5.306 8.248 5.301
0.632928 35.6303 14.31 13.705 7.055 0.467 5.26 8.209 5.346
0.629116 35.5088 14.47 13.643 7.111 0.473 5.349 8.196 5.315
0.625292 35.6163 14.332 13.695 7.064 0.477 5.242 8.25 5.314
0.621455 35.4698 14.468 13.676 7.104 0.473 5.352 8.24 5.306
0.621455 35.6392 14.341 13.672 7.052 0.476 5.284 8.231 5.311
0.621455 35.5872 14.358 13.696 7.089 0.474 5.268 8.213 5.35
0.621455 35.9945 14.266 13.471 7.041 0.472 5.234 7.918 5.404
0.617748 35.1902 14.614 13.753 7.147 0.477 5.426 8.244 5.374
0.610337 35.4346 14.475 13.699 7.123 0.48 5.301 8.195 5.337
0.606709 35.5379 14.444 13.652 7.057 0.512 5.318 8.199 5.322
0.606709 35.4346 14.521 13.644 7.126 0.518 5.302 8.201 5.311
0.606709 35.3319 14.564 13.689 7.135 0.479 5.414 8.213 5.34
0.606709 35.3694 14.502 13.689 7.143 0.481 5.335 8.22 5.332
0.660756 35.6049 14.39 13.654 7.097 0.476 5.272 8.203 5.319
0.660756 35.5417 14.463 13.629 7.103 0.476 5.361 8.184 5.315
0.660756 35.417 14.506 13.67 7.135 0.48 5.318 8.209 5.328
0.660756 35.6075 14.367 13.671 7.085 0.474 5.286 8.194 5.345
0.660756 35.3882 14.52 13.689 7.145 0.48 5.362 8.203 5.353
0.660756 35.5619 14.369 13.705 7.116 0.475 5.25 8.214 5.359
0.653078 35.5252 14.389 13.716 7.109 0.475 5.277 8.236 5.345
0.649306 35.5164 14.387 13.722 7.097 0.474 5.288 8.223 5.367
0.646767 35.3107 14.487 13.773 7.153 0.483 5.318 8.237 5.402
0.65818 34.0067 15.187 14.16 7.458 0.479 5.476 8.49 5.525
0.654008 34.9211 14.68 13.865 7.191 0.477 5.36 8.261 5.467
0.649889 35.1432 14.583 13.818 7.131 0.482 5.372 8.226 5.449
0.649889 35.3832 14.418 13.796 7.086 0.467 5.307 8.244 5.417
0.649889 34.9846 14.603 13.932 7.081 0.568 5.394 8.368 5.426
0.649889 35.256 14.515 13.803 7.101 0.472 5.366 8.238 5.432
0.649889 35.317 14.535 13.738 7.11 0.473 5.384 8.209 5.389
0.649889 34.9907 14.392 14.114 7.026 0.475 5.326 8.226 5.738
0.649889 35.2883 14.505 13.784 7.079 0.474 5.362 8.245 5.394
0.649889 35.256 14.576 13.734 7.118 0.473 5.378 8.222 5.379
0.649889 34.9296 14.811 13.774 7.245 0.468 5.504 8.251 5.383
0.649889 35.2783 14.526 13.776 7.095 0.475 5.38 8.243 5.393
0.654008 35.2634 14.568 13.746 7.126 0.48 5.394 8.252 5.361
0.661903 35.3369 14.543 13.71 7.095 0.482 5.394 8.227 5.35
0.673119 35.2286 14.551 13.791 7.108 0.479 5.401 8.251 5.408
0.68559 35.1296 14.63 13.799 7.111 0.479 5.413 8.256 5.407
0.620445 35.5063 14.239 13.882 6.748 0.473 5.426 8.384 5.367
0.602371 35.2373 14.549 13.789 7.121 0.481 5.375 8.277 5.381
0.613226 34.8008 14.737 13.953 7.127 0.481 5.543 8.4 5.406
0.619782 35.2584 14.531 13.786 7.105 0.482 5.384 8.277 5.379
0.649146 34.9932 14.645 13.876 7.116 0.479 5.453 8.297 5.437
0.672666 35.1124 14.581 13.854 7.072 0.473 5.41 8.289 5.432
0.680655 35.1247 14.576 13.845 7.055 0.475 5.399 8.267 5.444
0.685497 35.1729 14.59 13.792 7.046 0.474 5.416 8.249 5.409
0.669546 34.3666 15.233 13.82 7.132 0.516 5.354 8.253 5.426
0.662143 35.3669 14.489 13.742 7.025 0.504 5.313 8.226 5.375
0.646732 35.3857 14.487 13.716 7.057 0.53 5.288 8.229 5.356
0.647167 35.2883 14.558 13.725 7.058 0.517 5.348 8.236 5.354
0.651173 35.1296 14.583 13.83 7.065 0.516 5.366 8.233 5.459
0.600354 35.2448 14.539 13.787 7.051 0.521 5.353 8.279 5.369
0.610392 35.163 14.571 13.788 7.059 0.522 5.36 8.253 5.392
0.628354 35.0447 14.654 13.821 7.135 0.479 5.408 8.261 5.427
0.631711 35.1346 14.552 13.867 7.102 0.467 5.354 8.268 5.461
0.639242 35.0828 14.595 13.861 7.106 0.481 5.404 8.271 5.452
0.658128 35.2796 14.472 13.825 7.069 0.474 5.339 8.265 5.426
0.665876 35.0668 14.625 13.842 7.139 0.474 5.409 8.278 5.427
0.662253 35.0951 14.644 13.804 7.139 0.473 5.4 8.3 5.375
0.65867 35.2746 14.431 13.872 7.03 0.482 5.326 8.353 5.386
0.655126 34.9138 14.657 13.941 7.162 0.472 5.402 8.366 5.431
0.655126 35.1321 14.623 13.796 7.113 0.481 5.423 8.25 5.412
0.655126 35.3769 14.429 13.788 7.003 0.472 5.35 8.247 5.405
0.655126 35.0484 14.562 13.925 7.094 0.467 5.363 8.386 5.399
0.655126 34.887 14.651 13.969 7.14 0.509 5.329 8.394 5.438
0.596411 34.8262 14.748 13.92 7.164 0.523 5.392 8.348 5.432
0.596411 35.0214 14.584 13.923 7.141 0.475 5.336 8.347 5.442
0.610696 35.0128 14.619 13.897 7.181 0.467 5.341 8.343 5.422
0.617934 34.779 14.676 14.028 7.22 0.481 5.394 8.459 5.435
0.636058 34.6933 14.603 14.169 7.173 0.468 5.335 8.385 5.636
0.655308 34.4246 14.832 14.172 7.215 0.467 5.492 8.546 5.485
0.651905 34.6452 14.908 13.914 7.107 0.472 5.524 8.285 5.5
0.648536 34.9638 14.684 13.877 7.041 0.48 5.533 8.283 5.46
0.656073 34.7367 14.817 13.928 7.17 0.472 5.526 8.281 5.51
0.66368 35.0238 14.605 13.903 7.039 0.476 5.471 8.271 5.499
0.667348 35.014 14.699 13.814 7.06 0.48 5.531 8.237 5.438
0.644717 35.1444 14.642 13.769 7.057 0.483 5.502 8.214 5.413
0.644717 35.1432 14.637 13.772 7.062 0.483 5.481 8.215 5.424
0.644717 34.8153 14.647 14.023 7.09 0.479 5.489 8.432 5.448
0.644717 35.105 14.677 13.762 7.057 0.483 5.457 8.213 5.411
0.615481 35.0521 14.661 13.803 7.034 0.512 5.468 8.214 5.417
0.615481 34.976 14.712 13.833 7.046 0.568 5.459 8.254 5.449
0.622692 35.1124 14.635 13.799 7.078 0.48 5.488 8.228 5.44
0.629968 35.1383 14.62 13.801 7.054 0.486 5.469 8.224 5.449
0.637309 35.0853 14.646 13.807 7.093 0.477 5.476 8.254 5.421
0.637309 35.0717 14.595 13.874 7.067 0.483 5.449 8.214 5.523
0.637309 34.7645 14.828 13.887 7.115 0.486 5.536 8.276 5.471
0.637309 33.972 15.317 14.071 7.453 0.481 5.627 8.41 5.52
0.648741 35.0091 14.684 13.834 7.143 0.483 5.443 8.245 5.451
0.660237 34.9455 14.648 13.921 7.071 0.484 5.51 8.328 5.458
0.63454 34.8481 14.726 13.926 7.048 0.481 5.567 8.334 5.456
0.631529 34.9528 14.638 13.925 7.015 0.477 5.508 8.274 5.509
0.628346 35.1161 14.594 13.836 7.009 0.477 5.474 8.241 5.453
0.625354 35.0557 14.62 13.851 7.03 0.477 5.484 8.258 5.449
0.625354 35.0976 14.612 13.834 6.989 0.474 5.474 8.232 5.461
0.625354 34.7826 14.766 13.933 7.053 0.482 5.497 8.218 5.575
0.625354 34.9113 14.719 13.88 7.006 0.48 5.512 8.226 5.517
0.625354 35.0103 14.618 13.897 7.026 0.477 5.479 8.273 5.492
0.625354 34.7548 14.629 14.096 7.022 0.482 5.501 8.245 5.703
0.625354 34.9162 14.727 13.866 7.054 0.472 5.542 8.286 5.447
0.642915 34.9052 14.737 13.867 7.058 0.484 5.558 8.254 5.477
0.664833 34.9186 14.736 13.855 7.063 0.481 5.55 8.238 5.481
0.683039 35.1161 14.607 13.824 7.014 0.476 5.491 8.232 5.458
0.624819 35.0336 14.644 13.854 7.043 0.476 5.499 8.254 5.463
0.624819 34.9125 14.738 13.849 7.078 0.48 5.537 8.233 5.478
0.624819 34.7996 14.774 13.917 7.141 0.516 5.472 8.26 5.513
0.624819 34.9199 14.703 13.88 7.06 0.483 5.529 8.258 5.487
0.624819 34.9601 14.638 13.916 7.039 0.48 5.478 8.259 5.522
0.624819 34.9004 14.731 13.877 7.094 0.483 5.524 8.291 5.454
0.624819 34.876 14.663 13.969 7.007 0.476 5.556 8.335 5.503
0.624819 35.0963 14.614 13.833 6.996 0.474 5.496 8.264 5.433
0.624819 34.9186 14.746 13.841 7.088 0.483 5.534 8.258 5.451
0.638993 34.8651 14.769 13.869 7.087 0.48 5.57 8.266 5.461
0.660724 34.7608 14.719 13.998 7.042 0.481 5.569 8.361 5.494
0.675534 35.03 14.64 13.862 7.027 0.476 5.441 8.251 5.472
0.668096 34.8408 14.773 13.883 7.051 0.518 5.514 8.251 5.493
0.653417 34.943 14.664 13.906 7.008 0.474 5.482 8.282 5.487
0.646173 34.9125 14.712 13.891 7.081 0.482 5.509 8.255 5.498
0.653417 35.0275 14.607 13.898 7.031 0.475 5.454 8.248 5.511
0.653417 34.5543 14.821 14.072 7.123 0.475 5.569 8.403 5.527
0.660724 35.0693 14.578 13.893 7.006 0.473 5.476 8.309 5.452
0.638993 34.9479 14.684 13.864 7.072 0.476 5.473 8.283 5.442
0.646173 34.8189 14.714 13.958 7.057 0.48 5.526 8.359 5.464
0.653417 35.0018 14.668 13.85 6.995 0.475 5.509 8.262 5.458
0.646783 34.8651 14.762 13.868 7.131 0.476 5.496 8.252 5.471
0.637082 34.8626 14.761 13.872 7.085 0.48 5.563 8.266 5.469
0.630775 35.0349 14.649 13.848 7.052 0.472 5.481 8.256 5.458
0.630775 34.8809 14.773 13.847 7.081 0.48 5.551 8.259 5.452
0.630775 34.8784 14.776 13.841 7.085 0.491 5.543 8.249 5.459
0.630775 34.9491 14.731 13.831 7.084 0.482 5.531 8.248 5.447
0.630775 34.9247 14.749 13.838 7.095 0.483 5.533 8.25 5.454
0.630775 34.9675 14.643 13.91 7.065 0.475 5.469 8.298 5.472
0.630775 34.9186 14.744 13.849 7.081 0.48 5.553 8.26 5.452
0.640026 34.9308 14.757 13.828 7.085 0.482 5.543 8.24 5.454
0.643066 35.0116 14.642 13.867 7.06 0.476 5.472 8.259 5.473
0.657203 35.0091 14.659 13.85 7.014 0.476 5.483 8.207 5.508
0.62247 35.2113 14.472 13.873 7.063 0.481 5.557 8.211 5.527
0.62247 35.2299 14.5 13.837 7.063 0.481 5.555 8.204 5.498
0.62247 35.1704 14.418 13.966 7.019 0.474 5.598 8.328 5.501
0.6293 35.2423 14.47 13.853 7.107 0.481 5.563 8.191 5.529
0.6293 35.3932 14.336 13.872 7.084 0.473 5.497 8.194 5.541
0.636187 35.4346 14.26 13.913 7.013 0.466 5.487 8.231 5.546
0.636187 35.3207 14.388 13.879 7.071 0.479 5.549 8.219 5.526
0.636187 35.3245 14.374 13.887 7.074 0.474 5.54 8.231 5.522
0.636187 35.4799 14.295 13.845 7.063 0.464 5.493 8.206 5.508
0.636187 35.3107 14.409 13.869 7.096 0.471 5.555 8.218 5.522
0.636187 35.4572 14.282 13.876 7.067 0.466 5.48 8.228 5.516
0.636187 35.1704 14.464 13.914 7.107 0.468 5.515 8.222 5.558
0.643133 35.2759 14.46 13.841 7.063 0.51 5.549 8.212 5.496
0.643133 35.2709 14.476 13.829 7.059 0.474 5.559 8.193 5.501
0.650138 33.5559 15.579 14.175 8.035 0.484 5.625 8.384 5.648
0.650138 34.8505 14.548 14.056 7.116 0.509 5.597 8.315 5.603
0.650138 35.251 14.362 13.917 7.128 0.474 5.466 8.21 5.565
0.650138 35.2038 14.445 13.91 7.101 0.472 5.574 8.233 5.535
0.657203 35.3982 14.275 13.936 7.024 0.468 5.499 8.209 5.576
0.664328 35.1778 14.49 13.89 7.054 0.512 5.587 8.199 5.552
0.671516 35.3794 14.337 13.873 6.973 0.513 5.506 8.21 5.526
0.671516 35.1729 14.499 13.881 7.06 0.474 5.562 8.218 5.525
0.671516 35.189 14.478 13.894 7.142 0.478 5.564 8.213 5.534
0.671516 35.3882 14.335 13.876 7.057 0.467 5.504 8.205 5.536
0.671516 35.5126 14.248 13.865 6.998 0.468 5.494 8.207 5.521
0.671516 35.2908 14.397 13.89 6.992 0.507 5.546 8.215 5.535
0.671516 35.4095 14.35 13.839 7.014 0.501 5.498 8.198 5.501
0.671516 35.2796 14.462 13.832 7.05 0.508 5.569 8.195 5.499
0.671516 35.1407 14.48 13.93 7.099 0.506 5.533 8.261 5.533
0.671516 35.1383 14.504 13.904 7.069 0.474 5.599 8.23 5.533
0.668146 35.1506 14.51 13.883 7.101 0.475 5.57 8.217 5.526
0.609752 35.2348 14.439 13.893 7.053 0.473 5.574 8.235 5.522
0.606823 35.3319 14.359 13.896 7.039 0.468 5.534 8.25 5.512
0.613461 35.2026 14.465 13.892 7.109 0.473 5.586 8.221 5.531
0.620153 35.3569 14.348 13.886 7.064 0.468 5.541 8.243 5.503
0.626902 35.1395 14.489 13.923 7.105 0.48 5.62 8.24 5.545
0.626902 35.317 14.392 13.871 7.098 0.469 5.541 8.231 5.504
0.626902 35.3982 14.317 13.888 7.043 0.467 5.531 8.223 5.531
0.626902 35.3033 14.411 13.875 7.116 0.467 5.558 8.228 5.512
0.626902 35.4045 14.293 13.908 7.039 0.466 5.523 8.266 5.511
0.626902 35.4459 14.264 13.904 7.023 0.467 5.502 8.245 5.489
0.626902 35.073 14.468 13.998 7.068 0.467 5.652 8.334 5.494
0.626902 35.2162 14.434 13.921 7.103 0.468 5.54 8.275 5.512
0.626902 35.2137 14.397 13.954 7.128 0.469 5.521 8.307 5.517
0.626902 35.2547 14.393 13.923 7.09 0.467 5.545 8.273 5.515
0.626902 35.0471 14.556 13.928 7.164 0.474 5.599 8.285 5.507
0.626902 35.1235 14.502 13.925 7.137 0.473 5.607 8.261 5.529
0.626902 35.0116 14.509 14.001 7.131 0.475 5.578 8.319 5.542
0.627576 35.0594 14.504 13.973 7.189 0.47 5.557 8.307 5.531
0.63806 34.8748 14.632 13.995 7.159 0.472 5.72 8.345 5.515
0.638671 35.1494 14.429 13.982 7.124 0.467 5.565 8.345 5.508
0.638671 35.0361 14.507 13.992 7.15 0.474 5.565 8.31 5.546
0.638671 35.0091 14.642 13.869 7.136 0.473 5.735 8.236 5.496
0.638671 35.4459 14.306 13.861 7.049 0.47 5.507 8.249 5.478
0.638671 35.4271 14.302 13.88 7.07 0.468 5.491 8.231 5.515
0.638671 35.2709 14.42 13.885 7.166 0.469 5.5 8.213 5.533
0.638671 35.3669 14.335 13.897 7.074 0.467 5.511 8.238 5.522
0.638671 35.4133 14.339 13.863 7.069 0.468 5.514 8.202 5.525
0.638671 35.4836 14.243 13.891 7.021 0.472 5.479 8.205 5.542
0.638671 35.2759 14.434 13.864 7.029 0.511 5.559 8.216 5.509
0.638671 35.1309 14.341 14.067 7.018 0.499 5.5 8.361 5.557
0.638671 35.2435 14.423 13.9 7.068 0.52 5.494 8.239 5.522
0.638671 35.4384 14.304 13.865 7.073 0.467 5.469 8.193 5.537
0.638671 35.407 14.23 13.97 6.855 0.527 5.556 8.278 5.554
0.638671 35.3769 14.326 13.894 6.975 0.506 5.497 8.21 5.518
0.638671 35.3744 14.354 13.858 7.039 0.504 5.504 8.198 5.522
0.638671 35.251 14.448 13.878 7.032 0.515 5.575 8.22 5.488
0.638671 34.8505 14.678 13.971 7.216 0.528 5.593 8.28 5.553
0.638671 35.2274 14.46 13.877 7.051 0.475 5.567 8.217 5.525
0.638671 35.184 14.482 13.892 7.047 0.517 5.562 8.227 5.531
0.638671 35.3619 14.332 13.896 7.016 0.504 5.486 8.219 5.542
0.638671 35.2535 14.427 13.888 7.052 0.506 5.553 8.22 5.502
0.631925 35.1914 14.456 13.912 7.081 0.506 5.541 8.216 5.557
0.631925 35.1506 14.474 13.922 7.055 0.505 5.597 8.241 5.54
0.625234 35.3719 14.355 13.865 6.968 0.514 5.544 8.201 5.509
0.625234 35.2622 14.442 13.864 7.044 0.516 5.568 8.23 5.497
0.625234 35.03 14.519 13.979 7.034 0.477 5.681 8.332 5.51
0.625234 35.1259 14.371 14.051 6.999 0.497 5.52 8.29 5.621
0.625234 31.248 17.658 14.293 9.408 0.568 5.853 8.441 5.709
0.625234 34.7041 14.711 14.045 7.141 0.489 5.704 8.259 5.645
0.625234 34.4685 14.906 14.061 7.335 0.525 5.654 8.35 5.57
0.625234 35.1667 14.5 13.89 7.161 0.489 5.572 8.222 5.531
0.625234 35.0742 14.56 13.906 7.082 0.474 5.72 8.242 5.527
0.625234 35.1778 14.495 13.885 7.058 0.473 5.676 8.219 5.531
0.625234 35.2286 14.454 13.886 7.1 0.474 5.584 8.218 5.532
0.625234 35.2796 14.437 13.864 7.093 0.473 5.585 8.199 5.526
0.625234 35.2088 14.445 13.913 7.09 0.475 5.595 8.221 5.55
0.622254 35.3594 14.394 13.841 7.075 0.473 5.55 8.182 5.52
0.622254 35.3669 14.31 13.914 7.043 0.48 5.519 8.181 5.594
0.619303 35.4925 14.308 13.822 7.048 0.468 5.516 8.16 5.524
0.619303 35.1309 14.428 13.99 7.025 0.516 5.57 8.284 5.564
0.619303 35.3757 14.382 13.843 7.077 0.474 5.557 8.197 5.512
0.619303 35.3369 14.399 13.85 7.079 0.472 5.565 8.207 5.509
0.619303 35.4208 14.34 13.846 7.001 0.505 5.5 8.181 5.529
0.619303 35.3444 14.413 13.841 7.022 0.507 5.559 8.19 5.481
0.619303 35.2063 14.477 13.873 7.071 0.527 5.555 8.215 5.494
0.619303 35.3832 14.403 13.815 7.037 0.509 5.534 8.196 5.482
0.619303 35.2584 14.464 13.849 7.051 0.476 5.575 8.208 5.504
0.619303 35.2896 14.446 13.843 7.035 0.475 5.563 8.209 5.498
0.619303 35.3807 14.28 13.932 6.987 0.469 5.486 8.273 5.521
0.619303 35.292 14.464 13.825 7.051 0.471 5.576 8.201 5.489
0.619303 35.2423 14.433 13.88 7.029 0.508 5.561 8.212 5.533
0.619303 35.322 14.427 13.837 7.028 0.476 5.545 8.203 5.501
0.619303 35.4108 14.329 13.863 6.979 0.512 5.512 8.197 5.503
0.619303 35.3482 14.4 13.836 7.022 0.521 5.537 8.184 5.517
0.619303 35.4547 14.321 13.836 6.979 0.514 5.506 8.184 5.484
0.619303 35.2348 14.424 13.907 7.002 0.507 5.583 8.246 5.499
0.619303 35.246 14.449 13.876 7.068 0.506 5.55 8.201 5.51
0.619303 35.392 14.366 13.84 7.032 0.5 5.5 8.216 5.489
0.619303 35.2808 14.423 13.849 7.025 0.508 5.563 8.229 5.485
0.619303 35.2771 14.446 13.842 7.055 0.509 5.558 8.212 5.497
0.619303 35.251 14.397 13.875 7.03 0.508 5.515 8.207 5.526
0.619303 35.2485 14.401 13.889 7.031 0.507 5.543 8.235 5.522
0.619303 35.3057 14.421 13.851 7.035 0.511 5.535 8.189 5.493
0.619303 34.8432 14.558 14.097 7.077 0.513 5.643 8.309 5.633
0.619303 35.2709 14.436 13.865 7.085 0.492 5.576 8.2 5.528
0.619303 35.4509 14.298 13.866 7.026 0.467 5.517 8.198 5.531
0.619303 35.2684 14.435 13.876 7.097 0.47 5.579 8.211 5.526
0.619303 35.2871 14.416 13.876 7.078 0.471 5.576 8.202 5.538
0.619303 35.2336 14.419 13.914 7.094 0.476 5.563 8.231 5.55
0.619303 35.4799 14.28 13.859 7.048 0.467 5.5 8.194 5.528
0.619303 35.3344 14.416 13.841 7.1 0.474 5.564 8.188 5.518
0.619303 34.9369 14.452 14.113 7.096 0.475 5.582 8.388 5.586
0.619303 35.4635 14.276 13.879 7.013 0.468 5.516 8.198 5.543
0.619303 35.3382 14.32 13.93 7.054 0.467 5.513 8.23 5.536
0.619303 35.163 14.321 14.07 7 0.512 5.499 8.274 5.619
0.619303 32.8062 16.159 14.276 8.257 0.475 5.908 8.506 5.635
0.619303 34.715 14.694 14.066 7.138 0.527 5.624 8.336 5.601
0.619303 34.9308 14.589 13.981 7.19 0.488 5.629 8.288 5.52
0.619303 35.2423 14.353 13.961 7.092 0.485 5.512 8.298 5.529
0.619303 35.2361 14.339 13.995 7.052 0.474 5.52 8.282 5.568
0.619303 35.2199 14.461 13.838 7.083 0.481 5.603 8.211 5.494
0.619303 35.2721 14.444 13.855 7.078 0.48 5.611 8.214 5.508
0.619303 35.4736 14.291 13.845 6.994 0.468 5.543 8.204 5.506
0.619303 34.8165 14.463 14.205 7.092 0.482 5.617 8.229 5.829
0.612728 35.2671 14.483 13.826 7.116 0.483 5.611 8.194 5.501
0.606256 35.3182 14.444 13.826 7.085 0.48 5.598 8.184 5.51
0.599885 35.3694 14.399 13.821 7.107 0.479 5.532 8.196 5.491
0.602706 35.3207 14.411 13.855 7.08 0.475 5.526 8.22 5.502
0.605553 35.2659 14.48 13.824 7.071 0.482 5.609 8.189 5.498
0.608428 35.2336 14.479 13.857 7.083 0.479 5.564 8.216 5.508
0.608428 35.3682 14.307 13.907 7.039 0.467 5.524 8.238 5.536
0.608428 33.8192 15.268 14.249 7.64 0.513 5.765 8.465 5.639
0.608428 34.8967 14.638 13.981 7.144 0.494 5.664 8.263 5.582
0.608428 35.1395 14.428 13.936 7.112 0.513 5.498 8.209 5.562
0.608428 35.2398 14.46 13.868 7.133 0.475 5.508 8.194 5.527
0.608428 35.2162 14.468 13.877 7.125 0.481 5.575 8.214 5.524
0.608428 35.2858 14.412 13.881 7.095 0.475 5.56 8.203 5.54
0.608428 35.412 14.336 13.858 7.041 0.465 5.54 8.181 5.538
0.608428 35.3507 14.395 13.849 7.077 0.473 5.556 8.185 5.528
0.608428 35.4585 14.29 13.867 7.033 0.466 5.505 8.211 5.518
0.608428 35.4472 14.304 13.856 6.971 0.498 5.516 8.193 5.53
0.608428 35.1531 14.504 13.894 7.149 0.508 5.512 8.225 5.535
0.608428 35.073 14.44 13.985 7.022 0.512 5.579 8.286 5.554
0.608428 35.3557 14.348 13.858 6.997 0.517 5.502 8.199 5.523
0.608428 35.3544 14.31 13.863 6.986 0.497 5.511 8.192 5.502
0.608428 35.3657 14.38 13.838 7.035 0.515 5.509 8.199 5.504
0.608428 35.2311 14.461 13.878 7.056 0.528 5.56 8.209 5.531
0.608428 35.084 14.45 13.958 7.058 0.509 5.572 8.317 5.505
0.608428 35.0877 14.593 13.862 7.166 0.476 5.576 8.199 5.527
0.608428 35.4221 14.283 13.898 7.049 0.466 5.485 8.217 5.544
0.608428 35.2001 14.439 13.924 7.076 0.485 5.602 8.233 5.55
0.608428 35.1642 14.429 13.969 7.112 0.474 5.561 8.23 5.569
0.608428 35.2535 14.434 13.889 7.11 0.476 5.572 8.204 5.547
0.608428 35.21 14.45 13.902 7.137 0.474 5.559 8.217 5.548
0.608428 35.1407 14.388 14.026 7.091 0.473 5.549 8.316 5.576
0.608428 35.0594 14.412 14.068 7.047 0.474 5.521 8.348 5.579
0.608428 35.0853 14.398 14.058 7.093 0.47 5.562 8.329 5.589
0.608428 35.3132 14.401 13.868 7.095 0.472 5.561 8.216 5.518
0.608428 35.2622 14.436 13.871 7.107 0.473 5.565 8.21 5.526
0.608428 35.3245 14.399 13.866 7.085 0.472 5.559 8.217 5.51
0.61133 35.297 14.422 13.865 7.085 0.472 5.581 8.202 5.524
0.614259 35.4308 14.324 13.857 7.057 0.466 5.531 8.199 5.526
0.617217 35.2771 14.433 13.862 7.057 0.508 5.547 8.192 5.501
0.617217 35.322 14.283 13.985 6.98 0.499 5.486 8.235 5.603
0.617217 35.3045 14.438 13.841 7.025 0.517 5.559 8.22 5.486
0.617217 35.3033 14.416 13.851 7.025 0.518 5.537 8.213 5.5
0.617217 35.2945 14.433 13.857 7.051 0.511 5.544 8.22 5.5
0.617217 35.2858 14.43 13.856 7.048 0.508 5.525 8.206 5.512
0.617217 35.2473 14.464 13.861 7.117 0.507 5.51 8.199 5.524
0.617217 34.8335 14.643 14.019 7.024 0.515 5.777 8.342 5.541
0.623789 35.2348 14.463 13.874 7.058 0.512 5.558 8.205 5.532
0.623789 35.215 14.456 13.891 7.036 0.518 5.566 8.217 5.51
0.623789 35.2026 14.486 13.873 7.056 0.523 5.566 8.214 5.495
0.623789 35.2448 14.416 13.877 7.073 0.481 5.578 8.219 5.523
0.623789 35.2398 14.458 13.873 7.12 0.478 5.571 8.222 5.515
0.623789 35.4396 14.314 13.85 7.048 0.466 5.492 8.199 5.518
0.623789 35.3832 14.337 13.874 7.069 0.464 5.506 8.208 5.526
0.623789 35.1865 14.452 13.919 7.116 0.473 5.569 8.227 5.554
0.623789 35.1865 14.453 13.921 7.134 0.479 5.54 8.256 5.529
0.623789 35.3982 14.313 13.89 7.05 0.466 5.494 8.231 5.522
0.623789 35.3157 14.381 13.889 7.109 0.468 5.514 8.219 5.536
0.623789 35.1815 14.488 13.891 7.121 0.483 5.581 8.24 5.514
0.623789 35.4083 14.306 13.891 7.066 0.466 5.489 8.222 5.534
0.623789 35.2497 14.442 13.881 7.102 0.474 5.581 8.226 5.515
0.623789 35.2783 14.293 14.006 7.016 0.467 5.512 8.222 5.65
0.623789 35.1395 14.503 13.906 7.11 0.482 5.59 8.263 5.511
0.623789 35.0042 14.495 14.026 7.112 0.481 5.589 8.381 5.506
0.623789 35.241 14.476 13.852 7.114 0.479 5.6 8.233 5.484
0.623789 34.3808 15.076 13.961 7.613 0.523 5.552 8.248 5.562
0.623789 35.2771 14.405 13.891 7.082 0.473 5.568 8.227 5.527
0.623789 35.2746 14.328 13.962 7.059 0.47 5.517 8.265 5.559
0.623789 35.158 14.442 13.955 7.096 0.475 5.586 8.255 5.562
0.623789 35.2995 14.331 13.954 7.077 0.468 5.52 8.239 5.579
0.623789 35.3519 14.343 13.899 7.082 0.469 5.518 8.215 5.549
0.623789 35.3507 14.341 13.9 7.088 0.468 5.5 8.209 5.553
0.623789 33.0622 15.954 14.245 8.383 0.472 5.661 8.439 5.664
0.623789 35.0054 14.6 13.922 7.122 0.495 5.667 8.241 5.543
0.623789 35.0656 14.496 13.976 7.162 0.488 5.534 8.246 5.578
0.623789 35.292 14.337 13.921 7.044 0.468 5.539 8.219 5.554
0.630415 35.184 14.5 13.876 7.097 0.477 5.631 8.233 5.502
0.630415 35.3482 14.369 13.873 7.06 0.471 5.544 8.242 5.492
0.637095 34.4804 15.073 13.877 7.702 0.478 5.58 8.226 5.507
0.637095 35.3682 14.371 13.852 7.041 0.472 5.555 8.207 5.507
0.637095 34.9028 14.335 14.26 7.035 0.47 5.539 8.566 5.542
0.637095 35.142 14.5 13.892 7.075 0.478 5.617 8.231 5.516
0.637095 35.3519 14.374 13.863 7.013 0.47 5.505 8.202 5.521
0.637095 35.4045 14.346 13.849 6.999 0.501 5.504 8.202 5.507
0.637095 35.397 14.339 13.859 6.979 0.509 5.511 8.199 5.499
0.637095 35.3707 14.386 13.84 7.101 0.484 5.514 8.194 5.504
0.637095 35.4296 14.326 13.854 7.066 0.471 5.508 8.207 5.508
0.637095 35.2448 14.417 13.909 7.1 0.478 5.55 8.229 5.537
0.64383 35.4221 14.308 13.879 7.065 0.466 5.497 8.22 5.52
0.64383 35.4849 14.268 13.864 7.025 0.465 5.496 8.205 5.523
0.65062 35.2497 14.45 13.879 7.038 0.475 5.548 8.207 5.531
0.65062 35.3607 14.339 13.886 6.986 0.521 5.506 8.21 5.535
0.65062 35.3632 14.365 13.869 7.017 0.523 5.503 8.202 5.529
0.65062 35.2014 14.465 13.894 7.044 0.511 5.576 8.221 5.53
0.653834 35.2833 14.455 13.841 7.056 0.504 5.571 8.223 5.481
0.660357 35.4057 14.335 13.859 6.975 0.507 5.525 8.221 5.499
0.649764 35.1407 14.344 14.068 7.014 0.499 5.493 8.39 5.504
0.64655 35.2237 14.452 13.881 7.042 0.506 5.566 8.22 5.522
0.653425 35.2262 14.424 13.918 7.132 0.481 5.528 8.236 5.543
0.650195 35.4585 14.276 13.885 7.021 0.467 5.494 8.226 5.522
0.654083 35.2038 14.385 13.967 7.075 0.472 5.554 8.318 5.512
0.654083 35.4258 14.253 13.929 7.014 0.466 5.482 8.273 5.516
0.658017 35.3732 14.28 13.894 7.024 0.468 5.502 8.234 5.521
0.658017 35.2125 14.408 13.945 7.109 0.473 5.542 8.268 5.539
0.658017 35.2485 14.444 13.882 7.11 0.472 5.573 8.218 5.526
0.658017 35.3507 14.31 13.929 7.031 0.469 5.535 8.293 5.478
0.604062 35.1791 14.51 13.87 7.148 0.474 5.556 8.22 5.514
0.604062 35.3332 14.329 13.928 7.041 0.468 5.543 8.254 5.544
0.604062 35.251 14.406 13.923 7.105 0.476 5.551 8.233 5.556
0.617219 35.1964 14.396 13.975 7.088 0.474 5.558 8.268 5.576
0.623878 34.9809 14.455 14.086 7.074 0.508 5.539 8.242 5.701
0.637364 35.4183 14.328 13.859 7.014 0.497 5.5 8.202 5.51
0.637364 35.4346 14.315 13.862 7.004 0.467 5.523 8.226 5.495
0.637364 35.3082 14.374 13.892 7.078 0.467 5.546 8.229 5.525
0.637364 35.3807 14.351 13.866 7.05 0.468 5.553 8.231 5.497
0.637364 35.1494 14.51 13.896 7.131 0.488 5.627 8.236 5.514
0.637364 34.9577 14.504 14.044 7.194 0.481 5.53 8.286 5.566
0.637364 34.8821 14.61 14.013 7.148 0.476 5.695 8.343 5.536
0.644191 35.1309 14.417 14.004 7.121 0.476 5.551 8.295 5.567
0.651075 35.1766 14.474 13.911 7.111 0.478 5.58 8.251 5.522
0.658017 35.1099 14.491 13.942 7.132 0.475 5.607 8.264 5.502
0.658017 35.1432 14.497 13.911 7.129 0.476 5.598 8.229 5.506
0.658017 34.8129 14.684 13.997 7.285 0.473 5.637 8.354 5.506
0.658017 35.1952 14.444 13.923 7.105 0.474 5.587 8.282 5.507
0.658017 35.2896 14.443 13.847 7.095 0.477 5.563 8.226 5.49
0.658017 35.2088 14.485 13.872 7.103 0.473 5.612 8.23 5.509
0.658017 35.2113 14.494 13.861 7.1 0.483 5.608 8.225 5.501
0.665018 35.4296 14.336 13.839 7.054 0.468 5.537 8.22 5.484
0.610613 34.6789 14.48 14.287 7.117 0.475 5.609 8.596 5.551
0.617219 35.0201 14.529 13.978 7.072 0.476 5.523 8.303 5.538
0.623878 35.0116 14.553 13.962 7.125 0.475 5.527 8.306 5.519
0.623878 35.1481 14.482 13.924 7.007 0.477 5.54 8.296 5.486
0.630593 34.7971 14.631 14.053 7.069 0.521 5.562 8.315 5.597
0.630593 34.9504 14.582 13.986 7.122 0.482 5.567 8.309 5.543
0.630593 34.9491 14.598 13.948 7.14 0.48 5.561 8.287 5.525
0.630593 35.0791 14.502 13.961 7.086 0.467 5.491 8.34 5.487
0.630593 34.2665 14.982 14.156 7.211 0.478 5.783 8.468 5.55
0.630593 34.4626 14.813 14.141 7.079 0.534 5.625 8.411 5.591
0.630593 34.1029 15.099 14.174 7.352 0.482 5.692 8.486 5.547
0.630593 33.5525 15.599 14.153 7.801 0.473 5.615 8.474 5.529
0.630593 33.1906 15.864 14.215 8.059 0.485 5.701 8.485 5.591
0.630593 34.7874 14.641 14.009 7.12 0.517 5.53 8.293 5.538
0.630593 35.0263 14.525 13.98 7.117 0.465 5.509 8.309 5.523
0.630593 35.1247 14.455 13.969 7.051 0.472 5.51 8.305 5.516
0.630593 35.1655 14.483 13.909 7.039 0.475 5.546 8.276 5.482
0.630593 34.8784 14.612 14.017 7.104 0.483 5.592 8.283 5.601
0.630593 35.0557 14.44 14.04 7.004 0.473 5.548 8.285 5.616
0.630593 35.0385 14.502 13.977 7.021 0.474 5.574 8.317 5.513
0.6336 35.121 14.466 13.958 6.994 0.475 5.514 8.294 5.509
0.6336 34.8505 14.638 14.011 7.081 0.523 5.57 8.323 5.52
0.636596 35.1136 14.488 13.943 7.049 0.474 5.491 8.279 5.52
0.62988 35.0619 14.456 13.985 7.026 0.473 5.524 8.298 5.54
0.62988 35.0116 14.477 14.035 7.056 0.478 5.507 8.35 5.546
0.62322 35.0545 14.555 13.929 7.06 0.479 5.55 8.278 5.513
0.62322 35.142 14.478 13.935 7.019 0.47 5.557 8.297 5.497
0.62322 34.8359 14.614 13.993 7.1 0.479 5.598 8.331 5.527
0.62322 34.6825 14.756 13.983 7.096 0.569 5.632 8.298 5.542
0.62322 34.9199 14.582 14.006 6.988 0.509 5.521 8.304 5.561
0.62322 34.9638 14.575 13.983 7.097 0.481 5.552 8.316 5.527
0.62322 34.9565 14.588 13.94 7.127 0.483 5.549 8.279 5.51
0.62988 35.1284 14.491 13.93 7.058 0.469 5.504 8.284 5.512
0.62988 34.954 14.585 13.915 7.072 0.473 5.608 8.292 5.484
0.636596 34.9296 14.605 13.978 7.092 0.474 5.601 8.328 5.511
0.636596 35.1593 14.486 13.911 7.045 0.465 5.53 8.294 5.484
0.636596 34.6021 14.576 14.275 7.088 0.472 5.58 8.583 5.542
0.636596 35.0361 14.546 13.947 7.065 0.475 5.56 8.271 5.537
0.639732 34.8967 14.612 13.977 7.048 0.481 5.581 8.31 5.533
0.639732 34.2466 15.191 13.963 7.677 0.466 5.522 8.275 5.547
0.642899 35.0349 14.525 13.971 7.092 0.474 5.529 8.308 5.523
