0.848787 41.6112 12.159 11.846 6.936 0.423 4.166 7.928 3.8
0.848787 42.2833 12.21 11.413 7.195 0.427 3.897 7.469 3.814
0.848787 42.5387 12.234 11.247 7.417 0.391 3.809 7.623 3.51
0.848787 36.1468 14.336 13.289 8.517 0.411 4.582 8.585 4.542
0.763265 36.9276 14.587 12.456 8.596 0.423 4.764 7.806 4.522
0.848787 36.3385 15.228 12.251 9.217 0.51 4.645 7.642 4.479
0.848787 40.5811 12.458 12.143 6.95 0.405 4.408 7.642 4.378
0.680934 40.9216 12.464 11.929 6.928 0.409 4.406 7.413 4.377
0.848787 40.6454 12.374 12.19 6.931 0.415 4.342 7.595 4.464
0.731857 41.0526 12.325 11.997 6.849 0.446 4.347 7.507 4.368
0.594564 40.7664 12.302 12.183 6.858 0.417 4.344 7.654 4.4
0.668122 40.8247 12.454 12 6.874 0.468 4.4 7.481 4.391
0.587364 41.0914 12.346 11.95 6.894 0.419 4.341 7.433 4.391
0.65587 41.1066 12.333 11.955 6.904 0.403 4.346 7.481 4.351
0.582255 40.9685 12.395 11.975 6.96 0.409 4.342 7.493 4.357
0.582255 40.6752 12.393 12.151 6.928 0.414 4.369 7.598 4.425
0.582255 40.7897 12.415 12.06 6.904 0.419 4.374 7.467 4.468
0.531306 41.176 12.334 11.909 6.885 0.424 4.336 7.416 4.366
0.531306 41.0846 12.398 11.9 6.864 0.409 4.381 7.377 4.393
0.483536 41.2048 12.28 11.951 6.855 0.403 4.335 7.441 4.388
0.483536 40.9433 12.381 12.006 6.881 0.406 4.367 7.496 4.391
0.483536 41.0458 12.371 11.954 6.914 0.413 4.353 7.436 4.392
0.483536 40.7432 12.497 12.008 6.986 0.484 4.342 7.494 4.395
0.438655 40.8948 12.386 12.028 6.825 0.411 4.459 7.497 4.39
0.396411 41.1286 12.333 11.943 6.899 0.41 4.323 7.461 4.36
0.396411 41.0711 12.322 11.986 6.874 0.403 4.35 7.449 4.405
0.396411 41.1523 12.317 11.943 6.902 0.403 4.322 7.457 4.36
0.54386 40.9149 12.369 12.027 6.874 0.413 4.395 7.503 4.403
0.601618 41.0122 12.37 11.975 6.93 0.416 4.331 7.467 4.386
0.615894 40.4547 12.538 12.143 7.053 0.408 4.383 7.539 4.483
0.562433 40.9651 12.342 12.03 6.88 0.411 4.382 7.514 4.393
0.615894 40.8213 12.33 12.126 6.862 0.406 4.365 7.604 4.397
0.562433 41.0846 12.345 11.957 6.89 0.404 4.362 7.46 4.375
0.621262 41.0661 12.393 11.922 6.929 0.405 4.372 7.401 4.388
0.621262 41.1811 12.329 11.917 6.881 0.41 4.354 7.429 4.357
0.621262 40.987 12.326 12.032 6.847 0.414 4.387 7.504 4.402
0.621262 40.8998 12.386 12.027 6.91 0.411 4.359 7.482 4.414
0.601618 40.3519 12.69 12.053 7.15 0.409 4.357 7.563 4.372
0.601618 40.838 12.448 12.002 6.987 0.412 4.356 7.515 4.362
0.601618 40.5894 12.549 12.044 6.951 0.413 4.447 7.568 4.358
0.660377 40.9567 12.323 12.048 6.892 0.412 4.329 7.547 4.379
0.601618 40.7963 12.444 12.024 6.959 0.412 4.349 7.499 4.398
0.633262 40.6901 12.492 12.039 7.024 0.412 4.362 7.533 4.379
0.633262 40.5861 12.457 12.134 6.912 0.414 4.421 7.561 4.449
0.637168 40.7647 12.384 12.101 6.909 0.415 4.388 7.577 4.397
0.637168 40.3894 12.651 12.063 7.134 0.413 4.389 7.514 4.42
0.637168 40.7349 12.393 12.111 6.907 0.415 4.381 7.56 4.424
0.637168 40.8063 12.427 12.031 6.915 0.412 4.381 7.504 4.399
0.637168 40.7315 12.463 12.042 7.009 0.413 4.359 7.538 4.377
0.637168 40.8397 12.439 11.985 6.935 0.403 4.379 7.457 4.404
0.605206 40.5055 12.436 12.215 6.987 0.41 4.358 7.657 4.414
0.637168 40.5696 12.516 12.076 6.952 0.41 4.413 7.538 4.407
0.637168 40.828 12.405 12.044 6.948 0.412 4.348 7.522 4.398
0.605206 40.662 12.494 12.049 6.967 0.406 4.402 7.51 4.349
0.605206 40.8948 12.411 11.994 6.957 0.411 4.359 7.499 4.37
0.605206 40.2787 12.696 12.085 7.151 0.401 4.383 7.598 4.364
0.605206 39.9218 12.492 12.51 7.022 0.404 4.381 7.881 4.491
0.637168 39.874 12.645 12.388 6.991 0.414 4.513 7.746 4.509
0.605206 40.4138 12.616 12.079 7.122 0.405 4.407 7.551 4.37
0.552991 40.7814 12.429 12.044 6.981 0.41 4.35 7.514 4.391
0.605206 40.7183 12.444 12.071 6.976 0.408 4.369 7.575 4.369
0.605206 40.7598 12.46 12.021 7.01 0.412 4.345 7.535 4.356
0.605206 40.5959 12.418 12.163 6.988 0.412 4.334 7.56 4.443
0.605206 40.788 12.422 12.048 6.974 0.416 4.343 7.541 4.379
0.605206 40.1832 12.655 12.19 7.022 0.419 4.507 7.623 4.444
0.605206 39.6228 12.945 12.229 7.23 0.454 4.462 7.664 4.434
0.65035 39.5038 13.047 12.229 7.464 0.427 4.466 7.712 4.395
0.620126 40.1962 12.72 12.108 7.151 0.423 4.447 7.622 4.357
0.551331 40.3714 12.64 12.089 7.1 0.416 4.443 7.571 4.393
0.6 40.7 12.446 12.084 6.968 0.417 4.374 7.551 4.406
0.6 40.5236 12.548 12.092 6.951 0.541 4.374 7.58 4.381
0.6 40.7382 12.456 12.049 6.925 0.418 4.375 7.49 4.436
0.674419 40.3275 12.742 12.009 7.189 0.409 4.46 7.526 4.363
0.674419 40.9366 12.396 11.992 6.979 0.409 4.329 7.49 4.374
0.756098 40.8981 12.401 12.013 6.947 0.408 4.36 7.51 4.376
0.674419 40.6967 12.551 11.984 7.067 0.416 4.392 7.506 4.352
0.709352 40.3454 12.623 12.121 7.039 0.462 4.409 7.625 4.363
0.709352 40.5318 12.521 12.106 6.965 0.409 4.421 7.539 4.447
0.709352 40.8413 12.406 12.034 6.965 0.406 4.34 7.527 4.379
0.752212 40.6736 12.446 12.1 6.958 0.408 4.384 7.565 4.405
0.752212 40.8714 12.416 12.003 6.978 0.404 4.351 7.505 4.374
0.709352 40.7481 12.512 11.991 7.04 0.416 4.365 7.499 4.363
0.709352 41.0055 12.351 11.998 6.939 0.405 4.302 7.532 4.34
0.709352 40.9065 12.4 12.007 6.974 0.409 4.347 7.52 4.365
0.756098 40.9517 12.388 11.992 6.967 0.414 4.325 7.498 4.367
0.764384 40.8563 12.38 12.055 6.937 0.409 4.348 7.536 4.391
0.731421 40.9149 12.398 11.999 7.009 0.407 4.31 7.538 4.341
0.809264 40.9567 12.379 11.999 6.964 0.409 4.307 7.476 4.367
0.647643 40.9433 12.401 11.985 6.999 0.409 4.321 7.501 4.354
0.724675 40.9283 12.394 11.996 6.989 0.408 4.321 7.5 4.367
0.647643 40.8147 12.434 12.026 6.97 0.411 4.362 7.522 4.373
0.647643 40.95 12.379 12.003 6.953 0.404 4.348 7.514 4.359
0.590419 40.5894 12.51 12.087 7.049 0.414 4.365 7.591 4.374
0.647643 40.8147 12.397 12.066 6.911 0.44 4.36 7.579 4.366
0.590419 41.061 12.403 11.909 6.967 0.408 4.324 7.432 4.353
0.647643 41.0038 12.389 11.96 6.989 0.405 4.317 7.495 4.338
0.665871 40.6009 12.54 12.052 6.986 0.41 4.459 7.528 4.398
0.671856 40.9065 12.357 12.05 6.911 0.411 4.359 7.533 4.392
0.65237 40.813 12.496 11.965 7.034 0.418 4.362 7.502 4.34
0.65237 40.9668 12.363 12.009 6.913 0.407 4.366 7.494 4.364
0.671856 40.5877 12.576 12.022 7.072 0.408 4.365 7.492 4.402
0.671856 40.7432 12.386 12.117 6.938 0.409 4.362 7.579 4.414
0.706601 40.7814 12.398 12.085 6.979 0.41 4.342 7.562 4.391
0.770667 40.95 12.375 12.004 6.964 0.406 4.338 7.524 4.351
0.731421 40.9567 12.375 12 6.945 0.434 4.327 7.529 4.349
0.770667 40.5318 12.536 12.097 6.987 0.409 4.402 7.572 4.397
0.731421 40.9786 12.357 12.008 6.954 0.406 4.315 7.497 4.376
0.731421 40.9836 12.4 11.961 6.966 0.407 4.359 7.485 4.351
0.731421 41.0004 12.368 11.984 6.943 0.408 4.344 7.509 4.347
0.657928 40.7515 12.522 11.98 7.033 0.45 4.356 7.509 4.345
0.770667 40.6884 12.448 12.09 6.942 0.41 4.389 7.546 4.421
0.770667 40.858 12.429 12.006 7.008 0.41 4.336 7.494 4.387
0.770667 40.9015 12.417 11.99 7.01 0.406 4.324 7.506 4.358
0.770667 40.9232 12.402 11.996 6.989 0.408 4.342 7.528 4.344
0.770667 40.3226 12.725 12.037 7.163 0.442 4.428 7.543 4.37
0.770667 41.0055 12.377 11.971 6.956 0.407 4.339 7.497 4.351
0.770667 40.3991 12.526 12.185 7.038 0.416 4.398 7.586 4.444
0.731421 40.5466 12.621 12.004 7.16 0.404 4.373 7.523 4.355
0.594238 40.3454 12.573 12.175 6.945 0.412 4.437 7.675 4.367
0.538818 40.6355 12.553 12.018 7.011 0.449 4.401 7.551 4.344
0.538818 40.7531 12.39 12.102 6.936 0.417 4.361 7.553 4.392
0.731421 40.6851 12.462 12.071 7.004 0.417 4.358 7.544 4.405
0.731421 41.0475 12.352 11.967 6.959 0.414 4.297 7.498 4.351
0.731421 40.7067 12.534 11.995 7.01 0.46 4.377 7.532 4.328
0.769728 40.8747 12.423 12.002 6.989 0.42 4.333 7.51 4.367
0.695167 40.8313 12.406 12.041 6.921 0.434 4.375 7.543 4.374
0.695167 40.7747 12.439 12.047 7.009 0.414 4.334 7.552 4.375
0.853659 40.9082 12.357 12.048 6.867 0.415 4.393 7.569 4.359
0.769728 40.8981 12.399 12.008 7.006 0.412 4.302 7.533 4.34
0.853659 39.8772 12.885 12.123 7.275 0.418 4.444 7.57 4.42
0.769728 40.6785 12.558 11.977 7.041 0.413 4.413 7.496 4.358
0.853659 40.6537 12.519 12.042 7.035 0.415 4.391 7.512 4.405
0.853659 40.7581 12.455 12.04 7.002 0.41 4.355 7.549 4.363
0.740648 40.7614 12.418 12.069 6.943 0.439 4.356 7.57 4.373
0.780612 40.7947 12.426 12.035 6.935 0.408 4.369 7.501 4.405
0.740648 40.8447 12.344 12.1 6.92 0.408 4.338 7.578 4.396
0.714286 41.0711 12.353 11.955 6.956 0.406 4.315 7.479 4.349
0.647059 41.0711 12.36 11.95 6.95 0.406 4.325 7.47 4.353
0.714286 40.95 12.372 12.007 6.924 0.438 4.323 7.514 4.372
0.714286 40.7564 12.536 11.958 7.001 0.416 4.399 7.444 4.388
0.714286 40.5992 12.406 12.187 6.945 0.409 4.373 7.584 4.42
0.714286 40.9618 12.385 11.984 6.988 0.409 4.304 7.492 4.364
0.647059 40.9333 12.347 12.046 6.905 0.411 4.36 7.516 4.401
0.648855 40.8864 12.502 11.915 7.048 0.414 4.359 7.442 4.35
0.714286 40.8147 12.394 12.07 6.936 0.448 4.335 7.574 4.373
0.714286 40.2528 12.823 11.98 7.198 0.428 4.39 7.525 4.332
0.714286 41.0779 12.337 11.969 6.927 0.425 4.322 7.471 4.368
0.714286 40.8213 12.378 12.08 6.949 0.417 4.343 7.535 4.417
0.714286 40.9383 12.46 11.925 7.011 0.418 4.358 7.461 4.34
0.647059 40.7631 12.369 12.122 6.942 0.418 4.341 7.614 4.377
0.714286 40.9484 12.334 12.05 6.896 0.437 4.308 7.517 4.407
0.648855 41.0948 12.36 11.935 6.893 0.43 4.342 7.442 4.367
0.589905 41.1557 12.322 11.935 6.939 0.41 4.311 7.477 4.332
0.648855 41.0644 12.356 11.952 6.948 0.415 4.315 7.465 4.358
0.589905 40.828 12.323 12.124 6.893 0.413 4.363 7.543 4.445
0.531915 40.9853 12.324 12.037 6.894 0.413 4.361 7.537 4.377
0.648855 40.7647 12.378 12.114 6.941 0.439 4.327 7.588 4.402
0.571566 41.0576 12.31 12.005 6.949 0.405 4.297 7.493 4.373
0.65587 41.0357 12.366 11.964 6.967 0.411 4.315 7.47 4.365
0.65587 41.056 12.339 11.98 6.925 0.42 4.328 7.491 4.363
0.65587 41.0796 12.32 11.983 6.902 0.409 4.318 7.516 4.342
0.65587 40.8981 12.402 11.996 6.971 0.413 4.328 7.467 4.365
0.65587 40.9115 12.372 12.013 6.977 0.413 4.318 7.483 4.396
0.626243 41.0931 12.324 11.973 6.946 0.409 4.316 7.471 4.368
0.65587 41.132 12.312 11.963 6.956 0.412 4.292 7.496 4.331
0.626243 40.7548 12.415 12.084 6.898 0.414 4.388 7.535 4.42
0.65587 41.0071 12.342 12.004 6.946 0.41 4.32 7.521 4.359
0.626243 41.0374 12.344 11.986 6.934 0.413 4.326 7.522 4.337
0.65587 40.8097 12.481 11.972 7.062 0.416 4.336 7.489 4.358
0.65587 40.6504 12.495 12.065 7.051 0.422 4.348 7.569 4.378
0.626243 40.9567 12.367 12.006 6.928 0.41 4.333 7.55 4.333
0.65587 40.9903 12.392 11.965 6.965 0.41 4.346 7.492 4.35
0.65587 40.828 12.499 11.953 7.037 0.419 4.359 7.488 4.341
0.65587 40.9199 12.353 12.045 6.888 0.423 4.363 7.537 4.372
0.65587 40.6454 12.499 12.064 6.953 0.42 4.385 7.575 4.353
0.65587 38.7883 13.475 12.258 7.508 0.45 4.782 7.697 4.443
0.65587 38.8063 13.533 12.176 7.823 0.546 4.396 7.71 4.345
0.65587 40.6454 12.58 11.984 7.016 0.419 4.472 7.528 4.336
0.65587 40.7598 12.502 11.993 7.069 0.417 4.353 7.518 4.351
0.65587 40.7432 12.453 12.051 6.971 0.447 4.36 7.575 4.352
0.65587 40.7531 12.522 11.974 7.041 0.421 4.379 7.474 4.342
0.65587 41.11 12.296 11.993 6.866 0.419 4.334 7.504 4.362
0.626243 40.6223 12.37 12.21 6.928 0.414 4.373 7.533 4.533
0.65587 40.823 12.396 12.059 6.931 0.411 4.38 7.551 4.39
0.6 40.8397 12.371 12.075 6.91 0.452 4.343 7.569 4.381
0.660377 40.7382 12.439 12.068 6.986 0.422 4.357 7.552 4.391
0.660377 40.8948 12.357 12.056 6.912 0.423 4.357 7.547 4.386
0.660377 40.9417 12.383 12 6.971 0.418 4.332 7.511 4.356
0.660377 40.9048 12.425 11.979 6.946 0.418 4.363 7.456 4.386
0.660377 40.7631 12.429 12.061 6.969 0.423 4.37 7.543 4.391
0.660377 40.8563 12.461 11.976 7.023 0.42 4.351 7.491 4.359
0.660377 40.9802 12.319 12.046 6.873 0.42 4.332 7.566 4.361
0.660377 41.0038 12.399 11.951 6.975 0.419 4.334 7.48 4.347
0.660377 39.681 12.942 12.192 7.37 0.431 4.425 7.658 4.404
0.660377 40.2852 12.79 11.994 7.248 0.429 4.451 7.494 4.364
0.660377 40.7764 12.484 12.002 7.039 0.42 4.348 7.508 4.367
0.65587 40.873 12.356 12.062 6.912 0.421 4.374 7.564 4.368
0.626243 41.0543 12.352 11.967 6.918 0.438 4.329 7.496 4.345
0.626243 40.8981 12.37 12.027 6.95 0.412 4.352 7.509 4.39
0.623077 40.9702 12.364 12.007 6.941 0.407 4.352 7.5 4.384
0.623077 41.1167 12.317 11.966 6.92 0.408 4.325 7.492 4.348
0.623077 41.1167 12.299 11.983 6.906 0.408 4.314 7.516 4.343
0.623077 41.0038 12.345 12.002 6.909 0.41 4.326 7.536 4.343
0.623077 41.1117 12.328 11.956 6.922 0.411 4.333 7.463 4.359
0.623077 40.44 12.616 12.074 7.174 0.414 4.363 7.557 4.389
0.623077 40.8263 12.42 12.036 6.997 0.409 4.349 7.535 4.372
0.623077 40.8413 12.417 12.027 7.007 0.418 4.33 7.552 4.348
0.595463 40.838 12.387 12.062 6.965 0.44 4.317 7.583 4.353
0.623077 40.7398 12.469 12.037 7.038 0.407 4.362 7.521 4.387
0.623077 40.2804 12.565 12.218 7.06 0.414 4.391 7.595 4.491
0.623077 40.6587 12.48 12.075 7.051 0.413 4.343 7.581 4.37
0.623077 40.7465 12.451 12.05 7.019 0.417 4.335 7.536 4.378
0.623077 40.2528 12.701 12.102 7.171 0.41 4.448 7.603 4.373
0.623077 40.7 12.446 12.081 7.01 0.412 4.355 7.567 4.388
0.623077 40.853 12.401 12.018 7.021 0.41 4.309 7.556 4.335
0.623077 40.7365 12.414 12.065 7.028 0.437 4.299 7.573 4.376
0.623077 40.6339 12.517 12.049 7.094 0.411 4.327 7.521 4.404
0.623077 40.3047 12.606 12.166 7.104 0.416 4.409 7.637 4.401
0.623077 40.7133 12.451 12.07 7.02 0.413 4.353 7.576 4.372
0.568773 40.7947 12.412 12.063 7.037 0.411 4.31 7.589 4.354
0.623077 40.5861 12.492 12.106 7.057 0.413 4.358 7.61 4.374
0.623077 40.7315 12.435 12.077 7.031 0.412 4.328 7.59 4.366
0.623077 40.788 12.449 12.029 7.007 0.442 4.325 7.574 4.335
0.623077 39.9345 12.5 12.501 7.019 0.414 4.353 7.995 4.376
0.623077 40.3926 12.547 12.169 7.084 0.415 4.381 7.618 4.432
0.623077 40.5318 12.489 12.144 7.04 0.422 4.352 7.604 4.412
0.623077 40.5449 12.498 12.126 7.081 0.411 4.338 7.583 4.412
0.623077 40.8347 12.41 12.04 7.014 0.409 4.317 7.556 4.357
0.623077 40.8147 12.421 12.041 7.02 0.411 4.317 7.55 4.365
0.623077 40.9232 12.369 12.027 7.01 0.409 4.292 7.574 4.332
0.623077 40.858 12.382 12.056 6.984 0.435 4.299 7.587 4.351
0.623077 40.6918 12.508 12.023 7.053 0.409 4.339 7.51 4.388
0.623077 40.8463 12.431 12.013 7.027 0.409 4.321 7.547 4.343
0.568773 40.5894 12.558 12.037 7.134 0.418 4.343 7.575 4.335
0.623077 40.8113 12.381 12.079 6.968 0.42 4.321 7.579 4.377
0.568773 40.7349 12.467 12.043 7.064 0.411 4.331 7.566 4.35
0.568773 40.8714 12.439 11.99 7.005 0.441 4.324 7.541 4.326
0.568773 40.7914 12.454 12.021 7.004 0.409 4.331 7.515 4.382
0.623077 40.7697 12.449 12.037 7.036 0.408 4.337 7.555 4.358
0.623077 40.8347 12.425 12.023 7.013 0.407 4.342 7.558 4.342
0.623077 40.5877 12.41 12.185 6.991 0.413 4.342 7.629 4.418
0.623077 40.6471 12.466 12.095 7.048 0.41 4.328 7.592 4.376
0.623077 39.9361 12.713 12.285 7.13 0.423 4.469 7.761 4.382
0.65587 40.8297 12.433 12.022 7.014 0.41 4.341 7.552 4.346
0.65587 40.7465 12.46 12.041 7.089 0.409 4.302 7.595 4.33
0.660377 40.6653 12.414 12.138 6.979 0.442 4.336 7.631 4.384
0.660377 40.5367 12.519 12.111 7.017 0.41 4.381 7.599 4.385
0.626243 40.5499 12.506 12.112 7.067 0.413 4.352 7.624 4.367
0.626243 40.4563 12.596 12.081 7.044 0.41 4.464 7.585 4.374
0.626243 40.7664 12.384 12.108 6.98 0.415 4.337 7.602 4.381
0.595463 40.8147 12.364 12.096 6.983 0.415 4.318 7.61 4.364
0.623077 40.5219 12.578 12.053 7.173 0.416 4.331 7.576 4.35
0.568773 40.8397 12.426 12.02 6.991 0.441 4.323 7.577 4.324
0.623077 40.6686 12.482 12.07 6.997 0.408 4.369 7.56 4.388
0.623077 40.5712 12.492 12.116 7.054 0.416 4.357 7.618 4.376
0.595463 40.5531 12.508 12.107 7.074 0.411 4.352 7.595 4.387
0.544373 40.7647 12.452 12.039 7.054 0.403 4.336 7.555 4.36
0.544373 39.7931 12.879 12.212 7.292 0.414 4.45 7.676 4.399
0.544373 40.1397 12.757 12.116 7.258 0.427 4.395 7.588 4.394
0.595463 40.4793 12.565 12.099 7.125 0.414 4.347 7.606 4.361
0.623077 40.8113 12.445 12.016 7.032 0.405 4.338 7.538 4.351
0.623077 40.6719 12.435 12.112 7.007 0.41 4.347 7.602 4.383
0.623077 40.662 12.478 12.077 7.066 0.411 4.342 7.558 4.398
0.623077 40.7034 12.459 12.069 7.069 0.41 4.307 7.576 4.367
0.595463 40.7747 12.405 12.081 6.987 0.439 4.307 7.613 4.342
0.568773 40.5745 12.577 12.029 7.08 0.421 4.37 7.534 4.338
0.623077 40.7199 12.392 12.127 6.976 0.413 4.341 7.609 4.39
0.623077 40.818 12.423 12.037 7.01 0.41 4.325 7.552 4.356
0.568773 41.0425 12.317 12.011 6.946 0.41 4.303 7.54 4.343
0.544373 40.7714 12.401 12.085 7.021 0.41 4.31 7.568 4.393
0.568773 40.6521 12.444 12.119 6.998 0.412 4.34 7.615 4.382
0.623077 40.7814 12.403 12.078 7.032 0.41 4.305 7.56 4.361
0.623077 40.8347 12.43 12.021 7.035 0.423 4.311 7.559 4.338
0.623077 40.8197 12.432 12.01 7.048 0.406 4.319 7.531 4.354
0.595463 40.7415 12.387 12.119 6.988 0.411 4.328 7.606 4.386
0.623077 40.5351 12.606 12.024 7.135 0.418 4.376 7.546 4.351
0.623077 40.7249 12.389 12.127 6.931 0.442 4.35 7.641 4.362
0.623077 40.7232 12.482 12.035 7.009 0.41 4.357 7.534 4.374
0.623077 40.3551 12.503 12.229 7.071 0.414 4.349 7.635 4.451
0.595463 40.5531 12.495 12.127 7.024 0.412 4.385 7.617 4.384
0.595463 40.7133 12.435 12.07 7.012 0.417 4.334 7.555 4.389
0.595463 40.6736 12.475 12.074 7.045 0.415 4.341 7.577 4.372
0.544373 40.6769 12.439 12.105 6.994 0.443 4.326 7.612 4.377
0.432099 40.5203 12.485 12.153 7.051 0.417 4.348 7.624 4.396
0.432099 40.7067 12.457 12.071 7.034 0.414 4.33 7.562 4.38
0.45 40.8147 12.428 12.035 7.019 0.413 4.326 7.554 4.351
0.542553 40.6702 12.434 12.117 6.996 0.413 4.352 7.615 4.376
0.542553 40.5861 12.49 12.106 7.016 0.417 4.349 7.617 4.365
0.542553 40.7548 12.454 12.044 7.048 0.415 4.313 7.538 4.378
0.504951 40.4416 12.374 12.315 6.959 0.418 4.335 7.808 4.371
0.504951 40.7183 12.399 12.122 6.976 0.421 4.331 7.603 4.392
0.504951 40.7515 12.418 12.083 7.038 0.41 4.3 7.594 4.364
0.55102 40.873 12.396 12.028 7.001 0.436 4.291 7.571 4.333
0.55102 40.6686 12.409 12.139 6.952 0.408 4.355 7.642 4.376
0.55102 40.7183 12.406 12.114 6.974 0.415 4.359 7.614 4.379
0.55102 40.9836 12.342 12.019 6.949 0.409 4.31 7.551 4.342
0.55102 40.8597 12.382 12.046 7.012 0.406 4.306 7.555 4.364
0.55102 40.4727 12.556 12.115 7.089 0.422 4.378 7.608 4.381
0.525974 40.5894 12.557 12.042 7.117 0.418 4.361 7.575 4.343
0.525974 40.7067 12.41 12.118 7.007 0.415 4.331 7.627 4.368
0.525974 40.6273 12.438 12.133 7.021 0.444 4.319 7.636 4.373
0.525974 40.5861 12.501 12.091 7.013 0.41 4.366 7.57 4.393
0.525974 40.8547 12.365 12.072 6.987 0.407 4.31 7.578 4.369
0.525974 40.5927 12.477 12.121 7.018 0.433 4.349 7.622 4.373
0.525974 40.6752 12.426 12.12 6.978 0.41 4.358 7.631 4.363
0.525974 40.6405 12.441 12.122 7.023 0.412 4.347 7.619 4.376
0.525974 40.624 12.411 12.164 6.988 0.419 4.347 7.669 4.358
0.503106 40.5548 12.533 12.087 7.035 0.444 4.382 7.632 4.334
0.503106 40.7731 12.418 12.061 7.032 0.416 4.304 7.563 4.366
0.503106 40.8197 12.42 12.041 6.995 0.415 4.339 7.575 4.328
0.462236 40.8647 12.389 12.042 6.99 0.409 4.326 7.569 4.347
0.462236 40.7947 12.453 12.016 7.056 0.409 4.326 7.556 4.336
0.462236 40.6108 12.56 12.025 7.084 0.447 4.369 7.574 4.329
0.443478 40.715 12.39 12.092 6.962 0.409 4.358 7.63 4.341
0.443478 40.5844 12.399 12.195 7.019 0.412 4.318 7.598 4.44
0.443478 40.6918 12.409 12.122 7.002 0.412 4.346 7.604 4.395
0.443478 40.6669 12.42 12.132 6.989 0.413 4.364 7.618 4.391
0.443478 40.8547 12.381 12.056 6.991 0.411 4.321 7.548 4.39
0.443478 40.8513 12.393 12.045 6.969 0.41 4.355 7.571 4.353
0.443478 40.6488 12.558 12.005 7.11 0.42 4.373 7.553 4.331
0.443478 40.3796 12.641 12.083 7.089 0.458 4.429 7.612 4.345
0.443478 38.3068 13.745 12.32 8.157 0.411 4.438 7.795 4.395
0.443478 40.2722 12.686 12.097 7.168 0.427 4.42 7.605 4.363
0.443478 40.5581 12.545 12.069 7.089 0.417 4.372 7.562 4.38
0.443478 40.657 12.453 12.106 7.071 0.412 4.309 7.609 4.37
0.482143 40.7382 12.404 12.107 6.962 0.448 4.329 7.638 4.353
0.482143 40.7315 12.438 12.066 7.052 0.409 4.289 7.602 4.339
0.443478 40.6901 12.442 12.095 6.948 0.42 4.364 7.58 4.388
0.443478 40.5515 12.46 12.158 7.076 0.419 4.298 7.686 4.347
0.371901 40.7614 12.45 12.043 7.037 0.419 4.321 7.575 4.34
0.443478 40.7548 12.453 12.047 7.04 0.412 4.313 7.575 4.343
0.45 40.838 12.4 12.042 7.034 0.41 4.292 7.568 4.348
0.45 40.8413 12.403 12.043 6.994 0.448 4.286 7.589 4.33
0.45 40.7548 12.365 12.134 6.963 0.412 4.328 7.597 4.379
0.45 40.8313 12.399 12.053 7.014 0.41 4.312 7.567 4.358
0.45 40.8147 12.415 12.043 7.029 0.409 4.306 7.55 4.37
0.45 40.8147 12.418 12.046 7.013 0.408 4.335 7.562 4.358
0.432099 40.7614 12.368 12.125 6.967 0.413 4.323 7.623 4.379
0.45 40.4613 12.55 12.127 7.016 0.442 4.406 7.64 4.355
0.45 40.7199 12.432 12.079 6.942 0.417 4.381 7.566 4.356
0.45 40.5318 12.575 12.032 7.123 0.42 4.371 7.524 4.35
0.45 40.7398 12.427 12.073 7.044 0.409 4.313 7.585 4.364
0.45 40.7083 12.395 12.132 6.956 0.419 4.344 7.61 4.39
0.432 40.8263 12.439 12.016 7.048 0.408 4.304 7.566 4.326
0.432 40.7847 12.403 12.079 6.995 0.447 4.304 7.599 4.356
0.432 40.7764 12.423 12.06 7.012 0.412 4.33 7.573 4.331
0.432 40.8263 12.378 12.073 6.994 0.415 4.297 7.557 4.358
0.432 40.2576 12.718 12.084 7.183 0.413 4.437 7.571 4.389
0.432 40.4629 12.659 12.016 7.234 0.412 4.335 7.528 4.365
0.432 40.7448 12.395 12.105 7.004 0.416 4.322 7.593 4.386
0.432 40.7266 12.431 12.082 6.934 0.428 4.366 7.582 4.372
0.432 40.6818 12.458 12.035 7.015 0.412 4.328 7.522 4.36
0.45 40.9031 12.382 12.027 6.991 0.411 4.309 7.519 4.383
0.45 40.7465 12.439 12.063 6.983 0.414 4.369 7.554 4.382
0.45 40.9584 12.359 12.015 6.966 0.412 4.325 7.537 4.354
0.45 40.7548 12.361 12.136 6.99 0.41 4.302 7.633 4.376
0.45 40.7681 12.418 12.071 7.005 0.414 4.331 7.576 4.372
0.45 40.8747 12.401 12.027 6.952 0.444 4.344 7.551 4.357
0.45 40.828 12.435 12.018 7.015 0.409 4.318 7.505 4.391
0.45 40.7232 12.395 12.119 6.956 0.418 4.355 7.601 4.394
0.45 40.853 12.378 12.06 6.968 0.412 4.339 7.551 4.385
0.45 40.3323 12.607 12.148 7.161 0.417 4.361 7.6 4.428
0.45 40.8981 12.387 12.025 6.943 0.421 4.355 7.525 4.364
0.45 40.6289 12.409 12.166 6.961 0.451 4.322 7.674 4.369
0.45 40.808 12.419 12.043 6.981 0.423 4.327 7.502 4.416
0.45 40.7017 12.423 12.106 7.021 0.419 4.319 7.509 4.46
0.45 40.6339 12.414 12.158 6.951 0.423 4.366 7.605 4.427
0.421875 40.7382 12.329 12.153 6.92 0.419 4.329 7.63 4.399
0.421875 40.5844 12.467 12.13 7.019 0.415 4.363 7.611 4.396
0.421875 40.6009 12.472 12.121 6.949 0.421 4.4 7.617 4.376
0.421875 40.813 12.431 12.034 6.992 0.418 4.338 7.548 4.363
0.421875 40.6223 12.483 12.095 7.018 0.423 4.375 7.581 4.389
0.405 40.9249 12.391 12.006 6.984 0.418 4.324 7.518 4.359
0.405 40.838 12.426 12.021 7.001 0.423 4.333 7.515 4.374
0.389423 40.347 12.617 12.129 7.14 0.416 4.362 7.61 4.393
0.389423 40.833 12.438 12.014 6.945 0.42 4.37 7.499 4.387
0.389423 40.6256 12.476 12.099 7.009 0.419 4.372 7.563 4.407
0.389423 40.8814 12.376 12.044 6.993 0.421 4.301 7.532 4.387
0.389423 40.808 12.36 12.107 6.933 0.422 4.344 7.574 4.41
0.389423 40.6223 12.377 12.201 6.939 0.423 4.357 7.715 4.369
0.389423 40.3128 12.578 12.171 7.092 0.417 4.36 7.667 4.386
0.389423 40.3551 12.567 12.173 7.045 0.42 4.399 7.495 4.536
0.389423 40.7498 12.466 12.033 6.981 0.432 4.386 7.546 4.362
0.389423 40.9266 12.381 12.014 6.995 0.421 4.304 7.511 4.377
0.389423 40.8397 12.398 12.051 6.965 0.42 4.331 7.55 4.376
0.389423 38.0387 13.938 12.303 8.205 0.488 4.486 7.755 4.425
0.389423 40.373 12.588 12.142 7.044 0.451 4.428 7.611 4.405
0.389423 40.5285 12.548 12.089 7.054 0.423 4.359 7.57 4.39
0.389423 40.8297 12.431 12.024 7.005 0.453 4.304 7.544 4.355
0.389423 40.5039 12.511 12.14 7.011 0.423 4.367 7.591 4.428
0.389423 40.7814 12.377 12.106 6.947 0.423 4.339 7.577 4.401
0.389423 40.7448 12.394 12.103 6.952 0.417 4.327 7.575 4.395
0.389423 40.9115 12.384 12.02 6.959 0.417 4.332 7.521 4.361
0.389423 40.9132 12.375 12.027 6.945 0.418 4.33 7.528 4.366
0.405 40.8547 12.426 12.012 6.963 0.455 4.33 7.556 4.331
0.405 40.7067 12.454 12.067 7.021 0.421 4.343 7.551 4.356
0.405 40.7847 12.462 12.019 7.035 0.415 4.342 7.545 4.35
0.405 40.4727 12.525 12.144 6.984 0.421 4.425 7.623 4.39
0.405 40.803 12.439 12.032 7.022 0.411 4.341 7.533 4.371
0.405 40.7681 12.43 12.062 6.984 0.442 4.334 7.574 4.368
0.389423 40.6636 12.435 12.111 6.948 0.412 4.365 7.563 4.421
0.389423 40.7133 12.394 12.129 6.995 0.409 4.313 7.627 4.375
0.389423 40.9082 12.374 12.031 6.959 0.418 4.319 7.525 4.38
0.352941 40.9165 12.402 11.999 6.98 0.41 4.336 7.508 4.366
0.352941 40.6785 12.426 12.115 7.011 0.414 4.322 7.619 4.369
0.352941 40.591 12.585 12.012 7.072 0.448 4.386 7.53 4.357
0.352941 40.7764 12.447 12.037 6.975 0.415 4.354 7.531 4.387
0.352941 40.6901 12.519 12.018 7.062 0.414 4.354 7.534 4.355
0.352941 40.7216 12.475 12.042 7.047 0.41 4.345 7.556 4.36
0.321429 40.7266 12.393 12.121 6.987 0.412 4.309 7.606 4.373
0.321429 40.6075 12.566 12.021 7.086 0.422 4.381 7.547 4.347
0.321429 40.7997 12.425 12.035 7 0.439 4.313 7.567 4.343
0.321429 40.4711 12.555 12.115 6.954 0.419 4.388 7.615 4.373
0.321429 40.7083 12.405 12.118 6.976 0.416 4.339 7.601 4.388
0.321429 40.6256 12.497 12.079 7.063 0.414 4.349 7.571 4.381
0.321429 40.7897 12.386 12.092 6.954 0.416 4.359 7.59 4.378
0.321429 40.9786 12.338 12.028 6.94 0.411 4.319 7.54 4.36
0.321429 40.8597 12.393 12.041 6.984 0.412 4.331 7.544 4.373
0.321429 40.863 12.398 12.033 6.998 0.415 4.314 7.568 4.342
0.321429 40.7747 12.446 12.042 6.988 0.442 4.338 7.576 4.344
0.310345 40.6918 12.41 12.091 6.942 0.419 4.387 7.609 4.365
0.310345 40.7216 12.379 12.118 6.973 0.416 4.342 7.581 4.411
0.3 40.7249 12.362 12.153 6.956 0.419 4.333 7.638 4.392
0.3 40.4514 12.415 12.266 7.001 0.416 4.347 7.6 4.516
0.3 40.4973 12.426 12.228 6.97 0.418 4.363 7.651 4.447
0.3 40.8814 12.393 12.027 6.994 0.418 4.315 7.543 4.355
0.3 40.8814 12.378 12.04 6.996 0.413 4.312 7.548 4.366
0.3 40.8563 12.362 12.073 6.956 0.415 4.335 7.57 4.379
0.3 40.6785 12.427 12.118 7.007 0.416 4.35 7.621 4.372
0.3 40.7697 12.395 12.094 6.936 0.445 4.351 7.62 4.352
0.284211 40.6868 12.423 12.118 6.982 0.446 4.325 7.593 4.397
0.284211 40.7232 12.364 12.151 6.926 0.439 4.352 7.628 4.399
0.284211 40.7531 12.453 12.047 6.991 0.41 4.355 7.54 4.383
0.275042 40.6306 12.444 12.13 7.027 0.412 4.338 7.6 4.401
0.275042 40.7498 12.414 12.086 6.973 0.414 4.353 7.572 4.387
0.275042 40.8981 12.4 12.003 7.02 0.41 4.31 7.526 4.353
0.275042 40.7515 12.405 12.094 7.003 0.412 4.335 7.578 4.392
0.275042 40.8614 12.389 12.045 6.994 0.412 4.326 7.565 4.352
0.275042 40.4138 12.476 12.225 7.061 0.415 4.344 7.595 4.49
0.275042 40.6967 12.394 12.14 7.007 0.41 4.323 7.674 4.341
0.275042 40.7997 12.443 12.027 7.004 0.443 4.337 7.564 4.344
0.266447 40.9299 12.376 12.019 6.964 0.443 4.313 7.578 4.322
0.258373 40.8063 12.393 12.076 6.939 0.417 4.351 7.571 4.383
0.250774 40.7897 12.443 12.034 7.059 0.411 4.316 7.56 4.356
0.258373 40.7515 12.391 12.106 6.97 0.414 4.35 7.606 4.379
0.258373 40.7531 12.421 12.077 6.995 0.414 4.358 7.582 4.372
0.266447 40.9031 12.391 12.02 7.016 0.412 4.304 7.544 4.352
0.253125 40.8948 12.382 12.032 7.023 0.412 4.293 7.558 4.35
0.253125 40.9886 12.322 12.035 6.935 0.412 4.32 7.57 4.342
0.241071 39.4042 13.139 12.199 7.581 0.42 4.424 7.703 4.366
0.233766 40.3845 12.63 12.082 7.125 0.423 4.41 7.598 4.349
0.233766 40.6454 12.54 12.022 7.091 0.43 4.357 7.544 4.353
0.226891 40.8513 12.444 11.996 7.038 0.41 4.333 7.526 4.344
0.226891 40.6273 12.397 12.178 6.977 0.414 4.354 7.629 4.428
0.220408 40.5433 12.417 12.208 7.04 0.413 4.29 7.721 4.36
0.220408 40.8497 12.345 12.091 6.93 0.443 4.313 7.589 4.38
0.204545 40.9366 12.398 11.993 6.987 0.409 4.308 7.555 4.319
0.204545 40.7864 12.45 12.028 6.987 0.414 4.346 7.524 4.379
0.190364 40.6785 12.427 12.114 6.999 0.413 4.322 7.649 4.342
0.190364 40.5778 12.522 12.084 7.032 0.414 4.375 7.55 4.408
0.195652 40.7797 12.427 12.021 7.046 0.41 4.311 7.513 4.358
0.195652 40.9082 12.394 12.012 7.015 0.41 4.306 7.534 4.35
0.195652 40.7847 12.397 12.082 6.971 0.412 4.35 7.574 4.385
0.21039 40.793 12.408 12.065 6.984 0.412 4.354 7.565 4.373
0.21039 40.808 12.406 12.06 6.988 0.411 4.351 7.585 4.353
0.21039 40.945 12.38 12.005 6.997 0.411 4.312 7.544 4.337
0.21039 40.8614 12.418 12.016 7.018 0.419 4.321 7.541 4.348
0.21039 40.863 12.357 12.074 6.967 0.414 4.327 7.575 4.371
0.21039 40.7847 12.41 12.07 7.013 0.415 4.32 7.593 4.362
0.21039 40.8664 12.385 12.047 6.989 0.44 4.293 7.566 4.357
0.21039 40.5022 12.386 12.227 6.963 0.414 4.343 7.738 4.36
0.21039 40.54 12.594 12.035 7.139 0.41 4.34 7.526 4.384
0.21039 40.9098 12.393 12.009 7.013 0.411 4.306 7.533 4.35
0.21039 40.8397 12.36 12.087 6.958 0.415 4.328 7.581 4.379
0.21039 40.9534 12.375 12 6.99 0.41 4.312 7.524 4.353
0.21039 40.9366 12.404 11.985 6.997 0.41 4.332 7.521 4.34
0.21039 40.9048 12.374 12.032 6.991 0.414 4.318 7.555 4.361
0.21039 40.813 12.467 11.995 7.073 0.411 4.31 7.532 4.342
0.21039 40.8781 12.426 11.998 7.032 0.411 4.296 7.537 4.339
0.21039 40.9115 12.406 11.999 7.025 0.411 4.298 7.554 4.324
0.21039 40.9719 12.357 12.011 6.906 0.411 4.35 7.501 4.387
0.21039 40.9115 12.415 11.987 7.019 0.412 4.326 7.537 4.325
0.21039 40.1413 12.585 12.288 6.974 0.415 4.498 7.722 4.428
0.216578 40.7349 12.35 12.145 6.951 0.416 4.34 7.622 4.4
0.216578 40.987 12.366 11.993 7 0.411 4.304 7.539 4.339
0.22314 40.818 12.369 12.084 6.99 0.415 4.308 7.595 4.369
0.22314 40.9819 12.332 12.032 6.932 0.44 4.301 7.576 4.336
0.22314 40.7914 12.375 12.1 6.951 0.419 4.328 7.586 4.381
0.22314 40.9266 12.382 12.013 7.008 0.412 4.301 7.538 4.35
0.22314 40.8931 12.394 12.024 7.011 0.408 4.315 7.54 4.356
0.22314 40.7199 12.382 12.136 6.965 0.412 4.351 7.574 4.43
0.22314 40.7864 12.447 12.031 7.086 0.411 4.305 7.589 4.327
0.22314 40.7365 12.392 12.116 6.975 0.454 4.307 7.624 4.37
0.22314 40.9199 12.373 12.029 6.965 0.412 4.302 7.566 4.348
0.22314 40.624 12.598 11.979 7.121 0.421 4.392 7.499 4.356
0.22314 40.6339 12.58 11.99 7.138 0.413 4.3 7.55 4.321
0.22314 40.9283 12.397 11.997 7.019 0.413 4.308 7.548 4.329
0.22314 40.7897 12.422 12.056 7.042 0.412 4.312 7.594 4.338
0.22314 40.6951 12.462 12.068 7.051 0.413 4.345 7.589 4.355
0.22314 40.818 12.4 12.055 7.037 0.413 4.307 7.58 4.358
0.22314 40.9601 12.377 11.995 7.023 0.416 4.285 7.528 4.35
0.208163 40.6537 12.428 12.133 6.995 0.441 4.313 7.625 4.359
0.208163 40.7814 12.419 12.06 6.986 0.415 4.336 7.603 4.342
0.208163 40.7432 12.434 12.067 6.996 0.415 4.336 7.561 4.384
0.22314 40.6438 12.393 12.172 7.012 0.411 4.323 7.577 4.448
0.22314 40.3242 12.705 12.055 7.203 0.415 4.408 7.587 4.346
0.22314 40.8781 12.39 12.036 7.019 0.415 4.301 7.56 4.353
0.22314 40.853 12.413 12.027 7.042 0.411 4.304 7.551 4.352
0.213439 40.9132 12.417 11.979 7.049 0.409 4.298 7.531 4.325
0.213439 40.8347 12.435 12.016 7.012 0.41 4.326 7.552 4.341
0.204545 40.4236 12.43 12.27 7.039 0.413 4.314 7.799 4.34
0.204545 41.0543 12.364 11.956 7.003 0.41 4.292 7.51 4.323
0.196364 41.0981 12.313 11.979 6.999 0.411 4.261 7.56 4.3
0.188811 40.0545 12.774 12.151 7.081 0.423 4.507 7.622 4.407
0.188811 40.2787 12.55 12.239 7.054 0.453 4.38 7.744 4.376
0.181818 40.6967 12.518 12.009 7.077 0.428 4.323 7.543 4.341
0.1875 40.9802 12.394 11.972 7.019 0.418 4.3 7.52 4.329
0.1875 41.0324 12.35 11.98 6.952 0.442 4.287 7.525 4.33
0.193548 41.0055 12.365 11.986 6.957 0.445 4.293 7.535 4.325
0.193548 40.9668 12.399 11.972 6.949 0.412 4.339 7.49 4.359
0.193548 41.1032 12.315 11.979 6.973 0.411 4.278 7.529 4.326
0.193548 40.5778 12.556 12.047 7.217 0.414 4.271 7.586 4.336
0.193548 40.8197 12.366 12.094 7.034 0.409 4.257 7.576 4.387
0.19337 40.7731 12.394 12.093 7.044 0.408 4.283 7.604 4.369
0.19337 40.9031 12.368 12.044 7.026 0.408 4.27 7.609 4.318
0.19337 40.5959 12.438 12.15 7.069 0.419 4.286 7.651 4.374
0.19337 40.9333 12.374 12.017 7.04 0.41 4.258 7.573 4.319
0.19337 40.9165 12.39 12.012 7.031 0.41 4.289 7.568 4.324
0.180328 40.2658 12.575 12.221 7.192 0.422 4.3 7.748 4.347
0.186501 40.4318 12.537 12.156 7.137 0.417 4.304 7.69 4.338
0.173989 40.3258 12.575 12.183 7.153 0.425 4.339 7.683 4.377
0.173989 40.3145 12.572 12.196 7.141 0.421 4.353 7.68 4.388
0.174322 40.6091 12.497 12.09 7.121 0.417 4.302 7.629 4.323
0.1802 40.122 12.535 12.35 7.146 0.421 4.32 7.807 4.422
0.1802 40.3747 12.544 12.186 7.147 0.418 4.314 7.704 4.357
0.168539 40.1945 12.632 12.2 7.171 0.424 4.367 7.697 4.374
0.174194 39.9489 12.76 12.23 7.293 0.413 4.367 7.669 4.357
0.174194 40.2998 12.545 12.232 7.093 0.449 4.339 7.745 4.365
0.174194 40.3486 12.508 12.237 7.083 0.444 4.322 7.743 4.376
0.174194 40.4187 12.495 12.207 7.067 0.45 4.303 7.746 4.345
0.174194 40.4367 12.521 12.171 7.079 0.455 4.327 7.712 4.338
0.174194 40.3551 12.544 12.197 7.192 0.42 4.292 7.727 4.344
0.174194 40.36 12.517 12.22 7.159 0.42 4.287 7.66 4.411
0.174194 40.5039 12.527 12.126 7.151 0.416 4.303 7.676 4.323
0.174194 40.5581 12.481 12.136 7.115 0.419 4.291 7.677 4.337
0.174194 40.494 12.493 12.164 7.117 0.415 4.308 7.701 4.345
0.174194 40.4171 12.561 12.144 7.159 0.42 4.313 7.665 4.358
0.174194 40.3698 12.48 12.252 7.104 0.419 4.299 7.727 4.388
0.174194 40.4694 12.499 12.172 7.086 0.419 4.335 7.702 4.346
0.174194 40.6058 12.453 12.137 7.065 0.417 4.312 7.661 4.351
0.174194 40.3242 12.553 12.208 7.152 0.415 4.331 7.734 4.352
0.168539 39.8995 12.639 12.384 7.203 0.422 4.341 7.769 4.467
0.168539 39.1221 12.932 12.542 7.396 0.415 4.408 8.084 4.345
0.168539 40.373 12.464 12.267 7.073 0.44 4.293 7.78 4.36
0.135725 40.2398 12.586 12.226 7.174 0.411 4.337 7.737 4.368
0.146457 40.3372 12.57 12.182 7.138 0.426 4.327 7.711 4.348
0.146457 40.4204 12.509 12.192 7.081 0.418 4.341 7.721 4.343
0.157393 40.4384 12.517 12.174 7.08 0.419 4.35 7.709 4.343
0.146457 40.3307 12.503 12.255 7.073 0.417 4.36 7.749 4.388
0.146457 40.4678 12.558 12.115 7.162 0.408 4.311 7.646 4.337
0.146457 40.4318 12.557 12.137 7.13 0.416 4.325 7.684 4.327
0.146457 40.2107 12.684 12.148 7.148 0.537 4.334 7.694 4.33
0.157393 40.3388 12.522 12.227 7.118 0.429 4.331 7.71 4.39
0.168539 40.2933 12.582 12.197 7.111 0.416 4.308 7.745 4.333
0.14184 40.3616 12.563 12.177 7.161 0.414 4.31 7.71 4.353
0.14184 40.282 12.631 12.156 7.256 0.417 4.295 7.701 4.331
0.127504 39.9936 12.599 12.359 7.15 0.414 4.349 7.767 4.469
0.133429 40.2836 12.597 12.19 7.165 0.42 4.343 7.705 4.359
0.123755 40.4122 12.565 12.141 7.159 0.424 4.329 7.694 4.33
0.129587 40.0593 12.743 12.179 7.187 0.414 4.33 7.721 4.337
0.11101 40.3031 12.562 12.213 7.11 0.427 4.36 7.686 4.372
0.125619 40.6223 12.514 12.055 7.032 0.414 4.358 7.579 4.32
0.11657 40.3388 12.546 12.207 7.124 0.421 4.318 7.763 4.328
0.11333 40.6256 12.465 12.113 7.03 0.458 4.302 7.665 4.33
0.104696 40.2253 12.567 12.255 7.175 0.415 4.318 7.738 4.381
0.118774 40.6438 12.504 12.059 7.076 0.421 4.332 7.593 4.336
0.110266 40.1059 12.61 12.286 7.162 0.429 4.359 7.816 4.344
0.104696 38.8833 13.286 12.392 7.605 0.415 4.565 7.789 4.472
0.096195 39.8613 12.84 12.205 7.187 0.433 4.474 7.755 4.331
0.0933997 39.8692 12.823 12.219 7.341 0.43 4.384 7.724 4.363
0.0907624 40.2512 12.589 12.213 7.145 0.412 4.352 7.736 4.358
0.0882699 40.1332 12.664 12.215 7.161 0.412 4.418 7.703 4.383
0.0882699 40.2901 12.541 12.208 7.101 0.416 4.335 7.706 4.37
0.083612 40.4662 12.596 12.078 7.138 0.424 4.337 7.614 4.306
0.083612 40.4711 12.43 12.24 7.033 0.449 4.275 7.795 4.32
0.076412 40.6901 12.478 12.061 7.091 0.42 4.288 7.628 4.312
0.0909091 40.2123 12.535 12.294 7.123 0.423 4.328 7.787 4.384
0.083612 39.8391 12.928 12.135 7.241 0.414 4.35 7.651 4.36
0.0744337 40.5696 12.477 12.135 7.084 0.42 4.311 7.648 4.358
0.077293 40.4236 12.528 12.171 7.105 0.427 4.327 7.692 4.355
0.0689311 40.494 12.539 12.119 7.146 0.416 4.323 7.65 4.351
0.0753769 40.6438 12.443 12.121 7.043 0.419 4.294 7.631 4.353
0.0753769 40.1849 12.577 12.27 7.139 0.422 4.343 7.732 4.412
0.0753769 40.321 12.582 12.178 7.091 0.423 4.335 7.718 4.338
0.0595276 40.5039 12.505 12.146 7.069 0.415 4.356 7.678 4.345
0.0609361 40.5088 12.511 12.135 7.116 0.422 4.304 7.662 4.352
0.052808 40.6355 12.447 12.12 7.09 0.42 4.273 7.636 4.359
0.062069 39.2449 12.628 12.814 7.097 0.414 4.397 7.971 4.706
0.0504943 35.2224 14.392 13.96 8.702 0.441 4.574 9.188 4.649
0.0543735 35.1753 14.416 13.973 8.676 0.441 4.62 9.194 4.651
0.0532271 35.0214 14.449 14.063 8.721 0.423 4.623 9.258 4.679
0.0555967 35.2771 14.378 13.932 8.692 0.415 4.589 9.182 4.633
0.0498915 35.2759 14.365 13.944 8.718 0.412 4.56 9.192 4.628
0.047795 35.1753 14.399 13.992 8.702 0.415 4.614 9.22 4.65
0.0521679 35.0631 14.42 14.053 8.744 0.416 4.586 9.252 4.669
0.0500111 35.1593 14.403 14 8.677 0.415 4.589 9.207 4.669
0.0449511 35.1877 14.377 14.005 8.661 0.414 4.586 9.204 4.669
0.0408825 35.189 14.373 14.006 8.691 0.415 4.597 9.224 4.653
0.0441082 35.2547 14.323 14.004 8.638 0.412 4.596 9.229 4.619
0.0393832 35.0607 14.434 14.05 8.68 0.414 4.661 9.269 4.658
0.0348624 35.1469 14.427 13.987 8.726 0.419 4.599 9.236 4.631
0.0342479 35.2075 14.36 14 8.679 0.41 4.603 9.217 4.66
0.0329289 35.2162 14.365 13.992 8.67 0.412 4.606 9.235 4.634
0.0384687 35.163 14.378 14.01 8.682 0.414 4.603 9.257 4.628
0.037037 35.1346 14.4 14.024 8.711 0.415 4.597 9.248 4.64
0.0364116 35.2175 14.376 13.984 8.685 0.412 4.614 9.23 4.635
0.0345173 35.1 14.427 14.024 8.682 0.422 4.646 9.234 4.67
0.0339623 35.2026 14.395 13.974 8.69 0.41 4.618 9.213 4.64
0.0351617 35.1296 14.449 13.98 8.724 0.417 4.634 9.202 4.654
0.0312831 35.0177 14.407 14.11 8.653 0.414 4.666 9.294 4.692
0.0324535 35.2162 14.383 13.972 8.699 0.435 4.582 9.206 4.637
0.0297799 34.9895 14.449 14.086 8.764 0.412 4.601 9.257 4.698
0.0293492 35.1531 14.412 13.996 8.731 0.411 4.6 9.222 4.641
0.0267289 35.105 14.397 14.054 8.635 0.416 4.646 9.249 4.68
0.0246704 35.1568 14.34 14.036 8.63 0.416 4.625 9.212 4.68
0.0258718 35.2584 14.349 13.973 8.631 0.413 4.646 9.246 4.614
0.0261294 35.2199 14.372 13.985 8.679 0.42 4.611 9.242 4.62
0.0253464 35.1741 14.433 13.961 8.682 0.412 4.668 9.217 4.624
0.0270812 35.0312 14.489 14.018 8.788 0.416 4.622 9.24 4.651
0.0262845 35.1989 14.384 13.982 8.662 0.41 4.645 9.199 4.663
0.0252101 35.0435 14.445 14.053 8.686 0.414 4.637 9.25 4.678
0.0261654 34.9138 14.592 14.014 8.773 0.419 4.739 9.202 4.693
0.0251372 34.9028 14.405 14.206 8.688 0.412 4.592 9.424 4.654
0.0254632 35.1259 14.392 14.04 8.686 0.441 4.597 9.258 4.653
0.0253262 35.1828 14.377 14 8.684 0.422 4.611 9.203 4.672
0.0262816 35.0668 14.448 14.03 8.718 0.423 4.638 9.228 4.675
0.0237809 35.0189 14.446 14.068 8.698 0.42 4.625 9.229 4.713
0.0247272 35.1321 14.419 14.009 8.704 0.419 4.623 9.243 4.645
0.0230393 35.1605 14.392 14.011 8.687 0.411 4.637 9.248 4.647
0.0220147 35.0693 14.432 14.044 8.708 0.418 4.645 9.27 4.657
0.0222631 35.0853 14.435 14.03 8.745 0.416 4.62 9.271 4.641
0.0219393 34.5913 14.795 14.076 8.979 0.428 4.695 9.262 4.687
0.0213242 34.5459 14.827 14.082 8.989 0.427 4.727 9.321 4.637
0.0209329 35.1148 14.409 14.03 8.712 0.414 4.62 9.231 4.675
0.0197951 35.0067 14.434 14.094 8.665 0.426 4.681 9.269 4.694
0.0203008 35.057 14.44 14.046 8.7 0.41 4.607 9.237 4.676
0.0207161 35.1939 14.381 13.997 8.674 0.411 4.611 9.224 4.65
0.0206659 35.163 14.398 13.999 8.694 0.411 4.593 9.205 4.666
0.0187024 35.0865 14.447 14.018 8.728 0.44 4.604 9.247 4.647
0.016653 35.1037 14.408 14.025 8.706 0.437 4.585 9.22 4.681
0.0152256 34.8481 14.452 14.204 8.699 0.449 4.641 9.282 4.791
0.0144205 35.0545 14.454 14.029 8.764 0.409 4.606 9.233 4.669
0.0135815 35.1395 14.442 13.975 8.726 0.41 4.638 9.189 4.659
0.0129022 35.0545 14.448 14.04 8.732 0.415 4.621 9.25 4.658
0.0128144 35.0521 14.435 14.052 8.67 0.418 4.644 9.234 4.692
0.0127278 35.0349 14.523 13.981 8.812 0.417 4.624 9.239 4.613
0.0126424 35.0361 14.508 13.995 8.799 0.412 4.626 9.261 4.611
0.0119752 35.1519 14.359 14.051 8.618 0.414 4.654 9.28 4.642
0.0113604 35.0336 14.4 14.101 8.679 0.41 4.624 9.344 4.635
0.0107928 35.1741 14.378 14.015 8.681 0.41 4.622 9.243 4.648
0.0101415 35.2311 14.348 13.993 8.622 0.41 4.651 9.239 4.637
0.00964286 35.256 14.324 14.001 8.639 0.417 4.596 9.263 4.617
0.00909142 35.302 14.329 13.958 8.626 0.407 4.641 9.225 4.619
0.00885052 35.2846 14.334 13.968 8.632 0.416 4.611 9.218 4.621
0.00849057 35.3469 14.293 13.944 8.59 0.41 4.618 9.214 4.608
0.00827333 35.2324 14.389 13.955 8.711 0.411 4.597 9.214 4.617
0.00787555 35.1927 14.332 14.044 8.615 0.414 4.64 9.291 4.625
0.00757292 35.2237 14.4 13.953 8.707 0.416 4.59 9.209 4.624
0.00722408 35.7884 13.922 13.981 8.211 0.413 4.627 9.25 4.602
0.00688863 35.2896 14.335 13.964 8.642 0.424 4.592 9.218 4.62
0.00663228 35.1481 14.372 14.039 8.686 0.416 4.61 9.282 4.638
0.00633803 35.7156 14.46 13.502 8.759 0.412 4.618 8.773 4.602
0.0059867 35.1543 14.482 13.924 8.65 0.409 4.741 9.221 4.58
0.006 35.3845 14.303 13.92 8.656 0.416 4.565 9.208 4.586
0.00538564 35.3282 14.283 13.983 8.655 0.446 4.518 9.248 4.601
0.00515661 35.5088 14.23 13.893 8.652 0.422 4.499 9.18 4.588
0.00492701 35.6697 14.186 13.806 8.629 0.416 4.492 9.127 4.557
0.00472813 35.6494 14.19 13.815 8.583 0.41 4.492 9.108 4.568
0.00432173 36.4418 13.627 13.777 8.067 0.406 4.496 9.116 4.535
0.00421348 35.7462 14.141 13.788 8.555 0.411 4.478 9.112 4.552
0.00387913 35.6977 14.142 13.834 8.564 0.415 4.501 9.117 4.592
0.00371917 35.6405 14.136 13.885 8.529 0.414 4.525 9.137 4.618
0.00419147 35.5227 14.182 13.93 8.55 0.415 4.567 9.217 4.589
0.00344675 35.624 14.142 13.882 8.531 0.416 4.533 9.19 4.567
