0.957663 37.9824 13.265 13.021 6.671 0.401 4.758 8.054 4.789
0.957663 37.9147 13.578 12.76 6.825 0.408 4.879 7.774 4.856
0.980868 35.189 15.435 12.946 8.324 0.458 4.973 7.872 4.947
0.980868 36.3438 14.248 13.227 7.239 0.417 5.075 8.103 4.978
0.943908 37.4378 13.817 12.856 6.771 0.41 5.144 7.837 4.877
0.943908 38.8033 13.194 12.54 6.6 0.403 4.768 7.616 4.798
0.932817 38.4615 13.276 12.685 6.613 0.4 4.772 7.767 4.794
0.930046 38.6608 13.205 12.618 6.578 0.404 4.81 7.644 4.846
0.898047 38.7567 13.139 12.625 6.492 0.456 4.808 7.671 4.828
0.933817 38.6011 13.237 12.631 6.618 0.411 4.761 7.641 4.866
0.871898 38.5728 13.246 12.641 6.651 0.417 4.752 7.659 4.852
0.878248 38.5817 13.261 12.613 6.634 0.408 4.779 7.643 4.846
0.883245 38.5981 13.282 12.588 6.619 0.413 4.807 7.638 4.818
0.883245 38.4704 13.255 12.702 6.528 0.42 4.844 7.698 4.874
0.883245 38.3406 13.401 12.644 6.635 0.414 4.91 7.679 4.831
0.868334 38.5193 13.241 12.684 6.528 0.416 4.843 7.711 4.847
0.883245 38.5862 13.21 12.668 6.54 0.417 4.834 7.692 4.849
0.883245 38.5996 13.258 12.614 6.614 0.435 4.784 7.67 4.817
0.883245 38.4675 13.208 12.749 6.568 0.404 4.817 7.748 4.872
0.890021 38.5609 13.291 12.605 6.644 0.406 4.804 7.65 4.825
0.837074 38.2453 13.318 12.765 6.648 0.418 4.806 7.731 4.905
0.837074 37.9262 13.664 12.663 6.642 0.414 5.126 7.727 4.808
0.837074 38.2614 13.376 12.718 6.619 0.454 4.806 7.71 4.875
0.837074 36.9113 14.111 12.944 7.101 0.425 4.953 7.845 4.965
0.832031 37.07 13.876 13.05 6.75 0.48 5.09 7.898 5.015
0.826989 38.2438 13.414 12.696 6.663 0.418 4.846 7.679 4.884
0.821946 38.276 13.39 12.694 6.628 0.404 4.844 7.649 4.912
0.810369 38.4394 13.343 12.635 6.622 0.403 4.837 7.643 4.859
0.810369 38.1461 13.394 12.783 6.613 0.403 4.861 7.772 4.877
0.798793 38.2292 13.466 12.653 6.683 0.411 4.891 7.648 4.878
0.785666 38.4157 13.334 12.621 6.613 0.437 4.813 7.65 4.843
0.798793 38.1621 13.435 12.727 6.659 0.406 4.874 7.698 4.895
0.798793 38.3671 13.372 12.65 6.649 0.4 4.851 7.658 4.865
0.787216 38.1986 13.443 12.698 6.625 0.402 4.902 7.725 4.845
0.751746 38.3303 13.325 12.726 6.57 0.407 4.892 7.719 4.877
0.752486 38.2673 13.374 12.718 6.614 0.434 4.832 7.705 4.884
0.752486 38.1112 13.492 12.708 6.74 0.405 4.865 7.708 4.867
0.752486 38.3171 13.355 12.698 6.597 0.405 4.886 7.687 4.875
0.752486 38.2146 13.364 12.763 6.577 0.41 4.896 7.765 4.87
0.752486 38.2234 13.367 12.684 6.605 0.405 4.873 7.683 4.861
0.752486 38.4054 13.324 12.669 6.628 0.407 4.824 7.68 4.859
0.752486 38.345 13.331 12.704 6.612 0.404 4.828 7.669 4.899
0.740434 38.3171 13.252 12.8 6.51 0.412 4.883 7.737 4.932
0.740434 38.3656 13.321 12.698 6.577 0.402 4.849 7.702 4.867
0.74845 38.506 13.306 12.615 6.57 0.399 4.867 7.646 4.836
0.74845 37.037 14.2 12.756 7.347 0.407 4.96 7.746 4.874
0.752486 38.3039 13.37 12.683 6.575 0.431 4.859 7.695 4.855
0.752486 38.1316 13.425 12.746 6.613 0.401 4.831 7.677 4.929
0.72462 38.4586 13.327 12.627 6.6 0.402 4.857 7.629 4.864
0.687979 38.2263 13.339 12.773 6.544 0.404 4.897 7.716 4.921
0.713853 38.257 13.403 12.682 6.594 0.405 4.911 7.676 4.874
0.713853 38.2468 13.319 12.783 6.476 0.415 4.885 7.719 4.928
0.713853 38.1374 13.404 12.774 6.583 0.403 4.913 7.724 4.917
0.695291 38.2468 13.419 12.682 6.62 0.405 4.888 7.697 4.848
0.710108 37.9723 13.532 12.758 6.62 0.415 4.957 7.754 4.876
0.710108 38.1199 13.449 12.711 6.623 0.407 4.924 7.694 4.882
0.713853 38.0764 13.488 12.729 6.599 0.445 4.9 7.696 4.903
0.713853 38.1461 13.423 12.741 6.605 0.408 4.909 7.702 4.905
0.713853 38.1738 13.395 12.757 6.594 0.405 4.904 7.694 4.927
0.713853 37.7515 13.554 12.891 6.648 0.407 4.984 7.846 4.906
0.702667 37.8989 13.477 12.864 6.649 0.41 4.908 7.716 5.008
0.710108 37.9133 13.501 12.832 6.586 0.408 4.995 7.745 4.949
0.713853 37.9896 13.482 12.791 6.557 0.412 4.966 7.773 4.884
0.673542 38.072 13.439 12.781 6.6 0.411 4.922 7.726 4.922
0.702667 38.0518 13.452 12.781 6.59 0.413 4.94 7.732 4.917
0.710108 37.9363 13.52 12.795 6.587 0.422 4.97 7.772 4.884
0.70287 37.9795 13.383 12.901 6.542 0.406 4.94 7.778 4.984
0.684709 38.0141 13.488 12.778 6.58 0.432 4.979 7.75 4.894
0.688305 38.0546 13.524 12.707 6.577 0.41 4.962 7.728 4.847
0.691888 38.2117 13.385 12.734 6.551 0.408 4.924 7.724 4.872
0.691888 38.219 13.433 12.685 6.559 0.432 4.905 7.684 4.868
0.691888 38.2234 13.385 12.732 6.571 0.403 4.914 7.697 4.901
0.660177 38.3245 13.381 12.666 6.578 0.403 4.891 7.672 4.861
0.671303 37.853 13.577 12.796 6.664 0.41 4.983 7.777 4.883
0.678323 38.2351 13.387 12.725 6.559 0.407 4.92 7.696 4.867
0.689619 38.0807 13.48 12.736 6.653 0.409 4.911 7.678 4.915
0.700377 38.1811 13.454 12.695 6.585 0.41 4.926 7.724 4.841
0.665734 38.1098 13.359 12.831 6.517 0.413 4.938 7.77 4.918
0.676837 37.7245 13.554 12.905 6.659 0.411 4.973 7.845 4.922
0.681002 38.1141 13.47 12.711 6.596 0.411 4.928 7.739 4.842
0.692216 38.1723 13.437 12.711 6.632 0.406 4.904 7.69 4.881
0.706491 38.1519 13.402 12.77 6.573 0.416 4.918 7.74 4.889
0.66437 38.2731 13.35 12.73 6.494 0.407 4.933 7.736 4.866
0.641596 38.133 13.357 12.811 6.515 0.409 4.945 7.742 4.936
0.665122 37.9118 13.593 12.739 6.656 0.436 4.978 7.728 4.876
0.675748 37.8358 13.53 12.854 6.56 0.414 5.025 7.79 4.926
0.679734 37.7458 13.695 12.748 6.779 0.406 4.966 7.715 4.9
0.68984 37.0439 14.056 12.893 6.771 0.46 5.032 7.855 4.9
0.649444 37.3916 13.866 12.828 6.73 0.454 5.086 7.781 4.909
0.662492 37.6932 13.592 12.886 6.603 0.417 4.977 7.817 4.933
0.662492 37.8931 13.378 12.964 6.479 0.417 4.983 7.761 5.06
0.669093 37.9507 13.444 12.857 6.55 0.415 4.965 7.782 4.939
0.675748 37.9766 13.473 12.817 6.484 0.432 5.013 7.779 4.912
0.629541 37.7729 13.532 12.895 6.596 0.421 4.987 7.774 4.975
0.65043 37.9104 13.524 12.808 6.604 0.415 4.97 7.755 4.92
0.665444 37.7472 13.605 12.842 6.589 0.415 5.041 7.788 4.912
0.633098 37.1361 13.857 13.025 6.807 0.412 5.042 7.935 4.95
0.609883 37.8143 13.569 12.826 6.679 0.411 4.938 7.748 4.937
0.631344 37.8329 13.579 12.782 6.602 0.411 4.991 7.733 4.914
0.658482 37.7117 13.588 12.886 6.586 0.412 5.009 7.796 4.94
0.693273 37.3162 13.91 12.845 6.942 0.41 4.985 7.76 4.949
0.728189 37.407 13.68 13.013 6.692 0.409 4.997 7.868 5.007
0.721168 37.7872 13.547 12.875 6.477 0.447 5.079 7.786 4.96
0.673571 36.8216 14.312 12.802 6.734 0.413 5.005 7.725 4.943
0.721168 37.1955 13.875 12.958 6.541 0.409 5.297 7.854 4.969
0.680209 37.3511 13.684 13.019 6.661 0.414 5.011 7.97 4.915
0.680209 37.9954 13.487 12.792 6.542 0.412 4.98 7.716 4.939
0.645895 37.78 13.544 12.879 6.587 0.413 4.98 7.775 4.961
0.677296 37.5347 13.655 12.933 6.566 0.415 5.051 7.814 4.989
0.653301 37.7159 13.575 12.895 6.57 0.41 5.002 7.741 5.011
0.681903 37.7287 13.619 12.841 6.546 0.409 5.073 7.76 4.941
0.694548 37.5601 13.639 12.936 6.539 0.436 5.039 7.809 4.995
0.65799 37.6336 13.589 12.937 6.468 0.418 5.084 7.822 4.983
0.698044 37.7188 13.603 12.849 6.545 0.412 5.01 7.754 4.96
0.635901 37.932 13.431 12.883 6.495 0.412 4.957 7.74 5.007
0.663477 37.5333 13.597 13.001 6.568 0.414 5.013 7.865 4.999
0.661061 37.7373 13.618 12.841 6.531 0.411 5.004 7.757 4.95
0.670788 37.6506 13.628 12.891 6.553 0.411 5.054 7.796 4.968
0.590132 37.6989 13.542 12.944 6.532 0.413 4.964 7.761 5.056
0.629669 37.407 13.71 12.984 6.639 0.411 5.017 7.784 5.066
0.659051 37.1733 13.817 13.038 6.658 0.425 5.103 7.791 5.075
0.680904 37.4223 13.704 12.978 6.607 0.41 5.042 7.81 5.039
0.703613 37.1733 13.753 13.109 6.629 0.412 5.047 7.948 5.033
0.59599 37.0824 13.845 13.083 6.644 0.41 5.046 7.847 5.1
0.651097 37.2648 13.726 13.07 6.56 0.407 5.057 7.849 5.087
0.663618 37.3706 13.745 12.973 6.59 0.442 5.009 7.776 5.061
0.640157 37.1485 13.81 13.069 6.613 0.448 5.021 7.838 5.102
0.667044 37.1471 13.752 13.127 6.542 0.452 5.07 7.856 5.142
0.643748 37.1664 13.784 13.084 6.677 0.412 5.024 7.821 5.125
0.6407 37.1664 13.811 13.055 6.673 0.416 5.048 7.812 5.101
0.637506 37.3232 13.728 13.028 6.636 0.412 5.019 7.813 5.08
0.575299 37.201 13.681 13.162 6.554 0.414 5.081 7.846 5.183
0.628529 37.1512 13.802 13.076 6.62 0.411 5.088 7.77 5.169
0.656841 37.081 13.779 13.151 6.596 0.412 5.077 7.85 5.157
0.60681 37.1581 13.799 13.036 6.627 0.412 5.068 7.719 5.179
0.631107 37.0934 13.838 13.083 6.598 0.41 5.142 7.797 5.158
0.663213 36.9454 13.902 13.129 6.634 0.413 5.163 7.827 5.18
0.628955 37.0274 13.862 13.106 6.606 0.413 5.141 7.808 5.168
0.663947 36.8419 13.807 13.295 6.525 0.414 5.165 7.918 5.24
0.611508 36.8541 13.933 13.163 6.612 0.447 5.162 7.822 5.212
0.621464 36.5404 14.086 13.221 6.773 0.421 5.191 7.789 5.281
0.64669 37.059 13.822 13.126 6.6 0.418 5.131 7.804 5.185
0.590294 36.959 13.765 13.247 6.565 0.417 5.139 7.835 5.281
0.621415 36.8881 13.928 13.139 6.586 0.419 5.237 7.815 5.195
0.589693 36.6824 14.062 13.159 6.645 0.43 5.266 7.837 5.188
0.617767 36.9973 13.89 13.102 6.567 0.46 5.148 7.757 5.209
0.635098 36.9495 13.813 13.211 6.553 0.43 5.196 7.844 5.239
0.635665 36.8256 13.853 13.256 6.561 0.421 5.2 7.864 5.263
0.675013 36.9795 13.869 13.136 6.583 0.421 5.198 7.79 5.217
0.672013 36.539 14.124 13.198 6.719 0.463 5.192 7.833 5.224
0.631082 37.0124 13.845 13.135 6.589 0.421 5.162 7.791 5.206
0.65412 35.5088 14.832 13.29 7.062 0.43 5.373 7.945 5.205
0.680846 36.5083 14.184 13.164 6.683 0.424 5.37 7.828 5.2
0.583387 36.6529 14.006 13.237 6.615 0.42 5.208 7.827 5.27
0.66564 36.5591 13.964 13.35 6.577 0.423 5.292 7.887 5.332
0.64404 36.487 13.967 13.393 6.566 0.421 5.298 7.882 5.367
0.673639 36.4087 14.027 13.394 6.617 0.42 5.284 7.989 5.264
0.622588 36.669 14.049 13.183 6.602 0.454 5.261 7.783 5.258
0.682026 36.4445 14.023 13.338 6.643 0.424 5.276 7.896 5.311
0.671623 36.6771 13.986 13.235 6.605 0.421 5.262 7.831 5.265
0.654813 36.4618 14.128 13.261 6.704 0.42 5.303 7.883 5.246
0.682641 35.8089 14.477 13.406 6.768 0.465 5.457 7.869 5.39
0.674999 36.5083 14.071 13.281 6.664 0.432 5.276 7.841 5.299
0.658065 36.4126 14.08 13.345 6.646 0.422 5.32 7.93 5.287
0.620014 36.224 14.016 13.547 6.527 0.423 5.304 8.078 5.33
0.678542 36.2766 14.126 13.4 6.545 0.421 5.267 7.954 5.305
0.679423 35.8564 14.421 13.425 6.78 0.418 5.323 7.997 5.292
0.695882 35.8513 14.447 13.407 6.812 0.414 5.29 7.937 5.3
0.702732 36.1206 14.199 13.446 6.576 0.423 5.3 8.011 5.298
0.702732 36.0373 14.253 13.448 6.582 0.449 5.3 7.985 5.324
0.702732 36.1259 14.219 13.419 6.641 0.419 5.262 7.977 5.305
0.684278 36.2306 14.226 13.335 6.598 0.414 5.293 7.932 5.268
0.712295 35.9363 14.254 13.537 6.66 0.413 5.299 8.102 5.295
0.693585 35.0557 14.507 13.981 6.7 0.418 5.449 8.465 5.374
0.683474 35.6024 14.42 13.624 6.807 0.415 5.299 8.133 5.34
0.676368 35.4585 14.521 13.639 6.864 0.419 5.344 8.164 5.341
0.671284 35.6392 14.423 13.578 6.822 0.416 5.305 8.088 5.353
0.729153 35.5783 14.408 13.661 6.779 0.415 5.353 8.185 5.337
0.719978 35.5379 14.506 13.592 6.839 0.416 5.317 8.115 5.328
0.676321 35.5252 14.504 13.603 6.884 0.415 5.32 8.148 5.309
0.670993 35.5467 14.511 13.583 6.847 0.414 5.296 8.124 5.31
0.669267 35.6583 14.517 13.489 6.865 0.415 5.35 8.042 5.31
0.723196 35.8307 14.443 13.427 6.951 0.415 5.31 8.035 5.248
0.676503 36.2083 14.148 13.429 6.812 0.414 5.236 8.016 5.274
0.730551 36.0295 14.234 13.484 6.786 0.418 5.311 8.056 5.288
0.705151 36.0153 14.264 13.465 6.831 0.414 5.238 8.035 5.291
0.772312 36.2792 14.151 13.375 6.767 0.414 5.277 8.004 5.239
0.723951 36.0776 14.156 13.523 6.789 0.44 5.216 8.087 5.294
0.73277 36.2358 14.135 13.42 6.823 0.413 5.224 7.985 5.297
0.703941 36.2713 14.163 13.369 6.807 0.412 5.237 7.996 5.237
0.741625 36.2188 14.085 13.488 6.764 0.417 5.238 8.065 5.291
0.807308 36.152 14.186 13.437 6.841 0.415 5.241 8.039 5.256
0.723938 36.2319 14.175 13.382 6.788 0.413 5.225 8.033 5.212
0.692793 36.2858 14.123 13.396 6.834 0.413 5.191 7.957 5.303
0.762146 36.3465 14.068 13.407 6.774 0.418 5.237 8.059 5.221
0.79572 36.0321 14.265 13.444 6.863 0.451 5.218 8.057 5.249
0.771766 36.3848 14.05 13.396 6.808 0.411 5.171 7.967 5.288
0.78374 36.1415 14.256 13.371 6.914 0.415 5.229 8.043 5.198
0.760187 36.4312 14.004 13.406 6.754 0.417 5.177 8.031 5.234
0.772964 36.4445 14.058 13.342 6.802 0.414 5.175 7.978 5.193
0.772964 36.3227 14.133 13.358 6.789 0.414 5.238 8.019 5.21
0.769612 36.3346 14.032 13.448 6.808 0.412 5.149 7.977 5.305
0.760891 36.245 14.171 13.381 6.88 0.412 5.207 8.036 5.206
0.714385 36.4445 14.068 13.332 6.774 0.415 5.144 7.951 5.248
0.723644 36.049 14.047 13.655 6.789 0.412 5.188 8.274 5.25
0.691447 36.2832 14.145 13.378 6.793 0.413 5.214 8.014 5.229
0.670952 36.3095 14.113 13.388 6.822 0.413 5.19 8.01 5.238
0.802585 36.4047 14.137 13.293 6.803 0.414 5.192 7.984 5.178
0.771838 36.4844 14.062 13.295 6.767 0.442 5.144 7.958 5.208
0.745697 36.2897 14.182 13.335 6.943 0.413 5.144 7.979 5.221
0.699372 36.4392 14.04 13.358 6.786 0.414 5.17 8.012 5.206
0.753177 36.5123 13.995 13.354 6.697 0.445 5.163 7.998 5.219
0.706623 36.414 14.034 13.392 6.784 0.414 5.17 8 5.257
0.772545 36.3822 14.114 13.332 6.777 0.414 5.215 8.008 5.189
0.796049 36.6905 13.982 13.236 6.815 0.412 5.094 7.935 5.166
0.746202 35.6468 14.576 13.43 7.053 0.422 5.243 8.03 5.251
0.713449 36.4352 14.191 13.216 6.846 0.459 5.146 7.943 5.136
0.795524 36.0763 14.346 13.33 7.089 0.424 5.165 7.983 5.206
0.760944 36.5698 14.031 13.274 6.778 0.413 5.144 7.986 5.16
0.719503 36.5671 13.973 13.334 6.771 0.41 5.118 8.019 5.176
0.671642 36.6596 14.016 13.225 6.814 0.412 5.12 7.923 5.169
0.744989 36.5872 14.038 13.256 6.763 0.413 5.126 7.969 5.156
0.726426 36.4924 13.98 13.385 6.739 0.414 5.161 7.994 5.248
0.726426 36.3003 14.026 13.484 6.756 0.416 5.19 8.053 5.292
0.708323 36.6448 13.94 13.309 6.757 0.41 5.112 7.99 5.184
0.687038 36.5925 14.031 13.254 6.795 0.413 5.119 7.962 5.16
0.683411 36.5698 13.959 13.341 6.703 0.447 5.133 8.001 5.2
0.662846 36.511 14.042 13.31 6.841 0.414 5.122 7.979 5.195
0.647925 36.6113 14.001 13.274 6.754 0.414 5.148 8.008 5.142
0.623934 36.6797 13.983 13.242 6.812 0.413 5.094 7.946 5.162
0.754436 36.4578 14.047 13.346 6.793 0.416 5.162 8.038 5.17
0.731908 36.6354 13.935 13.322 6.718 0.416 5.083 8.043 5.149
0.717208 36.495 13.953 13.409 6.793 0.412 5.067 8.015 5.252
0.702756 36.5604 13.991 13.319 6.787 0.416 5.146 8.046 5.138
0.674569 36.4392 13.989 13.415 6.769 0.444 5.086 8.049 5.231
0.793683 36.7107 13.959 13.242 6.776 0.419 5.097 7.988 5.119
0.730182 36.3346 14.141 13.341 6.923 0.413 5.113 8.108 5.095
0.703192 36.7809 13.999 13.141 6.864 0.422 5.087 7.95 5.06
0.680967 36.9072 13.826 13.232 6.796 0.413 5.013 7.975 5.126
0.655695 36.7836 13.92 13.228 6.786 0.414 5.068 8.007 5.086
0.737457 36.9031 13.818 13.243 6.756 0.417 5.032 8 5.103
0.722599 36.6932 13.965 13.25 6.798 0.418 5.083 8.026 5.093
0.689562 36.4937 14.054 13.306 6.778 0.417 5.206 8.045 5.124
0.654092 36.88 13.869 13.206 6.786 0.412 5.02 8.002 5.073
0.776263 37.0165 13.819 13.156 6.691 0.414 5.022 7.984 5.037
0.728428 37.0165 13.802 13.174 6.785 0.416 5.022 7.978 5.062
0.699134 36.9645 13.815 13.199 6.8 0.413 5.006 7.996 5.064
0.62578 36.9905 13.815 13.181 6.761 0.414 5.012 7.985 5.066
0.699134 36.8365 13.931 13.179 6.864 0.414 5.039 8.001 5.047
0.623226 36.6046 13.871 13.409 6.833 0.414 5.032 8.026 5.242
0.607732 36.8772 13.887 13.192 6.772 0.412 5.01 8.001 5.059
0.707912 36.8664 13.885 13.2 6.794 0.413 5.071 8.02 5.05
0.717927 36.8473 13.939 13.161 6.894 0.418 5.035 7.978 5.053
0.661463 37.2273 13.739 13.084 6.765 0.413 4.938 7.96 4.991
0.597428 37.1278 13.714 13.181 6.806 0.414 4.952 8.004 5.048
0.597428 36.7377 13.994 13.187 6.928 0.415 5.054 7.986 5.067
0.689223 36.6367 14.055 13.201 6.842 0.423 5.149 8.003 5.044
0.647922 37.2232 13.748 13.08 6.843 0.414 4.944 7.961 4.991
0.639772 37.2537 13.723 13.081 6.812 0.414 4.949 7.937 5.014
0.589818 36.9987 13.779 13.212 6.832 0.417 4.971 8.031 5.048
0.606662 36.7634 13.9 13.26 6.76 0.453 5.01 8.036 5.091
0.547723 37.0165 13.769 13.208 6.769 0.412 4.986 7.998 5.085
0.520134 36.8161 13.871 13.255 6.786 0.415 5.046 8.032 5.091
0.569975 36.6408 13.945 13.308 6.733 0.451 5.099 8.044 5.125
0.619428 36.5417 14.026 13.3 6.814 0.419 5.14 8.069 5.096
0.56014 37.0521 13.785 13.167 6.757 0.414 4.99 8.004 5.034
0.501731 37.0741 13.75 13.186 6.778 0.412 4.971 7.999 5.053
0.602863 36.5497 13.928 13.391 6.828 0.419 5.061 8.15 5.102
0.595436 36.7796 13.979 13.171 6.781 0.416 5.108 8 5.038
0.667467 37.3079 13.686 13.079 6.741 0.418 4.99 7.967 4.982
0.640266 37.326 13.656 13.098 6.799 0.416 4.921 7.973 4.985
0.626996 37.1361 13.785 13.106 6.844 0.417 4.998 7.998 4.978
0.579133 37.3357 13.625 13.123 6.685 0.457 4.947 7.976 5.018
0.66805 37.3636 13.729 12.995 6.798 0.415 4.963 7.907 4.95
0.639262 37.5164 13.637 12.979 6.792 0.415 4.914 7.906 4.947
0.586787 37.2537 13.742 13.061 6.862 0.426 4.952 8.007 4.928
0.578306 35.9648 13.776 13.989 6.798 0.449 4.946 8.716 5.116
0.566141 37.3566 13.758 12.97 6.924 0.415 4.931 7.919 4.928
0.55775 37.6903 13.555 12.934 6.688 0.413 4.916 7.894 4.917
0.524935 36.4219 14.241 13.175 7.087 0.425 5.068 8.058 4.988
0.532094 37.3051 13.793 12.971 6.823 0.432 5.033 7.855 4.983
0.610045 37.1692 13.744 13.121 6.802 0.425 4.977 7.928 5.05
0.487389 36.7282 13.902 13.281 6.683 0.415 5.234 7.913 5.232
0.486826 36.6367 13.922 13.337 6.743 0.418 5.189 7.928 5.267
0.543942 35.4887 14.687 13.453 7.269 0.42 5.392 8.184 5.127
0.536877 37.0453 13.863 13.094 6.731 0.42 5.014 7.897 5.062
0.529813 37.0549 13.776 13.173 6.666 0.414 5.137 7.926 5.113
0.555895 37.1195 13.816 13.082 6.741 0.413 5.06 7.92 5.028
0.568205 37.393 13.647 13.06 6.669 0.417 5.008 7.889 5.033
0.535788 37.0014 13.665 13.323 6.665 0.418 5.079 8.092 5.1
0.5125 37.3204 13.694 13.063 6.734 0.417 5.038 7.882 5.032
0.523576 37.2024 13.723 13.117 6.693 0.42 5.06 7.955 5.025
0.496213 37.3608 13.627 13.101 6.687 0.417 5.001 7.907 5.055
0.517273 37.1982 13.612 13.23 6.667 0.418 5.024 8.011 5.062
0.499681 37.3734 13.657 13.04 6.724 0.417 4.993 7.866 5.045
0.492692 37.2204 13.745 13.083 6.717 0.413 5.028 7.896 5.052
0.448439 36.9303 13.666 13.371 6.671 0.444 4.982 8.163 5.065
0.518678 37.1388 13.739 13.149 6.734 0.413 5.041 7.913 5.085
0.518678 36.414 14.145 13.278 6.837 0.417 5.221 8.033 5.107
0.509024 37.048 13.868 13.086 6.791 0.426 5.085 7.88 5.068
0.497852 36.9672 13.814 13.195 6.737 0.416 5.015 7.925 5.133
0.475864 36.9905 13.813 13.182 6.714 0.418 5.122 7.945 5.106
0.465048 37.2689 13.711 13.082 6.703 0.417 5.024 7.867 5.078
0.494433 37.2564 13.759 13.043 6.723 0.416 5.048 7.873 5.032
0.502069 37.0398 13.893 13.064 6.886 0.42 5.02 7.876 5.02
0.491296 37.2745 13.798 12.987 6.777 0.422 5.012 7.857 4.995
0.486972 37.2703 13.737 13.054 6.813 0.418 4.997 7.884 5.045
0.512439 37.2148 13.755 13.077 6.687 0.418 5.077 7.862 5.083
0.496797 37.3608 13.659 13.064 6.7 0.462 4.991 7.915 5.012
0.492382 37.5389 13.628 12.97 6.809 0.418 4.941 7.86 4.955
0.483541 37.3972 13.516 13.183 6.67 0.418 4.984 8.037 5.002
0.539205 37.6761 13.591 12.911 6.71 0.415 4.966 7.84 4.943
0.539205 37.6563 13.561 12.957 6.699 0.445 4.907 7.876 4.953
0.582137 37.8215 13.542 12.859 6.74 0.415 4.92 7.793 4.933
0.551212 37.955 13.438 12.87 6.69 0.415 4.897 7.782 4.949
0.546064 37.7316 13.444 13.02 6.699 0.413 4.905 7.874 5.008
0.535762 37.8501 13.507 12.876 6.724 0.414 4.909 7.821 4.933
0.530608 37.5996 13.655 12.901 6.81 0.417 4.945 7.857 4.912
0.542216 37.886 13.443 12.906 6.672 0.416 4.88 7.798 4.973
0.573067 38.004 13.496 12.779 6.731 0.42 4.892 7.752 4.893
0.475098 38.0228 13.394 12.868 6.693 0.414 4.877 7.795 4.942
0.485875 37.8573 13.453 12.915 6.695 0.414 4.919 7.789 4.99
0.524201 37.9018 13.48 12.862 6.657 0.419 4.954 7.779 4.959
0.541239 37.8129 13.605 12.799 6.763 0.423 4.957 7.787 4.876
0.559048 37.7858 13.586 12.839 6.825 0.461 4.863 7.826 4.871
0.58828 38.3274 13.412 12.642 6.778 0.425 4.84 7.686 4.826
0.574142 38.276 13.176 12.914 6.654 0.423 4.798 7.962 4.829
0.573946 38.5579 13.236 12.659 6.695 0.425 4.777 7.711 4.826
0.579099 38.219 13.298 12.828 6.715 0.418 4.827 7.757 4.936
0.57879 38.257 13.218 12.883 6.677 0.421 4.791 7.843 4.91
0.593085 38.5342 13.219 12.695 6.689 0.422 4.781 7.702 4.87
0.523544 38.238 13.325 12.787 6.741 0.42 4.822 7.767 4.895
0.549503 38.0793 13.442 12.78 6.749 0.415 4.871 7.791 4.864
0.593085 38.1621 13.393 12.772 6.683 0.417 4.865 7.797 4.852
0.523544 38.2205 13.371 12.754 6.726 0.45 4.814 7.788 4.845
0.57879 37.9248 13.577 12.754 6.938 0.416 4.848 7.787 4.837
0.614374 38.4143 13.299 12.691 6.72 0.424 4.821 7.769 4.794
0.648966 38.6354 13.279 12.565 6.745 0.424 4.803 7.658 4.777
0.555087 38.5907 13.311 12.562 6.796 0.431 4.786 7.675 4.756
0.555123 38.6041 13.158 12.704 6.727 0.414 4.74 7.736 4.848
0.648966 38.4231 13.332 12.656 6.778 0.421 4.814 7.724 4.805
0.524085 38.4202 13.299 12.689 6.794 0.425 4.774 7.74 4.821
0.608491 38.4497 13.329 12.642 6.746 0.415 4.825 7.709 4.805
0.617714 37.0576 14.055 12.891 7.129 0.424 4.948 7.904 4.853
0.522293 37.9363 13.507 12.814 6.855 0.423 4.917 7.834 4.852
0.590802 38.03 13.422 12.832 6.781 0.415 4.81 7.901 4.798
0.504587 38.1069 13.49 12.713 6.932 0.424 4.818 7.756 4.827
0.57065 38.3215 13.332 12.724 6.759 0.42 4.826 7.769 4.829
0.524917 38.625 13.263 12.586 6.757 0.425 4.778 7.676 4.78
0.488596 38.6713 13.138 12.683 6.683 0.425 4.757 7.725 4.827
0.521481 38.4615 13.313 12.645 6.767 0.42 4.806 7.709 4.805
0.534493 38.072 13.534 12.694 6.944 0.414 4.846 7.778 4.791
0.483738 38.3524 13.342 12.694 6.786 0.421 4.809 7.754 4.809
0.522949 38.0836 13.373 12.846 6.802 0.425 4.846 7.765 4.924
0.504579 38.4852 13.296 12.646 6.768 0.422 4.784 7.755 4.773
0.517669 38.4541 13.295 12.674 6.755 0.421 4.797 7.75 4.804
0.512379 38.2146 13.455 12.674 6.874 0.438 4.834 7.743 4.808
0.512379 38.7312 13.23 12.548 6.726 0.423 4.719 7.665 4.755
0.507077 38.7357 13.2 12.574 6.689 0.421 4.749 7.682 4.756
0.574155 38.6414 13.228 12.608 6.699 0.421 4.748 7.711 4.773
0.567875 38.4556 13.246 12.718 6.7 0.421 4.745 7.711 4.868
0.567875 38.2438 13.37 12.724 6.725 0.564 4.752 7.739 4.805
0.561588 38.3951 13.247 12.761 6.722 0.456 4.786 7.827 4.803
0.546684 38.8259 13.137 12.575 6.714 0.422 4.713 7.683 4.766
0.540481 38.7222 13.207 12.579 6.75 0.419 4.741 7.67 4.78
0.525857 38.5728 13.212 12.675 6.744 0.42 4.758 7.719 4.824
0.531969 38.8636 13.141 12.55 6.676 0.415 4.739 7.65 4.77
0.524947 38.4778 13.282 12.668 6.798 0.42 4.77 7.719 4.817
0.530845 38.6384 13.207 12.636 6.76 0.414 4.756 7.709 4.8
0.524947 38.8063 13.164 12.568 6.721 0.415 4.737 7.654 4.781
0.52748 38.3833 13.375 12.638 6.903 0.417 4.76 7.685 4.819
0.521469 38.5505 13.25 12.65 6.725 0.42 4.817 7.685 4.835
0.521469 38.6548 13.208 12.618 6.691 0.416 4.785 7.709 4.785
0.484316 38.7192 13.223 12.564 6.733 0.414 4.751 7.69 4.757
0.484316 38.6832 13.214 12.598 6.691 0.414 4.775 7.689 4.779
0.484316 38.6713 13.165 12.657 6.639 0.424 4.785 7.726 4.803
0.484316 38.5639 13.292 12.601 6.766 0.421 4.728 7.696 4.77
0.484316 38.4246 13.296 12.689 6.713 0.46 4.784 7.746 4.814
0.484316 38.5193 13.228 12.695 6.689 0.461 4.78 7.742 4.805
0.484316 38.5847 13.216 12.663 6.741 0.42 4.765 7.738 4.792
0.484316 38.8334 13.17 12.545 6.708 0.424 4.735 7.642 4.771
0.478861 38.7162 13.162 12.625 6.739 0.423 4.726 7.699 4.794
0.478861 38.165 13.22 12.944 6.77 0.422 4.73 7.937 4.852
0.473396 38.1505 13.473 12.702 6.794 0.425 4.952 7.766 4.807
0.528004 38.8606 13.117 12.576 6.662 0.421 4.74 7.606 4.83
0.521563 38.8033 13.127 12.605 6.643 0.424 4.782 7.662 4.809
0.515117 38.7387 13.165 12.609 6.71 0.423 4.744 7.667 4.81
0.508665 38.9211 13.108 12.548 6.676 0.422 4.72 7.624 4.791
0.502206 38.6802 13.151 12.664 6.666 0.423 4.757 7.724 4.81
0.495742 38.6488 13.214 12.619 6.702 0.424 4.801 7.686 4.805
0.494505 38.8395 13.151 12.527 6.691 0.413 4.757 7.631 4.766
0.454155 38.6817 13.162 12.651 6.726 0.412 4.738 7.695 4.828
0.463722 38.3612 13.3 12.729 6.686 0.416 4.854 7.728 4.882
0.458032 38.4586 13.293 12.67 6.698 0.415 4.782 7.716 4.827
0.446621 38.466 13.298 12.66 6.719 0.414 4.822 7.712 4.824
0.415682 37.9853 13.405 12.874 6.712 0.414 4.958 7.894 4.842
0.430436 38.4216 13.288 12.702 6.72 0.413 4.838 7.73 4.832
0.439899 38.1345 13.316 12.852 6.703 0.419 4.865 7.813 4.909
0.445622 38.1986 13.348 12.793 6.647 0.418 4.883 7.805 4.86
0.445622 38.1083 13.532 12.668 6.894 0.425 4.866 7.711 4.826
0.435999 38.3892 13.319 12.692 6.737 0.421 4.833 7.73 4.84
0.435999 38.1374 13.341 12.84 6.713 0.418 4.893 7.801 4.904
0.435999 38.2219 13.279 12.847 6.672 0.425 4.848 7.82 4.9
0.438921 37.9535 13.507 12.802 6.862 0.416 4.9 7.863 4.815
0.438921 38.133 13.381 12.801 6.709 0.419 4.887 7.803 4.879
0.427639 38.2658 13.367 12.724 6.7 0.415 4.823 7.758 4.834
0.421986 38.373 13.311 12.712 6.723 0.417 4.834 7.743 4.835
0.410658 36.8202 14.14 12.979 7.204 0.494 4.932 7.944 4.9
0.410658 37.6308 13.714 12.819 6.867 0.426 4.988 7.831 4.854
0.401869 37.9089 13.459 12.879 6.75 0.429 4.886 7.916 4.834
0.401869 38.2205 13.39 12.734 6.76 0.415 4.872 7.783 4.825
0.401869 38.3465 13.34 12.699 6.739 0.416 4.812 7.733 4.836
0.401869 38.4305 13.288 12.696 6.714 0.414 4.819 7.726 4.837
0.401869 38.3818 13.313 12.698 6.74 0.416 4.823 7.718 4.847
0.401869 38.2307 13.383 12.736 6.738 0.415 4.846 7.788 4.826
0.401869 38.1214 13.303 12.891 6.688 0.421 4.818 7.859 4.893
0.401869 38.298 13.299 12.772 6.68 0.419 4.871 7.794 4.843
0.426477 38.398 13.266 12.737 6.683 0.417 4.836 7.763 4.842
0.426477 38.257 13.353 12.734 6.683 0.414 4.894 7.774 4.827
0.426477 38.117 13.372 12.825 6.742 0.422 4.889 7.816 4.876
0.450387 36.9413 13.803 13.23 7.133 0.429 4.933 8.004 5.078
0.42375 36.4844 14.055 13.312 6.968 0.549 5.196 8.075 5.062
0.437064 35.1136 14.634 13.793 7.679 0.416 5.118 8.188 5.441
0.426407 35.4849 14.346 13.791 7.399 0.426 5.201 8.314 5.308
0.437064 36.7202 13.921 13.269 7.052 0.421 5.147 8.155 4.972
0.437064 38.7402 13.114 12.662 6.725 0.411 4.728 7.687 4.84
0.447881 38.5862 13.246 12.627 6.76 0.416 4.798 7.677 4.788
0.4682 38.8939 13.092 12.582 6.645 0.453 4.737 7.693 4.765
0.4682 38.9196 13.064 12.592 6.679 0.417 4.741 7.684 4.774
0.4682 39.0427 13.072 12.504 6.723 0.415 4.717 7.659 4.718
0.4682 38.7913 13.121 12.618 6.725 0.414 4.757 7.708 4.779
0.4682 38.8138 13.137 12.586 6.702 0.459 4.697 7.724 4.731
0.471413 39.0031 13.118 12.484 6.733 0.414 4.745 7.654 4.701
0.471413 38.7958 13.25 12.485 6.874 0.419 4.741 7.665 4.698
0.471413 38.9803 13.033 12.584 6.684 0.415 4.733 7.676 4.779
0.471413 39.2034 13.021 12.446 6.656 0.412 4.701 7.657 4.664
0.471413 39.0503 13.051 12.52 6.7 0.443 4.698 7.686 4.71
0.471413 39.093 12.982 12.561 6.693 0.412 4.67 7.731 4.702
0.471413 39.1681 13.011 12.483 6.724 0.411 4.674 7.654 4.708
0.471413 39.2619 12.976 12.455 6.688 0.409 4.672 7.617 4.709
0.471413 39.1589 13.005 12.49 6.711 0.411 4.677 7.629 4.73
0.471413 39.1988 12.975 12.498 6.601 0.411 4.717 7.592 4.769
0.471413 38.835 13.159 12.551 6.696 0.411 4.799 7.718 4.698
0.4682 38.8712 13.055 12.623 6.687 0.42 4.743 7.722 4.776
0.462159 39.0396 13.085 12.488 6.723 0.418 4.715 7.65 4.714
0.458292 39.0183 13.04 12.55 6.693 0.416 4.71 7.656 4.736
0.456098 38.9105 13.166 12.498 6.716 0.417 4.756 7.684 4.696
0.445995 38.8576 13.126 12.572 6.707 0.448 4.751 7.715 4.731
0.445995 39.0137 13.049 12.546 6.698 0.417 4.693 7.683 4.734
0.439823 38.7222 13.165 12.614 6.731 0.421 4.765 7.722 4.759
0.445995 38.6757 13.02 12.796 6.655 0.417 4.705 7.889 4.778
0.44679 38.6877 13.155 12.652 6.651 0.424 4.796 7.735 4.775
0.442041 38.9605 13.094 12.535 6.71 0.417 4.723 7.672 4.736
0.452834 39.0244 13.079 12.505 6.691 0.417 4.731 7.649 4.725
0.452834 38.8229 13.137 12.582 6.734 0.423 4.734 7.674 4.781
0.458292 39.0137 13.08 12.512 6.617 0.418 4.752 7.662 4.733
0.458292 38.9772 13.081 12.538 6.668 0.457 4.7 7.661 4.752
0.452834 38.3745 13.039 12.982 6.634 0.415 4.748 7.824 4.996
0.452834 37.4167 13.787 12.895 7.056 0.424 5.034 7.963 4.793
0.452834 38.9363 13.094 12.551 6.712 0.414 4.722 7.66 4.759
0.442041 38.5669 13.245 12.641 6.693 0.421 4.777 7.723 4.795
0.442041 38.6698 13.152 12.668 6.72 0.417 4.769 7.719 4.814
0.447881 38.8787 13.151 12.529 6.654 0.417 4.803 7.677 4.729
0.464874 38.4675 13.166 12.791 6.713 0.42 4.784 7.872 4.788
0.470869 38.9075 13.119 12.544 6.71 0.417 4.737 7.667 4.747
0.464874 38.8561 13.142 12.549 6.732 0.418 4.728 7.662 4.767
0.464874 38.9681 13.102 12.517 6.659 0.417 4.707 7.676 4.72
0.433962 38.5996 13.147 12.719 6.697 0.422 4.782 7.767 4.804
0.444322 38.1083 13.128 13.075 6.671 0.417 4.793 8.077 4.848
0.433962 38.7297 13.158 12.627 6.723 0.409 4.77 7.696 4.809
0.433962 38.6728 13.2 12.619 6.679 0.416 4.8 7.73 4.764
0.444322 38.1069 13.565 12.635 6.957 0.42 4.919 7.697 4.807
0.444322 38.401 13.395 12.602 6.84 0.423 4.878 7.698 4.773
0.454833 38.0822 13.589 12.601 7.076 0.412 4.796 7.698 4.772
0.420627 38.0373 13.499 12.751 6.947 0.416 4.855 7.818 4.813
0.430411 38.1738 13.315 12.843 6.757 0.415 4.808 7.765 4.929
0.420627 38.5505 13.211 12.689 6.68 0.412 4.84 7.757 4.799
0.420627 37.9983 13.216 13.043 6.71 0.412 4.806 7.886 5.021
0.420627 37.6563 13.336 13.18 6.723 0.429 4.816 8.096 4.96
0.420627 38.0214 13.211 13.053 6.714 0.412 4.791 8.03 4.891
0.420627 37.5192 13.29 13.321 6.731 0.415 4.834 8.1 5.064
0.430411 38.4202 13.288 12.7 6.718 0.41 4.808 7.784 4.796
0.430411 38.3686 13.361 12.661 6.755 0.412 4.883 7.725 4.804
0.430411 38.5134 13.228 12.698 6.722 0.411 4.789 7.754 4.809
0.430411 38.4246 13.282 12.703 6.747 0.41 4.826 7.721 4.851
0.430411 38.1534 13.504 12.666 6.972 0.417 4.806 7.74 4.799
0.44196 38.1199 13.457 12.738 6.873 0.422 4.825 7.738 4.868
0.453461 38.6802 13.201 12.611 6.693 0.412 4.777 7.686 4.796
0.464914 38.5817 13.256 12.624 6.723 0.411 4.808 7.674 4.816
0.459194 38.0387 13.375 12.865 6.709 0.422 4.888 7.821 4.905
0.447717 38.0633 13.469 12.763 6.832 0.428 4.866 7.796 4.831
0.44196 37.365 13.935 12.789 7.072 0.421 4.97 7.866 4.792
0.447717 36.7769 14.424 12.724 7.441 0.431 4.932 7.785 4.806
0.459194 37.5615 13.773 12.81 6.897 0.452 5.031 7.86 4.81
0.464914 37.9954 13.481 12.792 6.886 0.422 4.862 7.81 4.855
0.459194 38.0416 13.461 12.788 6.826 0.418 4.825 7.841 4.816
0.453461 38.3966 13.294 12.711 6.781 0.414 4.79 7.775 4.808
0.447717 38.101 13.41 12.796 6.804 0.418 4.795 7.829 4.845
0.469994 38.2044 13.382 12.75 6.79 0.416 4.773 7.819 4.81
0.487658 38.1665 13.258 12.905 6.776 0.415 4.791 7.836 4.94
0.511263 38.1811 13.362 12.786 6.803 0.416 4.831 7.83 4.828
0.499171 38.3098 13.324 12.741 6.78 0.411 4.819 7.789 4.826
0.481781 37.5347 13.852 12.751 7.209 0.473 4.826 7.82 4.81
0.469994 38.3156 13.338 12.722 6.791 0.412 4.795 7.751 4.833
0.464084 38.2775 13.29 12.794 6.729 0.415 4.844 7.821 4.851
0.464084 38.3995 13.283 12.72 6.758 0.411 4.81 7.749 4.84
0.458162 38.1825 13.322 12.828 6.684 0.417 4.892 7.849 4.85
0.447717 38.3715 13.298 12.723 6.776 0.413 4.801 7.741 4.85
0.447717 38.3583 13.306 12.724 6.777 0.412 4.805 7.762 4.832
0.43742 38.3142 13.325 12.736 6.761 0.412 4.844 7.774 4.837
0.43742 38.3921 13.329 12.679 6.726 0.412 4.838 7.759 4.797
0.43742 38.3083 13.324 12.708 6.773 0.444 4.807 7.751 4.827
0.43742 38.1039 13.498 12.707 6.917 0.412 4.845 7.758 4.818
0.459194 38.4941 13.239 12.697 6.728 0.412 4.803 7.737 4.834
0.50311 38.4468 13.255 12.717 6.702 0.414 4.828 7.688 4.894
0.515047 38.5609 13.28 12.614 6.754 0.414 4.82 7.652 4.83
0.520996 38.398 13.324 12.679 6.726 0.417 4.863 7.74 4.806
0.526932 38.32 13.274 12.769 6.802 0.414 4.784 7.728 4.907
0.532855 38.1767 13.412 12.742 6.807 0.414 4.892 7.755 4.847
0.539417 38.4926 13.247 12.691 6.763 0.41 4.783 7.682 4.873
0.539417 38.6713 13.26 12.557 6.725 0.413 4.797 7.652 4.78
0.539417 38.613 13.115 12.741 6.605 0.421 4.749 7.703 4.905
0.540745 38.9029 13.093 12.574 6.613 0.416 4.753 7.664 4.784
0.531619 38.7132 13.219 12.573 6.756 0.416 4.748 7.65 4.794
0.53277 38.8818 13.118 12.558 6.653 0.424 4.772 7.645 4.788
0.538353 38.8818 13.107 12.571 6.653 0.421 4.76 7.682 4.771
0.543921 38.7582 13.051 12.713 6.61 0.424 4.77 7.749 4.828
0.549474 38.1767 13.554 12.603 7.129 0.412 4.726 7.677 4.791
0.549474 38.7162 13.2 12.585 6.707 0.417 4.772 7.641 4.815
0.549474 38.9408 13.157 12.483 6.66 0.414 4.769 7.634 4.727
0.549474 38.8818 13.179 12.499 6.674 0.414 4.765 7.628 4.745
0.55501 38.9075 13.152 12.512 6.665 0.415 4.759 7.629 4.756
0.560532 38.7822 13.208 12.537 6.685 0.428 4.73 7.638 4.773
0.566038 38.549 13.318 12.578 6.746 0.453 4.796 7.662 4.79
