0.984874 30.6645 16.791 15.769 9.597 0.468 5.199 10.214 5.375
0.984874 31.7491 16.116 15.333 9.042 0.476 5.063 10.146 5.046
0.984874 32.039 15.963 15.21 8.998 0.476 4.983 9.961 5.11
0.970229 31.8806 16.111 15.212 9.082 0.482 5.04 10.009 5.063
0.905149 32.2092 15.954 15.049 8.914 0.474 5.061 9.921 4.988
0.886914 32.1771 15.886 15.143 8.956 0.489 4.974 9.952 5.059
0.955799 32.231 15.847 15.134 8.91 0.48 4.94 9.929 5.069
0.970229 32.1595 15.885 15.165 8.918 0.477 4.979 9.943 5.082
0.984874 32.2904 15.854 15.069 8.85 0.477 5.024 9.879 5.05
0.809132 32.2445 15.753 15.215 8.866 0.478 4.913 9.987 5.097
0.927446 31.9622 15.951 15.284 8.815 0.477 5.037 9.994 5.148
0.920367 31.3254 16.654 15.223 9.588 0.469 5.048 9.983 5.104
0.948064 32.1781 15.895 15.137 8.881 0.475 5.008 9.923 5.078
0.96998 32.2456 15.832 15.136 8.872 0.478 4.981 9.96 5.037
0.831525 32.0739 15.824 15.272 8.857 0.468 4.979 9.989 5.142
0.920367 31.9407 16.088 15.176 8.966 0.48 5.07 9.968 5.064
0.920367 31.8066 16.068 15.326 8.92 0.48 5.107 10.066 5.12
0.920367 31.8563 16.121 15.225 8.969 0.484 5.123 10.006 5.075
0.933906 32.0041 16.089 15.11 8.952 0.478 5.118 9.915 5.061
0.948176 32.1771 15.856 15.17 8.907 0.476 4.966 9.989 5.042
0.89358 31.836 16.151 15.211 8.95 0.477 5.208 9.984 5.084
0.920367 31.9142 16.075 15.215 8.908 0.473 5.157 10.006 5.074
0.920367 32.1668 15.863 15.177 8.846 0.473 4.99 9.94 5.101
0.919952 31.9264 16.127 15.148 9.086 0.472 5.029 9.973 5.043
0.948176 32.0523 15.942 15.211 8.932 0.473 5.034 10.037 5.035
0.948176 32.2393 15.86 15.113 8.915 0.465 4.968 9.931 5.013
0.89358 31.9714 16.04 15.187 8.99 0.474 5.036 9.972 5.081
0.920367 31.8837 16.101 15.216 8.967 0.474 5.091 9.955 5.128
0.920367 31.9213 16.063 15.219 8.967 0.474 5.071 10.001 5.079
0.920367 32.0154 15.931 15.251 8.872 0.468 5.052 9.977 5.103
0.93487 31.9193 15.997 15.288 8.993 0.474 4.98 10.024 5.129
0.93523 30.6786 17.098 15.445 9.738 0.471 5.146 10.193 5.11
0.928826 31.6046 16.241 15.355 9.064 0.518 5.13 10.056 5.147
0.928826 31.742 16.141 15.274 8.962 0.484 5.128 10.01 5.119
0.928826 32.0605 15.941 15.203 8.875 0.47 5.017 9.934 5.128
0.928826 31.9479 16.041 15.211 8.953 0.476 5.023 9.984 5.09
0.928826 32.1234 15.897 15.183 8.846 0.468 5.047 9.956 5.088
0.928826 32.0729 15.941 15.191 8.907 0.469 5.029 9.98 5.073
0.90883 32.0749 15.952 15.179 8.872 0.473 5.031 9.942 5.093
0.858972 31.8329 16.063 15.307 8.949 0.517 5.042 9.986 5.178
0.902954 31.7702 16.153 15.262 8.958 0.477 5.114 9.987 5.136
0.902954 31.837 16.09 15.272 8.962 0.477 5.063 9.98 5.108
0.923404 31.8137 16.153 15.234 8.951 0.478 5.116 9.963 5.132
0.930269 31.8817 16.048 15.271 8.885 0.5 5.07 9.972 5.159
0.944249 31.506 16.338 15.354 8.921 0.479 5.329 10.089 5.123
0.944249 31.8776 16.032 15.288 8.89 0.498 5.044 9.991 5.158
0.944249 31.8593 16.063 15.279 8.891 0.469 5.095 10.002 5.136
0.944249 31.8766 16.019 15.306 8.887 0.468 5.09 9.994 5.172
0.944249 31.9142 15.986 15.301 8.894 0.468 5.062 10.029 5.135
0.944249 31.9305 16.013 15.253 8.871 0.469 5.089 9.978 5.135
0.944249 31.8959 16.035 15.268 8.883 0.47 5.07 9.976 5.153
0.944249 31.8107 16.136 15.254 8.99 0.473 5.096 9.945 5.17
0.944249 31.9061 16.007 15.281 8.905 0.47 5.011 9.993 5.147
0.924062 31.8502 16.087 15.268 9.018 0.483 5.024 10.016 5.12
0.937473 31.841 16.041 15.329 8.935 0.474 5.084 10.062 5.125
0.944249 31.8695 15.998 15.332 8.88 0.469 5.024 10.05 5.133
0.944249 31.8796 16.028 15.294 8.918 0.518 5.012 9.991 5.166
0.944249 31.6656 16.116 15.411 8.971 0.474 5.078 10.115 5.152
0.944249 31.9458 15.963 15.29 8.906 0.468 5.028 10.04 5.111
0.937473 31.9673 15.955 15.28 8.872 0.469 5.029 9.972 5.171
0.892717 31.8441 15.986 15.372 8.895 0.47 5.01 10.043 5.187
0.917828 31.7914 16.069 15.339 8.951 0.469 5.044 10.004 5.16
0.917828 31.5736 16.09 15.531 8.901 0.469 5.11 10.159 5.229
0.931507 31.748 16.092 15.356 8.909 0.47 5.069 10.03 5.181
0.926208 31.412 16.395 15.393 9.265 0.471 5.073 10.084 5.169
0.920653 31.7309 16.098 15.368 8.904 0.509 5.08 10.001 5.21
0.920653 31.7601 16.102 15.344 8.874 0.479 5.139 10.012 5.19
0.920653 31.7793 16.035 15.377 8.841 0.467 5.093 10.06 5.176
0.9006 31.6356 16.262 15.3 9.08 0.503 5.084 10.003 5.154
0.907154 31.7743 16.16 15.268 8.96 0.475 5.158 9.986 5.137
0.866676 31.6396 16.227 15.327 9.007 0.473 5.124 10.007 5.177
0.896891 31.7108 16.118 15.372 8.918 0.469 5.135 10.064 5.169
0.896891 31.6256 16.203 15.361 8.972 0.472 5.129 10.013 5.207
0.896891 31.6236 16.238 15.34 8.984 0.479 5.183 10.015 5.179
0.896891 31.6366 16.212 15.346 8.976 0.473 5.145 10.044 5.157
0.89722 31.742 16.09 15.369 8.915 0.496 5.087 10.042 5.185
0.86529 31.7279 16.198 15.269 8.897 0.468 5.239 9.984 5.146
0.855812 31.8076 15.962 15.433 8.869 0.468 5.027 10.103 5.188
0.885456 31.1313 16.672 15.406 9.34 0.477 5.139 10.11 5.157
0.885456 31.4673 16.265 15.463 8.958 0.52 5.071 10.104 5.208
0.885456 31.5916 16.221 15.388 8.896 0.475 5.129 10.059 5.188
0.880413 31.345 16.349 15.505 8.969 0.484 5.14 10.123 5.235
0.874949 31.5736 16.214 15.412 8.941 0.467 5.092 10.111 5.158
0.864224 31.5119 16.256 15.432 8.944 0.476 5.098 10.073 5.218
0.864224 31.5298 16.234 15.435 8.909 0.474 5.136 10.082 5.208
0.864224 31.4852 16.243 15.434 8.921 0.474 5.1 10.105 5.187
0.864224 31.5398 16.246 15.419 8.934 0.469 5.121 10.113 5.167
0.864573 31.5776 16.203 15.413 8.917 0.475 5.104 10.081 5.193
0.864841 31.501 16.328 15.367 8.967 0.474 5.096 10.06 5.168
0.859327 31.5219 16.247 15.432 8.897 0.476 5.092 10.109 5.182
0.859327 31.5716 16.206 15.418 8.953 0.469 5.063 10.107 5.171
0.812467 31.4772 16.232 15.492 8.907 0.472 5.128 10.104 5.236
0.861216 30.869 16.769 15.575 8.908 0.476 5.561 10.182 5.254
0.856113 31.3814 16.298 15.531 8.88 0.475 5.143 10.153 5.234
0.851071 30.5399 17.071 15.622 9.557 0.483 5.188 10.133 5.347
0.846087 30.791 16.65 15.78 9.093 0.484 5.21 10.36 5.264
0.851662 30.7939 16.734 15.694 9.132 0.49 5.242 10.309 5.241
0.851662 31.4238 16.268 15.509 8.904 0.475 5.121 10.162 5.203
0.851662 31.3913 16.278 15.531 8.907 0.469 5.133 10.118 5.257
0.841774 31.4456 16.294 15.464 8.897 0.474 5.158 10.101 5.218
0.827364 31.3785 16.317 15.508 8.9 0.472 5.131 10.126 5.227
0.818029 31.1216 16.418 15.66 9.014 0.482 5.166 10.267 5.247
0.82267 31.4248 16.247 15.517 8.871 0.517 5.099 10.117 5.252
0.832112 31.407 16.262 15.518 8.889 0.474 5.126 10.107 5.221
0.836915 31.2266 16.466 15.512 9 0.482 5.182 10.128 5.235
0.836915 31.3156 16.384 15.503 8.878 0.52 5.171 10.142 5.222
0.836915 31.3598 16.307 15.534 8.934 0.465 5.141 10.158 5.226
0.836915 31.4297 16.283 15.489 8.926 0.474 5.109 10.136 5.211
0.836915 31.1274 16.479 15.6 8.99 0.518 5.193 10.164 5.28
0.836915 31.4861 16.241 15.472 8.894 0.471 5.122 10.118 5.207
0.836915 31.2666 16.412 15.53 8.923 0.479 5.196 10.16 5.23
0.827364 31.3922 16.29 15.524 8.932 0.476 5.123 10.16 5.224
0.82267 31.2539 16.385 15.564 8.938 0.471 5.202 10.134 5.281
0.81344 31.249 16.429 15.53 8.954 0.478 5.199 10.116 5.266
0.81344 30.9023 16.27 16.045 8.892 0.474 5.092 10.12 5.774
0.81344 31.2705 16.409 15.533 8.967 0.48 5.157 10.182 5.207
0.81344 31.3932 16.286 15.512 8.936 0.471 5.101 10.163 5.191
0.808902 31.4822 16.22 15.497 8.864 0.512 5.067 10.1 5.247
0.799977 31.4485 16.281 15.466 8.891 0.472 5.138 10.115 5.211
0.795587 31.3982 16.298 15.504 8.899 0.473 5.113 10.149 5.215
0.795587 31.2578 16.412 15.54 8.973 0.482 5.151 10.158 5.242
0.795587 31.4465 16.263 15.485 8.919 0.473 5.105 10.143 5.201
0.795587 31.507 16.207 15.481 8.854 0.506 5.075 10.1 5.235
0.800358 31.2666 16.404 15.533 8.937 0.481 5.216 10.136 5.258
0.809867 31.4278 16.293 15.476 8.917 0.476 5.088 10.123 5.211
0.814607 31.4495 16.247 15.512 8.866 0.471 5.117 10.138 5.228
0.814607 31.2471 16.394 15.563 8.996 0.479 5.151 10.145 5.278
0.814607 31.4396 16.257 15.505 8.928 0.474 5.103 10.144 5.218
0.814607 31.4218 16.238 15.534 8.87 0.466 5.14 10.132 5.261
0.805556 31.3205 16.385 15.478 8.87 0.474 5.182 10.102 5.229
0.801105 31.3883 16.304 15.506 8.888 0.473 5.138 10.123 5.226
0.79235 31.3647 16.314 15.52 8.916 0.473 5.158 10.161 5.217
0.79235 31.3893 16.301 15.512 8.901 0.503 5.138 10.129 5.205
0.788043 31.3893 16.31 15.503 8.891 0.477 5.182 10.117 5.245
0.788043 31.4535 16.247 15.501 8.844 0.474 5.177 10.111 5.218
0.783784 31.1139 16.567 15.492 9.072 0.481 5.18 10.124 5.223
0.779685 31.21 16.449 15.544 8.941 0.479 5.208 10.182 5.217
0.775515 30.9578 16.605 15.646 9.07 0.48 5.256 10.281 5.217
0.775515 31.173 16.509 15.524 9.068 0.48 5.186 10.148 5.232
0.775515 31.4238 16.266 15.509 8.857 0.507 5.125 10.177 5.194
0.775515 31.3185 16.379 15.499 8.931 0.478 5.192 10.125 5.228
0.775515 31.1342 16.369 15.714 8.912 0.481 5.198 10.158 5.402
0.775515 31.2832 16.336 15.582 8.905 0.48 5.152 10.169 5.27
0.775515 31.3499 16.277 15.567 8.837 0.478 5.153 10.182 5.238
0.771389 31.2139 16.432 15.558 8.871 0.473 5.327 10.215 5.2
0.77632 31.2227 16.453 15.527 8.949 0.481 5.235 10.099 5.281
0.772323 31.3725 16.357 15.471 8.863 0.515 5.179 10.042 5.286
0.776627 31.346 16.347 15.512 8.865 0.473 5.206 10.073 5.293
0.776627 31.3657 16.342 15.468 8.835 0.473 5.197 10.046 5.269
0.78092 31.3883 16.335 15.478 8.829 0.475 5.187 10.075 5.261
0.78092 30.9789 16.579 15.665 9.043 0.482 5.296 10.232 5.292
0.78092 31.1954 16.486 15.531 9.026 0.476 5.193 10.107 5.285
0.78092 31.3706 16.308 15.506 8.862 0.494 5.171 10.073 5.289
0.78092 31.1371 16.454 15.617 8.906 0.481 5.303 10.178 5.304
0.78092 31.1177 16.467 15.63 8.905 0.479 5.267 10.184 5.275
0.78092 31.3598 16.34 15.504 8.835 0.476 5.214 10.074 5.286
0.78092 31.1565 16.507 15.546 8.993 0.473 5.232 10.118 5.277
0.78092 31.3676 16.339 15.497 8.898 0.468 5.186 10.079 5.273
0.77996 31.1061 16.426 15.667 8.961 0.474 5.204 10.16 5.367
0.772139 29.9168 17.682 15.697 9.584 0.485 5.359 10.15 5.394
0.760697 31.0068 16.604 15.601 9.02 0.518 5.262 10.077 5.374
0.756461 31.2159 16.336 15.655 8.831 0.465 5.23 10.078 5.433
0.756461 31.0135 16.568 15.625 8.902 0.472 5.36 10.055 5.421
0.756461 30.9991 16.58 15.635 8.941 0.508 5.302 10.087 5.403
0.753255 31.053 16.598 15.558 8.939 0.51 5.309 10.059 5.35
0.753255 31.1993 16.405 15.602 8.867 0.465 5.232 10.081 5.373
0.753255 31.1333 16.429 15.649 8.916 0.467 5.215 10.103 5.403
0.753255 31.1624 16.429 15.627 8.892 0.47 5.267 10.093 5.385
0.728131 31.2422 16.432 15.537 8.873 0.47 5.258 10.065 5.334
0.741935 31.41 16.303 15.493 8.805 0.464 5.156 10.08 5.274
0.743391 31.3293 16.278 15.601 8.841 0.467 5.132 10.139 5.323
0.751076 30.978 16.604 15.617 8.955 0.479 5.24 10.141 5.334
0.754902 30.9914 16.6 15.61 8.864 0.467 5.225 10.112 5.354
0.762521 31.0849 16.484 15.643 8.905 0.474 5.256 10.151 5.345
0.746959 31.1556 16.405 15.645 8.864 0.469 5.219 10.133 5.358
0.727707 31.3048 16.399 15.489 8.85 0.468 5.228 10.024 5.321
0.729308 31.499 16.204 15.497 8.84 0.474 5.199 10.035 5.322
0.729308 31.501 16.205 15.492 8.875 0.472 5.199 10.045 5.306
0.729308 31.4525 16.235 15.511 8.891 0.476 5.204 10.05 5.32
0.729308 31.4179 16.289 15.495 8.854 0.471 5.233 10.02 5.335
0.722466 31.2872 16.365 15.52 8.901 0.474 5.263 10.022 5.35
0.71575 31.2842 16.32 15.6 8.91 0.471 5.209 10.123 5.335
0.714001 31.1119 16.264 15.833 8.823 0.469 5.264 10.228 5.451
0.710329 30.9377 16.511 15.763 8.85 0.467 5.283 10.175 5.444
0.706646 31.0289 16.487 15.69 8.828 0.464 5.271 10.125 5.413
0.702951 30.8785 16.633 15.683 8.931 0.471 5.333 10.09 5.441
0.706646 31.1381 16.45 15.605 8.837 0.468 5.297 10.043 5.417
0.710329 31.295 16.308 15.604 8.864 0.466 5.294 10.022 5.437
0.714001 31.2461 16.362 15.598 8.877 0.473 5.315 10.03 5.421
0.714001 31.1081 16.438 15.628 8.92 0.476 5.354 10.038 5.443
0.714001 31.2441 16.325 15.639 8.856 0.506 5.261 10.068 5.424
0.714001 31.1158 16.322 15.774 8.857 0.504 5.273 10.046 5.581
0.714001 31.347 16.245 15.615 8.822 0.495 5.266 10.025 5.449
0.714001 31.2402 16.333 15.634 8.899 0.468 5.24 10.016 5.462
0.714001 31.2862 16.311 15.608 8.841 0.466 5.311 10.028 5.436
0.714001 31.343 16.304 15.561 8.878 0.467 5.279 10.058 5.365
0.714001 31.4139 16.245 15.544 8.818 0.474 5.269 10.004 5.394
0.714001 31.2617 16.281 15.657 8.811 0.463 5.308 10.078 5.434
0.714001 31.3048 16.327 15.571 8.915 0.466 5.27 10.034 5.383
0.714001 31.2305 16.364 15.609 8.912 0.47 5.313 10.091 5.368
0.714001 31.2647 16.382 15.549 8.94 0.47 5.271 10.017 5.386
0.714001 31.4051 16.27 15.524 8.836 0.467 5.286 10.006 5.377
0.714001 31.4179 16.186 15.595 8.778 0.465 5.294 10.07 5.375
0.714001 31.3873 16.254 15.562 8.831 0.466 5.282 10.038 5.378
0.701402 30.889 16.284 16.029 8.846 0.468 5.285 10.075 5.795
0.68924 30.9224 16.602 15.69 8.912 0.504 5.306 10.149 5.395
0.677493 30.9004 16.568 15.751 8.912 0.515 5.314 10.198 5.411
0.677493 30.9607 16.576 15.678 8.936 0.504 5.285 10.099 5.433
0.677493 31.1594 16.405 15.645 8.806 0.477 5.238 10.099 5.399
0.677493 30.9703 16.535 15.709 8.903 0.48 5.304 10.096 5.461
0.674186 31.0627 16.475 15.673 8.826 0.477 5.312 10.084 5.443
0.670867 30.9119 16.63 15.67 8.964 0.475 5.346 10.093 5.431
0.667537 31.0887 16.424 15.69 8.81 0.468 5.296 10.117 5.428
0.667537 30.8452 16.497 15.878 8.887 0.467 5.26 10.09 5.622
0.667537 30.8566 16.645 15.721 8.92 0.514 5.319 10.137 5.437
0.667537 30.8852 16.578 15.754 8.942 0.501 5.303 10.107 5.494
0.667537 31.0241 16.446 15.742 8.865 0.475 5.238 10.147 5.448
0.667537 30.9262 16.582 15.704 9 0.471 5.268 10.172 5.389
0.667537 30.9454 16.54 15.723 8.928 0.465 5.296 10.194 5.385
0.655974 31.0241 16.49 15.694 8.93 0.472 5.252 10.164 5.387
0.650605 30.888 16.555 15.769 8.922 0.469 5.317 10.204 5.425
0.639575 30.7022 16.632 15.888 8.969 0.473 5.335 10.334 5.406
0.639575 30.9866 16.524 15.705 8.949 0.465 5.265 10.181 5.383
0.639575 29.3152 18.21 15.855 10.133 0.477 5.438 10.31 5.402
0.639575 30.7607 16.726 15.709 9.078 0.505 5.291 10.164 5.353
0.642716 30.9741 16.504 15.737 8.924 0.492 5.248 10.229 5.356
0.648962 31.001 16.539 15.667 8.923 0.508 5.266 10.155 5.331
0.652067 30.9885 16.561 15.667 8.923 0.495 5.294 10.172 5.344
0.646762 30.9636 16.522 15.728 8.913 0.496 5.263 10.193 5.386
0.644142 30.9895 16.471 15.752 8.891 0.49 5.245 10.158 5.333
0.638965 31.0684 16.506 15.642 8.912 0.468 5.264 10.138 5.36
0.638965 31.0994 16.478 15.626 8.876 0.466 5.263 10.122 5.361
0.638965 30.9569 16.613 15.642 8.894 0.467 5.376 10.143 5.355
0.638965 31.0376 16.529 15.631 8.913 0.466 5.269 10.125 5.361
0.638965 30.9751 16.589 15.64 8.984 0.502 5.258 10.126 5.369
0.638965 30.889 16.598 15.697 9 0.471 5.279 10.2 5.336
0.635481 31.0241 16.512 15.673 8.94 0.468 5.257 10.18 5.349
0.630425 31.0868 16.496 15.628 8.922 0.467 5.27 10.155 5.331
0.62299 31.0126 16.539 15.641 8.913 0.466 5.314 10.159 5.336
0.621482 31.0887 16.483 15.635 8.896 0.465 5.286 10.168 5.325
0.621482 30.9253 16.58 15.707 8.945 0.47 5.321 10.197 5.365
0.621482 30.8966 16.473 15.851 8.913 0.466 5.27 10.172 5.506
0.621482 29.7256 17.151 16.445 9.185 0.479 5.613 10.561 5.702
0.614279 29.9787 17.414 15.893 9.333 0.474 5.694 10.199 5.529
0.609569 30.5241 16.969 15.743 9.125 0.524 5.421 10.213 5.377
0.602638 30.8976 16.635 15.686 9.001 0.478 5.316 10.197 5.352
0.602638 31.0405 16.457 15.712 8.897 0.466 5.254 10.203 5.362
0.602638 31.0636 16.449 15.696 8.881 0.465 5.277 10.208 5.356
0.602638 31.0492 16.454 15.71 8.873 0.49 5.244 10.234 5.342
0.602638 31.052 16.521 15.64 8.92 0.469 5.281 10.154 5.338
0.602638 30.8747 16.642 15.696 8.931 0.467 5.395 10.228 5.327
0.602638 30.9837 16.554 15.669 8.944 0.468 5.281 10.18 5.336
0.602638 30.8566 16.659 15.701 8.999 0.47 5.304 10.176 5.377
0.602638 30.8709 16.732 15.605 9.002 0.475 5.312 10.12 5.338
0.602638 30.9425 16.659 15.607 8.946 0.473 5.35 10.106 5.354
0.599985 30.9033 16.672 15.642 8.996 0.471 5.335 10.123 5.368
0.599985 31.0665 16.496 15.646 8.882 0.465 5.305 10.139 5.368
0.59732 30.909 16.602 15.705 8.938 0.47 5.332 10.132 5.428
0.59732 30.8842 16.585 15.739 8.974 0.471 5.303 10.166 5.427
0.59732 30.8015 16.642 15.779 8.971 0.472 5.356 10.219 5.415
0.59732 30.9981 16.53 15.685 8.927 0.507 5.24 10.137 5.403
0.59732 30.9684 16.495 15.745 8.871 0.504 5.269 10.205 5.397
0.59732 31.0501 16.421 15.744 8.845 0.467 5.242 10.207 5.385
0.594103 30.9454 16.545 15.717 8.989 0.472 5.243 10.193 5.381
0.589681 30.6843 16.672 15.867 9.031 0.474 5.315 10.319 5.398
0.583171 31.0193 16.502 15.687 8.922 0.466 5.253 10.144 5.387
0.57891 30.9924 16.505 15.714 8.905 0.468 5.284 10.192 5.374
0.57891 31.002 16.496 15.703 8.888 0.465 5.263 10.156 5.393
0.57891 31.0299 16.484 15.698 8.874 0.467 5.261 10.161 5.391
0.57891 30.9636 16.549 15.703 8.956 0.469 5.255 10.163 5.392
0.572634 31.0087 16.513 15.688 8.885 0.465 5.241 10.155 5.387
0.55851 30.9761 16.566 15.668 8.889 0.468 5.276 10.14 5.376
0.552627 31.0482 16.515 15.646 8.869 0.467 5.253 10.12 5.378
0.556136 30.8185 16.653 15.751 8.948 0.492 5.353 10.151 5.453
0.556136 31.0694 16.472 15.666 8.868 0.471 5.244 10.125 5.397
0.556717 31.026 16.502 15.687 8.884 0.476 5.254 10.175 5.372
0.556717 30.9272 16.602 15.687 8.997 0.48 5.282 10.17 5.373
0.556717 30.7853 16.533 15.905 8.879 0.476 5.289 10.339 5.412
0.556717 30.9215 16.574 15.691 8.959 0.479 5.256 10.151 5.391
0.556717 31.0126 16.517 15.681 8.854 0.477 5.295 10.136 5.405
0.556717 30.9991 16.521 15.692 8.884 0.471 5.298 10.133 5.415
0.556717 30.9043 16.605 15.709 8.951 0.474 5.273 10.163 5.402
0.556717 31.027 16.494 15.69 8.914 0.474 5.248 10.185 5.363
0.556717 30.9205 16.588 15.706 8.969 0.481 5.297 10.175 5.393
0.556717 30.9377 16.477 15.8 8.837 0.468 5.289 10.267 5.386
0.552846 30.9962 16.533 15.684 8.871 0.471 5.266 10.142 5.401
0.55093 30.8499 16.669 15.7 8.976 0.478 5.338 10.12 5.433
0.547139 30.4729 17.009 15.753 9.153 0.478 5.425 10.191 5.398
0.544829 30.5073 16.923 15.807 9.127 0.481 5.39 10.309 5.35
0.542508 30.9148 16.641 15.66 8.985 0.472 5.308 10.168 5.337
0.540174 30.9396 16.635 15.64 8.944 0.473 5.319 10.154 5.335
0.540174 30.9713 16.602 15.624 8.91 0.467 5.321 10.131 5.348
0.540174 31.0655 16.54 15.599 8.894 0.464 5.297 10.13 5.32
0.540174 31.0126 16.48 15.719 8.874 0.467 5.305 10.186 5.392
0.540174 31.0405 16.503 15.668 8.919 0.467 5.28 10.159 5.363
0.540174 30.9645 16.61 15.638 8.97 0.472 5.321 10.118 5.369
0.540174 31.0049 16.594 15.616 8.896 0.507 5.326 10.138 5.335
0.540174 30.977 16.461 15.775 8.87 0.508 5.243 10.296 5.337
0.540174 31.0183 16.484 15.704 8.942 0.466 5.246 10.229 5.332
0.540174 30.9215 16.629 15.664 9.023 0.469 5.282 10.178 5.338
0.540174 30.9751 16.507 15.737 8.917 0.465 5.285 10.199 5.397
0.540174 30.9502 16.603 15.655 9.027 0.471 5.264 10.177 5.326
0.540174 30.9349 16.614 15.665 9.01 0.47 5.292 10.187 5.323
0.540174 30.9109 16.541 15.761 8.927 0.469 5.253 10.224 5.365
0.540174 30.9837 16.615 15.612 8.99 0.471 5.279 10.144 5.324
0.540174 30.9033 16.586 15.725 8.963 0.464 5.282 10.185 5.395
0.536528 30.8594 16.655 15.702 8.984 0.466 5.296 10.205 5.348
0.534724 30.9914 16.524 15.698 8.889 0.464 5.331 10.165 5.384
0.531151 30.8556 16.665 15.7 9.025 0.468 5.327 10.172 5.38
0.525387 31.142 16.47 15.593 8.874 0.463 5.292 10.121 5.329
0.518023 30.9329 16.472 15.808 8.885 0.461 5.245 10.297 5.365
0.512478 30.7541 16.592 15.887 8.929 0.476 5.306 10.357 5.385
0.512478 30.9387 16.592 15.693 8.919 0.465 5.33 10.164 5.386
0.512478 31.0578 16.485 15.673 8.869 0.469 5.315 10.155 5.379
0.512478 31.0598 16.495 15.664 8.901 0.487 5.26 10.146 5.328
0.512478 31.0164 16.508 15.693 8.913 0.47 5.279 10.213 5.346
0.512478 30.8461 16.642 15.74 9 0.471 5.341 10.259 5.34
0.512478 31.0154 16.509 15.695 8.868 0.47 5.272 10.198 5.362
0.510274 30.954 16.569 15.7 8.849 0.463 5.343 10.165 5.39
0.505829 31.1207 16.415 15.678 8.83 0.47 5.257 10.178 5.364
0.503586 30.8699 16.631 15.72 8.939 0.47 5.344 10.21 5.368
0.503586 31.026 16.452 15.738 8.876 0.489 5.255 10.176 5.418
0.503586 30.9732 16.51 15.738 8.952 0.472 5.259 10.189 5.406
0.503586 30.9837 16.489 15.744 8.919 0.465 5.262 10.188 5.416
0.503586 30.8585 16.624 15.742 8.968 0.471 5.295 10.186 5.407
0.503586 30.9693 16.493 15.758 8.857 0.467 5.287 10.177 5.427
0.503586 30.8718 16.555 15.793 8.888 0.466 5.315 10.169 5.417
0.503586 30.8414 16.621 15.766 8.975 0.471 5.342 10.153 5.474
0.503586 31.0684 16.433 15.713 8.848 0.465 5.253 10.141 5.428
0.503586 30.8833 16.594 15.747 8.995 0.495 5.27 10.184 5.425
0.500417 30.9895 16.49 15.74 8.936 0.463 5.255 10.201 5.396
0.497286 31.0106 16.46 15.748 8.838 0.469 5.282 10.184 5.421
0.494195 31.0646 16.455 15.691 8.828 0.464 5.268 10.13 5.405
0.494195 30.9761 16.408 15.835 8.788 0.464 5.3 10.099 5.592
0.494195 31.0916 16.431 15.691 8.847 0.465 5.28 10.091 5.456
0.494195 31.1594 16.35 15.709 8.784 0.488 5.236 10.111 5.46
0.492023 31.0684 16.462 15.688 8.887 0.463 5.287 10.154 5.396
0.489838 31.0636 16.45 15.701 8.835 0.466 5.256 10.132 5.424
0.48764 31.082 16.437 15.698 8.836 0.466 5.254 10.16 5.39
0.484667 31.0627 16.48 15.663 8.829 0.468 5.296 10.099 5.422
0.483194 31.1081 16.434 15.675 8.857 0.468 5.27 10.095 5.434
0.480275 31.0752 16.445 15.68 8.823 0.492 5.282 10.093 5.433
0.47813 31.1023 16.444 15.663 8.896 0.47 5.233 10.143 5.38
0.47813 30.8775 16.55 15.793 8.892 0.465 5.278 10.18 5.476
0.475972 30.8842 16.646 15.694 8.913 0.473 5.355 10.109 5.445
0.478839 31.0559 16.478 15.685 8.858 0.467 5.315 10.098 5.447
0.480285 31.0887 16.453 15.671 8.857 0.492 5.267 10.093 5.42
0.483204 30.9933 16.508 15.719 8.944 0.464 5.268 10.144 5.438
0.480285 31.082 16.447 15.687 8.885 0.467 5.257 10.15 5.392
0.478839 31.053 16.434 15.723 8.825 0.464 5.26 10.156 5.428
0.475972 31.0684 16.486 15.662 8.832 0.465 5.277 10.121 5.397
0.475972 30.8661 16.667 15.69 8.993 0.508 5.317 10.194 5.353
0.475972 30.9857 16.598 15.635 8.946 0.468 5.329 10.14 5.359
0.475972 31.111 16.457 15.647 8.843 0.465 5.255 10.159 5.347
0.475972 30.9377 16.529 15.745 8.856 0.465 5.285 10.223 5.38
0.475972 31.1236 16.469 15.615 8.858 0.472 5.275 10.101 5.369
0.475972 31.1769 16.382 15.653 8.776 0.493 5.264 10.117 5.36
0.475972 30.909 16.689 15.623 8.89 0.471 5.446 10.142 5.337
0.475972 30.385 16.481 16.39 8.874 0.469 5.26 10.194 6.046
0.475972 31.1876 16.423 15.603 8.862 0.465 5.224 10.12 5.342
0.471615 31.1925 16.431 15.585 8.884 0.471 5.226 10.148 5.304
0.469416 31.1236 16.473 15.62 8.865 0.471 5.267 10.119 5.356
0.464977 31.0974 16.52 15.6 8.934 0.477 5.226 10.108 5.352
0.464977 30.9828 16.585 15.652 8.968 0.475 5.299 10.192 5.318
0.464977 31.1701 16.441 15.6 8.812 0.467 5.253 10.137 5.325
0.464977 31.2354 16.359 15.613 8.774 0.471 5.232 10.148 5.313
0.464977 31.0675 16.525 15.619 8.876 0.471 5.291 10.107 5.337
0.464977 31.1711 16.452 15.591 8.893 0.462 5.254 10.116 5.332
0.464977 31.1604 16.455 15.598 8.891 0.466 5.215 10.1 5.361
0.460933 31.2276 16.395 15.588 8.841 0.49 5.236 10.092 5.358
0.456959 31.2276 16.401 15.583 8.856 0.492 5.21 10.096 5.344
0.453053 31.2666 16.365 15.579 8.873 0.466 5.194 10.148 5.293
0.453053 31.2422 16.36 15.603 8.856 0.464 5.206 10.132 5.336
0.453053 31.1876 16.409 15.616 8.878 0.463 5.228 10.168 5.304
0.453053 31.1828 16.451 15.577 8.905 0.463 5.237 10.126 5.31
0.453053 31.2061 16.461 15.548 8.896 0.466 5.261 10.12 5.292
0.453053 30.2994 17.248 15.713 9.446 0.467 5.426 10.137 5.436
0.453053 31.2227 16.402 15.581 8.833 0.471 5.246 10.136 5.304
0.453053 31.1313 16.438 15.642 8.855 0.47 5.254 10.157 5.343
0.453053 31.176 16.418 15.62 8.82 0.471 5.248 10.142 5.336
0.453053 31.1119 16.498 15.608 8.885 0.476 5.285 10.098 5.37
0.453053 31.2412 16.392 15.569 8.839 0.462 5.247 10.102 5.325
0.453053 31.3126 16.301 15.594 8.771 0.487 5.214 10.077 5.38
0.453053 31.2363 16.399 15.575 8.846 0.471 5.238 10.142 5.292
0.454348 30.9962 16.526 15.696 8.911 0.47 5.303 10.206 5.348
0.456959 31.1119 16.461 15.644 8.853 0.472 5.239 10.145 5.353
0.458276 30.932 16.571 15.717 8.884 0.478 5.375 10.153 5.426
0.458276 30.9885 16.517 15.71 8.902 0.508 5.28 10.171 5.396
0.458276 31.2032 16.319 15.683 8.801 0.464 5.211 10.159 5.384
0.458276 31.1828 16.374 15.657 8.798 0.471 5.226 10.131 5.381
0.453909 31.1187 16.401 15.695 8.805 0.465 5.23 10.143 5.397
0.449486 31.1983 16.425 15.592 8.833 0.473 5.242 10.083 5.354
0.445004 31.1168 16.418 15.679 8.826 0.463 5.256 10.107 5.428
0.445004 31.2129 16.398 15.602 8.835 0.504 5.227 10.072 5.384
0.445004 31.1342 16.401 15.68 8.81 0.497 5.24 10.141 5.391
0.445004 31.1682 16.406 15.639 8.841 0.474 5.211 10.135 5.357
0.445004 30.8328 16.662 15.729 8.913 0.476 5.377 10.156 5.403
0.446253 31.1255 16.439 15.652 8.825 0.472 5.293 10.101 5.402
0.446253 31.1624 16.421 15.63 8.841 0.502 5.229 10.088 5.388
0.447509 31.1439 16.399 15.671 8.868 0.473 5.225 10.155 5.375
0.447509 31.1662 16.391 15.653 8.812 0.468 5.216 10.135 5.37
0.448772 31.0424 16.495 15.678 8.855 0.477 5.26 10.159 5.37
0.447509 31.1342 16.415 15.632 8.777 0.47 5.287 10.093 5.39
0.447509 31.1672 16.372 15.673 8.803 0.47 5.265 10.11 5.407
0.446253 31.0655 16.476 15.676 8.871 0.503 5.271 10.16 5.383
0.445004 30.9588 16.543 15.717 8.953 0.473 5.275 10.155 5.423
0.443762 31.0251 16.541 15.648 8.844 0.464 5.256 10.139 5.364
0.442527 31.1468 16.429 15.64 8.831 0.472 5.236 10.107 5.39
0.445004 30.9368 16.579 15.706 8.924 0.465 5.282 10.116 5.45
0.448772 31.1323 16.425 15.654 8.816 0.471 5.272 10.108 5.38
0.45132 30.8976 16.562 15.763 8.93 0.471 5.321 10.154 5.447
0.434233 31.1081 16.446 15.634 8.845 0.465 5.249 10.086 5.409
0.439514 31.0463 16.428 15.738 8.848 0.49 5.245 10.109 5.45
0.44076 30.8823 16.665 15.653 9.042 0.47 5.309 10.122 5.393
0.44076 31.109 16.438 15.663 8.841 0.465 5.25 10.137 5.39
0.44076 30.3324 17.273 15.657 9.309 0.48 5.388 10.127 5.389
0.44076 30.9492 16.629 15.644 9.061 0.47 5.255 10.184 5.317
0.450042 31.1168 16.454 15.641 8.878 0.463 5.257 10.162 5.337
0.443762 31.0617 16.524 15.614 8.859 0.466 5.245 10.138 5.33
0.438863 31.11 16.469 15.632 8.825 0.466 5.285 10.133 5.356
0.436662 31.1429 16.494 15.578 8.833 0.464 5.254 10.096 5.339
0.436662 31.0878 16.423 15.708 8.843 0.471 5.267 10.164 5.4
0.434446 31.2012 16.412 15.599 8.821 0.464 5.245 10.098 5.358
0.434446 31.0395 16.553 15.622 8.972 0.475 5.268 10.146 5.339
0.434446 31.0762 16.534 15.608 8.845 0.466 5.343 10.15 5.317
0.434446 31.0366 16.507 15.673 8.879 0.472 5.251 10.159 5.368
0.434446 31.1294 16.51 15.575 8.892 0.473 5.267 10.061 5.318
0.435637 31.1808 16.42 15.611 8.842 0.471 5.276 10.11 5.36
0.435637 31.1905 16.433 15.59 8.84 0.466 5.255 10.1 5.345
0.431136 31.1294 16.479 15.601 8.919 0.49 5.241 10.106 5.351
0.42427 31.1692 16.44 15.601 8.865 0.502 5.224 10.157 5.307
0.419615 31.1721 16.405 15.635 8.843 0.488 5.241 10.153 5.346
0.419615 31.1798 16.428 15.603 8.84 0.463 5.242 10.163 5.301
0.419615 31.2159 16.396 15.601 8.844 0.464 5.258 10.112 5.353
0.419615 31.0482 16.518 15.643 8.846 0.471 5.268 10.171 5.32
0.416319 31.0434 16.543 15.629 8.922 0.467 5.276 10.143 5.345
0.41415 30.9885 16.523 15.704 8.88 0.474 5.302 10.218 5.348
0.410939 31.1391 16.424 15.654 8.872 0.464 5.214 10.151 5.354
0.410939 31.0569 16.45 15.711 8.8 0.474 5.323 10.171 5.372
0.410939 30.8623 16.663 15.696 8.907 0.487 5.421 10.167 5.349
0.410939 30.7721 16.693 15.758 9.018 0.465 5.321 10.191 5.416
0.410939 30.6589 16.83 15.744 9.031 0.513 5.359 10.25 5.358
0.408683 30.9272 16.524 15.772 8.954 0.474 5.258 10.26 5.366
0.408683 31.0501 16.483 15.678 8.875 0.47 5.266 10.19 5.343
0.408683 31.2188 16.371 15.606 8.752 0.466 5.262 10.098 5.341
0.408683 31.0684 16.483 15.663 8.857 0.474 5.268 10.156 5.371
0.40569 31.2217 16.449 15.541 8.834 0.49 5.281 10.087 5.314
0.404313 31.5388 16.213 15.453 8.835 0.512 5.227 10.062 5.258
0.404313 31.5826 16.165 15.462 8.883 0.468 5.17 10.045 5.283
0.404313 31.7028 16.119 15.388 8.824 0.464 5.189 10.038 5.217
0.404313 31.4465 16.272 15.485 8.843 0.467 5.33 10.095 5.256
0.404313 31.5179 16.241 15.447 8.832 0.472 5.312 10.049 5.268
0.404313 31.4644 16.265 15.477 8.828 0.501 5.187 10.072 5.271
0.404313 31.7158 16.129 15.362 8.821 0.465 5.156 10.009 5.22
0.404313 31.6066 16.148 15.448 8.876 0.466 5.122 10.026 5.279
0.404313 31.5776 16.145 15.485 8.826 0.47 5.184 10.083 5.271
0.404313 31.507 16.277 15.418 8.908 0.465 5.183 10.018 5.26
0.404313 31.6887 16.141 15.375 8.83 0.463 5.142 10.021 5.217
0.404313 31.6957 16.107 15.406 8.854 0.472 5.127 10.019 5.249
0.404313 31.5976 16.123 15.486 8.854 0.465 5.155 10.077 5.273
0.404313 31.6506 16.136 15.42 8.847 0.48 5.154 10.067 5.223
0.404313 31.7511 16.102 15.355 8.829 0.496 5.134 9.975 5.246
0.404313 31.6016 16.15 15.456 8.829 0.475 5.143 10.026 5.295
0.404313 31.4278 16.155 15.622 8.855 0.468 5.162 10.046 5.443
0.404313 30.688 16.698 15.845 9.089 0.511 5.306 10.112 5.58
0.400119 31.0385 16.641 15.538 9.099 0.478 5.297 10.099 5.302
0.397996 31.3489 16.279 15.583 8.897 0.47 5.286 10.077 5.36
0.393701 31.6566 16.082 15.474 8.856 0.471 5.153 10.033 5.301
0.393701 29.8365 16.137 17.336 8.761 0.473 5.236 11.73 5.459
0.393701 28.529 17.927 17.086 10.083 0.48 5.662 11.29 5.649
0.394669 28.1405 17.919 17.58 9.828 0.469 5.942 11.304 6.127
0.394669 29.0107 17.268 17.162 9.534 0.474 5.593 11.366 5.656
0.394669 29.047 16.686 17.696 9.028 0.468 5.529 10.751 6.796
0.394669 29.1104 17.978 16.338 10.295 0.469 5.495 10.709 5.475
0.393661 26.4012 18.981 18.473 10.755 0.473 5.966 10.958 7.364
0.392657 28.4552 17.216 17.891 9.073 0.481 5.675 11.581 6.175
0.391658 29.6525 17.342 16.346 9.378 0.527 5.663 10.487 5.704
0.391658 30.3822 16.7 16.175 9.038 0.627 5.375 10.395 5.595
0.391658 29.4369 16.928 17.002 9.079 0.467 5.594 10.666 6.146
0.391658 28.3471 18.184 17.051 9.636 0.468 6.048 10.989 5.904
0.394206 31.1294 16.399 15.687 8.873 0.465 5.386 10.109 5.43
0.394206 31.1837 16.293 15.735 8.843 0.496 5.276 10.126 5.417
0.394206 31.1119 16.417 15.688 8.97 0.471 5.291 10.172 5.38
0.394206 31.2383 16.342 15.628 8.924 0.465 5.267 10.108 5.375
0.394206 31.1614 16.324 15.728 8.864 0.468 5.302 10.197 5.382
0.394206 31.0116 16.502 15.691 8.956 0.467 5.348 10.117 5.426
0.394206 31.4218 16.188 15.596 8.766 0.47 5.306 10.05 5.405
0.394206 31.1711 16.316 15.727 8.843 0.468 5.321 10.155 5.416
0.394206 31.2042 16.328 15.682 8.847 0.47 5.331 10.093 5.436
0.394206 30.7135 16.529 15.981 8.961 0.474 5.38 10.16 5.644
0.394206 31.027 16.508 15.677 8.988 0.464 5.353 10.108 5.422
0.394206 30.9972 16.53 15.693 9.048 0.48 5.309 10.158 5.386
0.394206 31.1061 16.425 15.682 8.89 0.468 5.312 10.144 5.391
0.394206 31.2393 16.311 15.662 8.8 0.466 5.316 10.093 5.429
0.395823 31.2686 16.246 15.696 8.788 0.461 5.266 10.156 5.392
0.395823 31.0231 16.412 15.779 8.775 0.46 5.371 10.162 5.466
0.395823 30.8613 16.56 15.8 8.927 0.469 5.375 10.17 5.481
0.395853 30.8661 16.504 15.85 8.855 0.508 5.349 10.137 5.546
0.395853 31.1013 16.416 15.697 8.825 0.496 5.389 10.091 5.467
0.395853 31.0385 16.421 15.74 8.875 0.462 5.381 10.102 5.478
0.395853 31.21 16.343 15.66 8.798 0.468 5.37 10.104 5.418
0.390874 30.9205 16.545 15.756 8.905 0.463 5.424 10.118 5.495
0.38836 30.9492 16.502 15.752 8.864 0.463 5.428 10.127 5.475
0.383282 30.953 16.451 15.818 8.807 0.471 5.438 10.134 5.501
0.383282 30.9837 16.456 15.771 8.826 0.471 5.467 10.112 5.51
0.383282 31.052 16.393 15.77 8.807 0.463 5.443 10.099 5.529
0.383674 31.0655 16.474 15.679 8.869 0.471 5.39 10.083 5.453
0.382432 31.3775 16.262 15.565 8.767 0.49 5.293 10.073 5.347
0.382432 31.2246 16.34 15.644 8.845 0.5 5.313 10.122 5.379
0.382432 31.407 16.264 15.538 8.827 0.463 5.284 10.066 5.337
0.382432 31.2149 16.278 15.713 8.866 0.471 5.292 10.184 5.388
0.382432 31.2852 16.277 15.648 8.86 0.47 5.291 10.115 5.399
0.382432 31.3617 16.304 15.542 8.872 0.471 5.242 10.068 5.339
0.384281 31.0578 16.287 15.871 8.881 0.463 5.271 10.13 5.593
0.385212 31.0887 16.357 15.769 8.902 0.467 5.309 10.17 5.454
0.387087 31.1197 16.351 15.745 8.858 0.465 5.303 10.135 5.467
0.387087 31.2402 16.341 15.629 8.835 0.462 5.275 10.074 5.409
0.387087 31.2891 16.269 15.648 8.822 0.461 5.266 10.05 5.455
0.387087 31.0878 16.39 15.698 8.855 0.473 5.306 10.094 5.464
0.387087 31.2276 16.337 15.647 8.847 0.463 5.302 10.047 5.453
0.387087 31.2022 16.393 15.614 8.897 0.464 5.334 10.053 5.415
0.387087 31.294 16.244 15.669 8.831 0.468 5.265 10.063 5.458
0.387087 31.082 16.376 15.757 8.877 0.473 5.344 10.119 5.491
0.387087 31.2432 16.242 15.728 8.824 0.463 5.246 10.11 5.478
0.387087 31.2754 16.242 15.693 8.806 0.475 5.309 10.072 5.482
0.387087 31.0395 16.432 15.746 8.864 0.465 5.41 10.112 5.491
0.387087 31.293 16.324 15.592 8.88 0.469 5.283 10.028 5.42
0.387087 31.174 16.363 15.681 8.88 0.463 5.337 10.074 5.464
0.387087 31.1662 16.378 15.672 8.902 0.472 5.327 10.086 5.44
0.387087 31.2832 16.285 15.642 8.86 0.469 5.27 10.061 5.445
0.387087 31.1148 16.425 15.675 8.889 0.471 5.371 10.075 5.461
0.387087 31.2305 16.349 15.631 8.885 0.469 5.299 10.041 5.445
0.387087 31.251 16.307 15.657 8.872 0.474 5.302 10.08 5.439
0.387087 31.2744 16.311 15.626 8.889 0.469 5.24 10.038 5.449
0.387087 30.9732 16.523 15.724 8.918 0.472 5.322 10.104 5.476
0.387087 31.1594 16.369 15.683 8.922 0.469 5.264 10.076 5.466
0.387087 31.2159 16.344 15.655 8.846 0.476 5.352 10.073 5.445
0.387087 29.9088 16.855 16.54 8.84 0.47 5.871 10.926 5.469
0.387087 31.248 16.33 15.628 8.906 0.469 5.281 10.063 5.416
0.387087 31.2149 16.296 15.701 8.872 0.474 5.272 10.128 5.426
0.383057 31.1964 16.308 15.707 8.889 0.466 5.259 10.153 5.407
0.381455 31.2383 16.308 15.666 8.843 0.465 5.285 10.102 5.425
0.377238 31.3401 16.291 15.572 8.879 0.469 5.236 10.065 5.369
0.378135 31.2999 16.304 15.607 8.844 0.468 5.274 10.091 5.373
0.379037 31.2647 16.365 15.58 8.922 0.468 5.289 10.094 5.353
0.379943 31.3273 16.298 15.583 8.904 0.469 5.25 10.09 5.356
0.382556 31.2735 16.334 15.604 8.933 0.468 5.255 10.1 5.364
0.385151 31.2315 16.325 15.657 8.886 0.472 5.291 10.136 5.378
0.387728 31.348 16.29 15.573 8.891 0.468 5.247 10.11 5.326
0.385151 31.3038 16.309 15.589 8.875 0.5 5.252 10.123 5.323
0.382556 31.1119 16.421 15.682 8.9 0.564 5.267 10.128 5.375
0.379943 31.1964 16.388 15.621 8.893 0.509 5.311 10.091 5.357
0.379943 31.2344 16.338 15.645 8.886 0.496 5.266 10.13 5.377
0.379943 31.3765 16.274 15.556 8.866 0.495 5.241 10.046 5.369
0.378296 31.2578 16.298 15.657 8.833 0.468 5.279 10.096 5.421
0.378296 31.3048 16.252 15.655 8.843 0.47 5.259 10.101 5.409
0.378296 31.3637 16.27 15.558 8.868 0.468 5.22 10.025 5.394
0.378296 31.0414 16.267 15.908 8.839 0.473 5.306 10.348 5.418
0.378296 31.1837 16.382 15.646 8.915 0.499 5.286 10.121 5.383
0.378296 31.2764 16.314 15.616 8.861 0.497 5.283 10.121 5.366
0.378296 31.2881 16.292 15.631 8.859 0.506 5.268 10.13 5.363
0.383661 31.4011 16.291 15.518 8.859 0.5 5.241 10.041 5.334
0.385722 31.1633 16.409 15.637 8.806 0.464 5.468 10.121 5.38
0.391225 31.3185 16.307 15.584 8.818 0.475 5.29 10.047 5.397
0.393854 31.2911 16.272 15.649 8.828 0.465 5.307 10.099 5.406
0.400146 31.3962 16.324 15.489 8.845 0.469 5.335 10.005 5.347
0.402682 31.3568 16.268 15.58 8.839 0.47 5.284 10.057 5.379
0.404799 31.412 16.255 15.54 8.857 0.469 5.261 10.026 5.369
0.404348 31.5259 16.206 15.474 8.836 0.469 5.232 10.009 5.329
0.406483 31.4584 16.253 15.495 8.828 0.466 5.25 10.041 5.311
0.406483 31.4554 16.218 15.533 8.823 0.468 5.208 10.084 5.315
0.406483 31.3254 16.258 15.62 8.828 0.472 5.276 10.113 5.369
0.397039 31.5667 16.213 15.427 8.856 0.467 5.219 10.055 5.237
0.411556 31.3647 16.303 15.541 8.914 0.47 5.236 10.125 5.28
0.396704 31.4505 16.216 15.539 8.881 0.469 5.164 9.987 5.381
0.401379 31.4169 16.253 15.538 8.857 0.503 5.229 10.088 5.31
0.404729 31.6476 16.168 15.388 8.839 0.463 5.172 9.982 5.276
0.404196 31.6136 16.149 15.436 8.836 0.471 5.179 9.99 5.313
0.407616 31.6526 16.146 15.411 8.827 0.466 5.173 9.998 5.28
0.407616 31.5239 16.202 15.481 8.856 0.474 5.16 10.054 5.285
0.407616 31.5497 16.18 15.473 8.852 0.467 5.162 10.025 5.314
0.407616 31.3893 16.308 15.505 8.878 0.474 5.194 10.08 5.284
0.40031 31.5816 16.155 15.47 8.862 0.467 5.153 10.053 5.28
0.390314 31.5986 16.172 15.436 8.842 0.501 5.167 9.994 5.309
0.382621 31.5308 16.124 15.552 8.821 0.47 5.2 10.073 5.336
0.386292 31.5696 16.158 15.476 8.84 0.47 5.184 10.02 5.322
0.386235 31.5438 16.208 15.456 8.867 0.47 5.214 10.004 5.296
0.38995 31.4248 16.241 15.543 8.874 0.465 5.165 9.997 5.406
0.38995 31.4802 16.284 15.444 8.902 0.47 5.194 10.026 5.271
0.38995 31.2911 16.435 15.482 9.026 0.468 5.228 10.039 5.311
0.403268 31.3706 16.26 15.581 8.918 0.472 5.192 10.18 5.267
0.397438 31.5956 16.129 15.477 8.918 0.469 5.122 10.132 5.215
0.397438 31.6416 16.104 15.462 8.873 0.497 5.09 10.074 5.248
0.397438 31.5906 16.148 15.469 8.887 0.47 5.159 10.053 5.272
0.399652 31.6096 16.126 15.469 8.867 0.47 5.137 10.063 5.267
0.400768 31.5358 16.197 15.456 8.865 0.469 5.211 10.076 5.233
0.403019 31.6316 16.112 15.464 8.858 0.461 5.103 10.097 5.224
0.403019 31.6386 16.114 15.456 8.866 0.47 5.121 10.116 5.2
0.403019 31.5956 16.067 15.533 8.882 0.464 5.09 10.154 5.244
0.403019 31.5886 16.095 15.526 8.855 0.492 5.134 10.109 5.276
0.40568 31.5278 16.095 15.587 8.836 0.46 5.156 10.146 5.306
0.410943 31.5547 16.14 15.501 8.876 0.461 5.169 10.054 5.311
0.413545 31.6546 16.083 15.47 8.873 0.461 5.08 10.106 5.228
0.408321 31.6356 16.123 15.445 8.9 0.471 5.083 10.089 5.218
0.40568 31.3401 16.162 15.708 8.922 0.463 5.123 10.254 5.311
0.400338 31.5348 16.153 15.519 8.897 0.475 5.118 10.144 5.231
0.403019 31.5796 16.1 15.528 8.863 0.465 5.114 10.108 5.28
0.409665 31.1294 16.401 15.681 9.102 0.472 5.192 10.279 5.257
0.41234 31.499 16.27 15.438 8.992 0.468 5.173 10.092 5.207
0.417941 31.4653 16.249 15.491 8.992 0.462 5.133 10.122 5.227
0.422816 31.4554 16.156 15.596 8.887 0.489 5.133 10.079 5.359
0.416133 31.7209 16.105 15.386 8.806 0.462 5.175 10.008 5.24
0.426468 31.8949 16.042 15.27 8.779 0.47 5.111 9.953 5.177
0.424314 31.7239 15.965 15.52 8.757 0.464 5.074 10.165 5.211
0.424314 32.1058 15.875 15.231 8.761 0.46 5.067 9.965 5.132
0.424314 32.1771 15.86 15.18 8.754 0.46 5.056 9.886 5.155
0.424314 31.9939 15.856 15.36 8.712 0.464 5.078 10.073 5.147
0.424314 32.1161 15.923 15.175 8.802 0.461 5.058 9.933 5.111
0.415254 32.0801 15.921 15.213 8.748 0.464 5.112 9.921 5.16
0.434351 32.1295 15.905 15.181 8.754 0.464 5.039 9.916 5.136
0.427308 32.0832 15.921 15.192 8.811 0.465 5.056 9.951 5.106
0.422918 32.0297 15.909 15.271 8.74 0.462 5.097 9.973 5.165
0.418554 32.1523 15.881 15.178 8.708 0.46 5.074 9.922 5.122
0.414218 31.8603 16.012 15.336 8.856 0.462 5.084 10.066 5.138
0.414218 32.174 15.883 15.16 8.75 0.462 5.074 9.889 5.13
0.438402 32.1378 15.861 15.203 8.711 0.461 5.053 9.963 5.107
0.438402 31.739 16.132 15.333 8.963 0.461 5.101 10.051 5.152
0.443196 32.1636 15.842 15.201 8.702 0.46 5.066 9.929 5.136
0.436888 32.1947 15.87 15.152 8.743 0.461 5.047 9.921 5.095
0.430227 32.2103 15.841 15.166 8.734 0.462 5.052 9.884 5.147
0.427424 32.1471 15.881 15.184 8.716 0.466 5.086 9.89 5.159
0.421759 32.0667 15.885 15.259 8.705 0.462 5.081 10.012 5.11
0.434687 32.2123 15.841 15.165 8.703 0.496 5.058 9.931 5.107
0.441624 32.2987 15.87 15.051 8.771 0.461 5.076 9.839 5.083
0.434687 32.3614 15.78 15.077 8.752 0.461 5.015 9.879 5.068
0.42554 32.2935 15.801 15.127 8.764 0.461 5.011 9.867 5.094
0.419165 32.2508 15.839 15.13 8.741 0.461 5.039 9.924 5.076
0.409603 32.3238 15.808 15.091 8.787 0.463 4.974 9.915 5.049
0.403227 32.2612 15.836 15.124 8.732 0.463 5.061 9.904 5.077
0.442952 32.307 15.779 15.134 8.741 0.462 4.983 9.917 5.083
0.442952 32.2904 15.843 15.089 8.773 0.492 5.012 9.866 5.086
0.445937 32.4002 15.737 15.087 8.721 0.463 4.982 9.867 5.085
0.439306 32.2477 15.765 15.207 8.723 0.472 5.007 9.967 5.112
0.432675 32.2893 15.814 15.113 8.781 0.463 4.997 9.853 5.088
0.426044 32.0729 15.812 15.329 8.728 0.465 5.023 9.943 5.253
0.426044 31.9939 15.916 15.305 8.786 0.465 5.091 10.036 5.133
0.426044 32.3123 15.811 15.101 8.784 0.466 4.991 9.87 5.09
0.459927 32.1182 15.999 15.098 8.751 0.467 4.95 9.876 5.089
0.442081 32.3112 15.782 15.125 8.769 0.467 4.987 9.873 5.109
0.424321 32.2269 15.809 15.184 8.758 0.464 5.015 9.928 5.119
0.40719 32.3279 15.779 15.114 8.724 0.464 4.991 9.917 5.064
0.408795 32.2924 15.793 15.131 8.79 0.462 4.972 9.856 5.136
0.411696 32.1295 15.883 15.201 8.754 0.463 5.101 9.939 5.12
0.413211 32.1564 15.821 15.241 8.749 0.464 4.999 9.967 5.138
0.454632 31.9071 15.783 15.519 8.78 0.465 4.969 10.295 5.093
0.454632 32.3133 15.757 15.149 8.752 0.459 4.945 9.885 5.132
0.4578 32.3018 15.795 15.126 8.75 0.463 5.022 9.894 5.096
0.447512 32.3971 15.721 15.103 8.701 0.468 4.955 9.893 5.076
0.433795 32.2904 15.758 15.173 8.723 0.463 5.007 9.891 5.117
0.423508 32.1937 15.822 15.202 8.754 0.465 4.999 9.947 5.121
0.440397 32.4401 15.752 15.037 8.758 0.462 4.971 9.878 5.022
0.466546 32.3572 15.669 15.195 8.716 0.462 4.982 9.925 5.131
0.466546 32.3782 15.735 15.111 8.728 0.463 4.963 9.905 5.077
0.457623 32.416 15.636 15.173 8.722 0.464 4.945 9.913 5.121
0.44516 32.4002 15.688 15.138 8.715 0.464 4.973 9.954 5.056
0.454084 32.495 15.706 15.025 8.688 0.463 4.972 9.868 5.031
0.439587 32.6552 15.612 14.97 8.725 0.499 4.895 9.786 5.054
0.435877 32.5478 15.603 15.083 8.728 0.471 4.897 9.9 5.049
0.470348 32.6435 15.617 14.978 8.768 0.465 4.889 9.865 4.989
0.460649 32.8009 15.479 14.972 8.629 0.459 4.912 9.81 5.02
0.447401 32.2862 15.687 15.243 8.746 0.467 4.941 9.912 5.193
0.437221 31.0366 17 15.178 9.749 0.473 5.028 9.994 5.048
0.437221 32.4549 15.791 14.985 8.866 0.479 4.949 9.846 5.002
0.437221 32.2789 15.889 15.052 8.821 0.471 5.027 9.907 5.006
0.437221 32.5659 15.685 14.973 8.797 0.49 4.898 9.82 5.025
0.43014 32.5108 15.677 15.04 8.727 0.462 4.95 9.892 5.021
0.455592 32.5892 15.685 14.961 8.818 0.464 4.905 9.869 4.962
0.448331 32.4307 15.733 15.038 8.779 0.462 4.98 9.874 5.029
0.451608 32.602 15.686 14.948 8.761 0.463 4.907 9.841 4.971
0.454745 32.6126 15.647 14.977 8.782 0.461 4.9 9.814 5.025
0.457143 32.5966 15.704 14.938 8.77 0.463 4.964 9.83 4.98
0.458633 32.5574 15.718 14.958 8.747 0.463 4.924 9.848 4.983
0.467156 32.6275 15.662 14.948 8.725 0.466 4.973 9.831 4.97
0.488253 32.7011 15.609 14.934 8.727 0.465 4.883 9.851 4.947
0.468085 32.7118 15.538 14.981 8.659 0.491 4.923 9.862 4.98
0.464032 32.963 15.439 14.861 8.61 0.461 4.88 9.802 4.913
0.492212 32.7955 15.504 14.95 8.702 0.462 4.872 9.848 4.958
0.492212 32.8009 15.605 14.845 8.724 0.459 4.928 9.783 4.926
0.492212 32.7482 15.628 14.859 8.733 0.463 4.901 9.815 4.904
0.492212 32.8019 15.503 14.947 8.661 0.463 4.899 9.851 4.96
0.479918 32.7343 15.621 14.887 8.713 0.459 4.936 9.827 4.929
0.473846 32.7611 15.569 14.919 8.734 0.491 4.875 9.838 4.948
0.461851 32.5966 15.7 14.942 8.77 0.469 4.947 9.9 4.915
0.461851 32.2747 15.946 14.999 9.029 0.479 4.969 9.864 4.999
0.51203 32.885 15.536 14.84 8.647 0.481 4.953 9.797 4.92
0.517316 32.2726 15.695 15.255 8.702 0.499 5.073 9.892 4.975
0.508658 32.7161 15.717 14.812 8.792 0.473 5.003 9.815 4.866
0.504329 32.6531 15.572 15.009 8.621 0.49 5.025 9.874 4.993
0.495671 32.7901 15.549 14.91 8.746 0.464 4.891 9.849 4.924
0.465583 32.9131 15.489 14.856 8.717 0.463 4.897 9.829 4.862
0.452641 32.6733 15.765 14.805 8.955 0.459 4.889 9.808 4.87
0.43719 32.8235 15.44 14.989 8.65 0.464 4.88 9.963 4.888
0.474195 32.9446 15.495 14.82 8.77 0.461 4.807 9.797 4.881
0.474195 32.7643 15.462 15.013 8.699 0.459 4.848 9.874 4.995
0.474195 32.8796 15.468 14.91 8.664 0.465 4.915 9.842 4.936
0.474195 30.9329 17.066 15.228 9.789 0.517 5.186 10.108 4.985
0.493222 32.8547 15.652 14.742 8.718 0.464 4.918 9.762 4.848
0.48001 32.9881 15.523 14.754 8.807 0.473 4.814 9.778 4.841
0.473491 32.9283 15.43 14.902 8.663 0.471 4.855 9.901 4.877
0.486587 33.0469 15.409 14.816 8.712 0.463 4.814 9.776 4.905
0.48001 32.9946 15.522 14.748 8.788 0.465 4.847 9.735 4.876
0.48001 33.0535 15.447 14.767 8.723 0.462 4.797 9.831 4.804
0.520367 33.083 15.409 14.776 8.689 0.463 4.851 9.789 4.863
0.520367 32.8353 15.49 14.925 8.676 0.465 4.88 9.929 4.864
0.502189 33.0011 15.519 14.744 8.741 0.47 4.885 9.735 4.876
0.48401 32.9402 15.511 14.805 8.73 0.469 4.849 9.818 4.853
0.465831 33.0218 15.439 14.807 8.712 0.466 4.84 9.808 4.871
0.463724 32.9348 15.441 14.884 8.661 0.468 4.866 9.861 4.881
0.511594 32.9913 15.413 14.859 8.69 0.473 4.847 9.825 4.888
0.509215 33.0262 15.504 14.736 8.698 0.464 4.864 9.786 4.819
0.508219 33.1082 15.441 14.719 8.706 0.504 4.816 9.743 4.845
0.518077 33.036 15.48 14.751 8.683 0.464 4.857 9.809 4.81
0.514786 33.0896 15.431 14.735 8.733 0.464 4.819 9.807 4.801
0.498758 33.4158 15.261 14.627 8.67 0.465 4.769 9.71 4.788
0.528618 33.1752 15.343 14.761 8.667 0.467 4.806 9.8 4.837
0.518771 33.3011 15.34 14.65 8.725 0.468 4.794 9.717 4.803
0.523892 33.3045 15.281 14.705 8.714 0.464 4.755 9.695 4.879
0.512863 33.2127 15.35 14.721 8.756 0.464 4.769 9.784 4.8
0.501212 33.0306 15.446 14.795 8.795 0.468 4.832 9.842 4.827
0.491996 33.2237 15.351 14.705 8.667 0.467 4.857 9.721 4.855
0.544946 33.3723 15.304 14.624 8.707 0.465 4.736 9.679 4.78
0.535066 33.4448 15.243 14.619 8.647 0.463 4.734 9.691 4.799
0.530177 33.1576 15.274 14.847 8.727 0.463 4.719 9.908 4.802
0.525288 33.0863 15.397 14.786 8.752 0.466 4.816 9.801 4.853
0.520398 33.34 15.324 14.631 8.747 0.466 4.754 9.675 4.818
0.572468 33.151 15.463 14.663 8.836 0.471 4.794 9.724 4.808
0.577349 33.0404 15.425 14.796 8.778 0.467 4.764 9.854 4.804
0.577349 33.1686 15.325 14.753 8.672 0.466 4.836 9.799 4.817
0.56602 33.2546 15.443 14.584 8.762 0.468 4.788 9.721 4.732
0.545001 33.3678 15.267 14.665 8.702 0.467 4.762 9.721 4.796
0.517887 33.1576 15.317 14.808 8.685 0.467 4.812 9.828 4.84
0.550977 33.279 15.311 14.696 8.774 0.466 4.746 9.778 4.769
0.545001 33.4392 15.245 14.62 8.712 0.463 4.697 9.778 4.723
0.536277 33.1818 15.442 14.655 8.746 0.466 4.887 9.745 4.777
0.536277 32.9902 15.545 14.729 8.761 0.466 4.725 9.821 4.78
0.536277 33.539 15.212 14.568 8.684 0.464 4.688 9.701 4.733
0.536277 33.3222 15.286 14.687 8.707 0.466 4.729 9.815 4.752
0.513687 33.3856 15.23 14.667 8.7 0.464 4.708 9.749 4.773
0.460896 33.2878 15.303 14.699 8.726 0.466 4.727 9.806 4.765
0.48328 33.3456 15.361 14.591 8.786 0.461 4.726 9.703 4.753
0.48328 33.2325 15.246 14.801 8.626 0.465 4.762 9.801 4.871
0.48328 33.1499 15.366 14.756 8.731 0.485 4.822 9.873 4.756
0.48328 33.5312 15.262 14.524 8.713 0.492 4.718 9.653 4.744
0.48328 33.1829 15.304 14.794 8.739 0.469 4.729 9.841 4.818
0.48328 33.151 15.403 14.722 8.855 0.464 4.728 9.838 4.759
0.48328 33.1301 15.444 14.7 8.812 0.465 4.788 9.834 4.738
0.468924 33.0142 15.441 14.809 8.837 0.468 4.803 9.862 4.813
0.503663 32.9968 15.363 14.905 8.779 0.466 4.765 9.982 4.794
0.481952 33.1148 15.381 14.774 8.791 0.466 4.752 9.853 4.788
0.49266 33.195 15.349 14.723 8.806 0.464 4.722 9.838 4.736
0.48555 33.4919 15.331 14.486 8.84 0.462 4.71 9.657 4.701
0.486 33.4515 15.271 14.585 8.729 0.465 4.709 9.736 4.724
0.505031 33.695 15.153 14.486 8.69 0.462 4.673 9.652 4.692
0.475433 32.9859 15.49 14.788 8.864 0.47 4.844 9.877 4.778
0.453981 33.3912 15.216 14.694 8.737 0.463 4.701 9.814 4.751
0.456792 32.9012 15.541 14.795 8.999 0.471 4.749 9.911 4.759
0.505325 33.2226 15.353 14.708 8.815 0.465 4.76 9.832 4.744
0.501564 33.6882 15.188 14.46 8.727 0.462 4.683 9.643 4.683
0.494038 33.7553 15.093 14.495 8.68 0.473 4.644 9.679 4.655
0.494038 33.4169 15.363 14.52 8.693 0.468 4.89 9.672 4.719
0.494038 33.6791 15.176 14.479 8.722 0.464 4.644 9.679 4.672
0.520036 33.8181 15.097 14.433 8.644 0.465 4.698 9.656 4.641
0.522067 33.942 15.03 14.395 8.663 0.497 4.588 9.623 4.646
0.505077 33.6927 15.143 14.501 8.697 0.467 4.668 9.718 4.664
0.481452 33.9593 15.006 14.403 8.665 0.47 4.602 9.634 4.638
0.490255 33.7393 15.124 14.479 8.673 0.504 4.719 9.661 4.684
0.473925 33.9018 15.044 14.415 8.704 0.464 4.585 9.648 4.621
0.482441 33.9628 14.995 14.395 8.688 0.465 4.595 9.619 4.642
0.544387 33.9697 15.027 14.366 8.691 0.49 4.576 9.605 4.629
0.554283 33.5762 15.224 14.519 8.715 0.465 4.732 9.746 4.646
0.523961 33.7826 15.106 14.459 8.726 0.466 4.638 9.669 4.658
0.50906 33.7724 15.083 14.489 8.739 0.469 4.634 9.652 4.706
0.524638 33.7975 15.115 14.429 8.748 0.468 4.589 9.665 4.635
0.524638 33.9512 14.968 14.446 8.633 0.467 4.609 9.663 4.639
0.524638 34.0414 14.916 14.426 8.587 0.471 4.561 9.628 4.665
0.486351 33.3934 15.2 14.708 8.774 0.468 4.709 9.846 4.73
0.52627 33.3923 15.284 14.628 8.883 0.464 4.646 9.756 4.738
0.509699 33.4269 15.264 14.609 8.842 0.463 4.684 9.769 4.707
0.498628 33.4213 15.243 14.642 8.862 0.462 4.656 9.764 4.752
0.498628 33.2226 15.216 14.847 8.814 0.464 4.677 9.772 4.923
0.543104 33.2945 15.368 14.619 8.838 0.463 4.767 9.759 4.724
0.543104 33.3045 15.288 14.703 8.861 0.47 4.704 9.854 4.726
0.516107 33.2381 15.299 14.747 8.865 0.497 4.668 9.836 4.754
0.507631 33.4292 15.234 14.6 8.824 0.467 4.69 9.766 4.707
0.534649 33.5469 15.217 14.543 8.838 0.463 4.629 9.732 4.682
0.516531 33.3578 15.244 14.677 8.79 0.467 4.699 9.844 4.706
0.507631 33.4694 15.247 14.59 8.834 0.462 4.696 9.737 4.723
0.484053 33.4605 15.27 14.576 8.86 0.464 4.662 9.736 4.715
0.510544 33.5537 15.187 14.58 8.823 0.464 4.632 9.775 4.675
0.50168 33.3689 15.401 14.525 8.952 0.504 4.675 9.746 4.649
0.49292 33.3712 15.314 14.613 8.961 0.474 4.628 9.777 4.709
0.484262 33.6417 15.149 14.529 8.823 0.488 4.587 9.745 4.657
0.529141 33.4919 15.235 14.586 8.844 0.464 4.639 9.812 4.648
0.520168 33.7109 15.116 14.502 8.794 0.49 4.591 9.724 4.645
0.508403 33.4135 15.219 14.671 8.802 0.472 4.674 9.858 4.683
0.49662 33.4158 15.148 14.73 8.82 0.463 4.624 9.965 4.63
0.531516 33.3622 15.318 14.617 8.926 0.467 4.675 9.84 4.655
0.521943 33.5233 15.253 14.54 8.866 0.469 4.669 9.741 4.668
0.521943 33.5841 15.185 14.551 8.852 0.463 4.625 9.76 4.658
0.512488 33.5042 15.184 14.628 8.82 0.466 4.645 9.818 4.681
0.534795 33.5717 15.256 14.492 8.925 0.464 4.625 9.718 4.639
0.525488 33.5661 15.153 14.603 8.827 0.466 4.639 9.806 4.669
0.506299 33.6859 15.143 14.505 8.848 0.492 4.587 9.718 4.657
0.494204 33.7382 15.109 14.49 8.797 0.463 4.586 9.752 4.61
0.530081 33.583 15.273 14.461 8.811 0.462 4.786 9.731 4.598
0.517895 33.5492 15.215 14.553 8.926 0.469 4.613 9.776 4.648
0.505553 33.6451 15.185 14.488 8.891 0.469 4.616 9.724 4.631
0.499369 33.8558 15.054 14.447 8.826 0.462 4.566 9.721 4.593
0.486977 33.7735 15.089 14.48 8.791 0.465 4.592 9.759 4.584
0.537218 33.7257 15.174 14.439 8.938 0.462 4.572 9.704 4.604
0.537218 33.7553 15.088 14.496 8.817 0.466 4.615 9.735 4.618
0.537218 33.6089 15.152 14.564 8.869 0.468 4.597 9.791 4.643
0.530834 33.6022 15.18 14.541 8.867 0.5 4.604 9.783 4.624
0.526768 33.6225 15.161 14.542 8.831 0.467 4.604 9.813 4.601
0.520133 33.8822 15.084 14.389 8.809 0.466 4.618 9.696 4.571
0.509108 33.6666 15.102 14.562 8.867 0.466 4.582 9.787 4.612
0.530019 33.8765 15.034 14.441 8.805 0.464 4.584 9.741 4.561
0.518594 33.873 15.057 14.429 8.829 0.485 4.532 9.716 4.583
0.508096 33.7211 15.093 14.523 8.78 0.474 4.624 9.814 4.586
0.497743 33.7781 15.125 14.435 8.791 0.464 4.669 9.725 4.58
0.48753 33.5988 15.143 14.583 8.877 0.468 4.605 9.793 4.661
0.48753 33.7587 15.06 14.524 8.83 0.468 4.576 9.79 4.608
0.48753 33.7576 15.144 14.437 8.897 0.492 4.562 9.713 4.591
0.529239 33.6451 15.111 14.574 8.821 0.467 4.593 9.818 4.629
0.529239 33.6564 15.112 14.553 8.817 0.467 4.648 9.761 4.662
0.529239 33.6848 15.088 14.564 8.814 0.468 4.576 9.806 4.628
0.529239 33.8078 15.039 14.499 8.803 0.465 4.589 9.753 4.606
0.529239 33.6462 15.104 14.576 8.889 0.468 4.566 9.777 4.669
0.529239 33.7189 15.157 14.457 8.845 0.463 4.608 9.747 4.595
0.584784 33.6734 15.115 14.544 8.864 0.467 4.575 9.764 4.648
0.573355 33.5154 15.293 14.506 8.834 0.465 4.572 9.772 4.602
0.562089 33.687 15.033 14.61 8.781 0.467 4.605 9.791 4.682
0.550983 33.5368 15.072 14.707 8.872 0.466 4.574 9.805 4.767
0.537459 33.8788 14.992 14.488 8.785 0.464 4.564 9.718 4.641
0.530684 33.8284 15.082 14.439 8.846 0.498 4.555 9.697 4.615
0.517107 33.5931 15.154 14.562 8.857 0.472 4.6 9.796 4.635
0.573212 33.5954 15.181 14.54 8.872 0.468 4.652 9.763 4.64
0.573212 33.7416 15.124 14.474 8.877 0.463 4.583 9.725 4.586
0.573212 33.8249 15.016 14.496 8.783 0.467 4.584 9.745 4.623
0.561662 33.865 15.029 14.46 8.834 0.463 4.543 9.704 4.622
0.539062 33.6089 15.087 14.627 8.802 0.469 4.592 9.866 4.632
0.528006 33.8455 15.04 14.469 8.812 0.462 4.58 9.724 4.615
0.584935 33.7998 15.076 14.473 8.834 0.466 4.592 9.693 4.642
0.584935 33.7086 15.068 14.56 8.827 0.465 4.6 9.784 4.651
0.584935 33.6508 15.104 14.575 8.85 0.468 4.61 9.786 4.656
0.561662 33.8432 15.049 14.454 8.827 0.464 4.548 9.727 4.597
0.550279 33.8123 15.03 14.502 8.774 0.502 4.576 9.755 4.623
0.528006 33.7678 15.065 14.508 8.808 0.465 4.555 9.741 4.634
0.573212 33.7257 15.059 14.555 8.804 0.467 4.604 9.774 4.647
0.561662 33.6395 15.133 14.547 8.871 0.466 4.615 9.752 4.66
0.550279 33.6236 15.127 14.577 8.858 0.469 4.608 9.799 4.638
0.532925 33.8192 15.06 14.47 8.832 0.466 4.569 9.698 4.611
0.544121 33.7268 15.102 14.506 8.825 0.468 4.591 9.738 4.641
0.526762 32.9468 15.613 14.7 9.135 0.483 4.699 9.904 4.664
0.526762 33.6406 15.159 14.527 8.961 0.468 4.539 9.771 4.622
0.584318 33.7895 15.088 14.468 8.818 0.464 4.586 9.774 4.563
0.584318 33.865 15.049 14.441 8.833 0.464 4.528 9.723 4.58
0.560782 33.8707 15.049 14.438 8.78 0.463 4.57 9.756 4.561
0.549275 33.761 15.015 14.565 8.784 0.466 4.57 9.796 4.639
0.526762 33.7234 15.091 14.523 8.841 0.464 4.587 9.75 4.606
0.559043 33.6304 15.139 14.558 8.832 0.464 4.59 9.804 4.621
0.551965 33.5683 15.214 14.536 8.947 0.503 4.578 9.787 4.612
0.527702 33.849 15.042 14.465 8.798 0.465 4.546 9.758 4.581
0.527702 33.6101 15.142 14.572 8.873 0.469 4.612 9.787 4.653
0.527702 34.0229 14.944 14.412 8.759 0.463 4.526 9.713 4.569
0.5854 33.7189 15.159 14.458 8.87 0.461 4.587 9.751 4.575
0.572782 33.7109 15.119 14.506 8.862 0.466 4.601 9.759 4.616
0.549274 33.8021 15.08 14.464 8.838 0.463 4.589 9.697 4.636
0.536384 33.8719 15.053 14.434 8.849 0.463 4.55 9.727 4.582
0.521461 33.4437 15.279 14.586 8.871 0.495 4.717 9.817 4.634
0.567629 33.548 15.217 14.555 8.903 0.465 4.627 9.823 4.605
0.548835 33.5661 15.156 14.598 8.874 0.468 4.619 9.769 4.702
0.548835 33.4057 15.291 14.605 8.85 0.467 4.753 9.841 4.63
0.548835 33.7507 15.063 14.525 8.79 0.498 4.589 9.768 4.624
0.548835 33.67 15.121 14.541 8.795 0.474 4.583 9.818 4.6
0.537508 33.6451 15.168 14.518 8.834 0.468 4.635 9.763 4.631
0.571997 33.644 15.132 14.539 8.882 0.465 4.588 9.76 4.651
0.56033 33.7462 15.095 14.499 8.826 0.462 4.614 9.763 4.602
0.551672 33.644 15.171 14.517 8.879 0.49 4.603 9.758 4.632
0.536303 33.8238 15.096 14.433 8.814 0.463 4.584 9.75 4.561
0.528261 33.5537 15.292 14.475 8.826 0.46 4.61 9.713 4.633
0.528261 33.7245 15.161 14.449 8.898 0.461 4.6 9.694 4.623
0.528261 33.849 15.031 14.474 8.801 0.461 4.566 9.738 4.603
0.572873 33.6746 15.119 14.538 8.805 0.494 4.619 9.786 4.618
0.565812 33.6746 15.094 14.559 8.778 0.472 4.598 9.822 4.612
0.551672 33.6281 15.13 14.548 8.817 0.465 4.643 9.782 4.637
0.544593 33.849 15.07 14.437 8.848 0.462 4.554 9.685 4.62
0.537508 33.7348 15.096 14.511 8.815 0.464 4.622 9.753 4.627
0.530418 33.7052 15.083 14.549 8.785 0.492 4.605 9.768 4.645
0.523321 33.7427 15.104 14.494 8.817 0.463 4.587 9.775 4.599
