0.910687 42.6931 11.944 11.44 5.97 0.472 4.763 6.628 4.669
0.910687 43.4726 11.673 11.293 5.889 0.493 4.572 6.369 4.794
0.910687 44.08 11.494 11.155 5.762 0.46 4.562 6.408 4.622
0.910687 44.0859 11.59 11.055 5.81 0.456 4.597 6.353 4.581
0.910687 44.2302 11.516 11.054 5.76 0.459 4.552 6.343 4.586
0.910687 44.082 11.555 11.09 5.753 0.46 4.602 6.348 4.613
0.910687 44.0859 11.554 11.088 5.762 0.47 4.605 6.355 4.603
0.807025 44.0238 11.529 11.146 5.702 0.481 4.592 6.4 4.617
0.833935 43.9792 11.61 11.084 5.817 0.464 4.577 6.344 4.612
0.807025 44.2184 11.543 11.03 5.745 0.461 4.608 6.324 4.578
0.86194 44.1794 11.551 11.039 5.769 0.46 4.546 6.325 4.578
0.833716 44.2693 11.507 11.044 5.738 0.499 4.532 6.312 4.605
0.769504 44.2419 11.505 11.052 5.779 0.455 4.551 6.32 4.597
0.833935 44.2067 11.532 11.052 5.791 0.457 4.551 6.377 4.55
0.766169 44.3302 11.435 11.084 5.699 0.46 4.566 6.357 4.595
0.766169 44.2674 11.553 10.996 5.761 0.456 4.577 6.307 4.558
0.766169 44.08 11.54 11.108 5.806 0.454 4.558 6.389 4.584
0.766169 44.3145 11.471 11.052 5.7 0.46 4.59 6.339 4.587
0.807692 44.3991 11.428 11.056 5.68 0.464 4.54 6.359 4.565
0.745704 44.4089 11.393 11.087 5.691 0.458 4.54 6.344 4.613
0.786232 44.2791 11.457 11.086 5.738 0.458 4.547 6.377 4.584
0.785352 44.4267 11.412 11.05 5.695 0.463 4.539 6.37 4.555
0.721137 44.2341 11.469 11.098 5.738 0.458 4.543 6.385 4.587
0.720741 44.3695 11.495 11.003 5.777 0.459 4.534 6.346 4.529
0.745518 44.2752 11.514 11.028 5.784 0.453 4.558 6.324 4.575
0.833716 43.9831 11.594 11.091 5.793 0.462 4.608 6.351 4.561
0.665415 43.8558 11.513 11.246 5.79 0.457 4.541 6.317 4.785
0.810747 42.8816 11.906 11.372 5.95 0.468 4.743 6.498 4.744
0.676794 42.7369 11.833 11.529 5.921 0.467 4.728 6.495 4.88
0.720741 43.4896 11.911 11.04 6.165 0.459 4.562 6.346 4.563
0.676794 44.3262 11.493 11.016 5.738 0.454 4.536 6.339 4.545
0.631788 44.338 11.496 11.01 5.734 0.466 4.534 6.326 4.551
0.655997 44.3302 11.43 11.085 5.688 0.459 4.579 6.371 4.576
0.655997 44.2458 11.524 11.031 5.774 0.465 4.548 6.348 4.552
0.770606 44.0898 11.571 11.064 5.761 0.464 4.56 6.371 4.556
0.770606 44.338 11.473 11.037 5.704 0.456 4.573 6.352 4.551
0.747146 43.7139 11.53 11.301 5.781 0.47 4.542 6.352 4.805
0.721519 44.1579 11.521 11.034 5.764 0.465 4.553 6.334 4.562
0.679012 44.2184 11.545 11.02 5.752 0.464 4.568 6.32 4.568
0.681088 44.1462 11.558 11.048 5.772 0.465 4.588 6.353 4.561
0.771404 44.2693 11.514 11.031 5.739 0.463 4.572 6.321 4.577
0.772425 44.3892 11.472 11.011 5.718 0.465 4.559 6.31 4.559
0.771404 44.2165 11.564 11.007 5.772 0.467 4.586 6.308 4.555
0.771674 44.0393 11.536 11.118 5.708 0.468 4.582 6.372 4.593
0.770606 43.9367 11.572 11.137 5.756 0.497 4.569 6.37 4.636
0.770606 44.1599 11.517 11.072 5.746 0.497 4.535 6.349 4.59
0.733878 44.2282 11.526 11.04 5.747 0.469 4.536 6.319 4.591
0.712213 42.9148 11.695 11.559 5.779 0.47 4.679 6.853 4.57
0.733878 44.4227 11.479 10.982 5.757 0.466 4.516 6.359 4.494
0.723992 44.287 11.438 11.087 5.704 0.459 4.529 6.431 4.527
0.770606 44.3991 11.482 10.994 5.8 0.455 4.488 6.309 4.546
0.770606 44.3302 11.481 11.03 5.782 0.464 4.5 6.32 4.579
0.748412 44.2263 11.506 11.057 5.772 0.497 4.504 6.363 4.566
0.748412 44.401 11.474 11 5.759 0.496 4.485 6.333 4.54
0.748412 44.0703 11.571 11.076 5.782 0.505 4.546 6.362 4.554
0.712213 44.4543 11.461 10.99 5.724 0.492 4.508 6.332 4.524
0.712213 44.2458 11.569 10.987 5.802 0.467 4.555 6.336 4.52
0.712213 42.7551 12.216 11.124 5.804 0.472 5.157 6.432 4.55
0.820051 44.2889 11.461 11.056 5.709 0.496 4.533 6.373 4.534
0.771218 41.4852 12.873 11.18 6.938 0.475 4.603 6.484 4.552
0.734243 43.0719 11.972 11.202 6.038 0.478 4.647 6.515 4.549
0.811125 43.6796 11.731 11.117 5.871 0.469 4.626 6.439 4.548
0.726264 44.0121 11.633 11.045 5.798 0.469 4.62 6.378 4.536
0.726264 44.2713 11.528 11.012 5.821 0.463 4.506 6.358 4.521
0.771674 44.1423 11.568 11.041 5.816 0.464 4.551 6.367 4.544
0.771674 43.9947 11.688 10.995 5.976 0.464 4.513 6.349 4.512
0.748412 44.2556 11.457 11.09 5.706 0.461 4.545 6.403 4.541
0.771674 43.8712 11.652 11.098 5.813 0.525 4.554 6.376 4.588
0.703673 44.2067 11.581 11.001 5.84 0.477 4.521 6.349 4.522
0.771674 44.1501 11.556 11.054 5.812 0.472 4.493 6.363 4.558
0.703673 44.0703 11.655 10.995 5.822 0.472 4.631 6.318 4.547
0.703673 44.1794 11.494 11.102 5.722 0.497 4.537 6.379 4.593
0.703673 44.3223 11.428 11.095 5.737 0.458 4.509 6.42 4.545
0.692127 44.3341 11.486 11.031 5.778 0.465 4.509 6.346 4.548
0.652008 44.238 11.499 11.067 5.803 0.463 4.503 6.36 4.571
0.673143 44.4523 11.453 11.003 5.728 0.468 4.488 6.332 4.535
0.71277 44.3991 11.435 11.036 5.762 0.457 4.488 6.343 4.562
0.791115 44.2968 11.453 11.083 5.734 0.468 4.523 6.405 4.548
0.791115 44.4385 11.46 11.004 5.738 0.456 4.499 6.337 4.528
0.790099 44.3557 11.484 11.018 5.761 0.463 4.501 6.326 4.563
0.815261 44.0859 11.517 11.125 5.796 0.497 4.504 6.383 4.581
0.734459 44.3794 11.491 11.002 5.807 0.464 4.486 6.361 4.514
0.704307 44.1657 11.518 11.085 5.817 0.46 4.508 6.4 4.558
0.693138 44.3498 11.482 11.029 5.795 0.463 4.485 6.361 4.538
0.655172 44.2478 11.557 11.003 5.8 0.457 4.557 6.327 4.55
0.680685 44.3597 11.467 11.039 5.759 0.464 4.523 6.389 4.522
0.700301 44.3675 11.454 11.045 5.763 0.457 4.502 6.353 4.56
0.842513 44.3361 11.505 11.011 5.777 0.464 4.491 6.331 4.552
0.65035 44.154 11.534 11.074 5.757 0.467 4.572 6.364 4.581
0.801527 44.401 11.463 11.021 5.776 0.458 4.504 6.362 4.534
0.65035 44.4089 11.478 11.002 5.778 0.456 4.517 6.335 4.538
0.75804 44.3302 11.486 11.033 5.765 0.5 4.488 6.34 4.53
0.75804 44.3656 11.476 11.021 5.79 0.462 4.49 6.37 4.526
0.75804 44.3479 11.451 11.057 5.707 0.464 4.508 6.353 4.566
0.728223 44.0432 11.495 11.171 5.768 0.464 4.528 6.341 4.691
0.797101 44.1521 11.501 11.109 5.81 0.462 4.495 6.44 4.537
0.728223 43.4329 11.67 11.298 5.856 0.476 4.59 6.572 4.581
0.714286 43.5635 11.493 11.418 5.777 0.463 4.515 6.652 4.587
0.77354 43.9638 11.512 11.197 5.801 0.464 4.502 6.52 4.55
0.797101 44.1131 11.465 11.166 5.718 0.462 4.507 6.493 4.548
0.77354 44.049 11.511 11.155 5.783 0.458 4.531 6.472 4.551
0.77354 43.9001 11.513 11.224 5.795 0.454 4.535 6.566 4.536
0.797101 43.8943 11.513 11.229 5.812 0.459 4.503 6.539 4.559
0.736106 44.0781 11.463 11.185 5.768 0.461 4.496 6.518 4.538
0.842697 43.8481 11.563 11.207 5.835 0.497 4.504 6.498 4.577
0.817174 43.956 11.532 11.171 5.838 0.462 4.5 6.519 4.526
0.702128 43.9812 11.496 11.201 5.803 0.455 4.511 6.522 4.552
0.702128 44.0742 11.462 11.16 5.77 0.465 4.494 6.489 4.547
0.722628 44.0063 11.523 11.165 5.797 0.496 4.489 6.485 4.55
0.742005 44.0393 11.494 11.175 5.79 0.465 4.504 6.513 4.536
0.764192 44.0257 11.477 11.195 5.72 0.463 4.522 6.527 4.538
0.742005 44.1053 11.456 11.176 5.734 0.464 4.523 6.496 4.547
0.764192 44.0025 11.497 11.191 5.823 0.456 4.491 6.535 4.531
0.764192 43.958 11.52 11.188 5.836 0.465 4.499 6.518 4.542
0.702128 44.0606 11.498 11.161 5.805 0.458 4.505 6.502 4.532
0.736607 43.6948 11.62 11.225 5.81 0.516 4.556 6.528 4.571
0.676856 44.0762 11.404 11.246 5.723 0.458 4.51 6.557 4.541
0.716353 43.8231 11.557 11.223 5.817 0.464 4.538 6.528 4.569
0.682759 44.1696 11.433 11.169 5.73 0.46 4.503 6.492 4.553
0.652174 44.0626 11.429 11.227 5.7 0.493 4.508 6.519 4.58
0.652174 43.875 11.423 11.327 5.741 0.464 4.492 6.525 4.676
0.670732 43.8904 11.55 11.198 5.828 0.463 4.528 6.508 4.56
0.670732 44.0567 11.452 11.207 5.708 0.46 4.57 6.502 4.578
0.670732 41.8095 12.408 11.474 6.213 0.507 4.921 6.621 4.722
0.682759 42.517 12.072 11.402 6.154 0.477 4.635 6.688 4.58
0.682759 43.3802 11.727 11.288 5.874 0.467 4.644 6.577 4.581
0.755396 43.8039 11.599 11.194 5.796 0.469 4.607 6.513 4.547
0.755396 43.6148 11.702 11.19 5.929 0.467 4.578 6.545 4.52
0.755396 43.6719 11.597 11.263 5.847 0.476 4.529 6.549 4.582
0.755396 43.9947 11.508 11.182 5.763 0.462 4.515 6.487 4.56
0.682759 43.5313 11.503 11.43 5.774 0.504 4.498 6.498 4.783
0.682759 43.7331 11.616 11.212 5.905 0.463 4.507 6.522 4.556
0.682759 44.0296 11.485 11.188 5.762 0.458 4.526 6.515 4.54
0.634615 43.9928 11.437 11.256 5.701 0.49 4.518 6.534 4.589
0.634615 43.9464 11.522 11.195 5.819 0.457 4.511 6.521 4.544
0.634615 44.0529 11.465 11.197 5.757 0.463 4.505 6.517 4.546
0.574074 43.8289 11.536 11.241 5.799 0.46 4.508 6.538 4.552
0.7 43.9541 11.476 11.232 5.765 0.465 4.515 6.574 4.534
0.574074 44.0083 11.502 11.181 5.741 0.457 4.539 6.491 4.558
0.734694 43.9928 11.553 11.141 5.796 0.461 4.553 6.493 4.508
0.634615 43.9194 11.549 11.182 5.849 0.465 4.503 6.491 4.561
0.734694 44.018 11.507 11.17 5.805 0.466 4.499 6.5 4.532
0.629538 43.8366 11.542 11.217 5.801 0.466 4.525 6.498 4.579
0.629538 43.9136 11.511 11.224 5.77 0.503 4.498 6.514 4.582
0.629538 43.9194 11.545 11.186 5.834 0.463 4.515 6.537 4.523
0.664421 43.9078 11.443 11.293 5.687 0.466 4.522 6.542 4.617
0.664421 43.8982 11.552 11.19 5.807 0.464 4.546 6.504 4.554
0.730108 44.0665 11.458 11.195 5.751 0.465 4.508 6.549 4.52
0.730108 43.7484 11.612 11.206 5.875 0.466 4.524 6.515 4.56
0.730108 43.7235 11.616 11.219 5.819 0.466 4.587 6.52 4.567
0.730108 43.7178 11.565 11.271 5.846 0.466 4.517 6.536 4.565
0.730108 43.7197 11.488 11.347 5.759 0.463 4.531 6.556 4.636
0.730108 44.2165 11.511 11.067 5.774 0.464 4.519 6.375 4.563
0.730108 44.2831 11.482 11.063 5.773 0.495 4.479 6.341 4.566
0.664421 44.2772 11.447 11.098 5.737 0.465 4.521 6.41 4.561
0.664421 43.9676 11.595 11.106 5.829 0.46 4.542 6.388 4.589
0.664421 44.2341 11.511 11.057 5.745 0.465 4.526 6.364 4.562
0.664421 44.2635 11.497 11.059 5.769 0.466 4.521 6.382 4.554
0.664421 44.2556 11.504 11.056 5.786 0.475 4.506 6.366 4.561
0.666767 44.016 11.549 11.133 5.783 0.491 4.53 6.382 4.621
0.666767 43.7197 11.535 11.291 5.81 0.464 4.518 6.372 4.774
0.684597 43.4424 11.69 11.29 5.732 0.457 4.759 6.34 4.819
0.764935 43.5407 11.631 11.298 5.718 0.466 4.716 6.413 4.755
0.664421 43.3783 11.744 11.223 5.779 0.461 4.746 6.48 4.6
0.764935 44.0898 11.554 11.09 5.835 0.46 4.535 6.405 4.557
0.646774 44.1989 11.53 11.045 5.792 0.462 4.501 6.359 4.558
0.743425 44.3675 11.442 11.06 5.705 0.462 4.524 6.366 4.559
0.730108 44.3066 11.437 11.096 5.706 0.497 4.509 6.365 4.597
0.730108 44.3046 11.489 11.043 5.791 0.461 4.492 6.391 4.525
0.730108 44.4682 11.472 10.975 5.767 0.463 4.508 6.351 4.496
0.730108 44.1112 11.523 11.109 5.782 0.468 4.535 6.398 4.584
0.664421 44.2733 11.518 11.03 5.783 0.499 4.508 6.327 4.547
0.730108 44.0781 11.542 11.106 5.821 0.469 4.529 6.422 4.559
0.664421 44.0005 11.658 11.031 5.857 0.478 4.581 6.354 4.549
0.664421 44.3223 11.494 11.03 5.776 0.465 4.519 6.35 4.548
0.664421 44.195 11.53 11.057 5.792 0.505 4.497 6.357 4.561
0.664421 44.3046 11.496 11.039 5.818 0.464 4.492 6.378 4.534
0.710217 44.2087 11.554 11.028 5.823 0.466 4.535 6.353 4.549
0.679905 44.08 11.563 11.083 5.808 0.468 4.544 6.382 4.566
0.692127 44.1911 11.537 11.053 5.798 0.505 4.497 6.357 4.567
0.692127 44.0121 11.565 11.118 5.84 0.468 4.528 6.41 4.58
0.661858 44.2517 11.499 11.061 5.72 0.468 4.529 6.372 4.563
0.692127 44.2595 11.539 11.017 5.827 0.465 4.525 6.325 4.563
0.682814 44.1599 11.543 11.062 5.8 0.495 4.511 6.341 4.592
0.714454 44.2341 11.564 11.005 5.847 0.462 4.524 6.374 4.5
0.622914 44.236 11.471 11.096 5.728 0.46 4.55 6.388 4.582
0.692127 43.8059 11.655 11.134 5.721 0.489 4.674 6.403 4.591
0.661858 43.5275 11.758 11.175 5.808 0.562 4.648 6.427 4.613
0.661858 43.8039 11.715 11.077 5.939 0.414 4.628 6.402 4.546
0.661858 44.016 11.63 11.044 5.821 0.416 4.662 6.341 4.571
0.661858 44.0412 11.584 11.086 5.846 0.415 4.576 6.378 4.545
0.661858 44.2811 11.498 11.047 5.834 0.413 4.512 6.345 4.572
0.692127 44.3498 11.449 11.049 5.767 0.412 4.52 6.358 4.557
0.714454 44.2948 11.478 11.061 5.787 0.446 4.504 6.338 4.564
0.714454 44.3459 11.453 11.061 5.778 0.404 4.523 6.374 4.563
0.714454 44.2302 11.512 11.058 5.834 0.413 4.523 6.368 4.561
0.682814 44.3695 11.427 11.073 5.753 0.413 4.515 6.363 4.576
0.682814 44.1287 11.51 11.113 5.794 0.441 4.53 6.373 4.609
0.682814 44.1267 11.509 11.115 5.827 0.403 4.536 6.411 4.572
0.682814 44.0218 11.564 11.113 5.82 0.414 4.545 6.406 4.575
0.682814 43.6662 11.701 11.161 5.925 0.415 4.564 6.394 4.632
0.682814 43.9445 11.58 11.136 5.844 0.414 4.574 6.401 4.609
0.682814 43.5426 11.625 11.301 5.808 0.422 4.596 6.414 4.737
0.682814 44.0742 11.55 11.102 5.819 0.441 4.542 6.341 4.629
0.682814 43.712 11.668 11.171 5.82 0.418 4.675 6.425 4.612
0.682814 44.3046 11.448 11.085 5.722 0.414 4.562 6.374 4.58
0.682814 43.9754 11.629 11.074 5.913 0.412 4.558 6.357 4.578
0.719723 44.0995 11.509 11.128 5.828 0.414 4.526 6.424 4.574
0.719723 43.987 11.558 11.135 5.788 0.417 4.604 6.363 4.636
0.586592 43.7828 11.502 11.301 5.73 0.425 4.603 6.505 4.664
0.700599 43.9715 11.565 11.137 5.787 0.444 4.582 6.35 4.654
0.682814 44.0937 11.533 11.104 5.79 0.413 4.584 6.364 4.611
0.682814 44.049 11.474 11.19 5.727 0.414 4.588 6.41 4.649
0.682814 44.1989 11.469 11.118 5.706 0.446 4.573 6.348 4.642
0.682814 43.8251 11.572 11.204 5.824 0.414 4.592 6.438 4.635
0.682814 44.1911 11.534 11.053 5.796 0.406 4.596 6.317 4.606
0.682814 44.2223 11.444 11.133 5.728 0.409 4.568 6.361 4.64
0.714454 44.0723 11.507 11.146 5.816 0.414 4.535 6.403 4.609
0.714454 44.2556 11.487 11.07 5.766 0.413 4.527 6.348 4.586
0.695652 44.238 11.483 11.08 5.794 0.404 4.537 6.345 4.607
0.665169 44.1735 11.449 11.145 5.765 0.412 4.521 6.421 4.597
0.648412 43.987 11.555 11.138 5.817 0.408 4.558 6.388 4.619
0.683461 44.2889 11.439 11.101 5.755 0.411 4.529 6.357 4.615
0.626455 43.852 11.583 11.168 5.822 0.409 4.587 6.409 4.629
0.626455 44.1014 11.526 11.111 5.763 0.412 4.604 6.344 4.635
0.626455 44.1638 11.482 11.119 5.727 0.406 4.604 6.385 4.609
0.626455 44.0898 11.472 11.172 5.68 0.414 4.601 6.385 4.655
0.626455 44.0335 11.483 11.188 5.706 0.414 4.595 6.404 4.656
0.626455 43.9638 11.56 11.144 5.823 0.412 4.581 6.379 4.632
0.626455 43.9136 11.559 11.169 5.767 0.411 4.596 6.395 4.642
0.626455 43.8731 11.615 11.139 5.825 0.411 4.631 6.358 4.649
0.626455 43.877 11.677 11.078 5.849 0.442 4.637 6.401 4.551
0.626455 44.1891 11.493 11.097 5.817 0.414 4.518 6.368 4.598
0.626455 43.8577 11.686 11.078 5.791 0.412 4.725 6.365 4.571
0.626455 43.592 11.659 11.244 5.819 0.423 4.634 6.476 4.634
0.573183 43.6567 11.683 11.182 5.946 0.417 4.579 6.419 4.63
0.573183 44.1209 11.533 11.093 5.813 0.416 4.531 6.381 4.581
0.683461 44.2752 11.445 11.102 5.727 0.443 4.522 6.372 4.599
0.573183 44.1813 11.497 11.099 5.796 0.414 4.545 6.403 4.577
0.683461 44.1794 11.507 11.091 5.774 0.414 4.533 6.365 4.595
0.573183 43.9812 11.524 11.165 5.788 0.414 4.537 6.343 4.69
0.683461 43.9464 11.508 11.208 5.826 0.407 4.526 6.41 4.668
0.683461 44.1482 11.518 11.095 5.794 0.403 4.535 6.369 4.598
0.683461 43.958 11.568 11.142 5.811 0.419 4.594 6.393 4.615
0.683461 44.1345 11.533 11.087 5.834 0.413 4.538 6.4 4.561
0.683461 44.0063 11.521 11.165 5.791 0.416 4.565 6.403 4.631
0.683461 44.082 11.496 11.147 5.706 0.41 4.608 6.394 4.607
0.683461 44.2458 11.483 11.074 5.765 0.413 4.55 6.353 4.547
0.704434 43.9271 11.557 11.163 5.805 0.415 4.548 6.419 4.597
0.704434 43.9599 11.554 11.155 5.795 0.427 4.581 6.391 4.626
0.717791 43.9773 11.55 11.147 5.795 0.418 4.584 6.435 4.588
0.717791 41.9322 12.374 11.434 6.271 0.453 4.858 6.584 4.721
0.687133 42.4394 12.173 11.351 6.24 0.452 4.686 6.527 4.693
0.687133 43.3877 11.768 11.241 5.892 0.423 4.672 6.502 4.606
0.658986 43.8193 11.639 11.144 5.827 0.454 4.608 6.396 4.608
0.643178 43.9676 11.612 11.093 5.873 0.417 4.577 6.378 4.584
0.643178 43.956 11.614 11.095 5.852 0.425 4.541 6.347 4.616
0.654762 44.1813 11.497 11.1 5.733 0.416 4.551 6.365 4.605
0.628111 43.987 11.575 11.121 5.848 0.427 4.548 6.414 4.576
0.654762 44.1306 11.453 11.169 5.71 0.414 4.587 6.407 4.629
0.577305 44.285 11.478 11.065 5.75 0.411 4.537 6.35 4.587
0.654762 44.2087 11.49 11.094 5.787 0.413 4.538 6.393 4.573
0.577305 44.0257 11.49 11.185 5.777 0.411 4.552 6.442 4.605
0.654762 43.7886 11.654 11.132 5.864 0.452 4.57 6.363 4.607
0.577305 43.8174 11.604 11.171 5.845 0.416 4.59 6.429 4.614
0.654762 43.6929 11.648 11.203 5.806 0.416 4.672 6.439 4.625
0.654762 43.6586 11.583 11.283 5.801 0.451 4.579 6.477 4.655
0.654762 44.049 11.562 11.103 5.827 0.416 4.57 6.378 4.582
0.628111 44.1306 11.471 11.15 5.713 0.412 4.592 6.412 4.606
0.628111 43.9967 11.575 11.116 5.8 0.461 4.56 6.379 4.599
0.628111 44.0373 11.551 11.118 5.847 0.41 4.542 6.383 4.603
0.628111 44.0878 11.476 11.164 5.717 0.417 4.594 6.407 4.623
0.628111 44.0762 11.532 11.118 5.794 0.444 4.545 6.357 4.61
0.696304 44.1423 11.487 11.129 5.773 0.416 4.548 6.419 4.587
0.64058 43.9831 11.552 11.138 5.786 0.413 4.557 6.375 4.634
0.655786 44.1053 11.536 11.095 5.798 0.411 4.576 6.381 4.583
0.74375 43.5369 11.605 11.323 5.878 0.413 4.562 6.403 4.788
0.655786 43.9889 11.517 11.176 5.754 0.421 4.588 6.431 4.613
0.74375 43.651 11.725 11.141 5.81 0.414 4.6 6.394 4.614
0.655786 43.9812 11.513 11.188 5.774 0.416 4.577 6.453 4.605
0.713408 43.956 11.534 11.176 5.781 0.41 4.593 6.423 4.623
0.713408 44.0917 11.555 11.087 5.805 0.415 4.571 6.357 4.601
0.685349 44.0781 11.495 11.152 5.717 0.44 4.574 6.391 4.634
0.668906 42.9904 11.901 11.315 5.982 0.463 4.664 6.543 4.637
0.643583 43.5616 11.735 11.184 5.823 0.416 4.665 6.454 4.601
0.628494 43.9001 11.629 11.115 5.86 0.418 4.601 6.387 4.596
0.614097 43.6738 11.672 11.185 5.898 0.414 4.606 6.409 4.645
0.600345 43.7713 11.646 11.162 5.858 0.42 4.613 6.434 4.602
0.600345 44.0587 11.559 11.095 5.81 0.416 4.541 6.371 4.593
0.600345 44.0315 11.54 11.126 5.786 0.415 4.545 6.373 4.612
0.600345 43.8059 11.598 11.191 5.853 0.418 4.573 6.448 4.612
0.600345 43.6777 11.723 11.131 5.92 0.42 4.581 6.412 4.583
0.600345 44.1306 11.539 11.084 5.788 0.415 4.579 6.369 4.584
0.647869 44.0975 11.507 11.13 5.784 0.418 4.551 6.399 4.597
0.673077 43.7541 11.566 11.251 5.769 0.417 4.573 6.484 4.623
0.599666 44.0063 11.565 11.119 5.794 0.418 4.561 6.378 4.608
0.673077 44.0141 11.554 11.125 5.835 0.417 4.542 6.414 4.583
0.673077 43.875 11.613 11.141 5.85 0.416 4.581 6.392 4.613
0.647869 43.9367 11.61 11.112 5.805 0.416 4.623 6.374 4.609
0.647869 44.0238 11.542 11.132 5.81 0.414 4.555 6.373 4.619
0.647869 43.6967 11.638 11.202 5.868 0.42 4.582 6.432 4.639
0.662704 43.4839 11.721 11.232 5.939 0.416 4.596 6.493 4.607
0.662704 43.9039 11.586 11.153 5.851 0.413 4.565 6.39 4.603
0.662704 43.7886 11.614 11.185 5.848 0.419 4.584 6.432 4.623
0.662704 44.0238 11.58 11.095 5.792 0.414 4.616 6.352 4.612
0.662704 43.735 11.674 11.153 5.856 0.415 4.65 6.429 4.6
0.662704 44.0878 11.534 11.112 5.801 0.414 4.562 6.377 4.604
0.662704 43.8443 11.593 11.178 5.805 0.448 4.577 6.416 4.635
0.662704 44.0567 11.558 11.1 5.83 0.414 4.551 6.398 4.582
0.662704 43.9348 11.6 11.116 5.809 0.414 4.581 6.386 4.595
0.662704 43.85 11.599 11.168 5.811 0.415 4.585 6.415 4.624
0.662704 44.0917 11.538 11.103 5.809 0.413 4.552 6.385 4.59
0.662704 43.9001 11.536 11.204 5.722 0.414 4.598 6.424 4.647
0.612986 44.1677 11.507 11.093 5.751 0.418 4.544 6.366 4.596
0.612986 43.985 11.489 11.209 5.749 0.418 4.567 6.444 4.637
0.612986 41.8585 12.512 11.337 6.545 0.418 4.714 6.556 4.65
0.612986 42.757 12.102 11.243 6.228 0.428 4.681 6.498 4.611
0.68873 43.5711 11.731 11.181 5.836 0.416 4.679 6.411 4.638
0.646357 43.5958 11.683 11.214 5.834 0.449 4.633 6.433 4.655
0.711538 43.8174 11.61 11.172 5.833 0.422 4.578 6.454 4.593
0.632347 43.9889 11.489 11.207 5.743 0.416 4.575 6.43 4.641
0.673077 43.8289 11.569 11.205 5.728 0.449 4.619 6.41 4.661
0.633745 43.929 11.582 11.143 5.819 0.414 4.584 6.422 4.59
0.633745 43.985 11.564 11.134 5.808 0.417 4.573 6.383 4.608
0.619968 43.7484 11.587 11.235 5.791 0.448 4.577 6.423 4.68
0.680602 43.8097 11.641 11.147 5.875 0.419 4.586 6.395 4.62
0.666121 43.1425 11.815 11.327 5.927 0.419 4.665 6.499 4.67
0.666121 43.9967 11.502 11.187 5.818 0.417 4.499 6.477 4.58
0.64145 43.9445 11.491 11.228 5.803 0.412 4.514 6.487 4.609
0.64145 44.082 11.48 11.168 5.759 0.418 4.513 6.432 4.604
0.655395 44.0975 11.505 11.136 5.811 0.414 4.474 6.408 4.598
0.669959 43.5825 11.46 11.443 5.791 0.414 4.488 6.66 4.631
0.685185 43.7598 11.681 11.133 5.911 0.418 4.55 6.405 4.587
0.660714 43.8885 11.512 11.236 5.758 0.453 4.531 6.463 4.639
0.67608 44.0354 11.532 11.139 5.849 0.416 4.494 6.422 4.588
0.652767 44.0063 11.488 11.198 5.748 0.417 4.543 6.451 4.614
0.637931 43.9831 11.542 11.155 5.816 0.45 4.497 6.403 4.622
0.623755 44.0975 11.521 11.119 5.83 0.414 4.505 6.432 4.552
0.610195 43.9908 11.475 11.218 5.752 0.414 4.534 6.473 4.611
0.610195 43.9445 11.597 11.12 5.888 0.419 4.522 6.397 4.555
0.610195 43.8212 11.755 11.024 6.077 0.419 4.478 6.334 4.557
0.58817 44.5831 11.411 10.975 5.735 0.416 4.458 6.312 4.528
0.58817 44.342 11.423 11.092 5.725 0.449 4.473 6.378 4.579
0.610195 44.5335 11.392 11.022 5.771 0.415 4.437 6.36 4.531
0.610195 44.5216 11.392 11.029 5.702 0.415 4.466 6.364 4.537
0.610195 44.4682 11.378 11.063 5.688 0.419 4.501 6.378 4.557
0.610195 44.4168 11.401 11.078 5.785 0.415 4.432 6.366 4.582
0.610195 44.3616 11.423 11.083 5.752 0.42 4.483 6.395 4.557
0.631988 44.2595 11.322 11.236 5.674 0.418 4.462 6.545 4.557
0.631988 44.4642 11.385 11.062 5.701 0.42 4.466 6.364 4.568
0.703704 44.48 11.405 11.039 5.775 0.409 4.446 6.388 4.52
0.688731 44.2929 11.48 11.057 5.819 0.42 4.465 6.372 4.555
0.650298 44.5891 11.365 11.026 5.737 0.419 4.437 6.352 4.545
0.637026 44.3203 11.429 11.091 5.738 0.452 4.47 6.365 4.563
0.637026 44.5891 11.365 11.022 5.74 0.408 4.44 6.361 4.524
0.637026 44.5335 11.389 11.027 5.742 0.409 4.435 6.36 4.535
0.637026 44.5434 11.33 11.082 5.669 0.412 4.473 6.374 4.577
0.637026 44.3734 11.425 11.071 5.745 0.454 4.445 6.357 4.582
0.637026 44.4978 11.421 11.011 5.776 0.417 4.458 6.37 4.515
0.637026 44.3675 11.437 11.064 5.713 0.416 4.492 6.383 4.552
0.624286 43.7637 11.698 11.113 5.973 0.421 4.526 6.388 4.594
0.624286 44.154 11.562 11.047 5.793 0.527 4.462 6.389 4.532
0.612045 44.3774 11.432 11.056 5.795 0.421 4.447 6.382 4.551
0.624286 44.24 11.479 11.084 5.762 0.415 4.52 6.38 4.573
0.637026 44.4129 11.373 11.105 5.653 0.413 4.479 6.387 4.589
0.650298 43.4707 11.751 11.216 5.777 0.419 4.762 6.505 4.582
0.650298 44.1618 11.352 11.253 5.696 0.42 4.465 6.553 4.564
0.650298 44.611 11.376 10.998 5.783 0.418 4.407 6.318 4.552
0.650298 44.4781 11.445 11.001 5.816 0.42 4.44 6.355 4.52
0.650298 44.5256 11.353 11.07 5.717 0.419 4.446 6.397 4.543
0.650298 44.3439 11.47 11.043 5.792 0.417 4.458 6.351 4.562
0.650298 44.1384 11.398 11.222 5.77 0.416 4.446 6.376 4.704
0.696429 43.5559 11.572 11.347 5.915 0.42 4.471 6.669 4.547
0.625668 44.4227 11.475 10.989 5.803 0.416 4.471 6.344 4.518
0.625668 44.0451 11.402 11.264 5.734 0.448 4.439 6.55 4.578
0.625668 44.4978 11.427 11.001 5.777 0.42 4.44 6.354 4.521
0.672167 44.4761 11.396 11.047 5.694 0.412 4.484 6.387 4.533
0.672167 44.4761 11.435 11.011 5.771 0.419 4.434 6.352 4.528
0.672167 44.2419 11.463 11.074 5.74 0.453 4.474 6.386 4.559
0.672167 44.0393 11.545 11.12 5.766 0.421 4.581 6.433 4.556
0.672167 43.9194 11.635 11.091 5.853 0.417 4.577 6.402 4.552
0.672167 44.0025 11.596 11.087 5.8 0.418 4.555 6.39 4.562
0.625668 44.3695 11.475 11.024 5.784 0.411 4.478 6.34 4.548
0.625668 43.7158 11.66 11.176 5.83 0.415 4.603 6.414 4.63
0.625668 44.4346 11.453 11.006 5.768 0.416 4.439 6.369 4.506
0.649309 44.4879 11.428 11.008 5.766 0.407 4.46 6.344 4.529
0.649309 44.2497 11.515 11.044 5.821 0.417 4.484 6.393 4.507
0.652325 44.4781 11.396 11.049 5.766 0.405 4.438 6.376 4.54
0.652325 44.405 11.434 11.048 5.773 0.412 4.453 6.372 4.542
0.639456 44.2517 11.511 11.047 5.829 0.407 4.474 6.351 4.562
0.627085 44.5216 11.372 11.033 5.75 0.4 4.427 6.379 4.523
0.627085 44.4346 11.411 11.055 5.747 0.402 4.439 6.377 4.545
0.636605 44.0412 11.585 11.084 5.784 0.417 4.591 6.385 4.565
0.649087 44.2556 11.464 11.095 5.813 0.407 4.453 6.373 4.589
0.662069 44.2321 11.482 11.087 5.826 0.402 4.463 6.402 4.552
0.675581 44.2654 11.517 11.035 5.821 0.407 4.459 6.384 4.519
0.721323 44.3086 11.43 11.102 5.735 0.404 4.487 6.403 4.567
0.696844 44.3459 11.478 11.03 5.822 0.408 4.462 6.392 4.508
0.696844 44.2889 11.439 11.101 5.8 0.401 4.443 6.398 4.571
0.683101 44.4306 11.42 11.046 5.776 0.409 4.443 6.365 4.546
0.627451 44.2889 11.47 11.071 5.76 0.442 4.471 6.38 4.558
0.615385 44.2517 11.512 11.049 5.799 0.418 4.506 6.386 4.531
0.615385 44.1969 11.496 11.09 5.78 0.403 4.486 6.407 4.55
0.615385 44.1989 11.494 11.091 5.776 0.416 4.5 6.384 4.577
0.615385 44.2048 11.471 11.11 5.753 0.445 4.475 6.403 4.575
0.615385 44.3971 11.435 11.048 5.778 0.406 4.441 6.389 4.533
0.615385 44.3833 11.471 11.02 5.794 0.401 4.451 6.362 4.52
0.635558 43.5768 11.439 11.471 5.802 0.41 4.439 6.708 4.616
0.635558 44.1716 11.496 11.102 5.792 0.432 4.48 6.382 4.587
0.657051 44.3027 11.488 11.045 5.822 0.401 4.483 6.372 4.548
0.657051 44.3715 11.387 11.114 5.737 0.402 4.474 6.412 4.565
0.657051 44.3991 11.369 11.118 5.692 0.399 4.487 6.404 4.582
0.635558 44.154 11.465 11.134 5.752 0.455 4.464 6.411 4.592
0.635558 44.1073 11.498 11.135 5.824 0.412 4.476 6.408 4.601
0.594203 44.3636 11.439 11.062 5.774 0.408 4.46 6.379 4.551
0.594203 44.5653 11.364 11.037 5.698 0.445 4.426 6.36 4.547
0.554887 44.3794 11.439 11.056 5.804 0.416 4.431 6.398 4.533
0.554887 44.3184 11.469 11.054 5.827 0.41 4.443 6.354 4.569
0.594203 44.486 11.426 11.014 5.74 0.401 4.46 6.342 4.543
0.594203 44.3164 11.443 11.077 5.804 0.415 4.434 6.348 4.597
0.634011 44.1248 11.475 11.149 5.822 0.406 4.455 6.363 4.654
0.664638 44.2087 11.477 11.101 5.783 0.409 4.484 6.409 4.555
0.664638 44.1969 11.489 11.099 5.766 0.409 4.47 6.398 4.577
0.643868 44.1677 11.456 11.149 5.77 0.409 4.474 6.439 4.58
0.65625 43.9908 11.571 11.12 5.739 0.408 4.578 6.404 4.593
0.636364 44.4622 11.346 11.107 5.66 0.409 4.495 6.413 4.569
0.636364 44.049 11.514 11.147 5.811 0.409 4.491 6.435 4.59
0.648841 44.3145 11.448 11.075 5.792 0.408 4.447 6.385 4.556
0.648841 44.342 11.481 11.031 5.778 0.407 4.468 6.331 4.567
0.605993 43.9734 11.622 11.076 5.953 0.402 4.462 6.42 4.53
0.577778 43.9618 11.608 11.098 5.942 0.403 4.456 6.392 4.574
0.541667 44.2165 11.555 11.015 5.772 0.495 4.482 6.344 4.532
0.541667 43.958 11.559 11.154 5.784 0.452 4.508 6.414 4.605
0.541667 43.5521 11.809 11.113 5.803 0.718 4.487 6.428 4.557
0.541667 43.3013 11.845 11.211 5.747 0.72 4.554 6.449 4.606
0.541667 43.9541 11.599 11.113 5.824 0.497 4.474 6.435 4.55
0.541667 44.2165 11.51 11.066 5.809 0.456 4.443 6.39 4.544
0.541667 44.016 11.452 11.205 5.77 0.433 4.451 6.479 4.564
0.541667 44.2028 11.457 11.128 5.71 0.483 4.47 6.394 4.602
0.541667 44.3223 11.468 11.052 5.762 0.451 4.456 6.392 4.535
0.541667 44.1326 11.574 11.047 5.792 0.46 4.479 6.377 4.54
0.522988 44.2341 11.52 11.052 5.766 0.481 4.469 6.36 4.561
0.514124 44.1891 11.517 11.073 5.812 0.432 4.479 6.364 4.578
0.520947 43.0182 11.814 11.393 5.929 0.443 4.552 6.615 4.593
0.553995 43.6376 11.652 11.225 5.785 0.439 4.626 6.476 4.622
0.563547 43.7848 11.624 11.177 5.823 0.418 4.569 6.456 4.592
0.60084 44.0102 11.564 11.119 5.798 0.438 4.478 6.4 4.581
0.611765 43.6891 11.684 11.167 5.916 0.451 4.505 6.404 4.597
0.641975 44.0684 11.526 11.125 5.799 0.434 4.487 6.451 4.545
0.654088 44.195 11.523 11.066 5.767 0.432 4.476 6.385 4.549
0.654088 44.193 11.529 11.061 5.809 0.417 4.49 6.363 4.56
0.654088 43.9445 11.574 11.143 5.843 0.434 4.494 6.441 4.566
0.654088 44.2752 11.451 11.099 5.742 0.441 4.455 6.394 4.571
0.611765 44.1482 11.506 11.106 5.772 0.447 4.478 6.408 4.538
0.60084 44.0626 11.562 11.09 5.852 0.421 4.477 6.397 4.557
0.563547 44.1755 11.484 11.117 5.787 0.433 4.455 6.391 4.589
0.563547 44.24 11.512 11.056 5.773 0.451 4.48 6.362 4.56
0.563547 44.2497 11.471 11.087 5.784 0.416 4.467 6.413 4.544
0.563547 44.1755 11.46 11.137 5.712 0.419 4.495 6.43 4.574
0.563547 44.3203 11.487 11.037 5.749 0.414 4.528 6.347 4.555
0.563547 44.0296 11.544 11.13 5.815 0.422 4.502 6.395 4.6
0.563547 44.2439 11.481 11.083 5.806 0.422 4.444 6.389 4.558
0.563547 44.0898 11.517 11.126 5.783 0.417 4.514 6.421 4.576
0.563547 44.2517 11.48 11.08 5.766 0.448 4.461 6.36 4.559
0.563547 43.877 11.535 11.217 5.806 0.42 4.503 6.447 4.633
0.598522 43.2171 11.976 11.126 6.24 0.412 4.498 6.384 4.609
0.580999 43.8635 11.578 11.181 5.806 0.456 4.498 6.423 4.624
0.598522 43.9676 11.564 11.143 5.772 0.417 4.545 6.423 4.579
0.598522 43.7733 11.536 11.272 5.785 0.421 4.51 6.521 4.619
0.598522 43.9502 11.521 11.192 5.744 0.461 4.488 6.429 4.624
0.598522 44.0762 11.53 11.119 5.792 0.419 4.505 6.408 4.579
0.598522 44.2106 11.463 11.117 5.756 0.416 4.476 6.4 4.585
0.634483 43.929 11.543 11.146 5.805 0.449 4.473 6.392 4.623
0.634483 43.5256 11.811 11.125 5.847 0.416 4.521 6.415 4.577
0.634483 44.0238 11.497 11.167 5.703 0.425 4.522 6.408 4.627
0.634483 43.7963 11.606 11.182 5.844 0.423 4.526 6.46 4.594
0.580999 44.0315 11.574 11.097 5.806 0.42 4.482 6.392 4.572
0.598522 44.1189 11.565 11.064 5.8 0.45 4.5 6.369 4.565
0.598522 44.0412 11.465 11.204 5.731 0.426 4.496 6.472 4.602
0.598522 43.8423 11.566 11.203 5.768 0.424 4.514 6.433 4.629
0.634483 44.1073 11.478 11.156 5.711 0.419 4.507 6.417 4.606
0.634483 44.1384 11.519 11.093 5.8 0.422 4.477 6.405 4.555
0.634483 43.929 11.604 11.116 5.807 0.425 4.501 6.382 4.6
0.634483 43.985 11.557 11.134 5.808 0.45 4.482 6.387 4.588
0.634483 43.7848 11.507 11.292 5.774 0.423 4.488 6.39 4.756
0.634483 44.0665 11.548 11.098 5.821 0.421 4.492 6.378 4.584
0.634483 44.0665 11.538 11.117 5.793 0.423 4.476 6.38 4.604
0.685714 43.7637 11.681 11.13 5.935 0.421 4.505 6.393 4.609
0.685714 43.5578 11.797 11.122 5.832 0.541 4.574 6.402 4.588
0.655367 43.5483 11.723 11.199 5.837 0.531 4.525 6.453 4.618
0.655367 43.7216 11.634 11.196 5.782 0.426 4.559 6.433 4.632
0.627027 43.9812 11.56 11.139 5.778 0.448 4.488 6.383 4.627
0.644019 44.1501 11.467 11.143 5.744 0.417 4.485 6.402 4.612
0.644019 43.9831 11.546 11.152 5.778 0.424 4.502 6.42 4.604
0.608895 43.6395 11.658 11.221 5.84 0.456 4.517 6.413 4.676
0.608895 43.8001 11.555 11.237 5.733 0.426 4.568 6.476 4.627
0.672795 43.9001 11.567 11.175 5.815 0.423 4.497 6.42 4.623
0.672795 43.6929 11.704 11.144 5.879 0.426 4.557 6.429 4.587
0.672795 43.4991 11.76 11.188 5.812 0.422 4.619 6.448 4.604
0.635495 43.8924 11.54 11.201 5.737 0.461 4.506 6.419 4.648
0.635495 43.9773 11.548 11.155 5.751 0.423 4.545 6.427 4.595
0.69209 43.7216 11.629 11.2 5.794 0.417 4.546 6.415 4.652
0.69209 43.9734 11.502 11.199 5.744 0.423 4.504 6.406 4.657
0.69209 43.7369 11.619 11.206 5.818 0.425 4.543 6.449 4.625
0.69209 43.712 11.639 11.201 5.805 0.424 4.571 6.437 4.628
0.672795 43.5085 11.622 11.325 5.833 0.431 4.512 6.58 4.616
0.672795 43.8135 11.615 11.171 5.77 0.422 4.552 6.399 4.637
0.672795 43.2059 11.8 11.299 5.881 0.427 4.612 6.515 4.655
0.672795 43.1499 11.781 11.356 5.821 0.472 4.65 6.503 4.712
0.672795 43.4141 11.75 11.242 5.807 0.44 4.61 6.445 4.66
0.69209 43.6129 11.704 11.186 5.797 0.453 4.599 6.419 4.628
0.672795 43.7158 11.638 11.198 5.844 0.425 4.531 6.437 4.626
0.69209 43.651 11.61 11.259 5.741 0.425 4.611 6.437 4.676
0.654813 43.5958 11.7 11.199 5.846 0.422 4.583 6.424 4.641
0.662162 43.5711 11.701 11.206 5.824 0.419 4.552 6.439 4.634
0.644737 43.9522 11.545 11.169 5.752 0.421 4.531 6.436 4.607
0.60794 43.0571 11.785 11.398 5.806 0.425 4.644 6.569 4.677
0.627381 43.7464 11.666 11.157 5.852 0.422 4.554 6.437 4.586
0.593246 43.8385 11.609 11.163 5.774 0.422 4.514 6.444 4.589
0.593246 43.8481 11.543 11.226 5.704 0.421 4.538 6.452 4.616
0.551595 43.8039 11.613 11.175 5.826 0.423 4.515 6.46 4.586
0.593246 43.1835 11.587 11.532 5.768 0.425 4.547 6.754 4.634
0.593246 43.8327 11.601 11.177 5.806 0.425 4.526 6.46 4.574
0.593246 43.827 11.598 11.179 5.803 0.424 4.53 6.415 4.624
0.593246 44.082 11.549 11.098 5.745 0.414 4.556 6.383 4.577
0.593246 43.6453 11.628 11.23 5.811 0.424 4.549 6.518 4.59
0.593246 43.6567 11.593 11.266 5.747 0.429 4.593 6.453 4.685
0.593246 43.6777 11.664 11.194 5.816 0.424 4.584 6.428 4.633
0.593246 43.4103 11.711 11.285 5.88 0.428 4.56 6.528 4.623
0.593246 43.305 11.774 11.271 5.917 0.426 4.546 6.451 4.696
0.593246 43.6034 11.672 11.221 5.741 0.432 4.64 6.448 4.646
0.593246 43.6796 11.643 11.213 5.797 0.426 4.579 6.489 4.599
0.62439 43.9001 11.519 11.22 5.681 0.42 4.554 6.46 4.626
0.62439 43.9078 11.571 11.159 5.748 0.467 4.497 6.401 4.617
0.62439 43.4802 11.698 11.259 5.853 0.424 4.548 6.46 4.656
0.62439 43.554 11.697 11.223 5.778 0.425 4.607 6.477 4.617
0.62439 42.7551 11.861 11.479 5.927 0.438 4.626 6.703 4.642
0.62439 42.7241 12.017 11.352 5.872 0.422 4.843 6.537 4.684
0.62439 43.6376 11.674 11.205 5.818 0.429 4.565 6.43 4.615
0.62439 39.2773 12.88 12.537 5.828 0.608 5.145 6.554 5.838
0.651932 43.4499 11.705 11.27 5.791 0.522 4.542 6.447 4.698
0.608696 43.0126 11.883 11.33 5.859 0.517 4.62 6.518 4.687
0.619446 43.1016 11.846 11.316 5.852 0.488 4.645 6.508 4.679
0.668668 43.367 11.683 11.335 5.749 0.446 4.556 6.574 4.623
0.608696 43.0311 11.797 11.403 5.76 0.483 4.66 6.609 4.663
0.608696 43.4972 11.767 11.182 5.889 0.44 4.567 6.446 4.607
0.608696 43.5521 11.672 11.249 5.777 0.434 4.589 6.458 4.643
0.668668 43.7963 11.603 11.188 5.785 0.444 4.519 6.469 4.589
0.668668 43.5123 11.654 11.291 5.746 0.446 4.606 6.508 4.652
0.651932 43.6186 11.595 11.288 5.714 0.445 4.58 6.504 4.648
0.651932 43.6815 11.64 11.218 5.805 0.442 4.524 6.474 4.61
0.668668 43.5692 11.731 11.179 5.804 0.443 4.552 6.43 4.617
0.668668 43.7522 11.616 11.2 5.747 0.478 4.529 6.417 4.626
0.651932 43.7369 11.674 11.153 5.82 0.432 4.563 6.422 4.599
0.668668 43.7733 11.641 11.164 5.758 0.427 4.551 6.43 4.611
0.658915 43.0737 11.768 11.406 5.893 0.435 4.566 6.56 4.71
0.634328 43.611 11.67 11.214 5.831 0.434 4.541 6.465 4.622
0.597826 43.1648 11.841 11.285 5.911 0.434 4.576 6.488 4.661
0.597826 43.5768 11.669 11.24 5.791 0.431 4.541 6.443 4.628
0.597826 43.4273 11.741 11.241 5.838 0.438 4.586 6.459 4.652
0.597826 43.6681 11.639 11.222 5.781 0.433 4.547 6.451 4.638
0.597826 43.5863 11.644 11.255 5.799 0.43 4.551 6.433 4.68
0.597826 43.3388 11.747 11.286 5.835 0.446 4.586 6.509 4.644
0.597826 43.1798 11.842 11.25 5.855 0.448 4.653 6.457 4.658
0.637788 43.6567 11.65 11.217 5.829 0.432 4.521 6.446 4.639
0.637788 43.4688 11.681 11.285 5.77 0.433 4.595 6.487 4.658
0.637788 43.6205 11.65 11.236 5.784 0.464 4.525 6.443 4.658
0.637788 43.6567 11.639 11.229 5.767 0.438 4.553 6.468 4.625
0.637788 43.6719 11.696 11.167 5.799 0.431 4.544 6.406 4.623
0.679028 43.4688 11.755 11.208 5.846 0.437 4.583 6.469 4.611
0.679028 43.3257 11.635 11.395 5.749 0.429 4.587 6.578 4.687
0.663341 41.7084 12.413 11.521 6.267 0.428 4.725 6.623 4.764
0.663341 42.4484 12.065 11.452 5.933 0.482 4.716 6.625 4.653
0.640031 42.889 11.923 11.355 5.816 0.444 4.716 6.545 4.676
0.623239 43.0515 11.857 11.33 5.871 0.436 4.653 6.516 4.675
0.629252 43.3539 11.789 11.237 5.805 0.436 4.59 6.45 4.658
0.602041 43.1127 11.702 11.455 5.748 0.43 4.643 6.511 4.803
0.629252 43.1984 11.808 11.302 5.855 0.44 4.605 6.49 4.67
0.629252 43.3764 11.75 11.259 5.815 0.435 4.595 6.448 4.673
0.629252 43.3934 11.744 11.261 5.785 0.436 4.606 6.454 4.668
0.629252 43.033 11.745 11.453 5.77 0.434 4.641 6.568 4.752
0.629252 43.3445 11.763 11.269 5.786 0.433 4.634 6.464 4.663
0.629252 43.0645 11.808 11.368 5.85 0.442 4.63 6.539 4.699
0.629252 43.2919 11.698 11.357 5.723 0.441 4.613 6.524 4.692
0.629252 43.3088 11.749 11.303 5.827 0.436 4.561 6.45 4.7
0.629252 43.4235 11.716 11.274 5.788 0.433 4.589 6.497 4.646
0.629252 43.4386 11.762 11.222 5.818 0.432 4.608 6.451 4.634
0.629252 43.4613 11.703 11.267 5.775 0.436 4.59 6.515 4.623
0.580392 43.4254 11.728 11.258 5.783 0.432 4.57 6.473 4.651
0.580868 43.0737 11.903 11.269 5.828 0.464 4.678 6.476 4.649
0.538637 43.4556 11.742 11.23 5.851 0.444 4.53 6.48 4.623
0.538637 43.29 11.75 11.311 5.789 0.437 4.6 6.512 4.664
0.538637 43.1388 11.775 11.365 5.857 0.439 4.563 6.49 4.717
0.538637 43.5123 11.736 11.207 5.769 0.434 4.61 6.447 4.624
0.5488 43.5597 11.691 11.229 5.798 0.436 4.549 6.49 4.613
0.581412 42.5333 11.993 11.479 5.917 0.527 4.593 6.618 4.707
0.592593 43.0904 11.842 11.328 5.783 0.562 4.559 6.518 4.675
0.592593 43.3463 11.78 11.243 5.819 0.47 4.558 6.466 4.641
0.592593 43.2077 11.811 11.296 5.774 0.484 4.619 6.492 4.67
0.592593 43.2788 11.798 11.271 5.844 0.48 4.558 6.5 4.634
0.592593 43.163 11.818 11.305 5.848 0.448 4.602 6.493 4.679
0.604212 43.2582 11.748 11.329 5.802 0.441 4.579 6.546 4.652
0.604212 43.5123 11.705 11.232 5.753 0.443 4.55 6.482 4.616
0.604212 42.746 11.741 11.613 5.738 0.478 4.589 6.59 4.892
0.63907 42.1248 12.065 11.628 6.014 0.443 4.663 6.762 4.73
0.63907 43.1444 11.759 11.383 5.743 0.448 4.586 6.521 4.736
0.63907 43.482 11.639 11.321 5.738 0.429 4.559 6.527 4.657
0.63907 38.0315 13.13 13.129 6.657 0.44 5.055 7.2 5.786
0.63907 39.6432 13.582 11.602 6.951 0.463 5.161 6.72 4.75
0.63907 42.7095 11.935 11.44 5.76 0.461 4.76 6.567 4.744
0.63907 43.3839 11.624 11.39 5.68 0.448 4.583 6.501 4.763
0.674897 42.139 11.793 11.902 5.722 0.424 4.729 6.766 5.007
0.674897 40.5104 12.62 12.027 5.99 0.52 5.095 6.938 4.936
0.674897 41.3565 12.595 11.549 6.21 0.459 4.954 6.615 4.802
0.674897 42.7771 11.895 11.445 5.733 0.457 4.703 6.612 4.697
0.671575 42.8945 11.9 11.37 5.894 0.473 4.609 6.528 4.713
0.639881 42.9941 11.845 11.378 5.85 0.434 4.615 6.57 4.677
0.59322 43.2882 11.749 11.303 5.785 0.423 4.581 6.504 4.672
0.59322 43.2694 11.737 11.334 5.804 0.432 4.552 6.502 4.698
0.59322 43.3013 11.776 11.276 5.806 0.43 4.593 6.482 4.659
0.59322 43.2994 11.795 11.263 5.803 0.429 4.602 6.482 4.65
0.59322 43.2021 11.744 11.364 5.764 0.433 4.592 6.556 4.678
0.59322 43.0997 11.81 11.344 5.793 0.437 4.627 6.519 4.691
0.59322 43.3013 11.778 11.277 5.818 0.422 4.577 6.495 4.656
0.59322 42.9535 11.864 11.376 5.818 0.432 4.632 6.572 4.673
0.59322 43.2582 11.761 11.316 5.771 0.43 4.565 6.489 4.701
0.59322 43.1332 11.81 11.324 5.807 0.429 4.63 6.535 4.664
0.624359 43.122 11.739 11.403 5.714 0.428 4.63 6.542 4.719
0.624359 43.3294 11.722 11.317 5.775 0.429 4.561 6.529 4.661
0.624359 42.1977 11.75 11.908 5.743 0.429 4.588 7.075 4.692
0.624359 43.1928 11.779 11.333 5.823 0.432 4.565 6.534 4.672
0.624359 43.247 11.791 11.294 5.763 0.43 4.625 6.484 4.677
0.624359 43.176 11.806 11.318 5.824 0.43 4.592 6.549 4.641
0.624359 42.9775 11.835 11.392 5.787 0.436 4.607 6.57 4.694
0.624359 42.9332 11.863 11.391 5.846 0.468 4.587 6.536 4.725
0.624359 42.2422 12.236 11.399 5.99 0.439 4.728 6.6 4.671
0.6 42.6603 11.967 11.435 5.842 0.433 4.698 6.55 4.751
0.60348 42.8302 11.953 11.351 5.821 0.432 4.693 6.52 4.699
0.580848 42.7716 11.916 11.427 5.869 0.43 4.638 6.584 4.721
0.580848 42.1852 12.247 11.418 5.824 0.423 4.965 6.571 4.715
0.580848 43.0552 11.828 11.361 5.823 0.429 4.594 6.555 4.677
0.580848 42.9867 11.896 11.329 5.832 0.432 4.62 6.497 4.7
0.556856 42.9037 11.848 11.419 5.816 0.432 4.621 6.575 4.714
0.528739 42.8725 11.892 11.394 5.799 0.433 4.634 6.56 4.702
0.508009 43.1034 11.804 11.359 5.778 0.464 4.583 6.52 4.708
0.508009 42.4971 11.832 11.659 5.806 0.429 4.611 6.732 4.782
0.508009 42.9443 11.84 11.4 5.755 0.469 4.632 6.544 4.726
0.508009 42.7661 11.914 11.43 5.843 0.43 4.658 6.567 4.73
0.51548 43.109 11.829 11.329 5.777 0.463 4.602 6.505 4.692
0.549254 43.1109 11.803 11.355 5.783 0.436 4.594 6.507 4.715
0.557576 43.0645 11.841 11.343 5.788 0.432 4.594 6.49 4.718
0.604785 42.9701 11.848 11.38 5.823 0.422 4.614 6.529 4.722
0.633014 42.8082 11.836 11.487 5.741 0.434 4.659 6.572 4.777
0.633014 42.9627 11.847 11.391 5.777 0.42 4.64 6.523 4.734
0.62642 42.7478 11.921 11.434 5.775 0.43 4.69 6.541 4.748
0.613636 42.8449 11.826 11.472 5.744 0.431 4.651 6.596 4.744
0.607438 42.452 12.056 11.463 5.85 0.441 4.754 6.558 4.771
0.607438 42.7022 11.925 11.455 5.821 0.426 4.67 6.585 4.735
0.607438 42.9443 11.857 11.391 5.749 0.43 4.626 6.514 4.746
0.607438 42.5985 11.977 11.459 5.821 0.434 4.712 6.581 4.747
0.583676 42.6476 11.905 11.501 5.784 0.431 4.675 6.617 4.748
0.569522 42.7972 11.854 11.473 5.749 0.435 4.669 6.586 4.755
0.548053 42.8064 11.871 11.451 5.738 0.436 4.697 6.544 4.745
0.548053 42.757 11.954 11.395 5.857 0.433 4.656 6.53 4.73
0.548053 42.1816 12.153 11.513 5.827 0.601 4.7 6.589 4.792
0.548053 42.8412 11.888 11.412 5.783 0.425 4.631 6.525 4.749
0.57767 42.9037 11.862 11.41 5.766 0.464 4.62 6.524 4.751
0.591534 42.5333 11.974 11.499 5.831 0.427 4.68 6.598 4.769
0.577927 42.7004 11.941 11.44 5.769 0.472 4.648 6.541 4.771
0.601351 42.6058 11.954 11.476 5.822 0.427 4.667 6.576 4.764
0.582545 42.526 11.979 11.499 5.777 0.473 4.664 6.556 4.81
0.564615 42.6294 11.948 11.471 5.75 0.424 4.669 6.588 4.749
0.564615 42.5514 11.897 11.561 5.691 0.473 4.681 6.59 4.828
0.564615 42.6603 11.934 11.458 5.751 0.423 4.668 6.577 4.75
0.564615 42.1017 11.943 11.77 5.741 0.435 4.717 6.815 4.819
0.535786 42.6003 12.002 11.429 5.779 0.43 4.727 6.51 4.782
0.50911 42.7277 11.919 11.44 5.713 0.436 4.707 6.55 4.757
0.504435 42.6639 11.935 11.465 5.736 0.426 4.708 6.481 4.805
0.543785 42.8156 11.904 11.409 5.723 0.431 4.677 6.5 4.767
0.575287 42.6021 12.027 11.407 5.846 0.425 4.695 6.521 4.762
0.66783 42.6112 11.924 11.5 5.684 0.435 4.7 6.603 4.765
0.66783 43.1947 11.644 11.471 5.697 0.463 4.67 6.566 4.74
0.658555 42.3908 12.003 11.547 5.959 0.437 4.802 6.636 4.777
0.658555 42.6767 11.718 11.675 5.766 0.435 4.722 6.669 4.875
0.638237 43.0293 11.705 11.497 5.735 0.432 4.71 6.602 4.76
0.632735 42.9111 11.663 11.606 5.715 0.47 4.681 6.651 4.824
0.655405 42.7296 11.745 11.619 5.77 0.436 4.745 6.691 4.795
0.646667 42.5405 11.97 11.497 5.738 0.426 4.71 6.612 4.755
0.632795 42.6094 11.924 11.507 5.653 0.433 4.711 6.598 4.776
0.624577 41.8148 12.143 11.734 5.735 0.424 4.872 6.782 4.808
0.611432 42.1283 12.109 11.589 5.67 0.433 4.907 6.626 4.827
0.641026 42.3639 12.034 11.529 5.769 0.425 4.741 6.599 4.798
0.627766 41.7693 12.261 11.642 5.755 0.463 4.779 6.65 4.857
0.614919 42.3406 12.037 11.54 5.692 0.424 4.772 6.613 4.791
0.597688 42.4376 11.989 11.536 5.687 0.431 4.765 6.614 4.79
0.613213 42.2869 12.063 11.549 5.73 0.426 4.802 6.603 4.812
0.651431 42.171 12.077 11.593 5.735 0.429 4.777 6.63 4.829
0.651431 41.9533 12.09 11.708 5.634 0.464 4.85 6.674 4.904
0.651431 41.8848 12.247 11.591 5.704 0.425 4.927 6.63 4.829
0.646341 41.5783 12.34 11.671 5.79 0.434 4.973 6.638 4.902
0.638554 41.4542 12.337 11.746 5.783 0.434 4.918 6.714 4.896
0.633604 41.848 12.222 11.638 5.803 0.437 4.834 6.658 4.834
0.62873 42.0451 12.133 11.609 5.714 0.471 4.794 6.622 4.852
0.62873 41.5749 12.394 11.621 5.951 0.431 4.817 6.649 4.841
0.623931 41.8918 12.16 11.672 5.744 0.434 4.828 6.678 4.859
0.643931 42.061 12.097 11.638 5.679 0.458 4.805 6.629 4.872
0.624262 41.8953 12.188 11.643 5.699 0.431 4.85 6.653 4.852
0.608012 41.8708 12.177 11.66 5.722 0.424 4.859 6.666 4.859
0.596715 41.9147 12.157 11.659 5.692 0.426 4.857 6.649 4.879
0.590011 41.7851 12.169 11.719 5.703 0.424 4.833 6.649 4.93
0.579227 41.7537 12.178 11.729 5.733 0.426 4.842 6.691 4.904
0.608793 41.7938 12.187 11.704 5.707 0.427 4.874 6.657 4.911
0.641948 41.7798 12.171 11.724 5.676 0.424 4.842 6.68 4.909
0.637363 41.5679 12.214 11.801 5.676 0.427 4.932 6.759 4.916
0.614872 41.413 12.312 11.798 5.741 0.427 4.922 6.701 4.963
0.637405 41.6164 12.181 11.809 5.668 0.431 4.886 6.732 4.939
0.615517 41.6043 12.247 11.752 5.695 0.423 4.887 6.716 4.905
0.611301 41.4491 12.273 11.817 5.679 0.428 4.947 6.714 4.966
0.611301 41.5438 12.266 11.759 5.698 0.423 4.885 6.708 4.917
0.607143 41.3753 12.313 11.815 5.746 0.427 4.906 6.696 4.983
0.586769 41.625 12.262 11.725 5.698 0.458 4.87 6.67 4.922
0.617098 41.5559 12.278 11.746 5.677 0.424 4.878 6.67 4.94
0.596971 41.3206 12.422 11.739 5.828 0.425 4.908 6.685 4.922
0.593095 41.159 12.383 11.867 5.733 0.469 4.932 6.781 4.95
0.585491 41.377 12.351 11.778 5.703 0.425 4.939 6.669 4.921
0.581762 41.4921 12.316 11.746 5.738 0.425 4.899 6.691 4.92
0.568812 41.2797 12.3 11.882 5.733 0.423 4.904 6.694 5.052
0.583053 41.2626 12.38 11.815 5.759 0.425 4.942 6.701 4.975
0.57037 40.9937 12.432 11.922 5.74 0.428 4.953 6.803 4.985
0.594397 41.2048 12.362 11.858 5.743 0.425 4.928 6.734 4.994
0.587193 40.9618 12.53 11.845 5.852 0.423 4.957 6.738 4.973
0.578201 41.2031 12.388 11.845 5.683 0.424 4.986 6.719 4.992
0.61108 40.3714 12.715 12.014 5.955 0.432 5.003 6.838 5.041
0.652629 40.6587 12.451 12.104 5.687 0.426 5.014 6.814 5.149
0.652629 40.662 12.552 12 5.751 0.429 5.042 6.825 5.044
0.67709 40.7714 12.529 11.961 5.731 0.461 5.01 6.804 5.027
0.66478 40.5367 12.627 12.001 5.733 0.425 5.067 6.767 5.099
0.701577 40.6157 12.561 12.02 5.692 0.425 5.042 6.806 5.078
0.677069 40.5268 12.594 12.042 5.713 0.421 5.067 6.825 5.08
0.648187 40.085 12.681 12.228 5.751 0.427 5.111 6.958 5.134
0.6264 40.44 12.625 12.066 5.702 0.425 5.074 6.859 5.075
0.622881 40.5383 12.608 12.02 5.697 0.426 5.056 6.833 5.058
0.61596 40.3063 12.677 12.095 5.729 0.424 5.078 6.788 5.172
0.612557 40.494 12.637 12.02 5.712 0.425 5.07 6.804 5.083
0.609192 40.0737 12.799 12.117 5.705 0.428 5.097 6.866 5.117
0.639831 40.1849 12.667 12.171 5.745 0.429 5.1 6.889 5.145
0.636372 40.2334 12.684 12.135 5.759 0.425 5.089 6.874 5.13
0.624275 40.2431 12.701 12.107 5.709 0.431 5.083 6.863 5.114
0.60746 40.2868 12.675 12.108 5.717 0.428 5.102 6.866 5.112
0.625268 40.1332 12.678 12.199 5.663 0.428 5.155 6.859 5.207
0.613758 39.8804 12.872 12.162 5.764 0.426 5.205 6.846 5.179
0.636718 40.0256 12.676 12.262 5.633 0.428 5.164 6.914 5.215
0.625252 39.7709 12.844 12.24 5.753 0.429 5.194 6.915 5.193
0.639535 39.8121 12.815 12.264 5.763 0.425 5.15 6.891 5.237
0.620464 38.9681 12.93 12.691 5.782 0.426 5.218 7.286 5.265
0.634328 39.4135 12.898 12.435 5.742 0.427 5.241 6.979 5.328
0.623576 39.5241 12.969 12.294 5.761 0.429 5.225 6.915 5.249
0.617637 39.5226 12.898 12.368 5.693 0.428 5.256 6.958 5.279
0.643382 39.2835 12.972 12.446 5.739 0.427 5.265 6.993 5.319
0.666101 38.8334 13.162 12.548 5.763 0.448 5.348 7.042 5.368
0.693618 38.9181 13.121 12.535 5.749 0.435 5.312 7.011 5.374
0.716096 38.9378 13.169 12.473 5.682 0.433 5.341 6.924 5.412
0.70464 38.6429 13.29 12.55 5.772 0.426 5.402 6.979 5.437
0.688609 37.8143 13.695 12.696 5.956 0.44 5.54 7.068 5.491
0.723201 38.1359 13.548 12.635 5.827 0.439 5.591 7.045 5.455
0.711941 38.3789 13.414 12.606 5.805 0.432 5.493 6.989 5.475
0.70399 38.1621 13.598 12.564 5.971 0.435 5.469 6.944 5.471
0.693174 38.3671 13.358 12.669 5.692 0.44 5.525 6.998 5.524
0.663374 38.4408 13.316 12.655 5.729 0.442 5.461 7.039 5.474
0.63961 38.5267 13.309 12.608 5.749 0.433 5.456 7.006 5.459
0.647671 38.1781 13.44 12.715 5.864 0.437 5.48 7.057 5.522
0.662102 37.7872 13.65 12.775 5.916 0.435 5.568 7.03 5.605
0.637195 38.1534 13.454 12.714 5.717 0.433 5.595 7.031 5.543
0.651169 37.8515 13.512 12.867 5.795 0.436 5.588 7.079 5.622
0.6929 37.6237 13.528 13.012 5.719 0.43 5.673 7.107 5.751
0.6929 37.577 13.622 12.943 5.681 0.434 5.748 7.114 5.687
0.688567 37.6294 13.566 12.971 5.738 0.435 5.7 7.134 5.702
0.654846 37.5926 13.61 12.95 5.688 0.434 5.742 7.101 5.714
0.660939 37.5333 13.642 12.963 5.746 0.433 5.699 7.121 5.707
0.656496 37.3051 13.621 13.147 5.712 0.432 5.755 7.139 5.86
0.653743 37.183 13.791 13.059 5.739 0.432 5.82 7.078 5.844
0.678686 37.1319 13.792 13.099 5.774 0.47 5.782 7.125 5.831
0.664388 36.985 13.832 13.169 5.736 0.432 5.881 7.151 5.876
0.676087 36.8568 13.856 13.239 5.747 0.433 5.91 7.189 5.918
0.647668 36.7796 13.934 13.218 5.751 0.432 5.937 7.141 5.934
0.660756 36.2253 14.104 13.463 5.684 0.435 6.186 7.27 6.051
0.672488 36.2384 14.028 13.521 5.713 0.433 6.068 7.191 6.19
0.634992 36.2174 14.102 13.471 5.751 0.432 6.088 7.231 6.085
0.666284 35.9479 14.157 13.622 5.701 0.436 6.155 7.285 6.198
0.683873 35.5821 14.312 13.747 5.725 0.436 6.275 7.28 6.323
0.661222 35.5733 14.351 13.721 5.777 0.43 6.248 7.271 6.312
0.640748 35.3095 14.461 13.807 5.706 0.435 6.393 7.322 6.345
0.619182 35.4396 14.485 13.69 5.753 0.434 6.354 7.287 6.26
0.629217 35.2858 14.395 13.902 5.731 0.434 6.363 7.339 6.382
0.64567 35.0312 14.535 13.971 5.789 0.436 6.366 7.299 6.522
0.667568 34.6969 14.593 14.189 5.73 0.436 6.523 7.382 6.66
0.654719 34.5829 14.819 14.057 5.731 0.477 6.626 7.306 6.602
0.641509 34.3454 14.863 14.215 5.763 0.469 6.662 7.401 6.669
0.640207 34.3183 14.757 14.34 5.724 0.469 6.589 7.425 6.767
0.617791 34.0692 15.046 14.264 5.701 0.464 6.709 7.375 6.75
0.626856 33.9697 14.94 14.456 5.725 0.471 6.708 7.426 6.893
0.63674 33.6598 15.081 14.589 5.776 0.425 6.863 7.452 6.998
0.607568 33.5222 15.24 14.554 5.77 0.426 6.984 7.387 7.022
0.621462 33.206 15.267 14.804 5.749 0.423 7.036 7.499 7.132
