0.99052 33.5222 16.093 13.71 6.768 0.437 5.609 8.947 4.649
0.99052 30.9234 16.667 15.642 7.162 0.406 6.359 9.491 6.043
0.99052 16.8455 37.524 21.794 20.557 1.422 10.725 13.158 8.461
0.974919 23.9866 22.109 19.542 10.788 0.836 7.954 11.681 7.718
0.8959 25.5794 19.985 19.066 9.433 0.737 7.402 11.356 7.563
0.884077 26.1718 19.548 18.62 9.047 0.735 7.226 10.958 7.408
0.884077 27.222 19.188 17.499 9.059 0.508 7.129 10.578 6.777
0.884077 28.0781 18.038 17.527 8.247 0.503 6.81 10.517 6.855
0.884077 28.3382 17.786 17.455 8.007 0.481 6.762 10.422 6.866
0.917387 28.5951 18.089 16.803 8.448 0.435 6.653 10.122 6.543
0.919559 28.9268 17.406 17.116 7.866 0.462 6.602 10.209 6.605
0.916365 29.0099 17.447 16.978 8.049 0.444 6.562 10.117 6.714
0.907257 29.385 17.47 16.498 7.909 0.424 6.644 9.75 6.582
0.901106 30.067 17.127 16.087 7.812 0.426 6.453 9.55 6.395
0.892059 29.543 17.348 16.4 7.95 0.447 6.368 10.054 6.209
0.892059 28.0568 18.624 16.895 8.762 0.458 6.419 10.287 6.408
0.892059 29.9832 17.281 15.973 8.012 0.463 6.447 9.512 6.31
0.892059 30.7012 16.674 15.841 7.695 0.443 6.168 9.422 6.255
0.861182 30.1832 17.391 15.683 7.617 0.447 6.845 9.377 6.157
0.866461 30.2234 17.174 15.865 7.612 0.446 6.654 9.558 6.169
0.819604 31.4743 16.25 15.476 7.255 0.459 6.069 9.301 6.043
0.890541 31.5139 16.148 15.523 7.278 0.435 6.055 9.277 6.097
0.901702 31.1983 16.505 15.464 7.396 0.461 6.196 9.348 5.978
0.874788 31.3765 16.387 15.436 7.453 0.437 6.106 9.338 5.962
0.931383 31.737 16.249 15.213 7.503 0.435 5.901 9.218 5.857
0.937702 32.1234 15.87 15.214 7.208 0.435 5.89 9.106 5.937
0.931003 31.6206 16.104 15.466 7.201 0.468 5.947 9.313 5.945
0.927246 31.9785 16.095 15.13 7.269 0.435 6.009 9.072 5.916
0.911598 31.8563 16.277 15.068 7.465 0.492 5.977 9.052 5.89
0.890587 31.9295 16.224 15.052 7.344 0.442 6.012 9.079 5.844
0.890587 32.1802 15.867 15.151 7.148 0.438 5.98 9.125 5.896
0.890587 32.3248 15.879 15.006 7.2 0.44 5.896 8.893 5.96
0.890587 32.6509 15.671 14.91 7.366 0.457 5.877 8.888 5.884
0.890587 32.7547 15.428 15.049 7.142 0.451 5.924 8.947 5.957
0.890587 33.0229 15.387 14.849 7.114 0.442 5.898 8.851 5.854
0.890587 33.1005 15.278 14.886 7.068 0.445 5.811 8.829 5.914
0.890587 33.1378 15.341 14.787 7.075 0.44 5.778 8.856 5.796
0.890587 32.7998 15.397 15.038 7.141 0.454 5.816 8.997 5.895
0.890587 32.962 15.392 14.867 7.148 0.456 5.854 8.929 5.797
0.871822 33.2171 15.348 14.71 7.055 0.453 5.884 8.735 5.831
0.854114 33.33 15.245 14.71 6.98 0.448 5.888 8.769 5.801
0.835774 32.6701 15.219 15.34 6.982 0.451 5.844 9.046 6.138
0.835774 32.6872 15.301 15.246 7.062 0.486 5.806 9.176 5.916
0.835774 33.4616 15.105 14.696 6.916 0.446 5.766 8.678 5.881
0.835774 33.3278 15.319 14.638 7.081 0.457 5.838 8.632 5.821
0.831915 33.4258 15.198 14.672 7.002 0.453 5.813 8.712 5.822
0.830371 33.4169 15.25 14.628 7.033 0.451 5.843 8.678 5.812
0.826368 33.5435 15.126 14.641 6.977 0.447 5.794 8.678 5.819
0.823514 33.5661 15.184 14.56 7.011 0.448 5.796 8.673 5.749
0.820659 33.4392 15.292 14.563 7.067 0.45 5.832 8.679 5.751
0.817805 33.7109 15.132 14.485 6.96 0.448 5.777 8.613 5.74
0.805152 33.5211 15.165 14.621 6.975 0.452 5.82 8.606 5.869
0.798824 33.7587 15.072 14.5 6.957 0.439 5.751 8.617 5.74
0.786166 33.4024 15.222 14.667 6.982 0.45 5.861 8.605 5.916
0.773504 33.2779 15.484 14.521 7.118 0.454 5.922 8.629 5.761
0.767171 33.7849 15.053 14.497 6.946 0.442 5.761 8.604 5.763
0.754503 33.3767 15.375 14.535 6.961 0.447 6.012 8.652 5.751
0.754503 33.4057 15.333 14.555 6.946 0.553 5.885 8.629 5.789
0.754503 33.5402 15.147 14.622 6.956 0.484 5.77 8.732 5.747
0.754945 33.3356 15.145 14.797 6.917 0.442 5.794 8.664 5.983
0.785647 33.601 15.088 14.624 6.989 0.439 5.718 8.562 5.915
0.790041 33.8673 15.133 14.341 6.997 0.444 5.791 8.554 5.649
0.794196 34.1099 14.982 14.288 6.862 0.438 5.727 8.503 5.653
0.794196 33.7064 15.158 14.465 6.976 0.442 5.726 8.637 5.683
0.794196 33.8444 15.115 14.388 7.031 0.46 5.71 8.578 5.675
0.794196 32.76 15.803 14.673 7.182 0.521 5.92 8.814 5.712
0.780735 33.8318 15.187 14.325 7.021 0.512 5.77 8.535 5.649
0.774004 34.002 14.975 14.389 6.88 0.508 5.702 8.577 5.668
0.760543 34.024 14.96 14.386 6.846 0.517 5.63 8.565 5.68
0.760543 33.4582 15.041 14.796 6.898 0.507 5.643 8.759 5.882
0.760543 34.0391 14.925 14.412 6.87 0.505 5.664 8.618 5.66
0.760543 33.9397 15.065 14.355 6.944 0.513 5.716 8.577 5.645
0.741784 33.7519 15.095 14.485 6.864 0.509 5.696 8.551 5.787
0.727225 34.0078 14.961 14.398 6.831 0.539 5.65 8.539 5.72
0.708847 33.4739 15.31 14.517 6.896 0.597 5.85 8.669 5.704
0.689253 33.8181 15.225 14.298 7.028 0.515 5.753 8.513 5.651
0.689253 33.9709 15.109 14.281 6.976 0.502 5.743 8.498 5.65
0.689253 34.0136 15.076 14.278 6.943 0.499 5.714 8.534 5.612
0.692784 33.9363 15.049 14.373 6.937 0.507 5.719 8.574 5.665
0.694563 33.4459 15.408 14.442 7.118 0.526 5.85 8.56 5.731
0.699163 33.8558 15.276 14.212 6.927 0.504 5.939 8.505 5.575
0.722186 34.343 14.886 14.187 6.905 0.496 5.628 8.471 5.568
0.722186 34.1018 15.012 14.259 6.958 0.502 5.69 8.584 5.547
0.725105 34.632 14.767 14.062 6.849 0.494 5.574 8.469 5.462
0.731179 34.5829 14.781 14.086 6.921 0.503 5.499 8.476 5.477
0.724423 34.6656 14.717 14.086 6.941 0.5 5.453 8.501 5.453
0.710905 34.7005 14.65 14.121 6.902 0.494 5.413 8.493 5.493
0.709854 34.5889 14.772 14.094 6.954 0.502 5.479 8.471 5.489
0.703855 34.8797 14.672 13.95 6.887 0.499 5.401 8.422 5.4
0.721812 34.7162 14.766 13.993 6.945 0.539 5.428 8.457 5.403
0.75068 34.7451 14.744 13.987 6.895 0.501 5.393 8.453 5.402
0.779525 34.5578 14.802 14.099 6.993 0.5 5.479 8.46 5.487
0.746692 34.5554 14.816 14.077 7.021 0.504 5.477 8.47 5.474
0.73754 34.4258 14.826 14.181 6.938 0.501 5.545 8.515 5.545
0.724246 34.2841 14.902 14.219 6.886 0.512 5.621 8.497 5.583
0.736714 34.3631 14.888 14.167 6.915 0.501 5.611 8.469 5.568
0.74003 34.2642 14.872 14.267 6.935 0.501 5.583 8.615 5.518
0.766816 34.5232 14.769 14.119 6.927 0.503 5.494 8.542 5.444
0.769249 34.7645 14.654 14.063 6.888 0.497 5.41 8.446 5.489
0.767346 34.3336 14.837 14.227 6.96 0.506 5.469 8.475 5.602
0.764974 34.3383 14.876 14.2 6.979 0.554 5.492 8.638 5.426
0.765429 34.7729 14.747 13.963 6.901 0.502 5.499 8.43 5.399
0.784437 34.8493 14.698 13.949 6.916 0.502 5.399 8.426 5.391
0.784437 34.7657 14.698 13.982 6.894 0.539 5.396 8.428 5.418
0.790127 34.5722 14.864 14.012 6.948 0.502 5.535 8.44 5.42
0.759085 35.014 14.663 13.85 6.93 0.5 5.425 8.425 5.295
0.751579 35.1309 14.588 13.831 6.947 0.504 5.347 8.416 5.288
0.750561 34.9223 14.565 14.008 6.951 0.504 5.316 8.499 5.376
0.764494 34.7874 14.633 14.055 6.894 0.506 5.392 8.44 5.471
0.791717 34.8044 14.606 14.081 6.929 0.498 5.337 8.468 5.474
0.825665 34.9871 14.481 14.009 6.825 0.505 5.333 8.451 5.424
0.826895 34.9369 14.679 13.897 6.909 0.508 5.41 8.375 5.391
0.818304 34.6945 14.676 14.106 6.897 0.502 5.381 8.58 5.398
0.819156 34.7066 14.683 14.083 6.89 0.54 5.385 8.544 5.405
0.812005 34.904 14.636 13.967 6.871 0.534 5.377 8.413 5.411
0.806713 34.9004 14.662 13.944 6.86 0.501 5.414 8.536 5.277
0.823494 35.184 14.582 13.795 6.898 0.503 5.34 8.391 5.273
0.816208 34.4578 14.625 14.352 6.944 0.509 5.38 8.924 5.289
0.758675 35.2597 14.383 13.93 6.819 0.496 5.277 8.463 5.328
0.752114 35.0287 14.529 13.984 6.914 0.502 5.331 8.552 5.302
0.77178 34.9369 14.531 14.045 6.911 0.505 5.317 8.523 5.375
0.797921 35.0656 14.627 13.838 6.948 0.557 5.332 8.469 5.243
0.817465 35.1865 14.419 13.955 6.89 0.498 5.24 8.417 5.395
0.824291 35.1481 14.576 13.83 6.945 0.506 5.329 8.425 5.279
0.827886 35.3282 14.486 13.747 6.839 0.498 5.247 8.366 5.252
0.828192 35.4534 14.435 13.725 6.829 0.496 5.223 8.354 5.242
0.84631 35.0545 14.642 13.826 6.931 0.504 5.321 8.449 5.248
0.861489 35.0201 14.542 13.968 6.892 0.502 5.346 8.569 5.266
0.880583 35.3207 14.508 13.737 6.886 0.501 5.295 8.362 5.248
0.803062 33.0633 16.24 13.957 8.187 0.59 5.39 8.552 5.27
0.912542 34.5638 15.017 13.864 7.359 0.498 5.319 8.528 5.202
0.851116 35.3594 14.569 13.662 7.077 0.515 5.191 8.326 5.207
0.860326 35.3494 14.474 13.767 6.929 0.501 5.194 8.348 5.264
0.872922 35.6672 14.41 13.59 6.965 0.498 5.185 8.321 5.155
0.882613 35.5695 14.199 13.879 6.791 0.519 5.165 8.556 5.207
0.876165 35.5353 14.465 13.636 6.911 0.531 5.204 8.321 5.182
0.855942 35.3182 14.508 13.764 6.948 0.504 5.293 8.48 5.158
0.817235 35.5796 14.419 13.635 6.92 0.501 5.231 8.318 5.179
0.817235 35.3469 14.476 13.766 6.868 0.547 5.236 8.431 5.205
0.84332 35.4723 14.507 13.631 6.972 0.502 5.263 8.34 5.167
0.84332 35.5606 14.473 13.603 6.881 0.502 5.285 8.335 5.139
0.823219 35.4748 14.458 13.68 6.937 0.499 5.237 8.373 5.178
0.911789 35.4572 14.507 13.647 6.899 0.502 5.23 8.338 5.179
0.897407 35.5013 14.416 13.699 6.93 0.497 5.214 8.306 5.259
0.904671 34.842 15.019 13.636 6.972 0.497 5.221 8.353 5.153
0.897804 35.4359 14.501 13.671 6.98 0.504 5.217 8.367 5.175
0.905011 35.5771 14.403 13.655 6.935 0.495 5.183 8.336 5.192
0.877273 35.5177 14.413 13.694 6.934 0.496 5.194 8.337 5.227
0.870166 35.6532 14.368 13.586 6.828 0.532 5.164 8.313 5.146
0.79632 35.5872 14.528 13.534 6.919 0.507 5.27 8.331 5.072
0.834655 35.624 14.49 13.527 6.987 0.496 5.198 8.342 5.064
0.802543 35.7743 14.398 13.514 6.959 0.498 5.172 8.302 5.086
0.889381 35.7756 14.381 13.521 6.916 0.502 5.165 8.323 5.067
0.889381 35.7846 14.368 13.522 6.863 0.516 5.193 8.307 5.082
0.889265 35.7782 14.367 13.5 6.935 0.5 5.161 8.309 5.054
0.87531 35.9479 14.259 13.517 6.897 0.494 5.105 8.284 5.105
0.85101 35.7539 14.404 13.514 6.901 0.531 5.16 8.309 5.079
0.834168 35.6265 14.466 13.556 7.069 0.501 5.144 8.336 5.092
0.810796 35.3132 14.386 13.884 6.983 0.498 5.168 8.596 5.158
0.794712 35.8076 14.354 13.529 6.945 0.499 5.161 8.314 5.085
0.880454 35.4849 14.548 13.586 7.115 0.506 5.168 8.359 5.103
0.883552 35.7066 14.391 13.569 6.981 0.497 5.114 8.344 5.096
0.883423 35.7373 14.391 13.544 6.893 0.504 5.198 8.341 5.079
0.862556 35.759 14.373 13.544 6.895 0.498 5.212 8.356 5.062
0.855505 35.713 14.405 13.545 6.912 0.5 5.224 8.307 5.112
0.821546 35.7245 14.368 13.577 6.926 0.5 5.175 8.337 5.086
0.805098 35.6392 14.489 13.524 6.983 0.547 5.148 8.313 5.085
0.767038 35.895 14.367 13.447 6.904 0.503 5.193 8.309 5.01
0.820127 36.1363 14.188 13.431 6.886 0.539 5.022 8.276 5.026
0.807848 35.9855 14.18 13.564 6.916 0.512 5.012 8.406 5.023
0.790103 36.1873 14.182 13.405 6.875 0.493 5.003 8.265 5.009
0.848447 35.9131 14.203 13.567 6.917 0.497 5.057 8.362 5.072
0.851309 34.7162 15.132 13.62 7.51 0.508 5.34 8.452 5.036
0.850502 35.8102 14.376 13.459 6.921 0.503 5.211 8.334 4.995
0.856685 36.1298 14.191 13.448 6.872 0.491 5.079 8.285 5.035
0.835066 35.9324 14.329 13.456 6.953 0.506 5.078 8.301 5.028
0.820634 36.0295 14.289 13.419 6.882 0.506 5.122 8.284 5.005
0.808221 36.014 14.275 13.448 6.916 0.496 5.11 8.339 4.984
0.790291 36.207 14.116 13.466 6.846 0.49 5.025 8.262 5.063
0.778772 35.8938 14.333 13.479 6.927 0.506 5.108 8.33 5.022
0.810284 35.8372 14.284 13.574 6.874 0.535 5.08 8.34 5.103
0.806826 36.0412 14.29 13.405 6.916 0.505 5.123 8.284 4.983
0.799904 36.0257 14.279 13.431 6.938 0.506 5.09 8.292 4.969
0.786194 36.0894 14.242 13.422 6.916 0.501 5.085 8.276 5.022
0.851141 36.1415 14.202 13.427 6.88 0.529 5.01 8.287 5.011
0.864265 36.0114 14.281 13.443 6.891 0.507 5.137 8.301 5.015
0.858147 36.1167 14.207 13.441 6.908 0.501 5.049 8.283 5.034
0.84149 36.135 14.178 13.418 6.89 0.496 5.046 8.284 5.006
0.770502 35.9195 14.415 13.376 6.902 0.622 5.098 8.278 4.955
0.796809 36.2148 14.214 13.352 6.921 0.498 5.072 8.298 4.933
0.783829 36.0438 14.267 13.43 7.024 0.504 5.033 8.311 4.983
0.771034 36.0334 14.302 13.379 6.968 0.503 5.056 8.308 4.947
0.854094 36.3055 14.172 13.323 6.874 0.501 5.035 8.261 4.937
0.864638 34.7102 15.155 13.605 7.404 0.501 5.107 8.398 5.066
0.798551 36.2306 14.227 13.325 7.009 0.503 4.992 8.238 4.956
0.833617 35.8461 14.38 13.428 7.051 0.5 4.978 8.304 4.993
0.823666 36.1781 14.259 13.337 6.954 0.503 5.082 8.289 4.919
0.809705 36.2096 14.199 13.369 6.957 0.509 5.013 8.3 4.943
0.805707 36.0933 14.182 13.478 6.9 0.504 5.031 8.349 4.998
0.812871 36.1285 14.225 13.354 6.915 0.502 5.023 8.262 4.968
0.79736 36.1115 14.246 13.398 6.867 0.504 5.055 8.285 4.984
0.784139 36.1141 14.269 13.373 6.913 0.521 5.1 8.284 4.95
0.84639 36.3266 14.133 13.347 6.901 0.498 4.995 8.262 4.956
0.804594 36.3531 14.032 13.427 6.777 0.495 5.044 8.402 4.897
0.833306 36.5123 14.069 13.271 6.886 0.5 4.929 8.259 4.889
0.826325 36.2713 14.181 13.332 7.054 0.51 4.906 8.297 4.902
0.798924 36.7148 13.926 13.261 6.88 0.487 4.854 8.234 4.902
0.847981 36.5017 14.033 13.32 6.864 0.502 4.913 8.257 4.939
0.82545 36.2306 14.126 13.427 6.938 0.497 4.966 8.307 4.932
0.756582 36.3994 14.115 13.277 6.92 0.506 4.954 8.252 4.896
0.783366 36.5778 13.979 13.302 6.844 0.529 4.847 8.268 4.906
0.770222 36.4299 14.109 13.292 7.003 0.493 4.87 8.286 4.876
0.83095 36.0127 14.394 13.332 7.293 0.501 4.879 8.259 4.943
0.83095 36.3822 14.131 13.305 6.972 0.502 4.896 8.262 4.91
0.83095 36.4365 14.079 13.317 6.886 0.5 4.936 8.281 4.904
0.83095 36.4325 14.083 13.31 6.94 0.499 4.939 8.245 4.938
0.784041 36.8297 13.893 13.214 6.845 0.489 4.852 8.218 4.871
0.793303 36.2542 14.049 13.482 6.945 0.496 4.886 8.402 4.934
0.791418 36.4538 14.047 13.334 7.002 0.492 4.844 8.24 4.956
0.786007 36.9031 13.897 13.152 6.82 0.495 4.837 8.139 4.888
0.775643 36.7958 13.96 13.168 6.835 0.496 4.918 8.176 4.866
0.78843 36.9031 13.883 13.162 6.794 0.497 4.883 8.14 4.893
0.797893 36.8351 13.948 13.153 6.779 0.494 4.924 8.161 4.869
0.748477 36.4964 14.155 13.197 7.051 0.504 4.877 8.195 4.869
0.784646 36.8745 13.986 13.082 6.835 0.542 4.855 8.114 4.844
0.797068 37.0576 13.758 13.176 6.772 0.488 4.804 8.158 4.89
0.809889 36.9303 13.914 13.116 6.787 0.526 4.847 8.136 4.856
0.802137 36.9891 13.86 13.126 6.824 0.496 4.842 8.133 4.867
0.796316 36.8487 13.935 13.155 6.826 0.494 4.917 8.146 4.852
0.749406 36.41 14.394 13.008 7.333 0.536 4.789 8.107 4.778
0.830914 37.1223 13.799 13.093 6.84 0.512 4.741 8.102 4.861
0.815039 37.326 13.726 13.019 6.716 0.487 4.758 8.06 4.831
0.828125 37.2759 13.711 13.07 6.756 0.5 4.756 8.089 4.852
0.768923 37.3958 13.671 13.021 6.707 0.496 4.761 8.065 4.825
0.772273 37.0398 13.807 13.144 6.774 0.496 4.828 8.206 4.812
0.775653 37.4014 13.657 13.034 6.71 0.486 4.758 8.066 4.839
0.779063 37.0316 13.842 13.113 6.779 0.493 4.84 8.084 4.9
0.779063 37.219 13.787 13.031 6.766 0.493 4.822 8.065 4.84
0.779063 37.3385 13.683 13.039 6.673 0.49 4.778 8.095 4.82
0.779063 37.3009 13.721 13.039 6.707 0.536 4.774 8.084 4.827
0.786684 37.0851 13.79 13.125 6.717 0.529 4.808 8.155 4.84
0.801614 37.2148 13.763 13.068 6.763 0.499 4.808 8.099 4.804
0.809241 37.4714 13.606 13.03 6.669 0.485 4.759 8.075 4.828
0.820079 36.7282 14.001 13.178 6.867 0.519 4.898 8.228 4.826
0.788658 37.2787 13.777 12.996 6.757 0.492 4.835 8.076 4.787
0.814238 37.4125 13.693 12.987 6.721 0.492 4.767 8.085 4.779
0.814238 37.201 13.821 12.978 6.876 0.495 4.771 8.06 4.782
0.814238 36.8378 13.939 13.139 6.909 0.5 4.794 8.194 4.807
0.814238 37.3818 13.728 12.977 6.816 0.492 4.716 8.064 4.786
0.76956 37.3371 13.753 12.983 6.773 0.498 4.789 8.087 4.772
0.76956 37.1416 13.745 13.094 6.767 0.493 4.771 8.211 4.759
0.76956 37.201 13.863 12.969 6.754 0.493 4.887 8.072 4.773
0.79162 37.3846 13.738 12.965 6.769 0.491 4.792 8.091 4.753
0.813186 37.1512 13.837 12.999 6.866 0.499 4.777 8.093 4.78
0.829032 37.3944 13.73 12.958 6.741 0.491 4.775 8.073 4.762
0.829032 37.4504 13.694 12.95 6.778 0.491 4.735 8.052 4.77
0.777658 37.47 13.599 13.044 6.676 0.521 4.687 8.179 4.741
0.807199 37.5883 13.467 13.09 6.786 0.54 4.756 8.194 4.751
0.813993 37.5643 13.158 13.416 6.707 0.49 4.661 8.475 4.803
0.80664 38.1636 13.152 12.994 6.665 0.486 4.663 8.147 4.721
0.753858 37.9492 13.278 13.025 6.778 0.492 4.717 8.148 4.755
0.764367 37.8759 13.351 13.005 6.757 0.491 4.7 8.156 4.722
0.771538 38.1781 13.154 12.984 6.729 0.487 4.648 8.142 4.718
0.78255 38.0098 13.267 12.997 6.783 0.496 4.694 8.136 4.733
0.78255 37.9463 13.309 12.994 6.75 0.531 4.693 8.137 4.734
0.78255 38.004 13.282 12.987 6.755 0.499 4.742 8.126 4.738
0.736269 38.1025 13.265 12.929 6.74 0.498 4.72 8.146 4.662
0.772576 37.8072 13.486 12.907 6.727 0.484 4.605 8.096 4.671
0.776379 37.8272 13.453 12.938 6.704 0.482 4.627 8.094 4.717
0.784097 37.3246 13.626 13.114 6.727 0.536 4.669 8.099 4.87
0.762959 37.0521 14.09 12.853 7.323 0.486 4.628 8.057 4.668
0.748016 37.886 13.537 12.809 6.724 0.492 4.665 8.071 4.615
0.770527 37.9694 13.448 12.84 6.737 0.498 4.612 8.074 4.641
0.770527 37.9075 13.48 12.852 6.744 0.494 4.625 8.067 4.656
0.770527 37.8716 13.541 12.814 6.723 0.492 4.633 8.075 4.619
0.770527 37.8716 13.488 12.876 6.756 0.492 4.63 8.104 4.643
0.770527 37.8702 13.482 12.874 6.765 0.492 4.616 8.111 4.641
0.770527 37.8015 13.568 12.835 6.767 0.498 4.611 8.081 4.632
0.729892 38.3259 13.294 12.742 6.674 0.493 4.529 8.024 4.594
0.807446 38.1752 13.344 12.803 6.728 0.491 4.547 8.043 4.633
0.790564 37.8989 13.519 12.822 6.709 0.5 4.658 8.074 4.624
0.804511 37.8702 13.501 12.859 6.779 0.493 4.622 8.082 4.641
0.804511 37.8243 13.528 12.851 6.758 0.49 4.663 8.088 4.633
0.742048 37.7302 13.582 12.876 6.774 0.491 4.695 8.096 4.64
0.742048 37.7487 13.493 12.912 6.781 0.49 4.612 8.106 4.681
0.75378 38.0113 13.436 12.823 6.721 0.526 4.54 8.061 4.635
0.721195 37.873 13.514 12.845 6.748 0.486 4.647 8.076 4.642
0.754694 38.0156 13.416 12.814 6.756 0.488 4.594 8.069 4.616
0.776826 37.9003 13.414 12.924 6.7 0.543 4.555 8.134 4.663
0.788168 38.2088 13.368 12.755 6.784 0.483 4.509 8.023 4.608
0.795927 38.2088 13.322 12.803 6.76 0.484 4.492 8.031 4.645
0.795927 38.1054 13.408 12.786 6.744 0.485 4.515 8.072 4.588
0.744997 38.0575 13.395 12.831 6.75 0.497 4.558 8.089 4.615
0.783836 38.2541 13.398 12.696 6.817 0.491 4.543 8.019 4.551
0.775315 38.2263 13.378 12.735 6.731 0.491 4.557 8.063 4.549
0.773984 38.3715 13.348 12.666 6.78 0.492 4.53 7.986 4.552
0.718829 38.3862 13.369 12.633 6.754 0.488 4.579 7.981 4.531
0.772965 38.2892 13.424 12.649 6.871 0.532 4.473 8.001 4.524
0.842341 38.3333 13.268 12.771 6.77 0.492 4.486 8.037 4.601
0.767976 37.9161 13.509 12.814 6.866 0.492 4.569 8.076 4.615
0.767976 38.2336 13.308 12.75 6.692 0.485 4.524 8.025 4.596
0.767976 38.1446 13.408 12.762 6.764 0.492 4.575 8.03 4.608
0.767976 37.9795 13.497 12.793 6.85 0.513 4.509 8.054 4.613
0.768818 38.3245 13.292 12.757 6.721 0.485 4.507 8.027 4.598
0.776783 37.8702 13.574 12.784 6.862 0.493 4.601 8.055 4.606
0.777185 38.3583 13.283 12.74 6.694 0.494 4.52 8.02 4.597
0.730927 38.4025 13.316 12.673 6.729 0.491 4.518 7.982 4.569
0.776638 38.2336 13.279 12.829 6.744 0.494 4.466 8.176 4.53
0.780643 38.298 13.38 12.686 6.726 0.537 4.509 8.016 4.55
0.780643 38.2629 13.339 12.702 6.829 0.489 4.47 8.006 4.568
0.780643 38.3083 13.3 12.753 6.74 0.496 4.519 8.027 4.601
0.733296 38.4719 13.277 12.669 6.704 0.494 4.474 7.995 4.55
0.755133 38.6742 13.195 12.613 6.756 0.492 4.432 7.969 4.521
0.728914 38.1534 13.39 12.771 6.775 0.491 4.534 8.082 4.555
0.711385 38.6473 13.139 12.677 6.702 0.493 4.433 8.007 4.543
0.720154 38.37 13.263 12.714 6.699 0.577 4.442 7.993 4.586
0.728914 38.546 13.247 12.65 6.766 0.493 4.473 7.991 4.529
0.699725 38.7822 13.169 12.57 6.751 0.485 4.421 7.965 4.483
0.730052 37.4799 13.198 13.4 6.757 0.493 4.463 8.71 4.551
0.730052 37.5122 14.037 12.579 7.593 0.486 4.467 7.952 4.504
0.730052 38.6473 13.237 12.595 6.771 0.49 4.492 7.968 4.506
0.730052 37.5009 13.734 12.873 6.947 0.498 4.526 8.187 4.544
0.730052 37.1209 13.985 12.892 7.279 0.533 4.562 8.16 4.608
0.804625 38.298 13.342 12.722 6.802 0.5 4.553 7.976 4.616
0.809 38.6533 13.218 12.608 6.81 0.481 4.448 7.954 4.502
0.813423 36.2306 14.077 13.479 7.454 0.488 4.579 8.621 4.693
0.817895 38.184 13.4 12.745 6.913 0.487 4.517 8.036 4.583
0.86196 38.0373 13.418 12.823 6.857 0.498 4.591 8.087 4.61
0.84343 37.6364 13.5 13.019 6.881 0.484 4.615 8.268 4.612
0.84343 38.0778 13.435 12.783 6.864 0.486 4.565 8.059 4.596
0.834302 38.0938 13.401 12.811 6.839 0.486 4.545 8.065 4.618
0.825448 37.9809 13.526 12.76 6.879 0.486 4.616 8.04 4.597
0.799365 38.1971 13.376 12.758 6.814 0.484 4.546 8.028 4.603
0.799365 37.843 13.506 12.873 6.855 0.484 4.575 8.14 4.601
0.799365 38.2059 13.323 12.78 6.757 0.487 4.532 8.055 4.594
0.799365 38.1767 13.392 12.76 6.823 0.485 4.566 8.032 4.599
0.799365 38.1461 13.328 12.812 6.788 0.486 4.544 8.042 4.636
0.799365 38.1039 13.417 12.784 6.782 0.515 4.574 8.053 4.597
0.799365 38.345 13.273 12.755 6.759 0.478 4.508 8.026 4.6
0.790329 37.9809 13.449 12.831 6.845 0.484 4.611 8.118 4.586
0.781283 38.1461 13.41 12.761 6.833 0.484 4.571 8.035 4.599
0.732511 38.238 13.342 12.763 6.843 0.479 4.513 8.037 4.601
0.757143 38.2482 13.281 12.821 6.739 0.506 4.502 8.119 4.57
0.757143 38.2453 13.41 12.688 6.854 0.485 4.546 8.006 4.556
0.749558 38.503 13.251 12.67 6.721 0.483 4.526 8.035 4.514
0.761147 38.5892 13.13 12.735 6.702 0.487 4.459 7.983 4.623
0.769283 38.4025 13.279 12.718 6.787 0.491 4.521 8.022 4.567
0.781311 38.2205 13.394 12.717 6.833 0.485 4.54 8.036 4.556
0.781311 38.3789 13.312 12.694 6.801 0.494 4.523 8.001 4.568
0.756286 38.2365 13.339 12.768 6.844 0.487 4.516 8.011 4.628
0.756286 38.4941 13.221 12.706 6.787 0.485 4.473 8.007 4.577
0.743841 38.4778 13.232 12.709 6.71 0.522 4.463 8.019 4.566
0.715511 38.6862 13.14 12.667 6.709 0.48 4.464 8.006 4.537
0.703443 38.219 13.368 12.751 6.807 0.485 4.585 8.035 4.587
0.703443 38.0402 13.383 12.855 6.771 0.488 4.495 8.158 4.568
0.657516 38.6085 13.209 12.643 6.748 0.487 4.487 7.994 4.526
0.694319 38.5951 13.23 12.636 6.821 0.492 4.465 7.993 4.514
0.659838 38.6444 13.261 12.566 6.842 0.479 4.452 7.977 4.461
0.727935 38.8697 13.079 12.606 6.79 0.487 4.373 7.981 4.504
0.73202 38.7312 13.166 12.602 6.805 0.491 4.452 7.983 4.486
0.73202 38.7777 13.14 12.601 6.838 0.479 4.391 7.961 4.516
0.73202 38.8561 13.121 12.572 6.768 0.489 4.411 7.991 4.461
0.73202 38.9864 13.061 12.548 6.768 0.515 4.361 7.963 4.463
0.728273 38.7102 13.204 12.575 6.827 0.49 4.45 7.963 4.482
0.863548 38.6458 13.121 12.711 6.815 0.486 4.403 8.002 4.57
0.78086 38.1243 13.447 12.718 6.87 0.529 4.491 8.035 4.561
0.776595 38.552 13.191 12.705 6.766 0.479 4.461 8.023 4.555
0.776601 38.345 13.307 12.726 6.804 0.485 4.522 8.027 4.574
0.772303 38.4986 13.21 12.717 6.712 0.514 4.432 8.036 4.557
0.772303 38.6011 13.163 12.704 6.757 0.491 4.436 8.025 4.556
0.772303 38.3671 13.324 12.696 6.817 0.485 4.53 8.036 4.535
0.763743 38.2922 13.254 12.796 6.741 0.478 4.457 8.163 4.511
0.792593 38.6877 13.132 12.661 6.759 0.478 4.431 8.022 4.512
0.782232 38.4926 13.261 12.67 6.841 0.484 4.482 8.027 4.521
0.761511 38.1971 13.326 12.808 6.787 0.486 4.554 8.188 4.499
0.757355 38.2658 13.317 12.763 6.903 0.485 4.477 8.142 4.499
0.749101 37.7458 13.62 12.829 7.196 0.482 4.489 8.151 4.554
0.732825 38.2936 13.337 12.735 6.872 0.526 4.439 8.107 4.505
0.75808 38.3054 13.304 12.757 6.897 0.478 4.463 8.097 4.532
0.75808 38.1025 13.359 12.841 6.924 0.485 4.503 8.175 4.507
0.784396 38.1665 13.37 12.782 6.869 0.516 4.491 8.136 4.523
0.784396 38.3656 13.241 12.777 6.845 0.478 4.463 8.127 4.526
0.784396 38.1796 13.382 12.765 6.918 0.487 4.53 8.151 4.487
0.784396 38.2629 13.318 12.772 6.912 0.479 4.469 8.117 4.529
0.724252 38.1417 13.399 12.776 6.935 0.482 4.529 8.125 4.516
0.740787 35.7513 14.894 13.026 7.521 0.622 5.034 8.266 4.63
0.72318 38.2995 13.339 12.719 6.826 0.491 4.493 8.079 4.516
0.72318 38.3921 13.291 12.685 6.858 0.499 4.505 8.055 4.504
0.72318 38.2234 13.525 12.591 6.883 0.547 4.547 8.003 4.466
0.72318 37.5756 13.879 12.689 7.446 0.48 4.491 8.097 4.466
0.72318 38.9605 13.065 12.547 6.701 0.479 4.426 7.969 4.459
0.72318 39.0031 13.021 12.574 6.716 0.479 4.406 7.977 4.472
0.72318 38.6698 13.061 12.748 6.761 0.478 4.399 8.106 4.513
0.72318 38.8395 13.137 12.563 6.736 0.478 4.473 7.972 4.47
0.72318 38.398 13.361 12.639 6.849 0.483 4.605 8.023 4.491
0.72318 38.7087 13.213 12.571 6.834 0.485 4.469 7.963 4.486
0.72318 38.6488 13.256 12.572 6.833 0.483 4.477 7.992 4.462
0.72318 38.8259 13.135 12.576 6.802 0.483 4.434 7.965 4.489
0.682548 39.061 13.059 12.496 6.759 0.477 4.406 7.937 4.438
0.723418 38.5892 13.154 12.712 6.722 0.479 4.515 8.181 4.407
0.723418 38.7958 13.108 12.624 6.868 0.478 4.367 8.06 4.442
0.70722 37.9723 13.262 12.954 6.955 0.492 4.417 8.352 4.461
0.70722 38.5 13.281 12.647 6.924 0.483 4.404 8.103 4.421
0.70722 38.6339 13.223 12.62 6.932 0.486 4.408 8.084 4.423
0.70722 38.9317 13.03 12.607 6.824 0.481 4.34 8.045 4.439
0.715229 38.7207 13.155 12.625 6.916 0.477 4.343 8.093 4.408
0.731746 38.6922 13.182 12.619 6.909 0.483 4.394 8.072 4.415
0.740267 38.8757 13.078 12.6 6.85 0.478 4.363 8.046 4.432
0.690699 38.2892 13.336 12.734 6.942 0.486 4.461 7.954 4.635
0.654816 38.9879 13.136 12.469 6.844 0.486 4.41 7.943 4.405
0.68678 39.2095 12.981 12.462 6.805 0.481 4.324 7.933 4.397
0.694892 39.1083 13.027 12.496 6.809 0.485 4.368 7.93 4.442
0.711351 38.6056 13.105 12.752 6.791 0.521 4.369 8.168 4.441
0.719702 39.0229 13.135 12.442 6.871 0.486 4.399 7.923 4.396
0.719702 38.8666 13.153 12.501 6.908 0.485 4.385 7.941 4.412
0.719702 39.2065 13.016 12.44 6.772 0.514 4.32 7.942 4.375
0.719702 38.8727 13.038 12.638 6.815 0.487 4.364 8.067 4.428
0.719702 39.3437 12.984 12.385 6.799 0.484 4.324 7.897 4.366
0.719702 39.0092 12.991 12.601 6.793 0.485 4.338 8.052 4.418
0.719702 39.4571 12.858 12.4 6.693 0.516 4.28 7.916 4.361
0.70972 39.3639 12.98 12.374 6.762 0.484 4.356 7.877 4.379
0.682288 39.5366 12.852 12.389 6.695 0.477 4.296 7.901 4.37
0.672379 39.302 12.984 12.409 6.772 0.486 4.347 7.9 4.387
0.672379 38.8712 13.026 12.654 6.732 0.484 4.334 8.173 4.354
0.672379 39.0839 13.086 12.456 6.896 0.486 4.316 7.989 4.346
0.581158 39.1819 13.061 12.414 6.878 0.488 4.326 7.978 4.312
0.726406 38.9696 12.999 12.612 6.889 0.485 4.274 8.157 4.332
0.707707 39.0747 13.013 12.535 6.859 0.485 4.306 8.04 4.374
0.682183 38.8621 13.142 12.546 6.877 0.484 4.376 8.044 4.374
0.682183 38.6668 13.12 12.695 6.84 0.484 4.357 8.186 4.385
0.682183 39.2218 13.019 12.429 6.806 0.483 4.335 7.934 4.374
0.682183 39.165 13.026 12.459 6.785 0.49 4.354 7.931 4.399
0.690218 38.7747 13.041 12.706 6.789 0.489 4.363 8.115 4.457
0.698331 39.1343 13.056 12.444 6.733 0.532 4.352 7.935 4.379
0.706521 39.2449 13.017 12.418 6.779 0.486 4.352 7.911 4.386
0.706521 39.0183 13.036 12.544 6.772 0.481 4.387 7.988 4.432
0.706521 39.1619 13.062 12.431 6.732 0.481 4.362 7.901 4.374
0.669759 39.5664 12.864 12.359 6.676 0.509 4.288 7.875 4.361
0.711491 39.3546 12.967 12.362 6.775 0.482 4.326 7.882 4.361
0.711491 39.0915 13.105 12.414 6.91 0.482 4.35 7.927 4.365
0.719902 39.5946 12.836 12.369 6.717 0.482 4.265 7.874 4.366
0.678657 39.3871 12.99 12.35 6.768 0.483 4.295 7.893 4.337
0.678657 39.4711 12.935 12.349 6.773 0.483 4.304 7.881 4.347
0.686747 39.5038 12.929 12.34 6.762 0.487 4.317 7.873 4.34
0.694915 39.3422 13.002 12.367 6.787 0.481 4.348 7.88 4.365
0.703163 39.2912 13.031 12.335 6.764 0.482 4.371 7.884 4.331
0.711491 39.5507 12.826 12.388 6.693 0.478 4.262 7.916 4.351
0.711491 39.571 12.846 12.365 6.722 0.479 4.285 7.878 4.364
0.711491 39.5867 12.867 12.349 6.738 0.476 4.279 7.869 4.357
0.711491 38.9545 13.101 12.526 6.878 0.492 4.359 7.885 4.494
0.711491 35.7551 15.243 12.672 8.402 0.518 4.498 8.083 4.46
0.711491 37.2176 14.123 12.699 7.331 0.529 4.644 8.102 4.476
0.711491 38.8229 13.138 12.569 6.783 0.496 4.381 8.028 4.405
0.719902 38.9742 13.177 12.431 6.95 0.5 4.355 7.934 4.373
0.719902 39.3747 12.97 12.361 6.783 0.492 4.327 7.877 4.364
0.728395 39.367 12.952 12.405 6.757 0.49 4.338 7.926 4.355
0.728395 39.4508 12.895 12.408 6.765 0.485 4.275 7.893 4.369
0.694915 39.3825 12.987 12.358 6.737 0.487 4.329 7.889 4.349
0.694915 39.3608 12.978 12.38 6.724 0.535 4.311 7.906 4.352
0.694915 39.2788 13.04 12.38 6.756 0.489 4.421 7.891 4.357
0.694915 39.5867 12.795 12.428 6.666 0.482 4.284 7.942 4.362
0.694915 39.6385 12.8 12.377 6.68 0.482 4.272 7.897 4.36
0.694915 39.426 12.945 12.367 6.752 0.489 4.331 7.903 4.343
0.694915 39.384 12.942 12.402 6.764 0.491 4.327 7.899 4.381
0.694915 39.0213 13.203 12.352 6.918 0.528 4.336 7.896 4.338
0.7006 39.4804 12.941 12.338 6.762 0.489 4.328 7.863 4.357
0.698455 39.4945 12.909 12.365 6.771 0.481 4.299 7.886 4.354
0.703815 39.3996 12.97 12.362 6.752 0.489 4.358 7.887 4.353
0.703815 39.4726 12.903 12.386 6.69 0.478 4.288 7.896 4.369
0.703815 38.8334 13.339 12.364 6.67 0.484 4.3 7.89 4.353
0.703815 39.4804 12.953 12.332 6.816 0.477 4.27 7.855 4.356
0.71204 39.4773 12.935 12.348 6.755 0.483 4.329 7.865 4.355
0.671691 38.8214 12.933 12.759 6.762 0.481 4.326 8.222 4.396
0.679608 39.3035 12.951 12.439 6.758 0.481 4.344 7.918 4.398
0.679608 39.4368 12.879 12.432 6.664 0.475 4.274 7.875 4.43
0.679608 38.3245 12.989 13.057 6.783 0.482 4.342 8.533 4.391
0.679608 39.5726 12.91 12.311 6.737 0.483 4.314 7.857 4.331
0.679608 39.7551 12.79 12.317 6.649 0.478 4.256 7.826 4.373
0.679608 39.2388 12.965 12.474 6.707 0.483 4.313 7.921 4.428
0.679608 39.4758 12.977 12.308 6.801 0.483 4.313 7.852 4.331
0.687278 39.6165 12.886 12.31 6.714 0.495 4.312 7.851 4.336
0.691179 39.582 12.901 12.316 6.681 0.48 4.326 7.845 4.35
0.699114 39.5319 12.929 12.32 6.726 0.515 4.288 7.871 4.328
0.699114 39.6055 12.859 12.34 6.729 0.48 4.287 7.871 4.345
0.699114 39.496 12.917 12.35 6.755 0.482 4.306 7.878 4.348
0.699114 39.5523 12.928 12.298 6.752 0.479 4.322 7.836 4.339
0.699114 39.496 12.98 12.287 6.718 0.482 4.327 7.816 4.349
0.699114 39.5523 12.944 12.294 6.741 0.512 4.316 7.853 4.32
0.699114 39.5851 12.891 12.29 6.748 0.48 4.291 7.837 4.333
0.699114 39.3453 12.904 12.464 6.721 0.482 4.315 7.832 4.49
0.699114 39.3763 12.983 12.332 6.74 0.484 4.324 7.888 4.325
0.699114 39.8867 12.731 12.296 6.63 0.515 4.219 7.869 4.31
0.699114 39.3546 12.893 12.462 6.736 0.485 4.295 7.98 4.356
0.647332 39.6999 12.839 12.311 6.721 0.476 4.26 7.83 4.353
0.738461 39.7614 12.854 12.256 6.777 0.481 4.257 7.81 4.326
0.726832 39.6605 12.829 12.341 6.649 0.487 4.309 7.944 4.282
0.715202 40.0384 12.698 12.233 6.613 0.51 4.192 7.823 4.288
0.703573 39.5977 12.814 12.392 6.748 0.481 4.229 7.841 4.407
0.691263 39.7899 12.854 12.221 6.711 0.517 4.233 7.81 4.288
0.675125 39.8343 12.786 12.275 6.71 0.489 4.24 7.836 4.317
0.651486 39.7283 12.839 12.29 6.742 0.483 4.266 7.852 4.311
0.651486 39.7915 12.749 12.332 6.678 0.492 4.223 7.909 4.296
0.69945 39.8279 12.807 12.254 6.72 0.486 4.257 7.823 4.31
0.69945 39.8947 12.795 12.22 6.718 0.482 4.249 7.811 4.287
0.675664 40.016 12.681 12.25 6.645 0.484 4.207 7.834 4.295
0.664216 39.7535 12.861 12.256 6.713 0.483 4.287 7.797 4.309
0.606106 40.0689 12.721 12.19 6.634 0.52 4.187 7.816 4.255
0.808022 39.9138 12.735 12.269 6.714 0.477 4.239 7.835 4.313
0.777403 39.9473 12.695 12.254 6.659 0.488 4.197 7.824 4.306
0.754013 39.7472 12.81 12.303 6.674 0.491 4.264 7.847 4.332
0.744781 39.7456 12.858 12.251 6.69 0.534 4.241 7.863 4.266
0.726605 39.8438 12.751 12.301 6.724 0.486 4.191 7.852 4.327
0.763344 39.9122 12.683 12.25 6.64 0.483 4.211 7.818 4.309
0.744781 37.4364 14.196 12.471 7.745 0.493 4.333 8.05 4.298
0.735646 39.4089 12.946 12.384 6.786 0.49 4.326 7.934 4.322
0.717659 39.5523 12.969 12.266 6.807 0.489 4.316 7.836 4.292
0.772774 39.2526 12.919 12.51 6.742 0.478 4.322 8.095 4.288
0.772774 39.9728 12.73 12.238 6.657 0.514 4.188 7.83 4.285
0.730488 39.8851 12.844 12.183 6.736 0.514 4.205 7.821 4.243
0.750311 39.9409 12.756 12.236 6.69 0.521 4.233 7.853 4.264
0.741013 39.9521 12.777 12.192 6.698 0.529 4.232 7.825 4.247
0.778809 39.8454 12.865 12.182 6.906 0.49 4.163 7.794 4.25
0.730886 39.9425 12.758 12.227 6.737 0.489 4.218 7.829 4.277
0.713689 39.7931 12.854 12.221 6.742 0.49 4.237 7.839 4.256
0.670779 39.7298 12.878 12.242 6.806 0.489 4.248 7.853 4.259
0.617458 39.9249 12.764 12.235 6.733 0.49 4.227 7.877 4.235
0.686527 40.2139 12.646 12.174 6.71 0.481 4.147 7.802 4.241
0.669972 40.1526 12.649 12.211 6.705 0.484 4.161 7.815 4.268
0.653738 40.1913 12.681 12.152 6.691 0.499 4.179 7.796 4.23
0.645739 39.9218 12.774 12.19 6.756 0.492 4.219 7.809 4.253
0.678209 40.0416 12.715 12.212 6.728 0.491 4.193 7.85 4.234
0.661815 40.1768 12.665 12.178 6.706 0.486 4.176 7.811 4.246
0.653738 40.1059 12.651 12.24 6.672 0.486 4.208 7.89 4.233
0.653738 40.0529 12.693 12.238 6.694 0.488 4.213 7.863 4.246
0.686527 40.3177 12.576 12.168 6.665 0.478 4.134 7.794 4.255
0.661815 40.1639 12.688 12.163 6.695 0.489 4.199 7.793 4.243
0.607993 40.2512 12.692 12.092 6.755 0.481 4.16 7.768 4.202
0.798924 40.1332 12.655 12.218 6.698 0.494 4.192 7.837 4.263
0.725178 39.6542 12.919 12.243 6.875 0.49 4.238 7.825 4.295
0.679393 39.7852 12.808 12.271 6.71 0.493 4.256 7.847 4.28
0.671311 39.6542 12.85 12.319 6.694 0.49 4.291 7.929 4.273
0.663307 38.6847 13.526 12.266 6.751 0.477 4.377 7.858 4.287
0.704114 39.8661 12.73 12.297 6.618 0.487 4.245 7.851 4.304
0.687553 39.7298 12.878 12.243 6.698 0.484 4.269 7.838 4.286
0.663307 40.0786 12.677 12.231 6.622 0.519 4.189 7.839 4.275
0.687553 39.8438 12.805 12.245 6.7 0.49 4.269 7.838 4.286
0.671311 39.9186 12.74 12.268 6.69 0.484 4.223 7.85 4.297
0.647526 39.9074 12.749 12.265 6.699 0.478 4.223 7.822 4.321
0.641749 39.9042 12.767 12.241 6.711 0.482 4.21 7.844 4.268
0.658781 39.9249 12.773 12.23 6.724 0.489 4.245 7.833 4.272
0.650814 39.7867 12.859 12.225 6.714 0.492 4.308 7.81 4.256
0.683151 39.8692 12.8 12.234 6.68 0.527 4.244 7.852 4.265
0.666826 39.7947 12.842 12.177 6.781 0.494 4.253 7.779 4.278
0.658781 39.7852 12.765 12.326 6.718 0.489 4.244 7.922 4.281
0.606209 40.0272 12.744 12.193 6.698 0.495 4.233 7.832 4.24
0.798924 40.1655 12.659 12.198 6.705 0.484 4.164 7.795 4.274
0.730117 40.1155 12.696 12.187 6.734 0.485 4.177 7.79 4.276
0.711329 40.0914 12.685 12.21 6.643 0.477 4.198 7.814 4.274
0.698319 39.984 12.647 12.317 6.643 0.479 4.217 7.904 4.289
0.734225 39.992 12.754 12.202 6.713 0.491 4.247 7.8 4.284
0.720803 39.9728 12.758 12.214 6.727 0.49 4.235 7.822 4.272
0.708164 40.0032 12.754 12.195 6.733 0.49 4.217 7.8 4.274
0.691419 40.0032 12.764 12.197 6.708 0.495 4.253 7.794 4.284
0.679525 40.1316 12.659 12.209 6.699 0.484 4.171 7.807 4.275
0.671265 39.8692 12.709 12.328 6.697 0.481 4.235 7.928 4.277
0.696291 39.7599 12.864 12.24 6.804 0.491 4.25 7.849 4.273
0.687866 39.7725 12.864 12.226 6.777 0.49 4.281 7.818 4.28
0.671515 40.222 12.604 12.215 6.638 0.489 4.181 7.797 4.294
0.659259 40.008 12.721 12.223 6.711 0.483 4.218 7.79 4.298
0.643063 40.1849 12.638 12.196 6.631 0.484 4.196 7.798 4.277
0.728829 39.801 12.779 12.291 6.719 0.492 4.253 7.848 4.321
0.697442 39.8676 12.802 12.236 6.701 0.49 4.273 7.812 4.305
0.697442 40.0465 12.669 12.257 6.645 0.482 4.208 7.808 4.316
0.663494 39.9968 12.705 12.252 6.62 0.488 4.223 7.792 4.331
0.679825 39.8327 12.836 12.221 6.661 0.491 4.308 7.776 4.324
0.752243 39.7156 12.851 12.276 6.682 0.528 4.263 7.83 4.311
0.73314 39.4166 12.927 12.397 6.676 0.523 4.344 7.978 4.294
0.761952 38.7297 13.341 12.429 6.998 0.489 4.329 7.987 4.305
0.742639 39.1435 13.003 12.492 6.9 0.491 4.295 8.012 4.352
0.73314 39.1053 13.059 12.461 6.88 0.501 4.344 8.01 4.327
0.723744 39.6354 12.877 12.311 6.865 0.48 4.197 7.905 4.287
0.761952 39.4633 12.877 12.365 6.787 0.49 4.258 7.937 4.308
0.742639 39.6181 12.808 12.353 6.712 0.484 4.205 7.922 4.306
0.73314 39.7204 12.758 12.374 6.708 0.475 4.192 7.957 4.293
0.675136 39.7678 12.803 12.293 6.747 0.487 4.228 7.895 4.278
0.739096 39.4135 12.813 12.515 6.8 0.488 4.22 8.002 4.369
0.70236 39.8915 12.831 12.191 6.765 0.53 4.224 7.795 4.273
0.6761 39.9377 12.79 12.204 6.703 0.492 4.267 7.801 4.278
0.659417 39.96 12.768 12.204 6.697 0.49 4.26 7.795 4.281
0.651199 40.1849 12.662 12.176 6.657 0.486 4.213 7.764 4.287
0.684568 39.9138 12.76 12.217 6.71 0.486 4.258 7.814 4.282
0.6761 39.9154 12.797 12.216 6.669 0.488 4.27 7.775 4.314
0.667717 39.8676 12.762 12.275 6.649 0.487 4.278 7.822 4.284
0.62192 40.2285 12.668 12.15 6.606 0.483 4.195 7.772 4.251
0.720193 39.6731 12.809 12.35 6.7 0.489 4.312 7.9 4.327
0.6761 39.4602 12.963 12.334 6.707 0.624 4.296 7.876 4.335
0.676293 39.6118 12.875 12.32 6.708 0.594 4.26 7.87 4.324
0.664812 39.6228 12.93 12.246 6.865 0.496 4.243 7.831 4.29
0.696493 39.801 12.762 12.316 6.676 0.487 4.279 7.874 4.318
0.684586 39.8327 12.803 12.253 6.716 0.492 4.284 7.847 4.285
0.668096 40.0625 12.724 12.185 6.724 0.483 4.217 7.778 4.287
0.643659 39.9202 12.754 12.254 6.719 0.486 4.244 7.835 4.27
0.592421 40.0962 12.702 12.189 6.681 0.482 4.201 7.763 4.303
0.747552 39.9186 12.754 12.248 6.662 0.49 4.274 7.767 4.303
0.719706 39.9712 12.799 12.168 6.67 0.489 4.236 7.781 4.262
0.701629 39.9744 12.793 12.181 6.707 0.524 4.251 7.791 4.27
0.704841 39.2773 13.197 12.215 7.133 0.486 4.251 7.797 4.298
0.716887 39.9345 12.756 12.209 6.693 0.492 4.264 7.802 4.285
0.702426 40.1655 12.657 12.195 6.641 0.483 4.225 7.768 4.305
0.697857 39.6416 12.9 12.272 6.731 0.487 4.282 7.845 4.306
0.747811 39.8851 12.805 12.217 6.691 0.489 4.284 7.794 4.266
0.742855 40.0721 12.703 12.199 6.633 0.53 4.192 7.791 4.281
0.724489 39.8454 12.834 12.217 6.664 0.535 4.32 7.817 4.28
0.71545 39.8581 12.798 12.247 6.779 0.485 4.214 7.821 4.299
0.697654 40.0192 12.722 12.223 6.703 0.477 4.241 7.789 4.31
0.688894 39.8502 12.829 12.221 6.692 0.482 4.272 7.781 4.317
0.71545 40.0144 12.716 12.229 6.673 0.504 4.18 7.818 4.29
0.706506 40.2366 12.631 12.176 6.597 0.486 4.199 7.779 4.278
0.693346 39.8835 12.809 12.216 6.809 0.477 4.213 7.803 4.295
0.689028 39.4804 12.709 12.571 6.658 0.488 4.262 8.09 4.349
0.72973 39.5867 12.869 12.344 6.816 0.48 4.265 7.906 4.315
0.712672 39.8661 12.762 12.273 6.663 0.483 4.261 7.829 4.327
0.703711 40.0609 12.725 12.191 6.664 0.484 4.193 7.802 4.271
0.687423 39.7251 12.91 12.218 6.811 0.539 4.215 7.803 4.295
0.678778 40.0786 12.69 12.205 6.698 0.483 4.21 7.78 4.307
0.713898 39.9441 12.778 12.212 6.712 0.492 4.265 7.786 4.305
0.704981 39.7693 12.774 12.326 6.724 0.486 4.248 7.883 4.319
0.691962 40.0384 12.703 12.229 6.715 0.483 4.199 7.787 4.317
0.683238 39.8756 12.793 12.237 6.742 0.488 4.257 7.799 4.316
0.670415 39.976 12.71 12.249 6.687 0.48 4.219 7.813 4.31
0.705262 39.604 12.894 12.309 6.833 0.482 4.229 7.924 4.268
0.687367 39.8089 12.763 12.307 6.744 0.514 4.165 7.921 4.267
0.669843 39.7235 12.829 12.294 6.852 0.476 4.199 7.897 4.279
0.637025 39.557 12.774 12.459 6.785 0.483 4.194 7.931 4.381
0.578829 39.6087 12.898 12.297 6.903 0.484 4.205 7.907 4.268
0.742216 39.8026 12.719 12.361 6.781 0.481 4.163 7.939 4.297
0.696562 39.8232 12.791 12.283 6.758 0.483 4.214 7.908 4.256
0.679041 39.7741 12.802 12.294 6.769 0.521 4.171 7.906 4.267
0.670415 39.7078 12.822 12.314 6.803 0.489 4.228 7.92 4.275
0.714453 39.7093 12.84 12.297 6.801 0.488 4.252 7.892 4.284
0.705461 39.248 13.059 12.374 6.888 0.502 4.334 7.959 4.291
0.696562 37.7031 13.951 12.528 7.564 0.579 4.323 8.117 4.287
0.687756 39.1527 13.001 12.462 6.887 0.492 4.298 7.991 4.342
0.679041 39.5273 12.955 12.301 6.843 0.493 4.251 7.9 4.278
0.723541 39.7204 12.82 12.295 6.847 0.478 4.188 7.871 4.302
0.697976 39.9218 12.714 12.296 6.736 0.48 4.192 7.885 4.289
0.68921 39.8105 12.729 12.335 6.748 0.477 4.191 7.902 4.307
0.665 39.6747 12.852 12.302 6.802 0.483 4.257 7.904 4.278
0.649936 39.4493 12.867 12.436 6.761 0.49 4.282 8.006 4.309
0.68492 39.7662 12.725 12.369 6.713 0.511 4.197 7.959 4.281
0.669561 38.6653 13.498 12.289 7.413 0.482 4.249 7.89 4.276
0.653103 39.8105 12.747 12.31 6.76 0.476 4.2 7.902 4.283
0.644994 39.6715 12.874 12.285 6.77 0.48 4.283 7.914 4.254
0.677914 39.8057 12.771 12.305 6.758 0.509 4.187 7.922 4.261
0.676446 39.7662 12.749 12.298 6.784 0.479 4.182 7.895 4.277
0.658379 39.7078 12.832 12.308 6.794 0.481 4.251 7.902 4.282
0.656931 39.7836 12.781 12.303 6.797 0.481 4.209 7.915 4.266
0.632827 39.5648 12.904 12.326 6.762 0.489 4.29 7.872 4.294
0.656746 39.6715 12.869 12.298 6.765 0.538 4.262 7.91 4.268
0.682012 39.8581 12.757 12.287 6.777 0.474 4.203 7.893 4.274
0.673462 39.8232 12.736 12.293 6.768 0.482 4.189 7.893 4.272
0.665 39.7046 12.823 12.317 6.788 0.491 4.241 7.923 4.271
0.656622 39.6306 12.857 12.292 6.804 0.49 4.252 7.903 4.268
0.681948 39.6024 12.878 12.308 6.839 0.492 4.244 7.929 4.259
0.673525 39.4789 12.835 12.449 6.755 0.488 4.262 8.049 4.282
0.648695 39.7535 12.801 12.306 6.778 0.513 4.175 7.937 4.25
0.640723 39.6904 12.847 12.296 6.806 0.489 4.242 7.9 4.27
0.625007 39.9186 12.744 12.262 6.783 0.485 4.179 7.88 4.254
0.664875 39.7599 12.802 12.311 6.784 0.487 4.233 7.935 4.253
0.648695 39.8486 12.754 12.289 6.79 0.487 4.162 7.892 4.271
0.640723 39.8995 12.725 12.288 6.768 0.482 4.178 7.897 4.267
0.625007 39.5382 12.798 12.453 6.781 0.492 4.235 8.014 4.319
0.617261 39.7156 12.821 12.313 6.804 0.488 4.219 7.908 4.259
0.648695 39.6495 12.845 12.324 6.778 0.49 4.231 7.932 4.273
0.640723 39.6369 12.921 12.261 6.876 0.513 4.184 7.903 4.24
0.626475 39.7599 12.822 12.283 6.769 0.524 4.221 7.929 4.235
0.577594 39.8026 12.79 12.286 6.788 0.489 4.213 7.94 4.225
0.660865 39.8947 12.735 12.279 6.811 0.485 4.156 7.884 4.267
0.662112 39.6967 12.837 12.302 6.797 0.49 4.239 7.92 4.262
0.657732 38.3789 13.471 12.539 6.825 0.483 4.324 7.932 4.471
0.64262 39.6699 12.878 12.284 6.836 0.522 4.178 7.921 4.246
0.635412 39.7725 12.806 12.291 6.77 0.526 4.165 7.907 4.261
0.631788 39.5132 12.941 12.317 6.869 0.49 4.272 7.918 4.275
0.624502 39.6464 12.839 12.329 6.808 0.493 4.233 7.938 4.272
0.588968 40.0802 12.673 12.23 6.734 0.484 4.157 7.87 4.229
0.697931 39.9712 12.71 12.271 6.781 0.489 4.152 7.879 4.266
0.664324 39.7867 12.792 12.298 6.825 0.482 4.185 7.907 4.267
0.611477 39.8756 12.763 12.26 6.781 0.484 4.181 7.877 4.259
0.619122 39.7456 12.841 12.269 6.785 0.489 4.199 7.871 4.281
0.603903 39.7772 12.827 12.269 6.79 0.487 4.174 7.911 4.234
0.596401 40.032 12.665 12.256 6.683 0.511 4.131 7.906 4.231
0.642499 39.8042 12.748 12.329 6.731 0.509 4.175 7.958 4.245
0.634632 39.9313 12.744 12.251 6.743 0.508 4.163 7.885 4.248
0.62684 39.9824 12.7 12.27 6.76 0.525 4.131 7.906 4.243
0.619122 40.0192 12.705 12.239 6.76 0.513 4.138 7.893 4.229
0.611477 39.7472 12.822 12.288 6.8 0.532 4.202 7.916 4.245
0.611477 40.0786 12.657 12.247 6.743 0.505 4.131 7.876 4.242
0.611477 39.8502 12.792 12.256 6.771 0.516 4.206 7.899 4.231
0.611477 39.7804 12.769 12.29 6.764 0.482 4.201 7.924 4.245
0.72429 39.8137 12.757 12.314 6.795 0.482 4.192 7.906 4.284
0.685835 39.5273 12.914 12.34 6.809 0.487 4.282 7.916 4.294
0.677468 39.7188 12.811 12.32 6.809 0.478 4.2 7.898 4.303
0.645332 39.744 12.799 12.31 6.775 0.475 4.213 7.887 4.288
0.637476 39.3592 12.925 12.379 6.848 0.484 4.247 7.921 4.333
0.60739 39.7362 12.809 12.315 6.748 0.515 4.215 7.907 4.284
0.6 36.704 14.568 12.627 8.052 0.576 4.377 8.142 4.36
0.637647 38.9393 13.226 12.401 6.916 0.498 4.302 7.957 4.321
0.629977 39.2619 13.014 12.382 6.844 0.529 4.268 7.974 4.288
0.625937 39.6322 12.834 12.347 6.818 0.496 4.196 7.928 4.295
0.619996 39.5304 12.898 12.353 6.805 0.484 4.266 7.944 4.289
0.616041 39.5382 12.888 12.344 6.802 0.486 4.258 7.943 4.275
0.624934 39.5867 12.883 12.333 6.836 0.485 4.229 7.918 4.292
0.624934 39.5914 12.9 12.308 6.83 0.487 4.249 7.904 4.283
0.633821 39.7093 12.801 12.337 6.779 0.48 4.216 7.914 4.299
0.649366 39.7314 12.818 12.307 6.812 0.482 4.197 7.89 4.295
0.633821 39.2974 13.057 12.342 6.868 0.49 4.303 7.94 4.273
0.626158 39.4228 12.943 12.379 6.803 0.517 4.253 7.977 4.283
0.626158 39.5398 12.92 12.324 6.782 0.497 4.251 7.909 4.292
0.618566 39.7188 12.816 12.316 6.807 0.485 4.198 7.893 4.304
0.618566 39.7456 12.769 12.312 6.755 0.492 4.199 7.886 4.301
0.65725 39.801 12.77 12.307 6.754 0.483 4.205 7.898 4.282
0.641557 39.7504 12.82 12.292 6.793 0.48 4.22 7.881 4.288
0.633821 39.4914 12.903 12.349 6.84 0.486 4.251 7.932 4.288
0.633821 39.6684 12.829 12.327 6.807 0.483 4.219 7.896 4.307
0.633821 39.5993 12.871 12.338 6.793 0.487 4.264 7.922 4.292
0.633821 39.4306 12.943 12.341 6.803 0.486 4.266 7.877 4.291
0.633821 39.1911 13.108 12.361 6.972 0.53 4.245 7.943 4.301
0.633821 39.7062 12.793 12.347 6.784 0.474 4.205 7.945 4.28
0.633821 39.4898 12.947 12.321 6.873 0.49 4.255 7.916 4.279
0.626158 39.3252 12.903 12.483 6.834 0.489 4.251 8.063 4.293
0.626158 39.4804 12.947 12.338 6.865 0.489 4.263 7.94 4.277
0.618566 39.6134 12.843 12.355 6.815 0.481 4.22 7.952 4.278
0.618566 39.4929 12.891 12.333 6.859 0.483 4.217 7.926 4.284
0.618566 39.3051 12.901 12.467 6.79 0.485 4.249 8.066 4.278
0.618566 39.3996 13.005 12.331 6.815 0.53 4.264 7.942 4.271
0.618566 39.6747 12.758 12.401 6.758 0.481 4.195 7.927 4.336
0.618566 39.6967 12.802 12.344 6.787 0.482 4.21 7.938 4.286
0.618566 39.4446 12.94 12.362 6.844 0.492 4.27 7.952 4.288
0.618566 39.2665 12.927 12.496 6.847 0.488 4.258 8.081 4.29
0.618566 39.4244 12.98 12.337 6.903 0.488 4.254 7.938 4.277
0.618566 39.5585 12.899 12.335 6.826 0.487 4.247 7.933 4.28
0.618566 39.5288 12.899 12.35 6.804 0.518 4.244 7.938 4.287
0.618566 39.5961 12.878 12.332 6.873 0.485 4.195 7.925 4.285
0.618566 39.6731 12.827 12.334 6.805 0.484 4.216 7.928 4.287
0.618566 39.7883 12.741 12.347 6.742 0.483 4.192 7.941 4.28
0.618566 39.7693 12.777 12.325 6.767 0.478 4.195 7.927 4.278
0.618566 39.6888 12.774 12.375 6.778 0.48 4.195 7.961 4.292
0.618566 39.6747 12.82 12.341 6.821 0.479 4.215 7.926 4.291
0.584238 39.4166 12.983 12.308 6.904 0.491 4.255 7.945 4.24
0.613086 39.4415 12.984 12.318 6.895 0.492 4.22 7.97 4.229
0.613086 39.7425 12.808 12.289 6.801 0.481 4.154 7.915 4.254
0.651888 39.7409 12.796 12.322 6.778 0.521 4.165 7.936 4.26
0.651888 39.8788 12.741 12.286 6.731 0.511 4.159 7.921 4.244
0.651888 39.6024 12.896 12.309 6.816 0.52 4.196 7.94 4.252
0.651888 39.3035 13.025 12.373 6.994 0.476 4.225 7.999 4.25
0.651888 39.8042 12.783 12.291 6.793 0.521 4.161 7.906 4.266
0.636145 39.5789 12.898 12.307 6.846 0.473 4.26 7.913 4.273
0.628386 39.8835 12.728 12.3 6.785 0.477 4.159 7.916 4.263
0.613086 39.82 12.759 12.307 6.796 0.472 4.186 7.919 4.266
0.598776 39.5538 12.92 12.314 6.954 0.483 4.169 7.911 4.28
0.591474 39.7804 12.805 12.286 6.812 0.472 4.211 7.89 4.273
0.57765 39.8645 12.768 12.271 6.814 0.484 4.165 7.894 4.256
0.564064 39.6936 12.776 12.372 6.782 0.479 4.222 7.992 4.254
0.564064 39.8629 12.72 12.3 6.789 0.472 4.165 7.915 4.26
0.518895 39.8692 12.78 12.252 6.82 0.472 4.189 7.883 4.247
0.54161 39.8057 12.79 12.28 6.817 0.486 4.194 7.924 4.234
0.690081 39.7646 12.74 12.357 6.833 0.473 4.139 7.939 4.292
0.664176 39.4493 12.843 12.456 6.814 0.479 4.22 8 4.32
0.644992 39.0442 13.082 12.484 6.877 0.494 4.272 8.034 4.325
0.644992 36.0763 14.867 12.802 8.112 0.507 4.47 8.227 4.436
0.644992 38.8214 13.2 12.515 6.823 0.53 4.326 8.056 4.321
0.637312 38.7447 13.201 12.548 6.932 0.501 4.334 8.078 4.348
0.637312 39.1114 13.085 12.442 6.904 0.484 4.246 7.989 4.301
0.629703 38.8576 13.151 12.536 6.859 0.485 4.324 8.106 4.307
0.629703 39.2095 13.02 12.436 6.802 0.518 4.214 8.016 4.297
0.629703 39.3809 12.918 12.432 6.793 0.479 4.212 7.982 4.326
0.629703 38.8063 13.152 12.575 6.833 0.486 4.388 7.989 4.461
0.629703 39.1068 13.062 12.463 6.835 0.486 4.293 8.027 4.311
0.629703 39.3437 12.943 12.4 6.736 0.519 4.203 7.994 4.28
0.629703 38.3465 13.605 12.426 7.399 0.478 4.265 7.986 4.315
0.583544 39.4726 12.952 12.335 6.801 0.48 4.24 7.937 4.278
0.619595 39.5773 12.885 12.334 6.798 0.48 4.234 7.953 4.265
0.619595 39.7267 12.805 12.31 6.76 0.518 4.189 7.93 4.258
0.619595 39.4337 12.962 12.351 6.865 0.501 4.258 7.942 4.284
0.619595 39.412 12.95 12.378 6.815 0.589 4.213 7.975 4.281
0.619595 39.468 12.923 12.367 6.825 0.487 4.267 7.968 4.275
0.622628 39.5319 12.888 12.367 6.863 0.482 4.214 7.934 4.309
0.609478 39.6024 12.87 12.331 6.808 0.479 4.228 7.951 4.261
0.612431 39.6259 12.864 12.328 6.803 0.509 4.182 7.933 4.274
0.612431 39.6102 12.848 12.354 6.845 0.495 4.184 7.952 4.281
0.612431 39.4368 12.955 12.355 6.867 0.481 4.259 7.964 4.269
0.612431 39.4228 12.956 12.356 6.897 0.486 4.239 7.952 4.283
0.612431 39.353 12.915 12.454 6.838 0.487 4.254 7.949 4.381
0.612431 39.384 12.963 12.36 6.805 0.488 4.288 7.978 4.261
0.612431 39.692 12.843 12.307 6.806 0.481 4.198 7.928 4.262
0.612431 39.3887 12.952 12.352 6.869 0.485 4.262 7.94 4.289
0.612431 39.5335 12.937 12.314 6.915 0.476 4.215 7.921 4.272
0.612431 39.3778 12.97 12.377 6.896 0.485 4.252 7.958 4.297
0.612431 39.4508 12.917 12.39 6.794 0.525 4.226 7.962 4.307
0.612431 39.5789 12.873 12.349 6.808 0.478 4.204 7.952 4.273
0.612431 39.5007 12.911 12.355 6.821 0.49 4.253 7.95 4.281
0.605012 39.4228 12.977 12.331 6.81 0.485 4.299 7.948 4.262
0.605012 39.6715 12.838 12.325 6.791 0.486 4.182 7.938 4.268
0.597661 39.4508 12.923 12.379 6.854 0.489 4.242 7.98 4.276
0.597661 39.5007 12.9 12.369 6.824 0.487 4.256 7.967 4.274
0.597661 39.582 12.829 12.36 6.818 0.481 4.2 7.953 4.282
0.597661 39.4617 12.941 12.348 6.778 0.486 4.292 7.954 4.276
0.590378 39.6511 12.823 12.352 6.744 0.523 4.193 7.96 4.274
0.590378 39.5194 12.96 12.309 6.947 0.479 4.196 7.909 4.279
0.58316 39.5836 12.888 12.33 6.808 0.487 4.264 7.927 4.283
0.572193 39.5132 12.881 12.373 6.821 0.487 4.244 8.005 4.245
0.600107 39.7125 12.822 12.311 6.804 0.48 4.166 7.937 4.25
0.58621 39.1819 12.924 12.553 6.839 0.486 4.234 7.99 4.425
0.58621 39.302 13.019 12.372 6.823 0.504 4.263 7.975 4.27
0.579171 39.801 12.761 12.316 6.757 0.479 4.156 7.948 4.252
0.579171 39.582 12.881 12.335 6.858 0.478 4.176 7.942 4.27
0.579171 39.5898 12.87 12.344 6.852 0.482 4.172 7.97 4.253
0.579171 39.3329 12.966 12.41 6.873 0.488 4.219 8.034 4.253
0.579171 39.5883 12.862 12.35 6.8 0.48 4.172 7.958 4.274
0.579171 39.2742 13.059 12.357 6.82 0.604 4.212 7.975 4.26
0.579171 39.4633 12.957 12.338 6.844 0.5 4.224 7.969 4.251
0.579171 39.6873 12.839 12.317 6.825 0.48 4.18 7.94 4.263
0.579171 39.7093 12.832 12.307 6.829 0.479 4.169 7.931 4.259
0.579171 39.7235 12.815 12.32 6.825 0.48 4.15 7.939 4.26
0.579171 39.5789 12.897 12.327 6.816 0.489 4.226 7.953 4.255
0.579171 39.6369 12.841 12.342 6.809 0.493 4.173 7.969 4.253
0.58621 39.4976 12.899 12.366 6.821 0.486 4.209 7.975 4.271
0.58621 39.6291 12.868 12.314 6.788 0.478 4.16 7.962 4.236
0.58621 39.4322 12.937 12.388 6.859 0.479 4.227 8.01 4.254
0.58621 39.5664 12.867 12.363 6.849 0.49 4.159 7.97 4.269
0.58621 39.6401 12.849 12.331 6.83 0.484 4.15 7.959 4.251
0.58621 39.5977 12.865 12.342 6.821 0.486 4.187 7.967 4.252
0.58621 39.4151 12.95 12.373 6.936 0.481 4.169 7.972 4.284
0.58621 38.4305 13.393 12.543 7.051 0.531 4.241 8.154 4.265
0.58621 38.2175 13.446 12.677 7.213 0.505 4.277 8.153 4.393
0.58621 39.032 13.014 12.566 6.892 0.494 4.271 8.029 4.385
0.58621 39.3685 12.99 12.356 6.909 0.484 4.205 7.953 4.275
0.58621 39.3685 12.969 12.379 6.846 0.487 4.252 7.905 4.344
0.58621 39.4945 12.973 12.302 6.791 0.486 4.267 7.959 4.225
0.58621 39.5351 12.939 12.265 6.823 0.525 4.206 7.916 4.231
0.58621 39.8184 12.812 12.25 6.809 0.483 4.15 7.89 4.24
0.58621 39.5054 12.993 12.272 6.818 0.493 4.309 7.897 4.251
0.552816 39.8375 12.869 12.189 6.843 0.48 4.17 7.837 4.228
0.591212 39.8835 12.838 12.191 6.876 0.48 4.176 7.845 4.225
0.57719 40.0384 12.73 12.179 6.817 0.484 4.142 7.832 4.225
0.588226 39.9696 12.735 12.211 6.787 0.478 4.147 7.817 4.235
0.588226 39.7852 12.774 12.317 6.868 0.472 4.151 7.82 4.356
0.588226 39.9154 12.824 12.186 6.87 0.491 4.174 7.834 4.229
0.581153 39.6668 12.86 12.299 6.838 0.499 4.223 7.874 4.301
0.581153 39.8184 12.856 12.191 6.857 0.482 4.159 7.831 4.233
0.581153 39.7852 12.828 12.252 6.84 0.493 4.212 7.869 4.232
0.581153 39.976 12.785 12.177 6.794 0.486 4.139 7.824 4.228
0.575829 40.1929 12.673 12.167 6.732 0.516 4.145 7.838 4.204
0.575829 40.1945 12.678 12.158 6.768 0.488 4.137 7.819 4.215
0.570601 39.9026 12.833 12.182 6.924 0.477 4.138 7.831 4.227
0.570601 39.8867 12.826 12.199 6.823 0.569 4.146 7.858 4.22
0.570601 39.992 12.779 12.184 6.85 0.475 4.165 7.824 4.24
0.570601 40.0112 12.77 12.179 6.845 0.481 4.152 7.827 4.229
0.570601 39.8232 12.818 12.247 6.832 0.486 4.204 7.894 4.228
0.570601 39.8026 12.862 12.218 6.903 0.473 4.185 7.857 4.236
0.570601 39.6668 12.902 12.262 6.844 0.486 4.186 7.909 4.228
0.570601 39.7519 12.899 12.212 6.876 0.527 4.16 7.867 4.224
0.570601 39.9441 12.771 12.21 6.87 0.482 4.14 7.841 4.239
0.570601 40.1284 12.731 12.148 6.812 0.483 4.15 7.802 4.22
0.585587 40.0352 12.765 12.166 6.841 0.473 4.148 7.816 4.227
0.568613 40.0224 12.735 12.205 6.817 0.48 4.145 7.853 4.23
0.583745 39.9489 12.826 12.161 6.901 0.48 4.154 7.819 4.218
0.583745 39.976 12.797 12.172 6.875 0.481 4.144 7.813 4.232
0.583745 39.909 12.791 12.216 6.808 0.496 4.163 7.828 4.238
0.583745 40 12.775 12.178 6.801 0.482 4.128 7.805 4.252
0.583745 39.7141 12.892 12.242 6.826 0.529 4.198 7.903 4.219
0.583745 40.0304 12.769 12.166 6.85 0.482 4.14 7.817 4.222
0.583745 40.0465 12.742 12.18 6.824 0.481 4.151 7.814 4.243
0.583745 39.847 12.827 12.224 6.846 0.487 4.202 7.874 4.227
0.583745 39.8264 12.849 12.217 6.882 0.487 4.193 7.842 4.253
0.583745 39.8089 12.86 12.209 6.869 0.484 4.2 7.863 4.222
0.583745 39.9776 12.784 12.185 6.837 0.475 4.129 7.848 4.216
0.583745 39.744 12.882 12.233 6.926 0.472 4.167 7.874 4.235
0.583745 39.8279 12.829 12.234 6.848 0.486 4.185 7.878 4.231
0.583745 39.6102 12.744 12.459 6.828 0.479 4.147 7.85 4.47
0.583745 39.976 12.72 12.258 6.814 0.478 4.149 7.873 4.257
0.583745 39.9122 12.755 12.213 6.79 0.48 4.165 7.831 4.261
0.583745 39.7425 12.885 12.24 6.807 0.486 4.202 7.886 4.234
0.583745 40.0689 12.728 12.183 6.791 0.508 4.152 7.828 4.229
0.583745 39.9808 12.742 12.225 6.778 0.479 4.161 7.866 4.234
0.583745 40.032 12.724 12.201 6.809 0.479 4.151 7.82 4.258
0.548837 40.1155 12.695 12.187 6.796 0.481 4.137 7.812 4.248
0.548837 40.0224 12.73 12.209 6.802 0.48 4.162 7.826 4.262
0.548837 39.874 12.829 12.204 6.84 0.487 4.218 7.826 4.256
0.548837 39.8486 12.816 12.234 6.83 0.484 4.217 7.872 4.242
0.548837 39.7709 12.87 12.225 6.869 0.499 4.214 7.859 4.238
0.548837 39.874 12.841 12.194 6.803 0.484 4.234 7.815 4.22
0.555695 39.9696 12.785 12.184 6.803 0.48 4.139 7.842 4.221
0.555695 39.992 12.755 12.205 6.774 0.524 4.174 7.868 4.213
0.555695 39.9361 12.804 12.185 6.83 0.485 4.202 7.833 4.227
0.555695 40.085 12.718 12.186 6.813 0.48 4.145 7.816 4.247
0.555695 39.4851 13.067 12.21 6.965 0.574 4.229 7.85 4.242
0.555695 38.6683 13.193 12.61 7.042 0.492 4.242 8.208 4.27
0.555695 38.2453 13.596 12.504 7.391 0.526 4.271 8.071 4.311
0.555695 39.185 13.133 12.341 7.021 0.487 4.255 7.967 4.245
