0.977846 41.2082 12.426 11.803 5.474 0.476 5.283 6.558 5.118
0.977846 41.2643 12.479 11.714 5.591 0.484 5.218 6.445 5.147
0.977846 38.2687 14.051 12.037 6.713 0.494 5.362 6.69 5.181
0.926449 41.4594 12.352 11.73 5.475 0.481 5.222 6.419 5.18
0.946881 41.249 12.448 11.753 5.495 0.486 5.258 6.412 5.217
0.887701 41.5783 12.194 11.818 5.395 0.468 5.157 6.468 5.225
0.918561 41.3343 12.286 11.869 5.445 0.47 5.171 6.551 5.177
0.92919 41.401 12.271 11.846 5.385 0.469 5.214 6.468 5.243
0.864869 41.6528 12.201 11.768 5.33 0.463 5.151 6.456 5.184
0.87511 41.278 12.35 11.837 5.48 0.464 5.167 6.513 5.193
0.885463 41.1828 12.355 11.889 5.41 0.467 5.229 6.517 5.24
0.852589 41.1913 12.453 11.786 5.513 0.464 5.207 6.435 5.226
0.887122 41.324 12.336 11.825 5.443 0.464 5.177 6.482 5.198
0.903928 41.2065 12.357 11.874 5.403 0.495 5.212 6.527 5.218
0.772036 41.3411 12.329 11.823 5.411 0.462 5.22 6.447 5.249
0.772036 41.0341 12.416 11.915 5.397 0.468 5.264 6.542 5.244
0.772036 40.8547 12.535 11.903 5.582 0.465 5.229 6.53 5.239
0.772036 41.0627 12.278 12.035 5.432 0.496 5.115 6.616 5.294
0.81578 41.2405 12.368 11.84 5.436 0.472 5.234 6.466 5.253
0.868827 41.5058 12.266 11.787 5.444 0.462 5.132 6.479 5.172
0.764507 41.4062 12.254 11.804 5.479 0.468 5.115 6.486 5.174
0.764507 41.7014 12.223 11.713 5.392 0.465 5.168 6.397 5.184
0.764507 41.3121 12.334 11.823 5.448 0.467 5.165 6.476 5.179
0.764507 41.3309 12.281 11.867 5.465 0.469 5.15 6.513 5.221
0.764507 41.5628 12.241 11.769 5.436 0.502 5.108 6.517 5.12
0.764507 41.3839 12.299 11.822 5.45 0.468 5.187 6.484 5.207
0.764507 41.3377 12.29 11.852 5.472 0.465 5.153 6.523 5.193
0.764507 40.1945 12.849 11.982 5.693 0.484 5.301 6.57 5.276
0.764507 41.0021 12.477 11.858 5.459 0.476 5.346 6.506 5.217
0.764507 40.9517 12.477 11.9 5.496 0.484 5.285 6.543 5.214
0.724643 41.4834 12.307 11.749 5.438 0.464 5.172 6.448 5.164
0.729354 41.3616 12.328 11.804 5.454 0.462 5.189 6.456 5.215
0.772036 41.2167 12.393 11.819 5.424 0.498 5.215 6.519 5.172
0.785312 41.1201 12.38 11.894 5.391 0.473 5.278 6.49 5.267
0.84876 41.0307 12.434 11.892 5.413 0.467 5.264 6.516 5.242
0.872605 40.9769 12.46 11.897 5.46 0.463 5.276 6.528 5.236
0.857386 41.2473 12.369 11.83 5.386 0.501 5.225 6.502 5.203
0.842413 41.2933 12.329 11.843 5.353 0.464 5.253 6.464 5.248
0.82768 41.215 12.416 11.802 5.425 0.464 5.235 6.457 5.213
0.798908 41.2303 12.319 11.885 5.361 0.465 5.224 6.49 5.265
0.792244 41.2235 12.399 11.82 5.411 0.508 5.206 6.498 5.196
0.764426 40.8447 12.427 12.012 5.428 0.467 5.244 6.62 5.256
0.786445 41.1573 12.415 11.835 5.421 0.465 5.239 6.473 5.227
0.80155 41.1879 12.395 11.841 5.449 0.463 5.225 6.484 5.226
0.824879 40.4285 12.455 12.227 5.401 0.506 5.281 6.835 5.258
0.832598 41.0863 12.44 11.861 5.499 0.462 5.215 6.495 5.237
0.840312 41.2558 12.392 11.807 5.455 0.471 5.201 6.468 5.213
0.848021 40.9987 12.365 11.986 5.403 0.472 5.252 6.584 5.278
0.848021 41.1709 12.413 11.834 5.476 0.469 5.204 6.479 5.224
0.848021 40.987 12.41 11.947 5.463 0.465 5.218 6.533 5.279
0.786321 41.2133 12.338 11.881 5.413 0.471 5.214 6.51 5.243
0.767023 40.6339 12.558 12.014 5.589 0.465 5.255 6.598 5.292
0.786321 41.1083 12.403 11.88 5.474 0.469 5.194 6.513 5.238
0.786321 40.8513 12.52 11.918 5.436 0.463 5.354 6.533 5.255
0.786321 40.9702 12.444 11.927 5.478 0.473 5.234 6.533 5.257
0.786321 41.1777 12.384 11.864 5.474 0.463 5.177 6.5 5.228
0.779841 41.0071 12.431 11.911 5.47 0.471 5.23 6.524 5.248
0.779841 41.0762 12.432 11.869 5.507 0.46 5.209 6.527 5.223
0.779841 41.2797 12.335 11.847 5.445 0.467 5.174 6.511 5.213
0.779841 41.0408 12.413 11.915 5.451 0.504 5.196 6.53 5.262
0.789744 41.3087 12.337 11.833 5.402 0.468 5.174 6.456 5.246
0.807208 41.2099 12.39 11.837 5.438 0.468 5.213 6.447 5.254
0.792801 40.3307 12.413 12.338 5.43 0.47 5.246 6.895 5.307
0.792801 40.992 12.423 11.933 5.432 0.474 5.269 6.516 5.279
0.792801 41.0526 12.371 11.95 5.377 0.471 5.257 6.506 5.306
0.792801 41.2933 12.359 11.822 5.411 0.47 5.212 6.454 5.236
0.792801 41.0998 12.315 11.977 5.369 0.474 5.239 6.547 5.303
0.792801 41.1658 12.367 11.886 5.457 0.464 5.192 6.482 5.269
0.792801 41.0897 12.345 11.952 5.392 0.465 5.235 6.512 5.311
0.792801 41.0357 12.506 11.825 5.502 0.509 5.236 6.48 5.216
0.792801 40.9786 12.469 11.896 5.517 0.496 5.193 6.541 5.234
0.792801 41.1201 12.408 11.871 5.485 0.501 5.17 6.494 5.25
0.792801 41.2269 12.334 11.882 5.394 0.496 5.187 6.525 5.231
0.792801 41.1658 12.425 11.829 5.467 0.497 5.207 6.481 5.221
0.792801 41.3052 12.329 11.842 5.414 0.496 5.174 6.514 5.208
0.792801 40.848 12.43 12.008 5.473 0.503 5.2 6.575 5.296
0.806879 40.9987 12.343 12.009 5.384 0.467 5.216 6.596 5.283
0.834159 40.9132 12.455 11.949 5.492 0.463 5.227 6.548 5.276
0.834159 40.7731 12.522 11.96 5.512 0.464 5.255 6.544 5.287
0.834159 40.9299 12.478 11.909 5.514 0.464 5.217 6.523 5.26
0.834159 41.0273 12.376 11.957 5.412 0.463 5.252 6.557 5.277
0.841108 40.9702 12.471 11.895 5.455 0.465 5.295 6.513 5.253
0.841108 40.8147 12.459 12 5.426 0.465 5.259 6.579 5.295
0.834159 40.8697 12.414 12.015 5.375 0.466 5.263 6.591 5.292
0.820417 40.8297 12.49 11.954 5.463 0.463 5.231 6.527 5.272
0.813874 40.6868 12.491 12.049 5.45 0.466 5.285 6.563 5.353
0.793016 40.843 12.418 12.027 5.414 0.467 5.267 6.555 5.343
0.834455 41.1862 12.371 11.865 5.358 0.519 5.211 6.503 5.234
0.842681 40.7731 12.503 11.983 5.512 0.464 5.247 6.548 5.313
0.85107 40.8147 12.503 11.957 5.53 0.463 5.221 6.539 5.294
0.85107 40.9266 12.431 11.964 5.463 0.463 5.226 6.554 5.282
0.85107 40.6802 12.594 11.945 5.476 0.482 5.304 6.533 5.271
0.85107 40.6587 12.642 11.912 5.545 0.474 5.33 6.527 5.251
0.830713 40.7564 12.571 11.919 5.503 0.482 5.241 6.525 5.258
0.831053 40.9065 12.44 11.967 5.404 0.466 5.231 6.538 5.286
0.818224 40.619 12.548 12.032 5.465 0.466 5.293 6.571 5.331
0.805785 41.0004 12.418 11.915 5.45 0.461 5.209 6.495 5.293
0.787819 40.8563 12.424 12.014 5.409 0.465 5.249 6.551 5.329
0.776281 40.9567 12.4 11.974 5.382 0.466 5.23 6.559 5.284
0.776281 40.843 12.472 11.97 5.431 0.464 5.279 6.572 5.274
0.776281 41.0779 12.391 11.913 5.424 0.461 5.202 6.532 5.253
0.776281 40.6653 12.537 12.008 5.527 0.464 5.26 6.593 5.286
0.770637 40.6802 12.449 12.093 5.419 0.462 5.233 6.692 5.258
0.770637 40.5482 12.446 12.176 5.392 0.466 5.242 6.52 5.525
0.759013 40.7266 12.495 12.022 5.444 0.465 5.283 6.544 5.344
0.759593 40.662 12.555 11.999 5.51 0.466 5.275 6.533 5.334
0.754189 40.9584 12.432 11.946 5.426 0.501 5.234 6.544 5.27
0.748861 40.9618 12.436 11.937 5.402 0.465 5.224 6.535 5.272
0.754189 40.9853 12.443 11.917 5.464 0.462 5.23 6.519 5.264
0.754189 41.1015 12.39 11.902 5.421 0.463 5.203 6.502 5.271
0.759593 41.1675 12.352 11.9 5.388 0.46 5.215 6.511 5.257
0.767235 41.154 12.418 11.841 5.427 0.467 5.233 6.468 5.241
0.782989 40.7332 12.44 12.07 5.474 0.464 5.228 6.641 5.303
0.791112 40.808 12.538 11.931 5.467 0.479 5.301 6.47 5.326
0.791112 40.4727 12.756 11.914 5.521 0.471 5.439 6.516 5.267
0.791112 40.6157 12.578 11.997 5.511 0.475 5.25 6.519 5.347
0.791112 40.4875 12.583 12.075 5.526 0.47 5.274 6.569 5.37
0.791112 40.7282 12.384 12.127 5.402 0.466 5.207 6.679 5.302
0.791112 41.0307 12.408 11.926 5.419 0.5 5.2 6.503 5.293
0.798931 40.5992 12.532 12.06 5.535 0.462 5.236 6.586 5.346
0.806487 40.6537 12.522 12.036 5.458 0.46 5.274 6.544 5.356
0.806487 40.788 12.488 11.99 5.429 0.463 5.226 6.555 5.301
0.806487 40.715 12.537 11.986 5.414 0.462 5.306 6.494 5.361
0.795332 40.6388 12.532 12.037 5.447 0.466 5.31 6.534 5.378
0.779166 40.6108 12.486 12.098 5.396 0.497 5.255 6.588 5.342
0.768749 40.6339 12.48 12.088 5.456 0.462 5.261 6.625 5.33
0.768749 40.7697 12.479 12 5.408 0.464 5.291 6.545 5.326
0.769356 40.5219 12.48 12.156 5.405 0.461 5.255 6.657 5.37
0.769356 40.568 12.578 12.031 5.422 0.458 5.286 6.522 5.373
0.769356 40.6009 12.531 12.057 5.414 0.46 5.295 6.553 5.369
0.769356 40.7864 12.516 11.962 5.427 0.457 5.26 6.549 5.29
0.769356 40.0529 12.797 12.13 5.419 0.497 5.335 6.618 5.383
0.769356 40.2885 12.681 12.1 5.582 0.468 5.276 6.596 5.371
0.747167 40.4809 12.537 12.124 5.423 0.464 5.262 6.581 5.387
0.774911 40.619 12.561 12.018 5.416 0.458 5.327 6.512 5.373
0.774911 40.3665 12.617 12.115 5.421 0.46 5.375 6.645 5.351
0.774911 40.391 12.537 12.182 5.372 0.496 5.317 6.637 5.41
0.774911 40.1526 12.646 12.221 5.443 0.465 5.364 6.634 5.45
0.77002 40.1139 12.768 12.108 5.516 0.472 5.424 6.593 5.388
0.77002 39.3051 13.115 12.291 5.69 0.47 5.56 6.672 5.487
0.76519 40.4122 12.577 12.13 5.436 0.466 5.333 6.594 5.404
0.766997 40.2852 12.698 12.085 5.526 0.465 5.33 6.564 5.384
0.762205 40.3535 12.662 12.08 5.442 0.459 5.356 6.544 5.406
0.763864 40.3275 12.576 12.181 5.375 0.462 5.363 6.608 5.438
0.760627 40.4367 12.585 12.104 5.392 0.497 5.314 6.581 5.395
0.754669 40.5236 12.572 12.067 5.417 0.46 5.333 6.584 5.352
0.744304 40.563 12.578 12.037 5.491 0.459 5.297 6.577 5.338
0.722582 40.4678 12.538 12.131 5.423 0.47 5.284 6.515 5.478
0.722582 40.6521 12.517 12.044 5.415 0.468 5.286 6.545 5.376
0.722582 40.8497 12.433 12.009 5.379 0.462 5.302 6.526 5.353
0.722582 40.9668 12.435 11.938 5.394 0.498 5.222 6.523 5.29
0.722582 40.6273 12.5 12.073 5.463 0.463 5.255 6.614 5.333
0.722582 40.8163 12.484 11.971 5.464 0.466 5.245 6.542 5.298
0.73866 40.6884 12.493 12.045 5.477 0.466 5.24 6.566 5.343
0.739461 40.4318 12.631 12.063 5.412 0.461 5.343 6.533 5.406
0.733756 40.3551 12.575 12.168 5.432 0.461 5.334 6.578 5.45
0.733756 40.7365 12.496 12.012 5.411 0.46 5.242 6.501 5.341
0.714652 40.7515 12.431 12.067 5.329 0.497 5.25 6.561 5.373
0.735409 40.6372 12.536 12.034 5.411 0.458 5.3 6.553 5.349
0.74212 40.6108 12.545 12.04 5.404 0.458 5.31 6.539 5.367
0.743449 40.4334 12.601 12.088 5.384 0.46 5.345 6.547 5.379
0.738259 40.2091 12.616 12.212 5.42 0.458 5.355 6.538 5.524
0.729387 40.476 12.546 12.123 5.38 0.46 5.312 6.629 5.364
0.725031 40.3616 12.586 12.152 5.409 0.464 5.349 6.62 5.405
0.716473 40.0753 12.769 12.146 5.583 0.462 5.34 6.624 5.387
0.723952 40.2042 12.648 12.182 5.376 0.464 5.377 6.583 5.462
0.723952 40.235 12.587 12.228 5.377 0.464 5.375 6.632 5.469
0.723952 40.1816 12.655 12.193 5.42 0.499 5.333 6.626 5.436
0.723952 40.4482 12.588 12.097 5.441 0.457 5.3 6.571 5.393
0.723952 40.201 12.608 12.211 5.458 0.459 5.305 6.616 5.463
0.723952 40.3551 12.615 12.118 5.425 0.46 5.296 6.569 5.418
0.723952 40.1413 12.672 12.198 5.459 0.461 5.354 6.591 5.47
0.723952 40.3063 12.604 12.168 5.371 0.463 5.339 6.604 5.431
0.723952 40.1558 12.68 12.184 5.482 0.464 5.332 6.619 5.433
0.723952 40.3405 12.654 12.086 5.463 0.458 5.332 6.556 5.396
0.723952 40.3275 12.659 12.098 5.389 0.46 5.346 6.555 5.41
0.723952 40.2658 12.669 12.128 5.449 0.459 5.375 6.554 5.446
0.723952 39.8963 12.878 12.147 5.476 0.513 5.49 6.592 5.424
0.723952 40.0384 12.7 12.239 5.49 0.461 5.35 6.639 5.459
0.723952 40.1671 12.61 12.242 5.405 0.459 5.314 6.582 5.511
0.723952 40.1171 12.714 12.177 5.438 0.459 5.39 6.593 5.459
0.723952 40.1881 12.66 12.187 5.448 0.463 5.368 6.651 5.414
0.723952 40.1413 12.656 12.204 5.416 0.499 5.339 6.628 5.442
0.723952 40.2075 12.615 12.214 5.424 0.462 5.36 6.633 5.442
0.723952 40.2479 12.63 12.175 5.4 0.46 5.319 6.566 5.478
0.723952 40.2544 12.682 12.122 5.471 0.459 5.35 6.544 5.446
0.723952 39.4929 12.684 12.598 5.43 0.497 5.343 6.919 5.534
0.723952 39.9553 12.873 12.117 5.578 0.48 5.417 6.565 5.418
0.723952 39.9281 12.66 12.337 5.388 0.463 5.37 6.689 5.515
0.715662 40.201 12.678 12.159 5.471 0.46 5.349 6.584 5.445
0.711588 40.373 12.605 12.126 5.402 0.499 5.301 6.592 5.403
0.703578 40.4498 12.589 12.094 5.415 0.46 5.325 6.562 5.4
0.703578 40.3128 12.657 12.107 5.453 0.46 5.369 6.577 5.403
0.684273 40.3437 12.665 12.079 5.404 0.462 5.35 6.533 5.413
0.653693 40.5992 12.548 12.042 5.414 0.463 5.305 6.547 5.36
0.68678 40.7332 12.5 12.01 5.395 0.499 5.263 6.543 5.339
0.680606 40.7581 12.48 12.018 5.426 0.458 5.254 6.562 5.335
0.672674 40.705 12.508 12.018 5.445 0.459 5.255 6.538 5.346
0.676738 40.591 12.469 12.128 5.332 0.462 5.288 6.6 5.396
0.67343 40.2285 12.619 12.202 5.388 0.463 5.378 6.578 5.489
0.67158 39.7519 12.822 12.289 5.565 0.468 5.386 6.65 5.475
0.67158 40.0176 12.689 12.251 5.388 0.467 5.38 6.634 5.459
0.654121 40.2625 12.678 12.122 5.417 0.461 5.365 6.551 5.439
0.671663 40.1188 12.685 12.203 5.449 0.507 5.335 6.61 5.454
0.671663 40.2544 12.624 12.178 5.46 0.46 5.312 6.6 5.443
0.671663 40.334 12.562 12.189 5.348 0.461 5.318 6.609 5.414
0.671663 40.3568 12.611 12.127 5.366 0.461 5.4 6.569 5.436
0.671663 40.0898 12.654 12.251 5.415 0.497 5.341 6.658 5.468
0.671663 40.3031 12.63 12.14 5.464 0.46 5.316 6.594 5.419
0.671663 39.8279 12.636 12.431 5.434 0.463 5.368 6.79 5.473
0.671663 39.9154 12.722 12.29 5.439 0.475 5.411 6.659 5.504
0.67158 40.0481 12.666 12.266 5.424 0.51 5.34 6.668 5.468
0.67158 40.1477 12.674 12.196 5.449 0.461 5.344 6.616 5.449
0.675127 39.8867 12.739 12.289 5.402 0.473 5.405 6.618 5.542
0.675127 39.8661 12.702 12.345 5.371 0.464 5.439 6.707 5.516
0.67158 39.8343 12.778 12.286 5.464 0.468 5.403 6.639 5.509
0.67158 39.8756 12.718 12.318 5.41 0.463 5.381 6.688 5.5
0.67158 39.9074 12.765 12.253 5.452 0.469 5.43 6.618 5.5
0.67158 39.6416 12.889 12.3 5.485 0.469 5.486 6.683 5.48
0.675575 38.3715 13.569 12.452 5.908 0.506 5.642 6.72 5.603
0.682759 39.0976 13.107 12.43 5.739 0.477 5.471 6.799 5.496
0.68599 40.0272 12.764 12.182 5.484 0.463 5.39 6.567 5.484
0.68599 40.0096 12.699 12.258 5.431 0.47 5.392 6.636 5.485
0.68599 40.0256 12.615 12.328 5.347 0.467 5.363 6.626 5.523
0.68599 39.968 12.717 12.263 5.397 0.471 5.448 6.617 5.514
0.684319 40.1623 12.699 12.162 5.452 0.468 5.355 6.602 5.421
0.68599 39.6731 12.688 12.479 5.405 0.472 5.39 6.817 5.521
0.68599 40.0192 12.691 12.259 5.36 0.469 5.398 6.64 5.489
0.682361 39.6684 12.745 12.423 5.44 0.47 5.422 6.796 5.494
0.682361 40.1188 12.677 12.211 5.399 0.468 5.379 6.616 5.462
0.678771 40.151 12.694 12.173 5.409 0.466 5.362 6.612 5.431
0.678771 40.1123 12.689 12.204 5.386 0.468 5.373 6.61 5.465
0.678771 40.1188 12.666 12.221 5.394 0.467 5.384 6.591 5.483
0.678771 39.9138 12.707 12.305 5.444 0.467 5.374 6.688 5.483
0.678771 40.0128 12.694 12.257 5.391 0.468 5.383 6.651 5.45
0.678771 39.4898 12.723 12.558 5.41 0.472 5.413 6.836 5.574
0.678771 39.9537 12.847 12.144 5.457 0.477 5.486 6.535 5.471
0.680211 40.308 12.614 12.153 5.293 0.467 5.43 6.508 5.508
0.690123 40.3894 12.571 12.152 5.252 0.503 5.399 6.566 5.467
0.691318 40.2885 12.575 12.206 5.313 0.468 5.388 6.569 5.498
0.667692 40.2641 12.627 12.17 5.27 0.469 5.423 6.515 5.517
0.664204 40.391 12.574 12.145 5.274 0.468 5.364 6.549 5.466
0.657337 40.3763 12.573 12.144 5.335 0.465 5.347 6.508 5.509
0.657337 40.0432 12.742 12.192 5.401 0.469 5.398 6.529 5.526
0.657337 40.321 12.627 12.136 5.302 0.469 5.411 6.493 5.511
0.657337 40.7365 12.459 12.049 5.253 0.462 5.344 6.474 5.443
0.657337 40.4547 12.536 12.141 5.293 0.465 5.373 6.522 5.486
0.657337 40.5466 12.509 12.112 5.252 0.465 5.379 6.486 5.486
0.657337 40.4384 12.549 12.134 5.269 0.46 5.409 6.483 5.483
0.657337 40.3291 12.59 12.163 5.219 0.467 5.434 6.485 5.542
0.657337 40.3812 12.566 12.161 5.286 0.5 5.353 6.543 5.484
0.657337 40.3307 12.565 12.189 5.292 0.467 5.383 6.546 5.503
0.657337 40.5877 12.528 12.068 5.227 0.463 5.362 6.452 5.482
0.657337 40.2901 12.605 12.178 5.287 0.465 5.434 6.533 5.517
0.657337 40.0978 12.686 12.214 5.32 0.466 5.475 6.608 5.474
0.657337 40.2414 12.619 12.189 5.25 0.464 5.425 6.52 5.536
0.657337 40.3747 12.584 12.152 5.295 0.463 5.372 6.57 5.454
0.657337 40.5976 12.493 12.099 5.267 0.461 5.369 6.527 5.438
0.664018 40.4547 12.578 12.104 5.253 0.454 5.395 6.501 5.472
0.659351 40.2107 12.586 12.243 5.285 0.464 5.374 6.544 5.563
0.64994 40.3421 12.56 12.188 5.297 0.464 5.397 6.575 5.489
0.659351 40.3063 12.585 12.184 5.267 0.467 5.381 6.52 5.535
0.664018 40.2479 12.599 12.208 5.332 0.465 5.392 6.48 5.598
0.646878 40.2285 12.608 12.211 5.35 0.464 5.396 6.556 5.505
0.675218 40.5959 12.453 12.111 5.218 0.461 5.333 6.488 5.483
0.672055 40.2042 12.573 12.263 5.29 0.47 5.401 6.509 5.614
0.670636 40.3959 12.583 12.133 5.346 0.471 5.36 6.529 5.474
0.656974 40.3519 12.689 12.052 5.368 0.462 5.363 6.456 5.433
0.64066 40.5219 12.593 12.048 5.31 0.466 5.4 6.447 5.468
0.628181 40.6108 12.528 12.056 5.246 0.5 5.369 6.503 5.432
0.628181 40.2479 12.669 12.139 5.405 0.472 5.383 6.536 5.474
0.628181 40.3698 12.592 12.141 5.315 0.464 5.36 6.54 5.472
0.628181 40.4596 12.588 12.092 5.305 0.464 5.405 6.476 5.487
0.625137 40.6554 12.524 12.031 5.274 0.463 5.33 6.495 5.417
0.619136 40.6273 12.486 12.091 5.256 0.459 5.351 6.525 5.44
0.616179 40.4073 12.582 12.127 5.279 0.464 5.385 6.533 5.46
0.625958 40.7465 12.474 12.032 5.227 0.459 5.383 6.44 5.462
0.630807 40.5927 12.53 12.065 5.285 0.46 5.327 6.512 5.431
0.640426 40.4678 12.528 12.142 5.276 0.465 5.391 6.563 5.458
0.640426 40.3845 12.581 12.144 5.336 0.462 5.377 6.55 5.47
0.640426 40.2674 12.561 12.235 5.254 0.463 5.398 6.513 5.586
0.640426 40.6091 12.544 12.046 5.288 0.46 5.374 6.464 5.451
0.640426 40.0208 12.603 12.344 5.287 0.509 5.404 6.693 5.529
0.640426 39.9856 12.799 12.171 5.369 0.47 5.536 6.52 5.523
0.640426 39.7283 13.044 12.089 5.45 0.476 5.483 6.506 5.444
0.634129 40.269 12.721 12.075 5.417 0.468 5.396 6.474 5.468
0.631027 40.0176 12.783 12.169 5.445 0.506 5.398 6.555 5.467
0.624914 40.36 12.565 12.167 5.316 0.462 5.395 6.551 5.489
0.624914 40.4465 12.599 12.086 5.317 0.461 5.354 6.49 5.458
0.624914 40.3616 12.643 12.093 5.299 0.462 5.409 6.473 5.481
0.624914 40.5943 12.522 12.072 5.266 0.458 5.372 6.484 5.456
0.624914 40.5861 12.501 12.096 5.27 0.493 5.322 6.517 5.448
0.624914 40.4008 12.599 12.114 5.347 0.463 5.357 6.517 5.464
0.624914 40.2576 12.567 12.233 5.292 0.464 5.376 6.524 5.559
0.615752 40.2982 12.611 12.167 5.284 0.464 5.385 6.489 5.523
0.61113 40.1043 12.635 12.263 5.317 0.464 5.421 6.588 5.539
0.601806 40.3437 12.6 12.145 5.294 0.499 5.367 6.535 5.476
0.61113 40.517 12.543 12.099 5.325 0.46 5.339 6.494 5.472
0.621901 40.6075 12.535 12.046 5.317 0.461 5.332 6.462 5.448
0.630869 40.3502 12.591 12.124 5.276 0.464 5.398 6.484 5.506
0.630869 40.4465 12.632 12.052 5.25 0.46 5.495 6.46 5.457
0.635313 40.517 12.544 12.1 5.245 0.497 5.385 6.513 5.456
0.635313 40.5515 12.514 12.108 5.283 0.459 5.341 6.502 5.481
0.630869 40.4351 12.576 12.116 5.339 0.46 5.35 6.534 5.445
0.626398 40.4776 12.577 12.09 5.301 0.459 5.352 6.481 5.452
0.621901 40.5795 12.562 12.043 5.286 0.458 5.387 6.456 5.454
0.621901 40.705 12.491 12.039 5.229 0.46 5.345 6.49 5.418
0.621901 39.9616 12.786 12.201 5.344 0.462 5.542 6.561 5.508
0.621901 40.4989 12.596 12.057 5.297 0.466 5.348 6.478 5.445
0.621901 40.3568 12.579 12.159 5.291 0.472 5.41 6.504 5.523
0.621901 40.5614 12.504 12.111 5.248 0.47 5.346 6.507 5.468
0.621901 40.5121 12.574 12.071 5.329 0.467 5.354 6.458 5.475
0.621901 40.2123 12.629 12.199 5.27 0.471 5.445 6.521 5.548
0.621901 40.2334 12.601 12.216 5.29 0.504 5.365 6.552 5.496
0.621901 40.3323 12.553 12.198 5.31 0.471 5.373 6.577 5.487
0.626398 40.568 12.574 12.037 5.259 0.467 5.381 6.441 5.46
0.630869 40.4842 12.56 12.102 5.289 0.466 5.353 6.528 5.45
0.635313 40.3047 12.593 12.18 5.306 0.471 5.391 6.545 5.499
0.635313 40.1816 12.69 12.154 5.303 0.47 5.434 6.51 5.508
0.620028 40.4449 12.599 12.089 5.298 0.464 5.434 6.483 5.474
0.635313 40.4204 12.602 12.099 5.292 0.499 5.377 6.521 5.446
0.614036 40.2901 12.62 12.16 5.336 0.465 5.396 6.536 5.495
0.611083 40.2771 12.543 12.249 5.278 0.461 5.342 6.63 5.499
0.605263 40.2285 12.642 12.176 5.318 0.464 5.427 6.523 5.515
0.607263 40.2755 12.655 12.138 5.352 0.5 5.397 6.533 5.476
0.589843 40.5186 12.587 12.056 5.365 0.459 5.337 6.484 5.439
0.576487 40.3633 12.555 12.182 5.299 0.466 5.384 6.557 5.491
0.573922 40.3096 12.675 12.09 5.307 0.466 5.435 6.468 5.49
0.573922 39.7504 12.606 12.513 5.268 0.468 5.46 6.816 5.557
0.57138 39.96 12.789 12.2 5.463 0.471 5.417 6.566 5.501
0.57138 40.5121 12.53 12.116 5.264 0.461 5.35 6.508 5.473
0.57138 40.4645 12.611 12.062 5.293 0.459 5.38 6.453 5.476
0.57138 40.5499 12.563 12.051 5.286 0.462 5.399 6.456 5.468
0.57138 40.5367 12.556 12.075 5.281 0.497 5.349 6.501 5.446
0.57138 40.563 12.518 12.097 5.276 0.469 5.351 6.519 5.447
0.57138 40.347 12.613 12.136 5.339 0.462 5.388 6.52 5.484
0.57138 40.2269 12.655 12.161 5.284 0.464 5.442 6.526 5.509
0.57138 40.321 12.599 12.164 5.311 0.469 5.363 6.572 5.469
0.57138 40.494 12.552 12.103 5.327 0.466 5.337 6.51 5.46
0.57138 40.5663 12.498 12.115 5.222 0.468 5.366 6.492 5.465
0.57138 40.3193 12.534 12.232 5.253 0.471 5.399 6.545 5.534
0.57138 40.1139 12.634 12.253 5.34 0.469 5.405 6.551 5.565
0.57138 40.3942 12.582 12.134 5.281 0.468 5.359 6.498 5.467
0.57138 40.3649 12.661 12.068 5.409 0.468 5.37 6.444 5.495
0.57138 39.8851 12.551 12.483 5.33 0.466 5.336 6.897 5.454
0.57138 40.1011 12.68 12.209 5.335 0.473 5.407 6.53 5.551
0.57138 40.3275 12.617 12.141 5.315 0.47 5.408 6.507 5.509
0.57138 38.8485 13.246 12.457 5.748 0.55 5.467 6.779 5.541
0.57138 40.1123 12.797 12.091 5.36 0.473 5.476 6.483 5.472
0.57138 39.1543 13.226 12.276 5.612 0.475 5.613 6.612 5.517
0.57138 39.2974 13.052 12.352 5.478 0.483 5.578 6.704 5.499
0.57138 39.847 12.85 12.207 5.405 0.479 5.464 6.609 5.461
0.57138 39.546 12.97 12.277 5.483 0.471 5.523 6.647 5.497
0.57138 40.0769 12.711 12.2 5.33 0.471 5.499 6.532 5.524
0.57138 39.482 12.914 12.371 5.385 0.475 5.574 6.738 5.503
0.57138 40.3991 12.587 12.129 5.303 0.503 5.354 6.532 5.46
0.57138 40.2722 12.584 12.208 5.317 0.468 5.379 6.541 5.501
0.57138 40.3047 12.651 12.118 5.247 0.47 5.469 6.482 5.506
0.57138 40.2301 12.628 12.192 5.267 0.515 5.391 6.567 5.488
0.57138 40.6009 12.522 12.068 5.276 0.463 5.361 6.486 5.445
0.57138 40.1978 12.646 12.188 5.257 0.464 5.45 6.544 5.483
0.57138 40.5104 12.564 12.084 5.286 0.462 5.381 6.452 5.493
0.57138 40.1123 12.714 12.171 5.343 0.535 5.399 6.55 5.486
0.57138 40.0721 12.75 12.162 5.415 0.468 5.423 6.528 5.496
0.57138 40.18 12.685 12.168 5.353 0.47 5.435 6.516 5.526
0.57138 39.2943 12.986 12.425 5.454 0.519 5.551 6.793 5.497
0.57138 40.1413 12.636 12.224 5.281 0.464 5.437 6.56 5.529
0.57138 40.1929 12.604 12.239 5.3 0.464 5.422 6.559 5.54
0.57138 40.3861 12.586 12.125 5.3 0.495 5.354 6.546 5.445
0.57138 40.3828 12.527 12.199 5.286 0.459 5.362 6.52 5.542
0.57138 40.3991 12.599 12.115 5.284 0.46 5.372 6.494 5.458
0.57138 40.269 12.655 12.14 5.325 0.463 5.42 6.495 5.505
0.57138 39.7709 12.924 12.179 5.597 0.471 5.396 6.595 5.451
0.57138 40.2641 12.589 12.208 5.311 0.473 5.394 6.569 5.492
0.57138 40.1091 12.743 12.15 5.337 0.469 5.43 6.504 5.513
0.56886 40.3828 12.578 12.146 5.31 0.461 5.348 6.555 5.453
0.566363 39.8597 12.586 12.462 5.371 0.459 5.343 6.664 5.661
0.563887 38.7988 13.143 12.587 5.592 0.468 5.617 6.785 5.669
0.561433 38.8244 13.054 12.661 5.609 0.473 5.555 6.777 5.73
0.556588 36.6502 13.729 13.515 5.788 0.476 5.986 7.214 6.149
0.554197 38.3789 13.75 12.266 5.859 0.474 5.975 6.559 5.517
0.545831 40.1994 12.672 12.161 5.363 0.472 5.422 6.539 5.489
0.537346 40.1413 12.67 12.204 5.251 0.47 5.499 6.528 5.537
0.52874 40.3096 12.635 12.132 5.312 0.472 5.413 6.491 5.499
0.526581 40.1091 12.654 12.239 5.396 0.472 5.376 6.61 5.494
0.52444 40.5203 12.586 12.056 5.323 0.462 5.385 6.488 5.436
0.522317 40.3633 12.628 12.107 5.283 0.466 5.425 6.489 5.49
0.522317 40.222 12.631 12.193 5.285 0.502 5.413 6.566 5.492
0.522317 40.4302 12.584 12.112 5.332 0.467 5.372 6.495 5.479
0.522317 40.1655 12.676 12.184 5.31 0.471 5.444 6.526 5.528
0.522317 40.3405 12.547 12.197 5.256 0.503 5.38 6.548 5.516
0.522317 40.151 12.649 12.218 5.338 0.471 5.412 6.563 5.512
0.522317 40.3535 12.65 12.093 5.321 0.465 5.418 6.466 5.494
0.522317 40.2625 12.589 12.213 5.291 0.51 5.376 6.568 5.522
0.522317 40.4122 12.592 12.108 5.344 0.469 5.354 6.513 5.464
0.522317 40.1445 12.696 12.173 5.265 0.463 5.425 6.52 5.52
0.522317 40.6289 12.511 12.064 5.249 0.466 5.339 6.454 5.432
0.522317 40.3926 12.549 12.168 5.32 0.468 5.348 6.551 5.49
0.522317 39.1711 12.599 12.891 5.259 0.471 5.424 7.026 5.72
0.520211 39.5429 12.789 12.459 5.412 0.499 5.476 6.745 5.576
0.520211 39.3005 12.892 12.513 5.446 0.471 5.514 6.736 5.646
0.518121 39.6024 12.801 12.411 5.448 0.472 5.463 6.709 5.572
0.518121 38.8455 12.781 12.922 5.396 0.509 5.454 7.085 5.684
0.518121 39.44 12.914 12.404 5.454 0.474 5.565 6.734 5.549
0.518121 39.5617 12.964 12.274 5.449 0.474 5.589 6.635 5.521
0.518121 39.9553 12.755 12.235 5.422 0.468 5.441 6.587 5.519
0.518121 39.7472 12.758 12.364 5.332 0.472 5.521 6.644 5.597
0.518121 38.8546 12.858 12.842 5.412 0.472 5.508 7.09 5.614
0.518121 40.0657 12.661 12.259 5.341 0.464 5.436 6.599 5.525
0.518121 40.36 12.584 12.157 5.255 0.461 5.442 6.519 5.504
0.518121 40.0288 12.704 12.238 5.333 0.514 5.433 6.594 5.523
0.522317 40.0657 12.757 12.159 5.383 0.471 5.479 6.493 5.534
0.52874 40.0882 12.663 12.241 5.304 0.499 5.436 6.567 5.535
0.53311 40.0882 12.681 12.224 5.375 0.468 5.409 6.56 5.53
0.5375 39.9728 12.735 12.241 5.337 0.465 5.461 6.567 5.543
0.54186 40.2512 12.635 12.17 5.35 0.467 5.412 6.527 5.505
0.546189 40.3063 12.615 12.158 5.322 0.465 5.396 6.522 5.493
0.5375 40.3519 12.68 12.062 5.323 0.46 5.419 6.442 5.484
0.524236 40.4367 12.581 12.108 5.313 0.46 5.352 6.525 5.461
0.515237 40.2285 12.699 12.12 5.336 0.46 5.47 6.541 5.452
0.515237 40.2982 12.574 12.201 5.262 0.464 5.394 6.562 5.502
0.515237 40.4449 12.602 12.078 5.298 0.461 5.397 6.469 5.476
0.515237 40.3193 12.567 12.195 5.246 0.496 5.394 6.573 5.49
0.515237 39.8676 12.593 12.452 5.294 0.465 5.396 6.511 5.793
0.515237 40.0962 12.7 12.2 5.397 0.461 5.409 6.529 5.536
0.515237 40.4727 12.575 12.095 5.296 0.467 5.343 6.514 5.45
0.509136 40.2495 12.605 12.17 5.343 0.47 5.376 6.534 5.51
0.505149 40.5795 12.525 12.075 5.233 0.467 5.365 6.475 5.46
0.502214 40.2885 12.554 12.227 5.262 0.462 5.407 6.504 5.584
0.502214 40.2301 12.635 12.184 5.257 0.505 5.433 6.532 5.52
0.502214 40.0561 12.696 12.207 5.381 0.466 5.401 6.552 5.516
0.502214 39.9888 12.714 12.251 5.299 0.469 5.489 6.516 5.582
0.510994 40.3031 12.598 12.175 5.303 0.464 5.38 6.529 5.509
0.523934 40.2544 12.628 12.173 5.319 0.467 5.394 6.533 5.5
0.532411 40.2576 12.671 12.13 5.277 0.466 5.432 6.48 5.514
0.534551 40.0016 12.718 12.24 5.298 0.502 5.469 6.56 5.553
0.536708 40.1043 12.673 12.223 5.319 0.462 5.444 6.549 5.533
0.538883 40.0898 12.676 12.228 5.247 0.462 5.472 6.535 5.558
0.534551 40.0497 12.682 12.245 5.257 0.499 5.461 6.572 5.547
0.528295 40.0128 12.758 12.19 5.334 0.468 5.5 6.559 5.494
0.524003 40.391 12.602 12.114 5.274 0.466 5.401 6.487 5.487
0.524003 40.4122 12.575 12.129 5.262 0.502 5.4 6.529 5.471
0.524003 40.3942 12.586 12.133 5.305 0.465 5.407 6.531 5.48
0.524003 40.5992 12.49 12.103 5.216 0.464 5.401 6.484 5.48
0.524003 40.5137 12.543 12.101 5.247 0.46 5.396 6.507 5.461
0.524003 39.5867 12.95 12.269 5.534 0.467 5.521 6.547 5.565
0.524003 40.2091 12.645 12.189 5.313 0.459 5.44 6.517 5.534
0.524003 40.5285 12.562 12.072 5.254 0.468 5.368 6.485 5.442
0.524003 40.4253 12.597 12.104 5.325 0.458 5.393 6.515 5.461
0.524003 40.4989 12.59 12.058 5.259 0.458 5.367 6.442 5.489
0.524003 40.3682 12.612 12.12 5.286 0.461 5.411 6.485 5.507
0.524003 40.4285 12.555 12.136 5.242 0.498 5.396 6.525 5.482
0.524003 40.0625 12.755 12.168 5.336 0.458 5.55 6.518 5.508
0.524003 40.1881 12.744 12.095 5.389 0.464 5.388 6.463 5.501
0.524003 40.4498 12.575 12.103 5.257 0.456 5.447 6.462 5.513
0.524003 40.6141 12.505 12.078 5.245 0.489 5.349 6.475 5.472
0.516 40.2787 12.569 12.218 5.288 0.46 5.422 6.597 5.489
0.511953 40.5285 12.564 12.07 5.279 0.456 5.364 6.487 5.452
0.503764 40.347 12.579 12.164 5.257 0.461 5.432 6.527 5.509
0.503764 40.3698 12.592 12.14 5.296 0.458 5.43 6.505 5.512
0.503764 40.6587 12.491 12.06 5.225 0.488 5.357 6.492 5.437
0.503764 40.5828 12.52 12.082 5.285 0.461 5.36 6.503 5.435
0.503764 40.4367 12.491 12.197 5.219 0.455 5.37 6.549 5.484
0.507097 40.3763 12.581 12.147 5.299 0.455 5.398 6.491 5.523
0.507097 40.2933 12.624 12.154 5.279 0.497 5.396 6.521 5.504
0.507097 40.1365 12.751 12.123 5.313 0.454 5.527 6.502 5.487
0.507097 38.4541 13.718 12.247 6.085 0.471 5.657 6.549 5.569
0.507097 40.2576 12.673 12.115 5.284 0.491 5.448 6.487 5.501
0.50326 40.4694 12.563 12.11 5.266 0.454 5.399 6.486 5.494
0.501363 39.9537 12.723 12.266 5.298 0.471 5.462 6.543 5.592
0.497611 40.4334 12.552 12.136 5.217 0.455 5.405 6.473 5.529
0.497611 40.1671 12.613 12.242 5.276 0.491 5.393 6.62 5.493
0.497611 40.3747 12.599 12.125 5.288 0.454 5.423 6.499 5.503
0.497611 40.3275 12.654 12.106 5.261 0.453 5.448 6.459 5.516
0.497611 40.5071 12.538 12.11 5.223 0.453 5.428 6.453 5.528
0.497611 39.8851 12.805 12.225 5.326 0.471 5.509 6.538 5.553
0.497611 40.0112 12.826 12.124 5.357 0.468 5.492 6.496 5.492
0.497611 40.1994 12.667 12.172 5.306 0.456 5.451 6.522 5.513
0.497611 40.1655 12.601 12.256 5.248 0.498 5.406 6.516 5.603
0.497611 40.2301 12.669 12.151 5.357 0.453 5.402 6.494 5.525
0.493915 40.391 12.557 12.131 5.193 0.454 5.424 6.466 5.535
0.492088 40.4645 12.561 12.113 5.216 0.454 5.437 6.443 5.53
0.488473 40.4073 12.614 12.095 5.264 0.494 5.388 6.475 5.489
0.484474 40.222 12.61 12.215 5.252 0.458 5.47 6.536 5.542
0.484474 40.1913 12.633 12.21 5.241 0.457 5.439 6.507 5.569
0.480444 40.2528 12.622 12.18 5.237 0.457 5.419 6.515 5.525
0.488473 40.2998 12.595 12.181 5.271 0.456 5.444 6.52 5.529
0.492441 40.1204 12.639 12.22 5.23 0.459 5.438 6.525 5.558
0.500284 40.4334 12.6 12.088 5.25 0.455 5.433 6.453 5.498
0.496378 39.8359 12.863 12.198 5.42 0.466 5.484 6.536 5.535
0.492441 40.235 12.609 12.201 5.267 0.457 5.423 6.528 5.53
0.488473 40.3388 12.638 12.112 5.261 0.454 5.423 6.45 5.521
0.488473 40.3665 12.611 12.123 5.26 0.488 5.401 6.492 5.498
0.488473 40.3926 12.585 12.122 5.301 0.452 5.387 6.504 5.491
0.488473 40.2026 12.607 12.226 5.244 0.458 5.425 6.513 5.534
0.488473 40.151 12.754 12.114 5.338 0.466 5.486 6.456 5.523
0.488473 39.6464 12.932 12.252 5.439 0.463 5.577 6.591 5.519
0.488473 39.917 12.686 12.325 5.316 0.466 5.421 6.61 5.578
0.488473 40.1623 12.672 12.185 5.341 0.456 5.419 6.51 5.543
0.488473 39.7962 12.717 12.371 5.316 0.463 5.421 6.696 5.544
0.488473 40.3502 12.596 12.148 5.309 0.454 5.391 6.525 5.49
0.488473 40.0673 12.694 12.224 5.317 0.453 5.425 6.553 5.541
0.488473 39.9218 12.692 12.319 5.327 0.504 5.415 6.651 5.537
0.488473 40.2204 12.606 12.217 5.323 0.456 5.387 6.569 5.507
0.486685 39.9616 12.75 12.211 5.331 0.461 5.445 6.547 5.531
0.486685 39.976 12.676 12.298 5.307 0.456 5.459 6.623 5.535
0.484911 39.8518 12.731 12.321 5.384 0.454 5.423 6.681 5.505
0.484911 39.874 12.731 12.307 5.339 0.458 5.444 6.595 5.568
0.483149 40.13 12.725 12.157 5.351 0.454 5.47 6.514 5.507
0.479425 40.1043 12.693 12.204 5.316 0.495 5.453 6.597 5.48
0.479425 40.1461 12.673 12.198 5.397 0.459 5.394 6.565 5.496
0.479425 40.3633 12.59 12.14 5.298 0.451 5.37 6.53 5.48
0.479425 40.0737 12.726 12.186 5.362 0.457 5.431 6.539 5.514
0.479425 39.582 12.866 12.351 5.319 0.488 5.605 6.672 5.529
0.479425 40.0384 12.702 12.236 5.398 0.456 5.425 6.609 5.502
0.483149 39.9489 12.714 12.28 5.369 0.456 5.425 6.562 5.581
0.47623 39.9377 12.682 12.299 5.314 0.456 5.422 6.613 5.551
0.469505 40.1623 12.698 12.161 5.4 0.459 5.383 6.544 5.484
0.462968 39.9616 12.734 12.251 5.324 0.455 5.41 6.562 5.566
0.462968 40.1188 12.687 12.199 5.352 0.455 5.429 6.528 5.542
0.462968 40.093 12.642 12.262 5.285 0.495 5.431 6.608 5.528
0.462968 39.9808 12.739 12.232 5.382 0.456 5.451 6.563 5.535
0.462968 39.8327 12.773 12.288 5.332 0.46 5.489 6.558 5.593
0.462968 39.7757 12.693 12.409 5.315 0.457 5.468 6.737 5.54
0.462968 39.7646 12.82 12.29 5.4 0.456 5.514 6.612 5.541
0.462968 40.0481 12.731 12.186 5.31 0.454 5.427 6.528 5.523
0.46635 39.782 12.782 12.317 5.342 0.455 5.507 6.598 5.594
0.466497 39.5413 12.762 12.482 5.321 0.456 5.463 6.713 5.638
0.469604 39.3871 12.95 12.399 5.335 0.456 5.558 6.624 5.642
0.474343 39.4711 12.892 12.407 5.354 0.455 5.565 6.671 5.613
0.477557 39.4976 12.909 12.368 5.396 0.453 5.515 6.635 5.599
0.475945 39.2866 12.964 12.45 5.35 0.455 5.572 6.672 5.647
0.472753 38.6593 13.349 12.48 5.721 0.461 5.614 6.744 5.612
0.471173 39.4804 12.862 12.428 5.349 0.455 5.566 6.697 5.608
0.471173 39.3871 12.896 12.449 5.321 0.456 5.562 6.668 5.646
0.469604 39.4804 12.857 12.436 5.333 0.454 5.549 6.67 5.627
0.469604 39.0686 13.05 12.508 5.534 0.456 5.547 6.744 5.642
0.470336 39.2511 12.951 12.488 5.374 0.457 5.549 6.703 5.659
0.472557 39.2788 12.849 12.57 5.304 0.457 5.545 6.655 5.756
0.472452 38.9621 13.191 12.419 5.44 0.472 5.699 6.629 5.654
0.472452 39.0869 13.188 12.357 5.53 0.465 5.612 6.678 5.541
0.468876 39.3701 12.982 12.379 5.43 0.466 5.554 6.624 5.621
0.468876 39.8502 12.795 12.261 5.348 0.462 5.514 6.579 5.558
0.467277 39.4914 12.895 12.385 5.39 0.494 5.508 6.684 5.566
0.467614 39.8819 12.744 12.29 5.334 0.458 5.478 6.612 5.542
0.466023 39.5898 12.861 12.358 5.4 0.458 5.524 6.637 5.561
0.468402 39.7283 12.807 12.318 5.347 0.453 5.484 6.624 5.571
0.471535 39.5273 12.879 12.379 5.31 0.463 5.604 6.638 5.608
0.473117 39.5023 12.847 12.423 5.299 0.5 5.557 6.71 5.588
0.470105 39.6526 12.773 12.401 5.302 0.46 5.497 6.659 5.605
0.465576 38.5475 13.289 12.611 5.469 0.456 5.73 6.731 5.735
0.462606 39.1972 13.087 12.387 5.425 0.465 5.649 6.628 5.585
