779.003,309.5,90,91
775.037,317.393,88.2266,89.2069
768.15,318.951,90.9,91.91
763.621,322.322,90,91
758.641,324.199,90,91
753.854,325.653,88.2266,89.2069
750.93,326.184,85.6319,86.5834
746.517,325.302,83.9446,84.8773
741.9,323.612,83.9446,84.8773
739.065,323.618,82.2906,83.2049
733.8,322.161,80.6691,81.5655
730.849,321.534,78.2967,79.1666
725.857,318.189,80.6691,81.5655
720.427,315.689,81.4758,82.3811
717.691,315.2,80.6691,81.5655
713.241,314.007,78.2967,79.1666
710.127,312.876,76.7539,77.6067
707.03,311.813,75.2416,76.0776
703.949,311.006,73.0287,73.8402
700.444,309.197,73.759,74.5786
695.267,307.148,73.759,74.5786
692.401,305.788,73.759,74.5786
689.696,304.836,71.5898,72.3852
686.675,303.903,69.4843,70.2564
684.48,303.525,68.1152,68.8721
681.578,303.203,66.112,66.8465
678.48,301.446,66.7731,67.515
674.533,299.085,68.7964,69.5608
671.419,298.163,67.4408,68.1901
668.404,296.674,68.7964,69.5608
665.087,295.874,68.1152,68.8721
662.183,294.331,68.7964,69.5608
660.577,294.103,66.7731,67.515
658.34,293.039,66.7731,67.515
654.115,290.8,68.7964,69.5608
651.943,290.926,66.7731,67.515
649.231,289.647,66.7731,67.515
646.879,289.192,66.7731,67.515
645.307,289.004,64.8093,65.5294
643.109,288.373,64.1676,64.8806
639.741,287.522,62.9033,63.6022
637.995,287.341,62.2805,62.9725
636.002,287.251,60.4488,61.1204
634.732,287.651,58.671,59.3229
631.496,285.731,59.8503,60.5153
628.069,284.05,61.0533,61.7317
627.531,284.581,59.2577,59.9161
624.693,283.141,59.8503,60.5153
622.382,282.124,59.8503,60.5153
621,281.556,59.8503,60.5153
619.677,281.735,58.671,59.3229
618.339,280.815,58.671,59.3229
616.435,279.967,58.671,59.3229
614.637,279.535,58.0901,58.7356
613.859,279.796,56.3817,57.0082
612.938,279.708,55.2708,55.8849
610.024,277.744,56.9455,57.5782
610.102,278.487,55.2708,55.8849
608.365,277.571,55.2708,55.8849
607.164,277.781,54.1817,54.7837
605.384,276.679,54.1817,54.7837
604.023,276.231,52.5882,53.1725
602.465,275.246,54.1817,54.7837
600.675,274.604,54.1817,54.7837
599.892,274.201,53.6453,54.2413
597.989,273.362,52.5882,53.1725
597.25,273.258,51.552,52.1248
595.305,271.997,52.0676,52.6461
594.534,271.739,51.552,52.1248
593.322,271.509,51.0416,51.6087
590.836,270.115,52.0676,52.6461
590.155,269.924,51.0416,51.6087
589.447,270.326,49.5405,50.0909
588.046,269.696,49.5405,50.0909
586.429,268.93,50.0359,50.5919
584.91,268.339,50.0359,50.5919
583.737,267.933,49.5405,50.0909
581.787,266.584,50.5363,51.0978
581.086,266.331,49.5405,50.0909
579.937,265.713,49.5405,50.0909
577.993,264.893,49.5405,50.0909
576.589,264.04,49.5405,50.0909
575.494,263.398,49.5405,50.0909
573.753,262.385,50.0359,50.5919
573.413,262.788,48.5644,49.104
571.142,261.68,49.05,49.595
570.454,261.798,48.0835,48.6178
570.578,262.45,47.1361,47.6598
569.176,262.244,47.1361,47.6598
568.23,262.488,46.2073,46.7207
566.503,261.873,46.6694,47.1879
565.35,261.929,45.7498,46.2582
564.7,261.98,45.2969,45.8002
563.992,261.873,44.8484,45.3467
562.803,261.632,44.8484,45.3467
560.873,261.278,44.8484,45.3467
560.082,260.424,45.2969,45.8002
558.737,260.08,43.9647,44.4532
558.543,260.933,42.6717,43.1458
556.768,259.671,43.9647,44.4532
555.819,259.733,43.0984,43.5773
553.859,258.735,44.4043,44.8977
553.244,258.569,44.8484,45.3467
552.105,258.49,43.9647,44.4532
552.252,259.43,42.6717,43.1458
550.027,258.658,43.0984,43.5773
550.285,259.144,42.6717,43.1458
548.072,258.384,43.0984,43.5773
547.659,258.309,43.0984,43.5773
546.813,258.01,43.0984,43.5773
546.555,258.52,42.6717,43.1458
545.875,258.62,42.2492,42.7186
544.156,257.659,43.0984,43.5773
544.618,258.377,42.2492,42.7186
543.796,258.589,41.0067,41.4623
543.005,258.503,41.8309,42.2957
542.348,258.529,41.0067,41.4623
541.922,258.606,40.6007,41.0518
541.134,258.518,40.6007,41.0518
540.558,258.396,40.6007,41.0518
539.481,258.5,40.6007,41.0518
538.836,258.504,40.6007,41.0518
538.124,258.201,41.8309,42.2957
537.192,257.94,41.4167,41.8769
537.658,259.022,40.1987,40.6453
537.082,259.257,40.1987,40.6453
536.348,259.532,39.0164,39.4499
536.526,260.212,38.2477,38.6726
535.367,259.47,39.0164,39.4499
534.418,259.192,39.4066,39.8444
533.685,259.003,39.4066,39.8444
533.176,259.108,39.4066,39.8444
533.468,260.2,38.2477,38.6726
533.25,260.416,38.2477,38.6726
532.492,260.351,38.6301,39.0594
530.833,259.819,39.0164,39.4499
531.297,260.881,38.2477,38.6726
530.757,260.989,38.2477,38.6726
530.788,261.572,37.1228,37.5353
529.573,261.288,37.494,37.9106
528.959,261.594,38.6301,39.0594
527.893,261.901,37.869,38.2897
527.517,262.231,37.869,38.2897
527.907,263.689,36.7552,37.1636
526.253,263.229,37.869,38.2897
525.713,263.913,38.2477,38.6726
525.187,264.484,38.2477,38.6726
525.169,265.742,37.1228,37.5353
524.562,266.098,37.1228,37.5353
524.145,266.788,36.031,36.4314
523.262,267.234,37.1228,37.5353
522.984,267.881,36.7552,37.1636
523.179,268.922,35.6743,36.0707
522.405,269.523,35.6743,36.0707
522.053,270.078,35.6743,36.0707
520.853,269.872,36.031,36.4314
520.32,270.559,36.7552,37.1636
519.786,271.181,36.031,36.4314
519.715,272.043,34.9714,35.3599
519.104,272.684,34.9714,35.3599
518.083,272.955,36.031,36.4314
518.342,274.064,35.6743,36.0707
517.623,274.577,34.9714,35.3599
517.425,274.8,34.9714,35.3599
517.256,275.386,34.9714,35.3599
517.041,275.945,35.6743,36.0707
516.689,276.567,35.6743,36.0707
517.279,277.416,34.6251,35.0098
516.94,277.124,35.3211,35.7135
517.353,277.708,34.6251,35.0098
517.367,277.775,33.9429,34.32
517.613,277.975,34.2823,34.6632
517.682,278.221,33.9429,34.32
518.173,278.434,34.2823,34.6632
518.092,278.782,34.2823,34.6632
518.864,279.353,33.2741,33.6438
518.712,279.059,34.2823,34.6632
519.391,279.763,33.2741,33.6438
519.486,279.86,33.2741,33.6438
520.113,280.352,32.2955,32.6543
520.199,280.47,32.2955,32.6543
520.324,280.753,32.2955,32.6543
520.496,280.729,32.2955,32.6543
520.441,280.865,32.2955,32.6543
520.516,281.034,32.2955,32.6543
519.922,280.66,33.2741,33.6438
519.373,280.699,32.9446,33.3107
519.932,281.368,32.6184,32.9809
520.007,281.798,32.6184,32.9809
519.912,282.033,32.6184,32.9809
519.925,282.504,32.6184,32.9809
519.896,282.597,32.6184,32.9809
519.797,282.975,32.6184,32.9809
520.169,283.675,31.6591,32.0109
520.412,284.172,31.3457,31.6939
520.014,284.532,31.6591,32.0109
519.513,284.209,31.9757,32.331
519.344,284.348,31.9757,32.331
519.831,285.362,31.3457,31.6939
519.369,285.147,32.2955,32.6543
519.59,285.833,31.6591,32.0109
519.867,286.647,30.728,31.0695
519.584,286.821,30.4238,30.7618
519.171,286.741,31.0353,31.3801
519.286,287.134,30.4238,30.7618
518.859,287.658,30.4238,30.7618
518.876,287.755,31.3457,31.6939
518.932,288.331,31.3457,31.6939
519.265,288.824,30.728,31.0695
519.14,289.084,30.728,31.0695
519.268,289.783,30.1226,30.4573
519.092,290.188,29.8243,30.1557
519.032,290.359,29.8243,30.1557
518.738,290.425,29.529,29.8571
518.818,290.525,30.1226,30.4573
518.859,290.72,30.728,31.0695
519.179,291.203,30.1226,30.4573
518.976,290.832,30.4238,30.7618
519.298,291.05,30.4238,30.7618
520.015,291.242,30.4238,30.7618
520.911,292.111,29.529,29.8571
521.79,292.787,28.9472,29.2688
522.071,292.805,29.529,29.8571
522.864,293.236,29.529,29.8571
523.98,294.019,28.9472,29.2688
524.83,294.115,29.529,29.8571
525.983,294.867,28.9472,29.2688
526.765,295.121,29.529,29.8571
527.713,295.472,29.529,29.8571
528.864,296.14,28.9472,29.2688
530.955,296.974,28.3768,28.6921
531.904,297.124,28.3768,28.6921
533.423,297.641,28.3768,28.6921
534.798,297.818,28.9472,29.2688
536.744,298.032,29.529,29.8571
539.043,298.842,28.9472,29.2688
540.955,299.427,28.9472,29.2688
543.634,300.495,28.6606,28.979
544.342,300.245,29.529,29.8571
547.398,301.729,28.6606,28.979
549.395,301.872,28.3768,28.6921
551.377,302.352,28.3768,28.6921
553.422,302.949,28.3768,28.6921
555.056,303.571,28.0959,28.408
556.9,304.172,28.0959,28.408
559.204,304.848,28.3768,28.6921
560.77,305.796,27.5423,27.8483
562.33,306.553,26.9996,27.2996
563.641,306.997,27.5423,27.8483
564.818,307.785,26.9996,27.2996
566.47,308.829,27.8177,28.1268
567.666,309.727,27.2696,27.5726
567.815,309.591,28.0959,28.408
568.865,309.96,28.0959,28.408
570.057,310.789,27.5423,27.8483
571.628,311.665,27.5423,27.8483
572.546,311.945,28.0959,28.408
573.826,313.011,27.5423,27.8483
574.83,314.13,26.9996,27.2996
575.872,315.165,26.4676,26.7617
576.535,316.079,27.2696,27.5726
577.164,316.68,26.4676,26.7617
577.759,317.466,25.9461,26.2344
578.542,318.546,26.2055,26.4967
578.82,319.036,26.7323,27.0293
579.556,320.224,26.2055,26.4967
579.866,320.569,26.7323,27.0293
579.206,320.388,27.5423,27.8483
579.364,320.708,28.0959,28.408
580.05,321.725,27.5423,27.8483
580.717,322.853,26.9996,27.2996
581.166,323.816,26.4676,26.7617
581.4,324.56,25.9461,26.2344
581.657,325.483,25.4348,25.7174
581.692,325.834,25.4348,25.7174
581.562,326.38,25.9461,26.2344
581.779,326.881,25.9461,26.2344
582.046,327.704,26.2055,26.4967
581.894,328.188,26.2055,26.4967
581.897,328.649,26.2055,26.4967
581.53,329.114,26.7323,27.0293
581.55,329.998,26.2055,26.4967
581.317,330.563,25.4348,25.7174
581.33,330.948,26.2055,26.4967
581.683,331.792,25.6892,25.9746
581.234,332.454,25.4348,25.7174
581.061,332.625,25.9461,26.2344
581.255,333.591,25.4348,25.7174
581.314,334.054,25.4348,25.7174
581.312,334.563,25.4348,25.7174
581.273,335.102,25.4348,25.7174
582.028,336.496,24.6868,24.9611
581.831,336.887,24.6868,24.9611
581.813,337.06,24.6868,24.9611
581.416,337.16,25.183,25.4628
581.443,337.415,25.183,25.4628
581.726,337.655,24.6868,24.9611
581.503,337.825,24.6868,24.9611
581.204,337.639,25.183,25.4628
581.252,337.8,25.183,25.4628
581.245,338.516,24.6868,24.9611
580.474,338.02,24.9337,25.2107
580.776,338.377,25.183,25.4628
580.938,338.744,24.6868,24.9611
580.636,338.637,25.183,25.4628
580.536,338.756,24.4424,24.7139
581.049,339.4,24.2004,24.4693
580.985,339.77,24.2004,24.4693
580.575,339.618,24.6868,24.9611
580.18,339.743,23.9608,24.227
581.081,340.521,23.7235,23.9871
580.721,340.573,24.2004,24.4693
580.273,340.32,23.4886,23.7496
580.712,340.515,23.7235,23.9871
580.912,340.837,23.2561,23.5145
580.814,340.861,23.2561,23.5145
580.937,340.939,23.2561,23.5145
580.295,340.484,23.0258,23.2817
580.875,340.883,22.7978,23.0511
580.765,340.726,22.7978,23.0511
580.61,340.656,23.2561,23.5145
580.218,340.361,23.7235,23.9871
580.14,340.164,23.7235,23.9871
580.387,340.427,23.2561,23.5145
580.506,340.249,23.2561,23.5145
580.128,340.009,23.7235,23.9871
580.282,340.323,23.2561,23.5145
580.09,339.926,23.7235,23.9871
580.047,339.789,23.7235,23.9871
580.099,340.043,23.2561,23.5145
580.6,340.149,22.7978,23.0511
580.323,340.175,22.7978,23.0511
580.223,340.228,22.7978,23.0511
580.137,339.959,23.2561,23.5145
579.441,339.726,23.7235,23.9871
579.213,339.744,23.7235,23.9871
578.964,339.707,23.7235,23.9871
578.955,340.137,23.2561,23.5145
578.634,340.052,23.7235,23.9871
578.711,340.299,23.2561,23.5145
578.911,340.621,22.7978,23.0511
578.491,340.739,22.7978,23.0511
577.424,339.987,23.4886,23.7496
577.781,340.644,23.2561,23.5145
577.428,340.566,23.2561,23.5145
576.21,340.312,23.0258,23.2817
576.115,340.252,23.7235,23.9871
575.97,340.432,23.2561,23.5145
575.099,340.005,22.5721,22.8229
574.716,339.438,23.0258,23.2817
575.006,339.638,22.7978,23.0511
574.359,339.245,23.2561,23.5145
573.939,339.041,23.2561,23.5145
573.949,339.158,22.7978,23.0511
573.58,338.66,22.7978,23.0511
573.423,338.754,22.1274,22.3732
573.372,338.878,21.6914,21.9324
572.865,338.44,22.1274,22.3732
572.195,337.876,22.7978,23.0511
571.149,337.063,23.0258,23.2817
571.84,337.502,22.3486,22.5969
571.213,337.266,22.7978,23.0511
571.308,337.414,22.1274,22.3732
571.271,337.345,21.6914,21.9324
570.968,336.853,22.1274,22.3732
570.376,336.402,21.4766,21.7152
570.854,336.7,21.264,21.5002
570.751,336.565,21.264,21.5002
570.833,336.749,20.6386,20.8679
570.235,336.28,21.264,21.5002
569.295,335.614,21.0534,21.2873
569.678,335.688,21.6914,21.9324
569.395,335.923,21.264,21.5002
569.546,335.919,21.264,21.5002
569.255,335.777,21.264,21.5002
568.963,335.687,21.264,21.5002
567.743,334.811,21.9083,22.1517
568.557,335.483,21.264,21.5002
568.329,335.379,21.264,21.5002
567.684,335.108,21.0534,21.2873
567.551,334.954,21.0534,21.2873
567.732,335.274,21.264,21.5002
567.87,335.298,21.264,21.5002
566.514,334.24,21.9083,22.1517
567.2,334.93,21.264,21.5002
567.335,335.11,21.264,21.5002
566.404,334.621,21.0534,21.2873
566.357,334.556,21.0534,21.2873
566.618,334.842,21.264,21.5002
566.913,335.186,20.6386,20.8679
566.523,334.662,21.264,21.5002
565.472,333.647,21.9083,22.1517
565.951,334.105,21.6914,21.9324
565.48,333.905,21.0534,21.2873
566.379,334.4,20.6386,20.8679
565.499,333.738,21.0534,21.2873
566.004,334.107,20.6386,20.8679
566.024,334.311,20.6386,20.8679
565.578,333.976,21.264,21.5002
565.895,334.325,20.6386,20.8679
565.971,334.234,20.6386,20.8679
566.449,334.465,20.2319,20.4567
565.886,333.744,20.4342,20.6613
566.436,334.026,20.0316,20.2542
566.671,334.031,20.0316,20.2542
567.541,334.529,20.2319,20.4567
567.83,334.275,20.6386,20.8679
567.529,333.965,20.4342,20.6613
568.548,334.957,19.8333,20.0536
568.244,334.319,20.4342,20.6613
568.747,334.616,20.0316,20.2542
569.571,335.115,20.2319,20.4567
569.906,335.148,20.2319,20.4567
569.497,334.625,20.4342,20.6613
570.27,335.111,20.0316,20.2542
570.909,335.45,19.4425,19.6585
571.646,335.884,19.6369,19.8551
571.565,335.659,20.2319,20.4567
572.011,335.663,20.2319,20.4567
572.638,336.059,19.6369,19.8551
572.729,335.744,20.2319,20.4567
572.99,335.611,20.6386,20.8679
573.267,335.778,20.6386,20.8679
573.244,335.593,20.0316,20.2542
573.303,335.564,20.4342,20.6613
574.581,336.414,19.8333,20.0536
574.562,336.159,20.2319,20.4567
574.708,335.994,20.0316,20.2542
575.445,336.319,19.4425,19.6585
575.46,336.199,20.0316,20.2542
576.19,336.49,19.4425,19.6585
576.693,336.641,19.4425,19.6585
576.979,336.555,19.4425,19.6585
577.766,337.074,19.6369,19.8551
578.143,336.974,19.6369,19.8551
578.779,337.017,19.6369,19.8551
579.132,337.049,19.6369,19.8551
579.763,337.195,19.6369,19.8551
580.125,337.169,19.6369,19.8551
580.76,337.447,19.25,19.4639
581.287,337.574,19.25,19.4639
581.709,337.629,19.25,19.4639
581.974,337.426,18.8707,19.0804
581.947,337.216,19.4425,19.6585
582.869,337.621,19.6369,19.8551
583.875,338.081,19.25,19.4639
584.186,337.94,19.6369,19.8551
584.562,338.054,19.6369,19.8551
585.218,338.428,19.25,19.4639
585.7,338.527,19.25,19.4639
586.205,338.465,18.8707,19.0804
586.967,338.711,19.25,19.4639
586.891,338.287,19.4425,19.6585
587.736,338.623,18.8707,19.0804
588.211,338.94,18.4989,18.7044
588.638,338.883,18.8707,19.0804
589.143,338.937,18.8707,19.0804
589.911,339.406,19.25,19.4639
590.359,339.228,19.6369,19.8551
590.987,339.405,19.25,19.4639
591.477,339.254,19.6369,19.8551
592.117,339.469,19.25,19.4639
592.922,339.829,18.6838,18.8914
593.056,339.497,19.25,19.4639
593.908,339.882,18.6838,18.8914
594.464,339.945,18.6838,18.8914
595.159,340.305,18.1344,18.3358
595.125,339.752,18.4989,18.7044
595.209,339.624,18.8707,19.0804
596.279,340.246,18.6838,18.8914
597.057,340.565,18.6838,18.8914
597.326,340.727,18.6838,18.8914
598.144,341.078,18.1344,18.3358
598.467,341.186,18.1344,18.3358
599.078,341.384,18.1344,18.3358
599.618,341.546,18.1344,18.3358
599.955,341.393,18.6838,18.8914
600.277,341.471,18.6838,18.8914
601.11,341.951,18.1344,18.3358
601.246,341.781,18.6838,18.8914
602.201,342.366,18.1344,18.3358
602.285,342.174,18.6838,18.8914
603.248,342.664,18.1344,18.3358
603.643,342.853,18.1344,18.3358
604.053,342.956,18.1344,18.3358
604.411,342.736,17.9548,18.1543
604.45,342.67,18.4989,18.7044
605.195,342.71,18.4989,18.7044
605.867,343.114,17.9548,18.1543
606.32,343.212,17.9548,18.1543
606.966,343.256,17.9548,18.1543
607.326,343.159,18.4989,18.7044
607.91,343.441,18.4989,18.7044
608.462,343.56,18.4989,18.7044
609.224,343.848,17.9548,18.1543
609.492,343.839,18.4989,18.7044
609.983,343.831,18.4989,18.7044
610.655,344.195,17.9548,18.1543
611.449,344.507,17.4268,17.6204
611.625,344.245,17.9548,18.1543
612.091,343.996,18.4989,18.7044
612.803,344.251,17.9548,18.1543
613.248,344.293,17.9548,18.1543
613.578,344.333,17.9548,18.1543
614.503,344.991,17.777,17.9746
614.569,344.744,17.4268,17.6204
614.315,344.362,17.9548,18.1543
614.053,344.009,18.4989,18.7044
614.546,344.389,17.9548,18.1543
615.188,344.674,18.1344,18.3358
615.352,344.889,17.777,17.9746
615.31,344.747,18.1344,18.3358
615.402,344.69,18.1344,18.3358
615.516,344.721,18.1344,18.3358
615.872,344.643,17.777,17.9746
615.836,344.72,17.777,17.9746
615.78,344.474,18.1344,18.3358
616.035,344.603,17.777,17.9746
616.126,344.614,17.777,17.9746
616.116,344.436,17.777,17.9746
616.681,344.761,17.2542,17.4459
616.388,344.505,17.777,17.9746
616.36,344.341,18.1344,18.3358
616.388,344.32,18.1344,18.3358
616.529,344.533,17.777,17.9746
616.572,344.138,17.4268,17.6204
616.366,344.014,17.9548,18.1543
616.854,344.281,17.4268,17.6204
617.235,344.444,17.777,17.9746
617.088,344.44,17.4268,17.6204
617.29,344.532,17.4268,17.6204
617.134,344.168,17.9548,18.1543
617.472,344.428,17.4268,17.6204
617.863,344.719,16.9142,17.1022
617.943,344.659,16.9142,17.1022
617.707,344.472,17.4268,17.6204
618.205,344.827,16.9142,17.1022
619.043,345.291,16.7468,16.9328
619.168,345.162,16.7468,16.9328
619.217,345.04,17.2542,17.4459
619.346,344.793,17.2542,17.4459
619.711,345.03,16.7468,16.9328
620.062,345.007,16.7468,16.9328
620.352,345.178,16.2543,16.4349
620.328,344.753,16.7468,16.9328
620.539,344.319,17.2542,17.4459
620.994,344.614,16.7468,16.9328
620.697,343.97,16.9142,17.1022
621.123,344.133,16.4168,16.5992
621.039,343.7,16.9142,17.1022
621.271,343.757,16.9142,17.1022
621.957,343.997,17.2542,17.4459
622.161,343.945,17.2542,17.4459
622.666,344.194,16.7468,16.9328
622.617,344.002,17.2542,17.4459
623.162,344.384,16.7468,16.9328
623.089,344.017,17.2542,17.4459
623.305,344.055,17.2542,17.4459
623.485,343.978,17.2542,17.4459
623.154,343.395,17.4268,17.6204
623.644,343.846,16.9142,17.1022
624.066,344.074,16.4168,16.5992
624.124,344.056,16.4168,16.5992
624.087,343.788,16.9142,17.1022
624.487,343.801,16.9142,17.1022
624.654,343.852,16.9142,17.1022
625.024,343.988,16.4168,16.5992
625.242,344.135,16.4168,16.5992
625.263,344.097,16.4168,16.5992
625.675,344.378,15.934,16.111
625.74,344.062,16.4168,16.5992
626.241,344.381,15.934,16.111
626.335,344.439,15.934,16.111
626.225,344.233,16.4168,16.5992
626.243,344.09,16.4168,16.5992
626.504,344.172,16.4168,16.5992
626.986,344.304,16.7468,16.9328
627.399,344.6,16.2543,16.4349
627.496,344.141,16.7468,16.9328
627.743,344.059,16.7468,16.9328
627.747,344.112,16.7468,16.9328
627.65,343.595,16.4168,16.5992
627.894,343.741,16.4168,16.5992
628.324,343.925,15.934,16.111
628.468,343.935,15.934,16.111
629.039,344.005,16.2543,16.4349
628.698,343.395,16.4168,16.5992
628.728,343.415,16.4168,16.5992
629.544,343.991,16.2543,16.4349
629.97,344.185,15.7762,15.9515
629.639,343.568,15.934,16.111
629.625,343.211,16.4168,16.5992
629.887,343.581,15.934,16.111
630.976,344.162,15.62,15.7936
630.483,343.355,15.934,16.111
630.784,343.319,15.934,16.111
631.239,343.618,15.4654,15.6372
631.161,343.234,15.934,16.111
631.723,343.372,16.2543,16.4349
631.675,342.969,15.934,16.111
631.893,343.016,15.934,16.111
632.058,342.98,15.934,16.111
633.22,343.622,15.62,15.7936
632.476,342.887,15.934,16.111
633.068,343.173,16.2543,16.4349
632.897,342.781,15.934,16.111
632.979,342.625,15.934,16.111
633.947,342.981,16.2543,16.4349
633.278,342.44,16.4168,16.5992
634.228,342.988,16.2543,16.4349
633.888,342.275,16.4168,16.5992
633.932,342.233,16.4168,16.5992
635.153,342.898,16.2543,16.4349
635.003,342.669,16.7468,16.9328
635.783,342.885,16.2543,16.4349
635.792,342.811,16.2543,16.4349
635.286,342.227,16.4168,16.5992
636.406,342.709,16.2543,16.4349
636.691,343.26,15.7762,15.9515
637.882,343.085,15.62,15.7936
636.562,342.55,15.934,16.111
637.2,342.301,16.4168,16.5992
637.021,341.969,16.9142,17.1022
637.772,342.734,16.7468,16.9328
638.941,342.804,16.2543,16.4349
639.097,342.681,16.7468,16.9328
639.248,342.389,16.7468,16.9328
640.335,342.786,16.2543,16.4349
640.465,342.906,16.2543,16.4349
640.991,342.348,16.7468,16.9328
641.032,342.358,17.2542,17.4459
641.677,342.172,17.2542,17.4459
642.548,342.05,16.7468,16.9328
642.138,342.26,16.4168,16.5992
643.29,342.538,16.2543,16.4349
643.077,342.075,16.4168,16.5992
644.009,342.299,15.934,16.111
645.126,341.971,15.934,16.111
645.893,342.243,16.2543,16.4349
646.019,341.75,16.4168,16.5992
646.454,341.847,16.4168,16.5992
647.934,342.458,16.2543,16.4349
647.641,342.857,16.2543,16.4349
650.162,342.399,15.7762,15.9515
650.398,342.349,16.2543,16.4349
649.191,342.366,16.4168,16.5992
650.723,342.369,16.7468,16.9328
650.28,342.42,16.9142,17.1022
650.471,342.284,16.9142,17.1022
650.14,342.807,16.9142,17.1022
652.81,342.097,17.2542,17.4459
652.739,342.12,16.9142,17.1022
654.942,342.229,16.7468,16.9328
655.089,342.378,17.2542,17.4459
655.973,342.297,16.7468,16.9328
655.801,341.881,16.9142,17.1022
656.84,341.801,16.4168,16.5992
658.005,342.389,16.7468,16.9328
659.363,342.907,16.2543,16.4349
659.46,342.471,15.934,16.111
660.669,343.021,16.2543,16.4349
661.625,342.668,16.7468,16.9328
662.341,342.958,16.2543,16.4349
662.853,342.848,16.2543,16.4349
663.697,342.721,16.7468,16.9328
665.494,342.457,16.2543,16.4349
665.719,342.397,16.7468,16.9328
666.264,342.629,16.2543,16.4349
667.687,342.851,15.7762,15.9515
668.319,342.965,15.62,15.7936
669.412,342.878,15.62,15.7936
670.034,343.067,15.1606,15.3291
670.846,343.576,14.7148,14.8783
671.602,343.184,15.1606,15.3291
672.631,343.128,15.1606,15.3291
673.981,343.294,14.7148,14.8783
674.665,343.196,15.1606,15.3291
675.251,343.18,15.1606,15.3291
676.198,343.067,15.62,15.7936
677.111,343.329,15.62,15.7936
678.3,343.543,15.1606,15.3291
678.482,342.941,15.0105,15.1773
679.891,343.403,15.1606,15.3291
680.989,343.381,15.62,15.7936
681.869,343.528,15.62,15.7936
683.703,343.637,15.1606,15.3291
684.433,343.669,15.1606,15.3291
685.053,343.526,15.62,15.7936
686.2,343.757,15.1606,15.3291
687.385,343.86,15.1606,15.3291
687.876,343.306,15.4654,15.6372
690.012,343.673,15.62,15.7936
689.938,343.238,15.934,16.111
691.459,343.853,15.62,15.7936
691.835,343.432,15.934,16.111
694.068,343.944,15.62,15.7936
694.341,343.74,15.4654,15.6372
696.326,344.216,15.62,15.7936
696.773,343.639,15.4654,15.6372
698.635,344.185,15.1606,15.3291
699.992,344.423,15.1606,15.3291
700.406,343.817,15.4654,15.6372
701.056,343.736,15.934,16.111
703.246,344.14,15.62,15.7936
704.561,344.337,15.62,15.7936
705.715,344.272,15.62,15.7936
706.106,343.818,15.4654,15.6372
707.4,343.965,15.4654,15.6372
708.974,344.305,15.62,15.7936
709.414,343.73,15.4654,15.6372
710.766,343.751,15.4654,15.6372
712.104,344.025,15.0105,15.1773
713.765,344.656,15.1606,15.3291
712.672,343.903,15.4654,15.6372
712.176,344.029,15.4654,15.6372
710.363,344.208,15.0105,15.1773
707.366,343.934,15.4654,15.6372
705.365,344.148,15.4654,15.6372
703.628,344.477,15.62,15.7936
700.051,344.447,15.62,15.7936
696.675,344.55,15.1606,15.3291
693.17,344.889,15.1606,15.3291
689.51,344.114,15.4654,15.6372
686.716,344.58,15.62,15.7936
682.668,344.165,15.4654,15.6372
678.686,344.601,15.1606,15.3291
673.889,344.299,15.0105,15.1773
670.825,344.709,15.1606,15.3291
666.431,344.618,14.7148,14.8783
662.06,343.993,15.0105,15.1773
656.666,343.993,15.0105,15.1773
652.145,344.171,15.0105,15.1773
648.675,344.733,14.7148,14.8783
644.987,344.255,14.4248,14.5851
641.818,344.675,14.7148,14.8783
637.133,344.435,15.1606,15.3291
632.99,343.807,15.4654,15.6372
629.517,343.888,15.0105,15.1773
626.653,344.172,15.1606,15.3291
623.486,344.382,15.62,15.7936
620.117,344.363,15.62,15.7936
617.772,344.445,15.62,15.7936
616.261,344.651,15.1606,15.3291
613.99,343.964,15.4654,15.6372
612.578,344.489,15.62,15.7936
610.858,344.591,15.62,15.7936
609.564,344.919,15.1606,15.3291
607.869,344.357,15.4654,15.6372
606.899,344.402,15.934,16.111
607.271,344.916,15.62,15.7936
607.375,345.063,15.62,15.7936
607.054,345.123,15.62,15.7936
607.302,345.549,15.1606,15.3291
606.849,345.524,15.1606,15.3291
607.101,345.475,14.7148,14.8783
607.799,345.445,15.1606,15.3291
608.26,344.966,15.0105,15.1773
609.799,345.518,15.1606,15.3291
610.456,345.548,15.1606,15.3291
610.846,345.399,15.62,15.7936
611.913,345.425,15.62,15.7936
612.719,345.414,15.62,15.7936
614.098,345.543,15.62,15.7936
614.815,345.425,15.62,15.7936
615.905,345.627,15.1606,15.3291
617.193,345.775,15.1606,15.3291
617.9,345.676,15.1606,15.3291
618.729,345.698,15.62,15.7936
619.083,345.094,15.934,16.111
620.774,345.734,15.62,15.7936
620.849,345.275,15.4654,15.6372
622.274,345.785,15.62,15.7936
622.307,345.119,15.934,16.111
623.573,345.544,15.4654,15.6372
625.231,346.276,15.1606,15.3291
625.819,346.15,15.62,15.7936
626.643,346.129,15.62,15.7936
626.599,345.827,15.4654,15.6372
628.372,346.516,15.1606,15.3291
628.887,346.468,15.1606,15.3291
629.755,346.337,15.62,15.7936
630.422,346.309,15.62,15.7936
630.756,346.339,15.62,15.7936
631.613,346.526,15.62,15.7936
632.429,346.488,15.62,15.7936
632.963,346.498,15.62,15.7936
633.884,346.508,15.62,15.7936
634.745,346.52,15.62,15.7936
635.153,346.463,15.62,15.7936
635.639,346.588,15.62,15.7936
635.726,345.84,15.4654,15.6372
637.758,346.418,15.1606,15.3291
638.229,346.518,15.1606,15.3291
639.04,346.719,14.7148,14.8783
639.733,346.638,15.1606,15.3291
640.163,346.723,15.1606,15.3291
639.629,346.38,15.4654,15.6372
640.495,346.178,15.934,16.111
641.641,346.554,15.62,15.7936
641.543,346.207,15.934,16.111
643.346,346.896,15.62,15.7936
643.691,346.388,15.934,16.111
644.737,346.677,15.4654,15.6372
645.884,347.366,15.1606,15.3291
647.305,347.728,14.7148,14.8783
647.857,347.466,15.1606,15.3291
648.236,347.517,15.62,15.7936
648.578,347.315,15.4654,15.6372
649.009,347.09,15.934,16.111
650.331,347.996,15.62,15.7936
652.788,348.153,15.1606,15.3291
652.436,347.992,15.0105,15.1773
654.329,348.43,15.1606,15.3291
654.826,348.599,15.1606,15.3291
655.479,348.426,15.0105,15.1773
657.247,348.72,15.1606,15.3291
657.635,348.716,15.0105,15.1773
659.606,348.685,14.5691,14.731
660.144,348.762,15.0105,15.1773
661.055,348.929,14.5691,14.731
662.577,348.813,14.4248,14.5851
664.105,348.88,14.4248,14.5851
665.837,349.518,14.1406,14.2977
666.924,349.943,14.1406,14.2977
667.734,349.798,14.1406,14.2977
669.306,350.001,13.7247,13.8772
670.225,349.76,14.1406,14.2977
671.478,349.865,13.7247,13.8772
672.472,350.092,13.7247,13.8772
673.26,349.973,14.1406,14.2977
674.635,349.888,13.7247,13.8772
675.9,349.06,13.4543,13.6038
676.785,349.482,13.0586,13.2037
678.272,350.084,12.6746,12.8154
678.892,349.744,12.4248,12.5629
680.411,349.884,12.0594,12.1934
681.49,350.587,12.18,12.3153
681.91,350.024,12.4248,12.5629
683.248,350.623,12.6746,12.8154
683.986,350.113,12.4248,12.5629
685.427,350.662,12.6746,12.8154
686.533,350.349,12.9293,13.073
688.466,350.722,13.1892,13.3357
689.428,350.496,13.1892,13.3357
691.027,350.437,12.9293,13.073
693.078,350.881,13.1892,13.3357
694.36,350.612,12.9293,13.073
695.92,350.57,12.9293,13.073
697.146,350.654,12.9293,13.073
699.233,351.298,12.6746,12.8154
701.187,351.092,12.6746,12.8154
702.638,351.435,12.6746,12.8154
704.134,351.306,12.6746,12.8154
705.351,351.282,12.4248,12.5629
706.806,351.626,12.6746,12.8154
708.551,351.542,12.4248,12.5629
710.542,352.302,12.18,12.3153
711.533,351.61,11.94,12.0727
713.625,351.986,11.7047,11.8348
714.604,351.935,11.4741,11.6016
717.351,352.641,11.7047,11.8348
718.38,351.8,11.94,12.0727
719.601,352.339,11.7047,11.8348
721.859,352.621,11.7047,11.8348
722.432,352.254,11.4741,11.6016
724.643,352.924,11.7047,11.8348
725.867,352.569,11.4741,11.6016
727.747,353.255,11.7047,11.8348
729.403,353.488,11.7047,11.8348
730.651,353.55,11.7047,11.8348
732.579,353.615,11.7047,11.8348
733.62,353.651,11.7047,11.8348
734.749,353.787,11.7047,11.8348
735.951,353.561,11.94,12.0727
737.318,353.475,12.18,12.3153
738.48,353.3,11.94,12.0727
739.094,353.467,11.94,12.0727
741.202,353.86,12.18,12.3153
741.956,353.512,12.4248,12.5629
743.493,353.864,12.4248,12.5629
745.403,353.92,12.18,12.3153
742.271,353.635,11.94,12.0727
747.193,353.902,11.94,12.0727
751.511,353.338,11.5889,11.7176
753.423,354.067,11.248,11.373
755.096,353.919,10.9172,11.0385
756.844,354.325,10.7021,10.821
757.862,354.353,10.7021,10.821
759.143,354.445,10.7021,10.821
763.058,352.485,10.3874,10.5028
762.486,354.95,10.1827,10.2958
763.046,354.754,9.88322,9.99304
765.103,355.338,9.68849,9.79614
766.082,355.044,9.68849,9.79614
767.159,354.974,9.68849,9.79614
768.57,355.197,9.68849,9.79614
769.258,354.939,9.40355,9.50803
770.833,355.681,9.12699,9.2284
770.817,354.196,8.94716,9.04657
771.716,354.605,8.94716,9.04657
770.311,356.811,8.68402,8.78051
774.777,355.379,8.94716,9.04657
774.746,355.662,8.94716,9.04657
775.849,356.489,8.68402,8.78051
776.286,355.588,8.68402,8.78051
776.285,355.555,8.68402,8.78051
773.416,356.434,8.68402,8.78051
773.632,356.574,8.68402,8.78051
772.983,356.542,8.94716,9.04657
773.006,356.462,8.94716,9.04657
773.04,356.552,8.94716,9.04657
772.548,356.253,8.94716,9.04657
775.774,356.385,9.12699,9.2284
774.814,355.391,9.40355,9.50803
774.511,355.254,9.40355,9.50803
770.491,357.175,9.68849,9.79614
772.445,355.811,9.88323,9.99304
772.089,355.739,9.88323,9.99304
767.954,356.494,10.1827,10.2958
766.938,357.067,10.1827,10.2958
765.396,356.745,10.3874,10.5028
764.468,357.124,10.1827,10.2958
763.422,356.555,10.3874,10.5028
762.361,356.866,10.3874,10.5028
761.734,356.685,10.0819,10.1939
760.595,356.924,9.88323,9.99304
759.559,357.688,9.68849,9.79614
758.425,358.082,9.68849,9.79614
758.581,357.246,9.40355,9.50804
758.25,357.821,9.12699,9.22841
757.931,357.563,9.40355,9.50804
757.211,357.819,9.12699,9.22841
756.487,357.617,8.94716,9.04657
756.799,358.067,8.68402,8.78051
755.77,357.805,8.42863,8.52228
754.789,357.595,8.42863,8.52228
754.449,358.212,8.68402,8.78051
753.156,357.881,8.42863,8.52228
752.657,357.932,8.42863,8.52228
751.636,357.444,8.42863,8.52228
751.228,357.912,8.18074,8.27164
749.894,357.357,7.94015,8.02837
748.28,358.115,8.18074,8.27164
746.867,358.021,8.18074,8.27164
744.952,358.281,8.18074,8.27164
742.964,358.006,8.18074,8.27164
741.629,357.984,8.18074,8.27164
739.731,358.176,8.18074,8.27164
738.068,357.966,8.18074,8.27164
735.581,357.752,8.42863,8.52228
733.837,357.768,8.18074,8.27164
731.786,358.213,8.18074,8.27164
730.091,357.765,8.18074,8.27164
727.544,357.918,8.42863,8.52228
726.169,357.751,8.68402,8.78051
723.202,357.518,8.94716,9.04657
720.913,357.654,8.94716,9.04657
719.366,357.639,8.94716,9.04657
718.484,357.59,8.68402,8.78051
716.373,358.162,8.68402,8.78051
713.425,358.054,8.42863,8.52228
711.347,357.842,8.42863,8.52228
709.828,357.825,8.42863,8.52228
708.617,358.205,8.18074,8.27164
706.619,358.639,8.18074,8.27164
703.945,358.644,8.18074,8.27164
702.176,358.752,8.18074,8.27164
699.974,358.243,7.94015,8.02837
698.516,358.343,7.94015,8.02837
697.148,359.205,7.70663,7.79226
694.448,358.695,7.47998,7.56309
693.062,359.029,7.63033,7.71511
691.273,359.29,7.63033,7.71511
688.611,358.836,7.40592,7.48821
687.353,359.376,7.63033,7.71511
684.579,358.893,7.40592,7.48821
683.148,359.477,7.63033,7.71511
681.673,359.499,7.63033,7.71511
680.041,359.63,7.63033,7.71511
678.765,359.371,7.40592,7.48821
677.152,359.656,7.63033,7.71511
676.318,359.401,7.63033,7.71511
674.535,359.306,7.40592,7.48821
674.088,359.547,7.63033,7.71511
672.447,359.668,7.40592,7.48821
670.734,359.698,7.40592,7.48821
671.033,359.517,7.63033,7.71511
669.53,359.924,7.40592,7.48821
668.863,359.953,7.40592,7.48821
667.327,361.079,7.63033,7.71511
666.484,361.006,7.63033,7.71511
665.554,361.019,7.63033,7.71511
664.264,361.142,7.63033,7.71511
662.73,360.571,7.40592,7.48821
660.956,361.607,7.63033,7.71511
659.601,361.583,7.63033,7.71511
658.171,361.53,7.63033,7.71511
656.27,361.103,7.40592,7.48821
655.318,361.45,7.63033,7.71511
654.27,361.73,7.63033,7.71511
653.389,362.13,7.63033,7.71511
652.963,361.728,7.63033,7.71511
652.341,362.127,7.63033,7.71511
652.121,362.066,7.63033,7.71511
652.101,362.05,7.63033,7.71511
651.715,362.292,7.63033,7.71511
651.57,362.311,7.63033,7.71511
651.241,362.601,7.63033,7.71511
651.105,362.757,7.63033,7.71511
651.07,362.974,7.63033,7.71511
650.903,362.988,7.63033,7.71511
650.866,363.081,7.63033,7.71511
650.686,363.111,7.63033,7.71511
650.648,363.107,7.63033,7.71511
650.645,363.234,7.63033,7.71511
650.45,363.415,7.63033,7.71511
650.487,363.352,7.63033,7.71511
650.444,363.554,7.63033,7.71511
650.201,363.624,7.63033,7.71511
650.25,363.745,7.63033,7.71511
650.141,363.923,7.63033,7.71511
650.232,363.913,7.63033,7.71511
649.939,364.09,7.63033,7.71511
649.617,364.146,7.63033,7.71511
649.321,364.14,7.63033,7.71511
648.791,364.195,7.63033,7.71511
648.235,364.244,7.63033,7.71511
647.856,364.361,7.63033,7.71511
647.197,364.415,7.63033,7.71511
646.419,364.645,7.63033,7.71511
645.137,364.713,7.63033,7.71511
643.988,364.868,7.63033,7.71511
642.859,364.912,7.63033,7.71511
641.989,365.02,7.63033,7.71511
641.013,365.246,7.63033,7.71511
639.317,365.232,7.40592,7.48821
639.175,365.622,7.63033,7.71511
638.374,366.071,7.63033,7.71511
637.59,366.025,7.63033,7.71511
636.81,366.271,7.63033,7.71511
636.307,366.437,7.63033,7.71511
635.862,366.607,7.63033,7.71511
635.404,366.842,7.63033,7.71511
634.939,367.059,7.63033,7.71511
634.674,367.063,7.63033,7.71511
634.778,367.227,7.63033,7.71511
634.258,367.814,7.63033,7.71511
634.211,367.99,7.63033,7.71511
634.275,368.197,7.63033,7.71511
634.109,368.345,7.63033,7.71511
633.735,368.589,7.63033,7.71511
633.945,368.578,7.63033,7.71511
633.727,368.955,7.63033,7.71511
633.393,369.841,7.63033,7.71511
633.31,370.042,7.63033,7.71511
633.447,369.896,7.63033,7.71511
633.111,370.242,7.63033,7.71511
633.087,370.43,7.63033,7.71511
633.131,370.844,7.63033,7.71511
632.768,371.116,7.63033,7.71511
632.792,370.961,7.63033,7.71511
632.685,371.21,7.63033,7.71511
632.804,371.241,7.63033,7.71511
632.547,371.406,7.63033,7.71511
632.249,371.866,7.63033,7.71511
632.479,372.04,7.63033,7.71511
632.421,372.137,7.63033,7.71511
632.477,372.181,7.63033,7.71511
632.32,372.335,7.63033,7.71511
632.258,372.481,7.63033,7.71511
632.022,372.469,7.63033,7.71511
631.63,372.773,7.63033,7.71511
631.37,372.74,7.63033,7.71511
631.038,372.64,7.63033,7.71511
630.239,373.061,7.63033,7.71511
629.919,373.171,7.63033,7.71511
629.087,373.544,7.63033,7.71511
628.559,373.879,7.63033,7.71511
628.422,372.743,7.40592,7.48821
627.793,374.382,7.63033,7.71511
627.434,374.71,7.63033,7.71511
627.193,374.279,7.63033,7.71511
626.867,374.165,7.63033,7.71511
626.264,375.063,7.63033,7.71511
626.192,374.435,7.63033,7.71511
624.573,375.968,7.63033,7.71511
624.347,375.738,7.63033,7.71511
624.18,376.281,7.63033,7.71511
623.698,376.541,7.63033,7.71511
623.332,376.294,7.63033,7.71511
622.465,376.823,7.63033,7.71511
622.185,377.142,7.63033,7.71511
622.022,377.116,7.63033,7.71511
621.914,377.063,7.63033,7.71511
621.638,377.117,7.63033,7.71511
621.198,377.508,7.63033,7.71511
621.315,377.529,7.63033,7.71511
621.11,377.722,7.63033,7.71511
620.924,377.971,7.63033,7.71511
621.341,377.996,7.63033,7.71511
621.081,377.931,7.63033,7.71511
621.172,378.24,7.63033,7.71511
621.21,378.371,7.63033,7.71511
621.141,378.954,7.63033,7.71511
621.233,379.024,7.63033,7.71511
621.216,379.062,7.63033,7.71511
620.743,379.281,7.40592,7.48821
621.202,379.884,7.63033,7.71511
620.98,380.036,7.63033,7.71511
621.254,380.379,7.63033,7.71511
621.022,380.612,7.63033,7.71511
620.962,380.736,7.63033,7.71511
620.811,381.137,7.63033,7.71511
620.629,381.06,7.63033,7.71511
620.089,381.218,7.40592,7.48821
620.417,381.742,7.63033,7.71511
620.327,381.896,7.63033,7.71511
620.264,382.049,7.63033,7.71511
620.39,381.987,7.63033,7.71511
620.256,382.199,7.63033,7.71511
620.13,382.233,7.63033,7.71511
620.044,382.283,7.63033,7.71511
619.948,382.515,7.63033,7.71511
619.954,382.556,7.63033,7.71511
619.659,382.891,7.63033,7.71511
619.637,383.358,7.63033,7.71511
619.185,383.142,7.63033,7.71511
619.46,383.956,7.63033,7.71511
619.264,384.171,7.63033,7.71511
618.717,384.151,7.40592,7.48821
618.807,384.967,7.18811,7.26798
618.688,385.165,7.18811,7.26798
618.431,385.667,7.18811,7.26798
618.367,385.636,7.18811,7.26798
618.337,385.618,7.18811,7.26798
617.572,385.512,6.97671,7.05423
618.099,386.183,6.77153,6.84677
618.12,386.582,6.6381,6.71186
617.607,386.167,6.44288,6.51446
617.903,386.698,6.6381,6.71186
617.952,387.367,6.6381,6.71186
617.327,387.625,6.6381,6.71186
617.25,387.765,6.6381,6.71186
616.718,387.638,6.44288,6.51446
616.802,388.71,6.6381,6.71186
616.838,388.872,6.6381,6.71186
616.9,389.227,6.6381,6.71186
616.439,389.508,6.6381,6.71186
616.532,389.659,6.6381,6.71186
615.815,389.116,6.44288,6.51446
615.881,389.519,6.6381,6.71186
615.858,389.582,6.6381,6.71186
615.228,389.227,6.44288,6.51446
615.21,389.41,6.6381,6.71186
615.023,389.407,6.6381,6.71186
614.158,388.805,6.44288,6.51446
614.282,389.1,6.6381,6.71186
614.389,389.048,6.6381,6.71186
614.053,388.659,6.6381,6.71186
612.946,388.477,6.44288,6.51446
613.162,388.016,6.37909,6.44996
612.958,387.671,6.37909,6.44996
612.903,387.404,6.37909,6.44996
612.795,387.05,6.37909,6.44996
612.906,386.746,6.37909,6.44996
613.011,386.979,6.19148,6.26027
612.542,385.974,6.37909,6.44996
612.413,386.286,6.19148,6.26027
612.295,385.99,6.13018,6.19829
612.148,385.826,6.13018,6.19829
611.562,384.724,5.94989,6.016
611.719,384.315,5.89098,5.95643
611.488,383.554,5.89098,5.95643
611.432,384.543,5.71773,5.78126
610.985,383.253,5.89098,5.95643
611.612,383.78,5.71773,5.78126
610.935,383.057,5.89098,5.95643
611.282,382.909,5.71773,5.78126
610.69,382.266,5.89098,5.95643
610.64,381.874,5.89098,5.95643
610.085,381.086,5.89098,5.95643
610.033,380.623,5.89098,5.95643
609.738,380.388,5.89098,5.95643
610.247,380.926,5.71773,5.78126
609.549,380.237,5.89098,5.95643
609.223,378.799,5.89098,5.95643
609.223,378.096,5.89098,5.95643
608.851,377.594,5.89098,5.95643
608.684,378.4,5.71773,5.78126
609.663,377.593,5.54957,5.61123
608.135,376.538,5.38636,5.44621
607.893,376.69,5.22795,5.28603
607.94,375.226,5.38636,5.44621
609.612,372.694,5.22795,5.28603
608.268,372.994,5.12493,5.18188
607.756,372.251,5.12493,5.18188
606.976,372.021,4.97421,5.02948
606.949,371.759,5.12493,5.18188
606.746,371.231,5.12493,5.18188
605.656,371.77,5.12493,5.18188
606.726,371.404,5.12493,5.18188
604.827,370.713,5.12493,5.18188
605.056,369.172,5.12493,5.18188
604.154,368.638,5.12493,5.18188
603.788,368.597,5.12493,5.18188
603.537,366.58,4.97421,5.02948
603.347,367.725,4.8762,4.93038
604.789,365.37,4.73279,4.78538
604.567,363.733,4.8762,4.93038
605.134,364.091,4.73279,4.78538
604.146,363.733,4.5936,4.64464
604.328,362.67,4.4585,4.50804
604.406,362.462,4.41436,4.46341
604.759,362.519,4.28453,4.33214
604.463,361.074,4.41436,4.46341
605.018,360.238,4.28453,4.33214
605.042,359.354,4.15853,4.20473
604.163,359.27,4.15853,4.20473
603.659,359.244,4.15853,4.20473
603.405,358.241,4.15853,4.20473
602.751,357.3,4.15853,4.20473
602.097,355.794,4.03623,4.08107
601.288,355.855,3.91752,3.96105
601.181,354.956,3.87873,3.92183
600.623,354.089,3.87873,3.92183
600.692,353.679,3.76466,3.80649
599.936,353.512,3.65394,3.69454
599.708,352.714,3.65394,3.69454
598.885,352.561,3.65394,3.69454
598.616,351.665,3.65394,3.69454
597.861,351.425,3.65394,3.69454
597.747,350.69,3.65394,3.69454
596.555,349.985,3.54648,3.58589
595.864,351.54,3.65394,3.69454
596.698,349.449,3.65394,3.69454
596.292,348.467,3.65394,3.69454
594.531,349.156,3.54648,3.58589
594.437,348.277,3.44218,3.48043
595.875,346.626,3.34095,3.37807
594.645,346.052,3.37435,3.41185
594.891,345.612,3.27512,3.31151
597.301,344.973,3.37435,3.41185
596.646,344.498,3.37435,3.41185
594.124,343.847,3.27512,3.31151
597.26,343.923,3.37435,3.41185
596.972,343.616,3.27512,3.31151
595.94,341.732,3.1788,3.21411
596.08,342.067,3.14732,3.18229
599.347,344.347,3.05476,3.0887
599.043,343.723,3.14732,3.18229
597.947,342.786,3.14732,3.18229
597.379,340.263,3.05476,3.0887
598.666,341.943,3.14732,3.18229
599.488,342.165,3.05476,3.0887
599.965,342.71,3.14732,3.18229
601.089,343.559,3.14732,3.18229
603.773,341.879,3.05476,3.0887
604.59,341.619,3.14732,3.18229
606.518,343.208,3.05476,3.0887
606.845,344.145,2.96492,2.99786
607.679,344.223,2.87772,2.9097
608.175,342.808,2.79309,2.82412
608.978,344.202,2.87772,2.9097
608.876,345.535,2.87772,2.9097
609.983,347.868,2.79309,2.82412
610.204,347.895,2.71094,2.74107
612.004,347.939,2.63122,2.66045
612.258,347.966,2.63122,2.66045
614.054,348.892,2.55383,2.58221
613.729,348.865,2.47872,2.50627
614.873,347.918,2.40583,2.43256
615.012,346.908,2.38201,2.40847
615.333,345.689,2.31195,2.33764
614.066,345.053,2.24396,2.26889
613.439,344.946,2.17796,2.20216
613.409,346.058,2.13505,2.15877
612.498,346.153,2.13505,2.15877
612.445,345.461,2.13505,2.15877
613.415,345.294,2.13505,2.15877
613.148,344.564,2.13505,2.15877
612.114,346.465,2.07226,2.09528
612.373,345.3,2.13505,2.15877
612.457,342.819,2.13505,2.15877
612.563,342.173,2.13505,2.15877
612.961,340.678,2.07226,2.09528
613.406,341.093,2.13505,2.15877
611.381,340.46,2.13505,2.15877
612.168,340.38,2.07226,2.09528
612.709,339.847,2.01131,2.03366
613.783,340.521,1.95216,1.97385
614.95,340.574,1.89475,1.9158
615.997,340.565,1.87599,1.89683
616.219,340.537,1.87599,1.89683
616.359,340.219,1.82082,1.84105
616.98,339.698,1.87599,1.89683
617.545,339.937,1.82082,1.84105
617.664,338.889,1.76727,1.7869
619.335,338.573,1.71529,1.73435
618.534,337.403,1.66484,1.68334
619.151,336.604,1.61588,1.63384
619.054,336.925,1.56836,1.58578
619.147,336.875,1.52223,1.53915
619.002,337.954,1.47746,1.49388
620.039,337.955,1.43401,1.44995
621.841,337.809,1.39184,1.4073
623.162,338.763,1.37806,1.39337
623.466,338.823,1.37806,1.39337
623.935,338.93,1.37806,1.39337
624.822,339.029,1.37806,1.39337
624.843,339.602,1.33753,1.35239
626.127,339.234,1.29819,1.31262
626.019,340.585,1.26001,1.27401
627.516,340.429,1.25217,1.26608
627.383,341.204,1.25217,1.26608
620.294,309.561,60,61
621.076,309.785,59.4059,60.396
621.739,310.083,59.4059,60.396
621.835,309.978,60,61
622.161,309.675,61.206,62.2261
622.266,309.397,61.8181,62.8484
621.84,308.859,62.4362,63.4768
622.61,309.809,61.8181,62.8484
622.397,309.037,63.6912,64.7527
622.467,309.075,63.0606,64.1116
622.008,308.478,64.9714,66.0543
621.573,307.924,66.9401,68.0558
623.221,309.261,65.6211,66.7148
623.537,308.671,66.9401,68.0558
624.008,307.56,68.9684,70.1179
624.932,307.842,68.9684,70.1179
626.882,308.714,68.9684,70.1179
628.532,309.416,69.6581,70.8191
629.399,310.164,68.9684,70.1179
630.117,310.663,68.9684,70.1179
631.385,311.783,68.9684,70.1179
632.526,312.291,70.3547,71.5273
633.785,313.71,70.3547,71.5273
634.145,313.766,72.4865,73.6946
635.739,316.253,70.3547,71.5273
637.438,318.575,69.6581,70.8191
638.566,320.637,68.9684,70.1179
639.683,321.876,71.0583,72.2426
639.432,322.631,73.2114,74.4316
638.84,322.673,75.4298,76.6869
638.991,323.837,76.9459,78.2283
640.467,327.029,75.4298,76.6869
640.83,328.782,76.9459,78.2283
641.625,331.387,76.1841,77.4538
641.585,332.425,76.9459,78.2283
642.829,335.919,76.1841,77.4538
642.248,337.42,78.4925,79.8007
641.751,338.311,79.2775,80.5987
641.187,339.833,81.6796,83.041
640.987,340.666,84.1546,85.5572
641.121,342.861,84.9962,86.4128
640.395,343.814,87.5716,89.0311
641.185,345.531,87.5716,89.0311
641.829,347.893,86.7046,88.1497
642.82,350.074,87.5716,89.0311
643.466,351.821,86.7046,88.1497
644.339,354.631,88.4473,89.9215
644.719,357.06,88.4473,89.9215
646.073,358.995,88.4473,89.9215
647.119,359.848,89.3318,90.8207
648.152,360.993,90.2251,91.7289
650.577,363.403,92.0387,93.5726
650.306,364.049,94.8275,96.408
651.717,366.202,95.7758,97.372
652.807,367.173,96.7335,98.3458
655.264,369.38,95.7758,97.372
655.714,370.299,98.6779,100.323
658.151,373.867,96.7335,98.3458
657.831,373.882,99.6647,101.326
658.338,375.14,101.668,103.362
659.157,376.396,104.749,106.494
660.011,378.697,105.796,107.559
660.672,381.165,105.796,107.559
660.721,383.706,106.854,108.635
662.133,386.778,105.796,107.559
662.402,389.198,104.749,106.494
661.3,392.51,106.854,108.635
661.819,394.216,106.854,108.635
658.933,393.836,109.002,110.818
660.649,399.36,106.854,108.635
660.851,402.825,106.854,108.635
655.978,404.523,110.092,111.927
654.12,404.554,113.428,115.318
653.151,408.543,115.708,117.636
652.482,410.151,115.708,117.636
653.136,416.44,113.428,115.318
651.618,420.833,115.708,117.636
647.654,419.171,118.033,120.001
646.025,420.915,121.61,123.637
644.981,425.488,121.61,123.637
644.116,426.339,125.295,127.383
642.675,429.239,126.548,128.657
640.897,430.599,129.091,131.243
639.235,436.479,131.686,133.881
638.195,433.617,134.333,136.572
