642.996,522.038,110,132
642.968,522.08,110,132
642.929,522.07,110,132
642.936,522.086,110,132
642.683,522.06,110,132
642.679,521.979,110,132
642.56,521.804,110,132
643.707,522.883,108.911,130.693
644.682,523.736,106.765,128.118
643.763,522.005,108.911,130.693
644.034,521.883,107.833,129.399
643.649,520.743,108.911,130.693
643.963,520.579,107.833,129.399
644.369,520.607,106.765,128.118
644.526,520.172,106.765,128.118
643.964,518.578,107.833,129.399
643.139,517.176,108.911,130.693
643.828,517.368,107.833,129.399
644.284,517.296,106.765,128.118
643.091,514.937,108.911,130.693
642.896,514.232,108.911,130.693
641.352,512.255,110,132
641.03,510.986,110,132
642.782,512.421,107.833,129.399
643.414,512.588,106.765,128.118
643.495,512.14,106.765,128.118
642.91,510.493,107.833,129.399
642.224,508.77,108.911,130.693
643.095,509.162,106.765,128.118
643,508.146,106.765,128.118
640.431,503.98,110,132
641.816,504.856,107.833,129.399
640.116,502.038,110,132
642.305,503.621,106.765,128.118
641.406,501.631,108.911,130.693
640.044,498.964,110,132
641.415,499.91,107.833,129.399
639.683,497.13,110,132
641.228,497.995,107.833,129.399
638.833,494.503,111.1,133.32
640.46,495.537,108.911,130.693
641.133,495.671,107.833,129.399
640.963,494.683,107.833,129.399
641.518,494.53,106.765,128.118
641.763,493.956,106.765,128.118
639.151,489.732,110,132
639.03,488.569,110,132
640.15,489.112,108.911,130.693
640.202,488.303,108.911,130.693
638.54,485.643,112.211,134.653
640.105,487.083,108.911,130.693
639.948,486.197,108.911,130.693
640.422,486.23,107.833,129.399
638.343,483.188,110,132
639.666,484.123,107.833,129.399
640.021,483.777,107.833,129.399
639.349,482.223,108.911,130.693
640.091,482.536,107.833,129.399
639.287,480.876,108.911,130.693
639.309,480.077,108.911,130.693
637.206,477.016,111.1,133.32
638.842,478.335,108.911,130.693
637.546,476.334,110,132
638.827,476.667,108.911,130.693
639.432,476.819,107.833,129.399
638.872,475.511,108.911,130.693
639.384,475.426,107.833,129.399
638.726,473.918,108.911,130.693
638.653,473.052,108.911,130.693
638.636,472.214,108.911,130.693
636.968,469.229,112.211,134.653
636.934,468.312,112.211,134.653
638.541,469.512,108.911,130.693
638.583,468.635,108.911,130.693
636.634,465.363,112.211,134.653
636.673,464.613,112.211,134.653
636.636,463.875,112.211,134.653
636.545,463.115,112.211,134.653
636.797,463.018,110,132
636.511,462.423,110,132
635.867,461.143,111.1,133.32
635.603,460.743,111.1,133.32
636.059,460.99,110,132
636.041,460.831,110,132
635.348,459.835,111.1,133.32
635.853,460.199,110,132
635.803,460.015,110,132
635.832,459.789,110,132
635.782,459.637,110,132
635.715,459.505,110,132
635.608,459.357,110,132
634.776,458.117,111.1,133.32
634.736,457.864,111.1,133.32
635.144,458.338,110,132
634.475,457.292,111.1,133.32
634.893,457.763,110,132
634.86,457.523,110,132
634.801,457.391,110,132
634.7,456.798,110,132
633.931,455.865,111.1,133.32
634.296,456.429,110,132
633.386,455.348,111.1,133.32
633.953,455.825,110,132
633.975,455.757,110,132
633.706,455.449,110,132
633.028,454.456,111.1,133.32
633.566,455.048,110,132
633.277,454.842,110,132
633.204,454.674,110,132
633.172,454.673,110,132
633.049,454.422,110,132
632.266,453.422,111.1,133.32
630.334,451.152,114.466,137.36
630.231,450.884,114.466,137.36
631.843,452.999,111.1,133.32
631.836,452.923,111.1,133.32
632.434,453.449,110,132
631.662,452.423,111.1,133.32
629.89,450.191,114.466,137.36
629.779,449.963,114.466,137.36
631.507,452.103,111.1,133.32
631.502,451.81,111.1,133.32
631.292,451.572,111.1,133.32
629.44,449.188,114.466,137.36
629.469,449.039,114.466,137.36
631.255,451.012,111.1,133.32
631.817,451.448,110,132
631.139,450.349,111.1,133.32
631.597,450.83,110,132
631.02,449.744,111.1,133.32
629.231,447.346,114.466,137.36
628.998,447.237,114.466,137.36
628.902,447.029,114.466,137.36
628.906,446.851,114.466,137.36
628.881,446.814,114.466,137.36
628.685,446.367,114.466,137.36
630.533,448.275,111.1,133.32
631.372,448.771,110,132
631.308,448.491,110,132
630.614,447.417,111.1,133.32
628.793,445.308,114.466,137.36
628.825,445.019,114.466,137.36
628.859,444.7,114.466,137.36
628.724,444.407,114.466,137.36
628.632,444.251,114.466,137.36
628.672,443.919,114.466,137.36
628.61,443.761,114.466,137.36
628.63,443.347,114.466,137.36
628.7,443.098,114.466,137.36
628.743,442.835,114.466,137.36
630.652,444.812,111.1,133.32
630.667,444.389,111.1,133.32
630.682,444.332,111.1,133.32
628.779,442.121,114.466,137.36
628.085,441.272,115.611,138.733
628.765,441.829,114.466,137.36
628.733,441.597,114.466,137.36
628.127,440.708,115.611,138.733
628.752,441.279,114.466,137.36
628.71,441.106,114.466,137.36
628.71,440.883,114.466,137.36
628.896,440.86,114.466,137.36
628.844,440.648,114.466,137.36
628.863,440.319,114.466,137.36
628.293,439.497,115.611,138.733
628.211,439.403,115.611,138.733
629.001,439.976,114.466,137.36
628.322,438.933,115.611,138.733
628.927,439.344,114.466,137.36
629.129,439.186,114.466,137.36
629.189,439.05,114.466,137.36
628.604,438.102,115.611,138.733
628.751,437.703,115.611,138.733
629.526,438.43,114.466,137.36
629.44,438.077,114.466,137.36
629.626,438.007,114.466,137.36
629.819,437.766,114.466,137.36
629.349,436.798,115.611,138.733
630.123,437.335,114.466,137.36
630.204,437.134,114.466,137.36
629.456,436.394,115.611,138.733
630.284,437.042,114.466,137.36
630.446,436.974,114.466,137.36
630.576,436.856,114.466,137.36
630.706,436.724,114.466,137.36
630.938,436.563,114.466,137.36
630.896,436.429,114.466,137.36
631.156,436.246,114.466,137.36
630.448,435.491,115.611,138.733
631.257,436.035,114.466,137.36
630.926,435.136,115.611,138.733
631.559,435.51,114.466,137.36
630.975,434.563,115.611,138.733
631.749,435.231,114.466,137.36
631.878,435.147,114.466,137.36
631.256,434.182,115.611,138.733
631.302,434.1,115.611,138.733
632.283,434.57,114.466,137.36
631.885,433.743,115.611,138.733
631.769,433.551,115.611,138.733
632.501,434.004,114.466,137.36
631.904,433.252,115.611,138.733
631.859,433.038,115.611,138.733
632.239,432.775,115.611,138.733
632.277,432.72,115.611,138.733
632.771,433.343,114.466,137.36
632.782,433.063,114.466,137.36
632.225,432.245,115.611,138.733
632.497,431.983,115.611,138.733
632.388,431.703,115.611,138.733
632.435,431.684,115.611,138.733
633.157,432.254,114.466,137.36
632.5,431.261,115.611,138.733
630.392,428.684,119.114,142.937
632.682,430.939,115.611,138.733
632.871,430.77,116.767,140.121
630.627,428.318,119.114,142.937
630.441,427.862,119.114,142.937
632.767,429.979,115.611,138.733
632.887,429.861,115.611,138.733
630.708,427.529,119.114,142.937
632.962,429.559,116.767,140.121
630.672,427.516,119.114,142.937
632.7,429.484,115.611,138.733
632.604,429.296,115.611,138.733
630.336,426.736,119.114,142.937
630.164,426.387,119.114,142.937
628.007,423.934,122.724,147.268
629.243,425.182,120.305,144.366
629.797,425.495,119.114,142.937
632.332,427.997,116.767,140.121
629.529,425.088,120.305,144.366
629.258,424.716,120.305,144.366
631.55,427.132,117.935,141.522
629.537,424.725,121.508,145.81
627.77,422.883,122.724,147.268
628.842,424.179,120.305,144.366
629.55,424.64,119.114,142.937
629.549,424.538,119.114,142.937
628.862,423.637,120.305,144.366
628.804,423.481,120.305,144.366
629.277,424.163,119.114,142.937
629.235,424.179,119.114,142.937
629.204,424.084,119.114,142.937
627.026,421.538,122.724,147.268
628.318,422.62,120.305,144.366
626.82,421.1,122.724,147.268
626.623,420.9,122.724,147.268
628.059,422.284,120.305,144.366
625.694,419.673,123.951,148.741
625.813,419.639,123.951,148.741
626.571,420.312,122.724,147.268
626.277,420.166,122.724,147.268
627.768,421.71,120.305,144.366
626.183,420.033,122.724,147.268
627.575,421.617,120.305,144.366
625.124,419.183,123.951,148.741
625.55,419.59,122.724,147.268
627.542,421.665,119.114,142.937
627.444,421.581,119.114,142.937
627.368,421.61,119.114,142.937
626.473,420.683,120.305,144.366
626.372,420.625,120.305,144.366
624.821,418.858,122.724,147.268
624.44,418.508,122.724,147.268
623.683,417.651,123.951,148.741
625.664,420.017,120.305,144.366
625.656,419.949,120.305,144.366
624.084,418.221,122.724,147.268
623.67,417.828,122.724,147.268
625.166,419.138,120.305,144.366
625.022,418.683,121.508,145.81
623.496,417.591,122.724,147.268
622.464,416.314,123.951,148.741
620.526,414.436,126.442,151.731
622.487,416.684,122.724,147.268
622.625,416.523,122.724,147.268
622.391,416.401,122.724,147.268
622.343,416.409,122.724,147.268
622.146,416.286,122.724,147.268
619.622,413.65,126.442,151.731
620.884,415.244,123.951,148.741
620.801,415.155,123.951,148.741
620.663,414.949,123.951,148.741
620.406,414.917,123.951,148.741
620.849,415.359,122.724,147.268
620.783,415.349,122.724,147.268
620.647,415.354,122.724,147.268
619.922,414.43,123.951,148.741
619.734,414.382,123.951,148.741
621.615,416.858,120.305,144.366
619.446,414.228,123.951,148.741
618.865,414.077,123.951,148.741
619.33,414.762,122.724,147.268
618.674,413.966,123.951,148.741
618.59,413.874,123.951,148.741
616.64,412.168,126.442,151.731
618.496,414.58,122.724,147.268
617.64,413.804,123.951,148.741
615.933,412.203,126.442,151.731
615.393,412.066,126.442,151.731
616.794,413.52,123.951,148.741
614.976,411.888,126.442,151.731
615.945,413.467,123.951,148.741
614.373,411.937,126.442,151.731
615.717,413.489,123.951,148.741
613.959,411.737,126.442,151.731
613.511,411.78,126.442,151.731
613.102,411.7,126.442,151.731
610.596,409.183,130.273,156.328
611.788,410.86,127.707,153.248
612.312,411.475,126.442,151.731
611.955,411.555,126.442,151.731
612.857,412.944,123.951,148.741
613.304,413.676,122.724,147.268
611.083,411.074,126.442,151.731
610.522,410.865,126.442,151.731
611.917,412.424,123.951,148.741
611.732,412.183,123.951,148.741
611.305,412.089,123.951,148.741
610.833,411.94,123.951,148.741
608.542,409.561,127.707,153.248
610.379,411.866,123.951,148.741
607.992,409.402,127.707,153.248
607.644,409.213,127.707,153.248
609.826,411.383,125.19,150.228
607.061,408.953,127.707,153.248
605.268,407.236,130.273,156.328
607.063,409.396,126.442,151.731
604.722,406.823,130.273,156.328
602.969,405.011,132.892,159.47
602.387,404.719,132.892,159.47
605.419,407.891,128.984,154.78
603.717,406.089,130.273,156.328
601.774,404.123,132.892,159.47
601.157,404.027,132.892,159.47
601.022,403.952,132.892,159.47
600.556,403.816,132.892,159.47
602.167,405.373,130.273,156.328
601.919,405.429,130.273,156.328
600.07,403.748,132.892,159.47
601.552,405.27,130.273,156.328
599.9,403.472,132.892,159.47
599.487,403.395,132.892,159.47
600.729,404.89,130.273,156.328
599.133,403.183,132.892,159.47
598.998,403.031,132.892,159.47
598.276,403.088,132.892,159.47
599.725,404.416,130.273,156.328
601.838,407.305,126.442,151.731
599.49,404.567,130.273,156.328
599.26,404.382,130.273,156.328
598.657,404.277,130.273,156.328
598.439,404.204,130.273,156.328
597.118,402.573,132.892,159.47
598.059,404.14,130.273,156.328
597.625,403.998,130.273,156.328
597.552,403.879,130.273,156.328
597.557,403.867,130.273,156.328
595.781,402.211,132.892,159.47
593.003,399.376,136.919,164.302
594.951,402.016,132.892,159.47
596.5,403.584,131.576,157.891
596.307,403.634,130.273,156.328
595.929,403.333,131.576,157.891
592.627,400.176,135.563,162.676
593.695,401.665,132.892,159.47
593.312,401.354,132.892,159.47
590.899,398.628,136.919,164.302
591.198,399.372,135.563,162.676
592.377,400.964,132.892,159.47
592.162,400.82,132.892,159.47
590.119,398.882,135.563,162.676
591.193,400.579,132.892,159.47
590.768,400.721,132.892,159.47
587.543,397.901,136.919,164.302
587.481,398.375,135.563,162.676
586.569,398.312,135.563,162.676
587.218,399.841,132.892,159.47
584.9,398.276,135.563,162.676
583.961,398.162,135.563,162.676
582.132,397.15,136.919,164.302
581.949,397.695,135.563,162.676
581.059,397.768,135.563,162.676
581.574,399.555,132.892,159.47
580.777,399.467,132.892,159.47
578.389,397.661,135.563,162.676
580.645,401.102,131.576,157.891
576.749,398.142,135.563,162.676
576.978,399.839,132.892,159.47
574.072,398.319,135.563,162.676
572.374,397.858,136.919,164.302
571.586,398.728,135.563,162.676
569.381,398.267,136.919,164.302
568.071,398.644,136.919,164.302
569.006,401.672,134.221,161.065
566.271,400.295,135.563,162.676
564.041,399.731,136.919,164.302
563.574,401.068,135.563,162.676
562.075,401.452,135.563,162.676
560.22,401.219,136.919,164.302
561.232,404.297,132.892,159.47
558.415,403.01,135.563,162.676
557.089,403.52,135.563,162.676
555.682,404.154,135.563,162.676
555.406,406.294,132.892,159.47
552.341,405.476,135.563,162.676
550.86,405.853,135.563,162.676
548.442,405.445,136.919,164.302
547.825,407.041,135.563,162.676
546.577,407.327,135.563,162.676
542.919,405.772,139.671,167.605
544.119,408.851,135.563,162.676
542.472,408.213,136.919,164.302
539.7,406.957,139.671,167.605
540.8,410.139,135.563,162.676
539.653,410.492,135.563,162.676
535.841,408.624,139.671,167.605
533.863,408.295,141.067,169.281
532.14,408.931,141.067,169.281
530.901,409.523,141.067,169.281
529.214,409.802,141.067,169.281
527.967,410.242,141.067,169.281
526.456,410.563,142.478,170.974
525.825,412.395,139.671,167.605
523.584,411.844,142.478,170.974
522.196,412.159,142.478,170.974
522.665,415.78,138.288,165.945
519.017,413.233,142.478,170.974
516.674,412.85,143.903,172.684
516.281,414.188,142.478,170.974
516.582,417.586,138.288,165.945
512.748,415.487,142.478,170.974
511.035,415.999,141.067,169.281
509.607,416.139,142.478,170.974
508.238,416.937,142.478,170.974
505.778,416.251,143.903,172.684
505.251,417.971,142.478,170.974
503.735,418.246,142.478,170.974
502.064,419.015,141.067,169.281
500.613,419.465,141.067,169.281
499.745,420.872,139.671,167.605
497.531,420.281,142.478,170.974
495.751,421.324,141.067,169.281
494.226,421.256,142.478,170.974
493.731,422.948,139.671,167.605
491.502,422.426,142.478,170.974
490.521,422.952,142.478,170.974
488.86,423.221,142.478,170.974
486.603,422.817,143.903,172.684
482.881,420.538,148.263,177.916
481.748,421.835,146.795,176.154
478.201,419.735,149.746,179.695
476.378,419.616,149.746,179.695
474.182,419.359,151.243,181.492
473.84,420.851,149.746,179.695
472.493,421.478,149.746,179.695
470.227,420.869,151.243,181.492
469.692,422.383,149.746,179.695
468.584,423.264,149.746,179.695
466.21,422.217,151.243,181.492
465.895,423.959,149.746,179.695
464.667,424.488,149.746,179.695
463.656,425.308,149.746,179.695
462.688,425.805,149.746,179.695
461.46,426.499,149.746,179.695
458.354,424.734,152.756,183.307
458.755,427.249,149.746,179.695
457.606,428.083,149.746,179.695
455.949,428.02,149.746,179.695
454.989,428.882,149.746,179.695
452.954,428.585,151.243,181.492
449.995,427.125,154.283,185.14
450.473,429.402,151.243,181.492
447.638,428.105,154.283,185.14
449.09,431.296,149.746,179.695
446.287,429.855,152.756,183.307
446.215,431.197,151.243,181.492
445.944,432.599,149.746,179.695
444.864,432.753,149.746,179.695
442.795,432.487,151.243,181.492
439.96,430.377,154.283,185.14
439.687,431.626,152.756,183.307
440.448,433.947,149.746,179.695
436.447,431.48,154.283,185.14
435.383,431.858,154.283,185.14
436.139,434.15,151.243,181.492
435.091,434.507,151.243,181.492
433.311,434.046,152.756,183.307
432.867,435.249,151.243,181.492
430.151,433.249,154.283,185.14
430.995,435.502,151.243,181.492
429.936,435.879,151.243,181.492
428.831,436.255,151.243,181.492
425.467,433.534,155.826,186.992
425.976,435.382,152.756,183.307
425.32,435.671,152.756,183.307
425.111,437.195,151.243,181.492
422.439,435.537,154.283,185.14
421.742,435.828,154.283,185.14
420.769,436.048,154.283,185.14
419.945,436.444,154.283,185.14
418.725,436.384,154.283,185.14
417.945,436.583,154.283,185.14
416.993,436.913,154.283,185.14
418.962,439.948,149.746,179.695
415.235,437.955,154.283,185.14
414.285,437.733,154.283,185.14
415.116,439.911,151.243,181.492
413.519,439.124,152.756,183.307
412.429,439.488,152.756,183.307
411.593,439.71,152.756,183.307
410.946,439.984,152.756,183.307
408.615,438.322,155.826,186.992
409.375,440.416,152.756,183.307
408.495,440.724,152.756,183.307
407.513,441.134,152.756,183.307
406.783,441.133,152.756,183.307
405.864,441.506,152.756,183.307
404.945,441.758,152.756,183.307
404.032,441.97,152.756,183.307
403.456,442.533,152.756,183.307
401.589,441.64,154.283,185.14
401.574,442.803,152.756,183.307
400.716,443.038,152.756,183.307
399.995,443.563,152.756,183.307
398.233,442.703,154.283,185.14
397.391,442.906,154.283,185.14
397.41,444.129,152.756,183.307
395.748,443.275,154.283,185.14
394.043,442.645,155.826,186.992
393.272,442.705,155.826,186.992
392.187,442.89,155.826,186.992
392.382,444.163,154.283,185.14
393.756,446.435,151.243,181.492
390.024,443.726,155.826,186.992
390.014,445.033,154.283,185.14
390.162,446.384,152.756,183.307
388.619,445.314,154.283,185.14
388.656,446.643,152.756,183.307
386.23,444.87,155.826,186.992
385.564,444.94,155.826,186.992
384.409,445.048,155.826,186.992
384.921,446.838,154.283,185.14
383.259,445.978,155.826,186.992
382.528,446.184,155.826,186.992
381.767,446.666,155.826,186.992
381.367,446.712,155.826,186.992
380.319,446.931,155.826,186.992
379.574,447.26,155.826,186.992
379.224,447.732,155.826,186.992
378.489,447.457,155.826,186.992
379.198,449.028,154.283,185.14
377.362,447.178,158.958,190.75
378.156,447.729,155.826,186.992
377.507,447.492,155.826,186.992
379.186,449.543,152.756,183.307
377.326,447.323,155.826,186.992
376.656,447.264,155.826,186.992
377.195,448.135,154.283,185.14
378.018,448.917,152.756,183.307
376.66,447.896,154.283,185.14
374.928,446.547,155.826,186.992
376.679,448.834,152.756,183.307
375.249,447.833,154.283,185.14
376.931,449.858,151.243,181.492
375.179,447.593,154.283,185.14
374.457,447.665,154.283,185.14
373.556,446.402,155.826,186.992
375.76,449.81,151.243,181.492
374.765,448.684,152.756,183.307
372.493,446.382,155.826,186.992
371.819,446.537,155.826,186.992
371.699,446.471,155.826,186.992
371.466,446.228,155.826,186.992
373.899,449.667,151.243,181.492
371.075,446.473,155.826,186.992
370.691,446.15,155.826,186.992
370.565,446.184,155.826,186.992
371.067,447.311,154.283,185.14
370.734,447.162,154.283,185.14
369.499,445.995,155.826,186.992
368.917,446.089,155.826,186.992
369.764,447.097,154.283,185.14
369.387,447.055,154.283,185.14
369.963,447.893,152.756,183.307
367.982,445.561,155.826,186.992
367.202,445.931,155.826,186.992
366.835,445.924,155.826,186.992
366.628,445.602,155.826,186.992
366.055,445.715,155.826,186.992
365.915,445.839,155.826,186.992
365.495,445.657,155.826,186.992
367.157,447.937,152.756,183.307
365.048,445.407,155.826,186.992
364.802,445.861,155.826,186.992
365.343,445.974,155.826,186.992
367.707,447.874,152.756,183.307
367.265,446.491,154.283,185.14
370.347,449.679,149.746,179.695
369.186,447.444,152.756,183.307
368.458,446.223,154.283,185.14
368.286,445.26,155.826,186.992
370.584,446.261,154.283,185.14
370.943,445.906,154.283,185.14
372.071,446.814,152.756,183.307
371.371,445.788,154.283,185.14
373.136,446.502,152.756,183.307
373.547,446.259,152.756,183.307
373.864,446.011,152.756,183.307
374.179,446.048,152.756,183.307
374.753,445.895,152.756,183.307
374.07,445.067,154.283,185.14
375.345,446.15,152.756,183.307
374.706,444.505,154.283,185.14
374.096,443.584,155.826,186.992
376.858,446.249,151.243,181.492
374.301,443.307,155.826,186.992
374.225,443.1,155.826,186.992
374.244,443.108,155.826,186.992
375.171,443.936,154.283,185.14
376.912,445.646,151.243,181.492
374.317,442.566,155.826,186.992
376.038,444.783,152.756,183.307
376.372,444.509,152.756,183.307
375.502,443.269,154.283,185.14
375.744,442.961,154.283,185.14
375.65,443.014,154.283,185.14
376.918,444.1,152.756,183.307
376.155,443.138,154.283,185.14
375.562,442.22,155.826,186.992
377.605,444.078,152.756,183.307
377.014,442.735,154.283,185.14
376.221,441.45,155.826,186.992
378.286,443.548,152.756,183.307
377.23,441.655,157.385,188.861
378.439,442.325,154.283,185.14
377.609,441.022,155.826,186.992
377.99,441.03,155.826,186.992
380.078,443.024,152.756,183.307
378.494,441.322,155.826,186.992
381.12,443.2,152.756,183.307
381.388,443.314,152.756,183.307
380.967,442.031,154.283,185.14
382.538,443.435,152.756,183.307
382.965,443.219,152.756,183.307
383.537,443.411,152.756,183.307
383.188,442.495,154.283,185.14
384.374,443.507,152.756,183.307
382.743,441.472,155.826,186.992
383.411,441.667,155.826,186.992
386.043,443.643,152.756,183.307
386.176,443.421,152.756,183.307
385.838,442.236,154.283,185.14
385.252,441.706,155.826,186.992
387.953,443.588,152.756,183.307
387.29,442.642,154.283,185.14
389.154,443.621,152.756,183.307
388.646,442.475,154.283,185.14
388.134,441.581,155.826,186.992
388.276,441.925,155.826,186.992
390.743,443.816,152.756,183.307
392.302,444.638,151.243,181.492
390.737,442.607,154.283,185.14
390.293,441.832,155.826,186.992
390.398,442.194,155.826,186.992
392.909,444.096,152.756,183.307
394.235,445.086,151.243,181.492
393.071,442.722,154.283,185.14
392.419,442.1,155.826,186.992
392.826,442.176,155.826,186.992
393.424,441.937,155.826,186.992
393.864,442.099,155.826,186.992
396.127,443.849,152.756,183.307
396.725,443.887,152.756,183.307
396.159,443.175,154.283,185.14
395.53,442.293,155.826,186.992
396.066,442.268,155.826,186.992
396.392,442.44,155.826,186.992
399.184,444.661,152.756,183.307
398.629,443.352,154.283,185.14
399.121,443.673,154.283,185.14
399.455,443.881,154.283,185.14
399.135,442.89,155.826,186.992
402.797,446.125,151.243,181.492
402.019,445.083,152.756,183.307
401.527,444.398,154.283,185.14
402.262,444.594,154.283,185.14
402.684,444.601,154.283,185.14
403.4,444.679,154.283,185.14
402.743,443.621,155.826,186.992
403.411,443.91,155.826,186.992
403.62,444.051,155.826,186.992
405.089,444.814,154.283,185.14
404.241,444.132,155.826,186.992
405.817,445.218,154.283,185.14
406.183,445.181,154.283,185.14
405.836,444.243,155.826,186.992
407.239,445.067,154.283,185.14
407.543,445.28,154.283,185.14
407.118,444.219,155.826,186.992
407.137,444.385,155.826,186.992
408.756,445.567,154.283,185.14
407.986,444.425,155.826,186.992
410.413,446.629,152.756,183.307
409.942,445.455,154.283,185.14
408.98,444.682,155.826,186.992
410.207,446,154.283,185.14
411.425,447.292,152.756,183.307
410.725,446.201,154.283,185.14
411.103,446.384,154.283,185.14
410.432,445.691,155.826,186.992
410.83,445.88,155.826,186.992
411.307,445.991,155.826,186.992
411.614,446.297,155.826,186.992
412.02,446.295,155.826,186.992
412.312,446.714,155.826,186.992
412.77,446.748,155.826,186.992
413.017,446.91,155.826,186.992
413.333,447.181,155.826,186.992
413.688,447.427,155.826,186.992
414.052,447.411,155.826,186.992
415.381,448.769,154.283,185.14
414.865,447.981,155.826,186.992
415.98,449.079,154.283,185.14
417.544,450.144,152.756,183.307
416.971,449.48,154.283,185.14
416.186,448.681,155.826,186.992
416.573,448.892,155.826,186.992
418.495,451.339,152.756,183.307
418.499,450.71,154.283,185.14
418.928,450.529,154.283,185.14
418.926,450.772,154.283,185.14
422.092,454.116,149.746,179.695
420.994,452.262,152.756,183.307
421.236,452.723,152.756,183.307
419.582,450.848,155.826,186.992
421.497,453.582,152.756,183.307
421.258,452.873,154.283,185.14
420.286,452.236,155.826,186.992
421.576,453.877,154.283,185.14
421.26,453.218,155.826,186.992
422.701,454.836,154.283,185.14
424.357,455.966,152.756,183.307
423.929,454.861,154.283,185.14
426.525,458.31,149.746,179.695
424.121,456.242,154.283,185.14
426.479,458.571,151.243,181.492
424.245,455.796,155.826,186.992
424.512,456.02,155.826,186.992
426.659,458.425,152.756,183.307
425.138,456.689,155.826,186.992
425.207,457.13,155.826,186.992
427.781,459.447,152.756,183.307
426.103,457.696,155.826,186.992
429.32,461.224,151.243,181.492
429.246,460.438,152.756,183.307
427.882,458.519,155.826,186.992
428.993,460.043,154.283,185.14
430.228,461.315,152.756,183.307
428.97,459.545,155.826,186.992
429,460.02,155.826,186.992
429.544,460.253,155.826,186.992
431.84,462.404,152.756,183.307
431.417,461.729,154.283,185.14
431.014,460.756,155.826,186.992
434.098,463.724,151.243,181.492
432.807,461.54,154.283,185.14
433.251,461.886,154.283,185.14
436.615,464.864,149.746,179.695
434.214,461.919,154.283,185.14
437.709,464.839,149.746,179.695
435.756,461.998,154.283,185.14
435.104,461.09,155.826,186.992
437.441,463.269,152.756,183.307
435.911,461.222,155.826,186.992
436.357,461.523,155.826,186.992
436.815,461.344,155.826,186.992
439.312,463.724,152.756,183.307
437.969,461.295,155.826,186.992
438.218,461.556,155.826,186.992
440.659,463.316,152.756,183.307
439.256,461.432,155.826,186.992
440.729,462.441,154.283,185.14
441.278,462.605,154.283,185.14
441.833,462.629,154.283,185.14
441.371,461.689,155.826,186.992
444.784,464.688,151.243,181.492
444.617,463.783,152.756,183.307
446.163,464.693,151.243,181.492
444.229,461.487,155.826,186.992
444.52,461.651,155.826,186.992
446.586,463.598,152.756,183.307
446.517,462.9,154.283,185.14
446.344,461.695,155.826,186.992
447.855,462.897,154.283,185.14
449.598,463.743,152.756,183.307
447.856,461.613,155.826,186.992
449.635,462.894,154.283,185.14
