1038.49,406.943,165,74
1035.55,406.738,165,74
1032.12,407.336,161.749,72.5419
1027.64,407.265,161.749,72.5419
1020.59,406.147,166.65,74.74
1016.5,406.789,163.366,73.2673
1013.12,406.658,158.562,71.1125
1007.87,406.091,158.562,71.1125
1003.25,406.165,158.562,71.1125
999.014,406.153,158.562,71.1125
992.744,406.057,158.562,71.1125
989.045,406.316,156.992,70.4085
984.543,406.206,156.992,70.4085
982.301,407.296,152.375,68.3378
978.909,408.055,149.372,66.9912
973.43,408.224,149.372,66.9912
967.492,407.83,150.866,67.6612
963.657,408.207,149.372,66.9912
957.29,407.413,152.375,68.3378
949.443,406.261,156.992,70.4085
943.017,405.591,158.562,71.1125
938.359,405.8,156.992,70.4085
931.747,404.928,160.147,71.8237
928.61,405.566,156.992,70.4085
924.038,405.581,156.992,70.4085
918.426,405.523,156.992,70.4085
913.07,405.488,156.992,70.4085
911.226,406.817,152.375,68.3378
907.577,407.486,149.372,66.9912
904.96,408.325,144.979,65.021
897.233,407.634,149.372,66.9912
892.016,407.61,149.372,66.9912
886.072,406.77,152.375,68.3378
880.441,406.467,153.899,69.0212
876.584,406.683,152.375,68.3378
869.891,406.124,155.438,69.7114
867.307,406.954,150.866,67.6612
860.814,406.538,153.899,69.0212
853.641,405.421,156.992,70.4085
849.715,406.094,155.438,69.7114
843.162,405.375,156.992,70.4085
838.178,405.578,156.992,70.4085
832.136,405.274,158.562,71.1126
826.672,405.131,158.562,71.1126
822.306,405.478,156.992,70.4085
814.634,404.888,160.147,71.8237
809.346,404.879,160.147,71.8237
803.055,405.139,161.749,72.5419
796.228,404.644,165,74
792.268,404.851,163.366,73.2673
786.715,404.846,158.562,71.1126
782.632,405.229,155.438,69.7114
778.649,406.16,150.866,67.6612
774.38,407.019,147.893,66.328
766.341,405.834,152.375,68.3378
760.128,406.26,150.866,67.6612
755.688,406.895,147.893,66.328
752.813,408.115,143.544,64.3773
747.227,408.046,143.544,64.3773
739.698,407.111,146.429,65.6713
731.226,406.189,150.866,67.6612
724.636,405.408,153.899,69.0212
720.804,406.329,150.866,67.6612
714.916,405.584,152.375,68.3378
709.874,405.668,152.375,68.3378
701.237,404.792,156.992,70.4085
694.222,404.133,161.749,72.5419
690.102,404.291,158.562,71.1126
683.837,403.968,160.147,71.8237
681.808,405.493,155.438,69.7114
673.745,404.58,158.562,71.1126
667.4,404.211,160.147,71.8237
663.531,404.979,156.992,70.4085
659.581,405.84,155.438,69.7114
651.877,404.639,160.147,71.8237
648.194,406.138,155.438,69.7114
640.816,405.25,158.562,71.1126
634.897,404.952,160.147,71.8237
629.536,405.085,160.147,71.8237
625.892,405.983,156.992,70.4085
620.658,406.984,153.899,69.0212
612.896,405.731,158.562,71.1126
606.363,405.874,161.749,72.5419
600.175,406.054,163.366,73.2673
593.97,405.391,166.65,74.74
587.389,405.847,166.65,74.74
580.984,405.683,168.317,75.4874
576.059,406.138,166.65,74.74
571.936,407.327,163.366,73.2674
567.809,408.107,158.562,71.1126
560.419,408.461,156.992,70.4085
554.835,408.783,156.992,70.4085
547.678,408.126,160.147,71.8237
541.323,408.437,163.366,73.2674
536.318,409.126,161.749,72.5419
528.132,408.58,160.147,71.8237
522.883,408.866,161.749,72.5419
516.373,409.09,163.366,73.2674
510.388,409.74,160.147,71.8237
504.874,410.245,158.562,71.1126
497.645,410.741,156.992,70.4085
490.604,410.855,161.749,72.542
484.88,411.557,158.562,71.1126
477.766,411.238,160.147,71.8237
472.618,411.541,158.562,71.1126
463.116,411.704,163.366,73.2674
457.235,412.671,163.366,73.2674
451.009,413.123,160.147,71.8237
445.28,414.004,161.749,72.542
439.056,414.317,158.562,71.1126
429.868,414.964,163.366,73.2674
424.125,416.042,160.147,71.8237
418.813,416.919,160.147,71.8237
413.154,418.328,161.749,72.542
406.317,419.136,163.366,73.2674
396.549,419.128,168.317,75.4874
393.228,421.442,163.366,73.2674
387.845,422.597,158.562,71.1126
380.675,423.099,163.366,73.2674
372.96,423.559,168.317,75.4874
361.258,423.144,173.417,77.7748
354.324,424.305,176.902,79.3381
348.596,425.697,176.902,79.3381
342.04,426.63,178.671,80.1314
333.233,427.019,182.263,81.7421
330.477,431.637,176.902,79.3381
325.269,433.606,178.672,80.1315
319.509,436.476,178.672,80.1315
315.887,439.271,176.902,79.3381
308.258,440.164,182.263,81.7421
305.056,443.404,180.458,80.9328
299.547,446.53,184.085,82.5595
296.571,449.171,180.458,80.9328
291.451,451.026,182.263,81.7421
284.934,451.719,187.786,84.219
282.254,456.076,184.085,82.5595
273.26,456.975,189.663,85.0611
268.524,459.441,189.663,85.0611
264.374,462.159,187.786,84.219
258.64,465.034,191.56,85.9118
253.588,468.673,191.56,85.9118
248.957,472.048,187.786,84.219
244.495,474.079,187.786,84.219
241.036,477.981,185.926,83.3851
234.139,479.449,191.56,85.9118
228.058,481.998,193.476,86.7709
220.765,483.359,195.41,87.6386
217.821,487.131,193.476,86.7709
214.978,490.153,191.56,85.9118
209.779,492.718,187.786,84.219
202.313,495.056,193.476,86.7709
195.065,496.255,199.338,89.4001
186.973,497.637,205.378,92.109
180.099,499.971,209.506,93.9604
172.641,501.19,213.717,95.849
163.643,503.605,220.193,98.7533
162.702,506.704,213.717,95.849
156.329,507.986,218.013,97.7756
156.244,511.153,211.601,94.9
153.204,513.15,211.601,94.9
150.446,514.906,211.601,94.9
146.739,515.853,211.601,94.9
145.476,517.175,207.432,93.0301
139.016,516.611,213.717,95.849
134.441,516.24,220.193,98.7533
128.847,516.901,224.619,100.738
127.775,517.964,224.619,100.738
130.005,519.804,220.193,98.7533
128.279,519.735,224.619,100.738
130.972,522.081,220.193,98.7533
132.747,523.368,213.717,95.849
136.068,525.178,207.432,93.0301
139.481,526.867,203.345,91.1971
142.852,525.868,209.506,93.9604
147.329,525.347,213.717,95.849
158.921,525.628,207.432,93.0301
166.466,525.642,207.432,93.0301
174.383,526.008,205.378,92.109
186.66,525.707,205.378,92.109
207.038,526.28,199.338,89.4001
230.224,523.861,197.364,88.515
250.535,523.527,191.56,85.9118
262.528,521.077,191.56,85.9118
273.748,518.416,187.786,84.219
283.234,514.702,189.663,85.0611
299.156,511.809,185.926,83.3851
309.386,507.791,180.458,80.9328
318.049,503.346,182.263,81.7421
323.416,498.229,187.786,84.219
332.946,495.873,184.085,82.5595
341.426,489.98,182.263,81.7421
347.942,488.145,176.902,79.3381
348.746,484.108,180.458,80.9328
352.039,482.693,178.672,80.1315
354.06,481.181,176.902,79.3381
354.663,478.012,178.672,80.1315
349.121,475.604,180.458,80.9328
344.675,474.817,180.458,80.9328
339.265,474.689,182.263,81.7421
334.278,474.759,182.263,81.7421
328.861,474.457,180.458,80.9328
322.294,473.784,182.263,81.7421
316.856,473.665,182.263,81.7421
314.787,473.823,180.458,80.9328
308.308,472.32,185.926,83.3851
303.433,470.676,191.56,85.9118
300.042,468.685,193.476,86.7709
297.26,467.138,193.476,86.7709
297.685,465.523,193.476,86.7709
296.251,463.448,193.476,86.7709
297.844,461.208,193.476,86.7709
294.68,457.646,195.41,87.6386
290.399,453.192,201.331,90.2941
290.955,451.353,199.338,89.4001
289.284,447.807,203.345,91.1971
294.508,444.899,197.365,88.515
300.16,443.79,193.476,86.7709
298.734,438.58,195.41,87.6386
303.124,437.305,193.476,86.7709
300.922,433.053,197.365,88.515
304.819,430.488,197.365,88.515
307.688,429.008,195.41,87.6386
314.566,428.281,191.56,85.9118
316.411,428.081,185.926,83.3851
320.41,426.03,187.786,84.219
324.489,426.548,185.926,83.3851
330.241,426.55,184.085,82.5595
335.465,427.201,178.672,80.1315
343.445,426.673,173.417,77.7748
350.277,427.596,168.317,75.4875
352.541,424.896,173.417,77.7748
360.213,425.571,168.317,75.4875
361.695,424.442,168.317,75.4875
362.572,421.767,171.7,77.0048
366.52,419.735,173.417,77.7748
368.917,417.696,178.672,80.1315
369.408,415.604,184.085,82.5595
375.852,415.864,178.672,80.1315
375.325,412.833,184.085,82.5595
376.133,410.532,185.926,83.3851
379.415,408.988,184.085,82.5595
383.591,408.673,178.672,80.1315
388.142,407.167,173.417,77.7748
393.903,406.995,168.317,75.4875
399.729,406.482,163.366,73.2674
402.09,403.666,161.749,72.542
403.744,401,166.65,74.7401
407.39,399.828,165,74.0001
409.399,397.275,166.65,74.7401
415.944,395.54,161.749,72.542
421.613,394.355,161.749,72.542
423.832,392.082,165,74.0001
429.021,390.623,161.749,72.542
434.025,388.825,161.749,72.542
438.548,387.212,160.148,71.8237
444.75,385.323,161.749,72.542
447.652,383.151,166.65,74.7401
452.699,382.44,163.366,73.2674
454.931,380.521,168.317,75.4875
459.513,379.509,168.317,75.4875
466.868,379.264,165,74.0001
471.501,379.03,166.65,74.7401
477.584,378.212,163.366,73.2674
482.899,377.199,161.749,72.542
489.585,376.393,156.992,70.4085
497.225,374.171,156.992,70.4085
503.454,372.573,152.375,68.3378
508.497,370.563,153.899,69.0212
517.891,370.085,149.372,66.9913
519.687,366.479,150.866,67.6612
528.38,364.822,147.894,66.328
535.245,362.988,146.429,65.6713
541.239,361.074,146.429,65.6713
542.158,358.3,149.372,66.9913
549.905,357.449,147.894,66.328
550.869,356.461,149.372,66.9913
557.661,356.006,144.979,65.0211
557.778,355.111,149.372,66.9913
562.879,355.144,146.429,65.6713
565.288,354.914,146.429,65.6713
567.306,353.514,150.866,67.6612
567.258,351.739,153.899,69.0212
568.773,350.835,153.899,69.0212
573.464,351.873,149.372,66.9913
574.531,350.604,150.866,67.6612
577.789,349.106,155.438,69.7114
578.786,347.469,156.992,70.4085
583.558,348.193,153.899,69.0212
589.335,349.176,149.372,66.9913
591.87,348.833,149.372,66.9913
598.3,348.615,146.429,65.6713
598.176,347.202,149.372,66.9913
604.032,347.94,147.894,66.328
605.932,346.38,149.372,66.9913
612.057,346.092,146.429,65.6713
617.828,347.044,142.123,63.7399
620.094,346.798,142.123,63.7399
619.189,344.78,146.429,65.6713
620.26,344.676,144.979,65.0211
621.906,344.818,143.544,64.3773
620.198,343.451,147.894,66.328
620.626,342.638,147.894,66.328
620.439,342.201,147.894,66.328
619.782,342.313,144.979,65.0211
617.044,341.942,147.894,66.328
618.946,342.995,143.544,64.3773
617.264,342.29,143.544,64.3773
618.659,342.301,139.322,62.484
617.289,342.611,137.943,61.8653
617.505,342.798,135.225,60.6464
615.323,341.748,135.225,60.6464
610.993,340.388,139.322,62.484
611.372,341.014,136.577,61.2528
612.007,341.665,133.886,60.0459
610.625,341.801,133.886,60.0459
607.743,340.69,136.577,61.2528
604.58,339.862,139.322,62.484
604.226,340.698,135.225,60.6464
602.409,340.909,136.577,61.2528
601.25,341.757,136.577,61.2528
599.656,341.667,137.943,61.8653
599.064,342.474,135.225,60.6464
600.127,344.216,132.561,59.4514
599.06,344.845,131.248,58.8628
598.38,345.277,129.949,58.28
598.902,347.506,126.127,56.566
596.443,347.402,129.949,58.28
596.57,348.717,127.388,57.1316
593.787,347.918,129.949,58.28
593.249,348.162,129.949,58.28
589.889,347.636,133.886,60.0459
589.658,348.383,131.248,58.8628
587.95,348.944,131.248,58.8628
587.925,349.982,129.949,58.28
589.065,351.621,126.127,56.566
586.113,353.558,128.662,57.7029
585.774,355.165,127.388,57.1316
587.264,357.704,123.642,55.4514
587.141,358.901,122.417,54.9024
584.041,359.099,126.127,56.566
584.096,361.879,124.878,56.0059
581.263,362.898,128.662,57.7029
577.822,363.652,132.561,59.4514
578.123,366.069,129.949,58.28
579.031,368.613,127.388,57.1316
576.494,370.556,129.949,58.28
577.754,373.225,126.127,56.566
575.835,375.502,128.662,57.7029
576.29,377.835,126.127,56.566
578.066,380.686,122.417,54.9024
576.243,382.681,126.127,56.566
575.213,383.624,127.388,57.1316
577.186,385.48,123.642,55.4514
578.79,387.289,121.205,54.3588
579.486,387.33,118.817,53.2877
578.998,387.436,118.817,53.2877
576.743,386.665,122.417,54.9024
578.097,386.71,118.817,53.2877
576.933,386.451,121.205,54.3588
575.6,385.25,122.417,54.9024
576.393,386.178,118.817,53.2877
576.024,386.222,118.817,53.2877
575.076,386.681,120.005,53.8206
573.931,386.7,121.205,54.3588
574.959,387.573,120.005,53.8206
574.225,387.27,120.005,53.8206
574.624,388.306,117.641,52.7601
572.688,387.392,120.005,53.8206
574.105,388.181,116.476,52.2377
574.996,388.721,114.181,51.2084
574.428,389.139,115.323,51.7205
575.008,389.239,111.931,50.1994
575.662,389.759,110.823,49.7024
573.291,388.973,114.181,51.2084
574.327,389.882,113.05,50.7014
574.69,389.242,109.726,49.2103
574.872,389.59,110.823,49.7024
574.852,389.536,110.823,49.7024
574.725,389.174,110.823,49.7024
574.591,388.573,109.726,49.2103
573.43,388.396,113.05,50.7014
574.428,388.417,109.726,49.2103
574.405,388.425,110.823,49.7024
574.393,388.354,110.823,49.7024
575.739,389.153,107.564,48.2407
574.627,388.666,107.564,48.2407
575.968,389.404,105.444,47.2901
574.722,388.564,108.639,48.7231
575.412,388.854,108.639,48.7231
575.743,388.802,108.639,48.7231
574.484,388.442,110.823,49.7024
576.741,389.048,108.639,48.7231
575.842,387.728,109.726,49.2103
577.019,387.831,110.823,49.7024
578.992,389.152,108.639,48.7231
581.195,389.841,106.499,47.763
581.992,388.619,105.444,47.2901
582.415,388.597,105.444,47.2901
582.078,387.802,107.564,48.2407
583.91,387.301,106.499,47.763
583.832,386.595,108.639,48.7231
583.927,386.983,110.823,49.7024
585.26,387.538,108.639,48.7231
585.832,387.782,108.639,48.7231
586.734,387.856,107.564,48.2407
587.168,387.622,109.726,49.2103
586.925,386.51,113.051,50.7014
585.596,385.68,116.476,52.2377
588.779,387.005,113.051,50.7014
591.457,387.357,109.726,49.2103
592.511,387.744,109.726,49.2103
593.509,388.206,109.726,49.2103
596.538,388.286,107.564,48.2407
597.741,387.984,107.564,48.2407
598.436,387.587,107.564,48.2407
602.187,388.826,104.4,46.8219
604.575,390.333,103.367,46.3584
607.616,391.212,101.33,45.4449
610.35,391.682,98.3498,44.1084
610.257,391.518,99.3333,44.5495
611.594,391.756,101.33,45.4449
611.288,390.85,104.4,46.8219
612.399,390.874,106.499,47.7631
615.613,391.736,105.444,47.2902
613.986,390.724,107.564,48.2407
618.584,391.605,104.4,46.8219
620.37,391.857,106.499,47.7631
618.947,391.315,109.726,49.2103
619.974,390.789,111.931,50.1995
622.875,391.253,109.726,49.2103
623.954,390.538,113.051,50.7015
625.84,390.732,111.931,50.1995
626.103,390.456,114.181,51.2085
627.557,389.919,116.476,52.2378
629.13,390.381,116.476,52.2378
633.592,392.092,113.051,50.7015
635.796,391.963,111.931,50.1995
637.445,391.687,115.323,51.7205
637.588,391.627,116.476,52.2378
639.833,391.747,117.641,52.7601
641.705,390.801,118.817,53.2877
645.665,392.02,115.323,51.7205
646.789,391.606,117.641,52.7601
650.417,392.444,115.323,51.7205
652.731,392.637,114.181,51.2085
657.519,393.758,110.823,49.7024
659.401,394.314,111.931,50.1995
660.688,393.589,114.181,51.2085
664.428,393.981,111.931,50.1995
666.001,393.168,114.181,51.2085
667.754,392.67,116.476,52.2378
669.788,392.161,118.817,53.2877
672.97,392.598,117.641,52.7601
677.388,393.369,114.181,51.2085
680.453,393.702,111.931,50.1995
683.751,393.732,111.931,50.1995
685.671,393.262,115.323,51.7205
688.569,393.339,114.181,51.2085
691.23,393.091,114.181,51.2085
694.625,393.895,111.931,50.1995
697.695,393.875,111.931,50.1995
699.598,393.339,114.181,51.2085
704.243,394.679,110.823,49.7024
706.255,394.086,111.931,50.1995
707.709,393.414,114.181,51.2085
710.579,393.48,114.181,51.2085
714.944,393.861,111.931,50.1995
715.937,392.803,115.323,51.7205
718.891,393.193,115.323,51.7205
721.301,393.202,115.323,51.7205
721.622,391.827,118.817,53.2877
723.231,391.736,120.005,53.8206
726.174,391.867,118.817,53.2877
727.693,391.774,120.005,53.8206
728.249,390.824,123.642,55.4514
728.998,389.889,126.127,56.566
731.454,389.411,126.127,56.566
735.08,390.497,124.878,56.0059
737.932,391.24,122.418,54.9024
741.68,391.966,118.817,53.2877
742.405,391.555,121.205,54.3588
742.948,391.49,122.418,54.9024
744.852,391.886,121.205,54.3588
744.112,391.281,123.642,55.4514
743.619,390.831,124.878,56.0059
743.772,391.065,122.418,54.9024
744.441,392.103,121.205,54.3588
742.298,391.616,122.418,54.9024
740.883,391.181,122.418,54.9024
741.47,392.233,118.817,53.2877
741.324,392.863,116.476,52.2378
740.55,393.275,115.323,51.7205
738.467,392.994,116.476,52.2378
736.202,393.25,118.817,53.2877
731.883,391.951,122.418,54.9024
729.458,392.107,122.418,54.9024
728.481,393.236,121.205,54.3588
726.684,393.765,118.817,53.2877
722.57,392.883,122.418,54.9024
721.449,393.1,121.205,54.3588
717.198,392.413,122.418,54.9024
715.907,394.043,120.005,53.8206
713.702,394.229,118.817,53.2877
710.067,393.703,121.205,54.3588
705.642,393.282,124.878,56.0059
701.499,392.39,126.127,56.566
696.401,391.565,129.949,58.28
694.406,392.076,128.662,57.703
689.759,391.593,131.248,58.8628
688.536,392.598,128.662,57.703
683.663,391.612,131.248,58.8628
682.528,393.054,127.388,57.1317
680.104,393.866,124.878,56.0059
676.651,393.202,122.418,54.9024
671.562,393.483,124.878,56.0059
667.177,393.934,123.642,55.4514
660.328,393.573,127.388,57.1317
658.196,394.659,123.642,55.4514
652.492,393.861,126.127,56.566
648.271,393.978,126.127,56.566
644.65,394.549,122.418,54.9024
638.171,393.878,126.127,56.566
634.591,394.04,126.127,56.566
630.846,393.607,128.662,57.703
629.581,394.061,126.127,56.566
627.027,393.596,128.662,57.703
627.277,393.36,128.662,57.703
625.036,392.768,132.561,59.4514
626.362,392.804,129.949,58.28
625.655,392.313,133.886,60.046
627.005,392.627,132.561,59.4514
628.499,392.812,129.949,58.28
628.725,392.202,131.248,58.8628
630.589,392.251,129.949,58.28
633.153,392.717,127.388,57.1317
