661.964,450.03,128,132
662.032,450.574,128,132
661.608,450.615,129.28,133.32
661.64,450.979,129.28,133.32
661.582,451.847,129.28,133.32
662.062,453.219,128,132
661.89,453.606,129.28,133.32
662.002,455.124,129.28,133.32
662.7,457.304,128,132
662.929,458.747,128,132
663.592,460.829,125.478,129.399
663.034,461.802,128,132
662.622,462.225,129.28,133.32
663.396,464.263,128,132
661.578,463.588,130.573,134.653
661.484,464.588,130.573,134.653
661.394,465.686,130.573,134.653
661.824,467.045,130.573,134.653
659.877,466.127,134.529,138.733
659.959,467.368,134.529,138.733
660.185,468.792,134.529,138.733
662.019,472.08,130.573,134.653
660.353,470.934,134.529,138.733
662.393,474.366,130.573,134.653
662.429,475.325,130.573,134.653
662.438,475.801,130.573,134.653
662.579,475.999,130.573,134.653
662.326,476.036,130.573,134.653
662.234,476.244,130.573,134.653
662.334,476.673,130.573,134.653
662.457,476.738,131.879,136
662.585,477.211,131.879,136
663.737,478.794,129.28,133.32
661.773,477.123,133.197,137.36
661.771,477.91,130.573,134.653
661.603,478.393,130.573,134.653
661.278,478.882,130.573,134.653
661.219,479.377,130.573,134.653
660.907,479.238,133.197,137.36
659.936,478.787,135.875,140.121
660.561,480.536,133.197,137.36
659.639,479.452,134.529,138.733
659.756,479.629,134.529,138.733
660.318,480.115,135.875,140.121
658.946,478.265,138.606,142.937
659.308,478.775,138.606,142.937
661.736,481.391,135.875,140.121
661.88,482.015,135.875,140.121
661.602,482.281,134.529,138.733
661.595,482.79,134.529,138.733
661.588,483.198,134.529,138.733
663.892,485.921,131.879,136
662.406,484.749,135.875,140.121
660.374,483.081,138.606,142.937
661.972,486.165,134.529,138.733
661.753,487.229,134.529,138.733
661.687,488.095,134.529,138.733
659.938,487.067,138.606,142.937
659.63,487.982,138.606,142.937
661.379,490.245,137.233,141.522
661.697,491.917,135.875,140.121
659.664,490.841,139.992,144.366
658.506,490.64,141.392,145.81
659.52,492.95,138.606,142.937
659.645,493.573,138.606,142.937
661.281,495.38,137.233,141.522
661.676,496.149,137.233,141.522
660.431,495.604,138.606,142.937
660.691,496.134,138.606,142.937
660.886,496.964,138.606,142.937
661.246,497.484,138.606,142.937
661.954,498.105,138.606,142.937
660.95,497.598,142.806,147.268
661.131,498.32,141.392,145.81
661.743,499.225,142.806,147.268
659.988,497.842,145.676,150.228
662.463,500.696,142.806,147.268
664.049,502.938,138.606,142.937
663.605,503.599,138.606,142.937
662.325,502.71,141.392,145.81
662.815,503.563,141.392,145.81
663.457,504.41,142.806,147.268
661.724,502.581,145.676,150.228
662.36,503.101,145.676,150.228
664.468,505.667,141.392,145.81
664.993,506.227,141.392,145.81
663.672,504.283,145.676,150.228
664.287,504.605,145.676,150.228
666.395,506.894,144.234,148.741
667.91,507.717,141.392,145.81
668.471,508.309,142.806,147.268
666.808,506.617,147.133,151.731
666.006,505.443,148.604,153.248
667.538,507.277,145.676,150.228
668.153,507.275,145.676,150.228
671.315,510.026,141.392,145.81
672.26,510.531,141.392,145.81
670.402,508.803,145.676,150.228
669.774,507.487,148.604,153.248
667.607,505.477,153.107,157.891
667.84,505.798,153.107,157.891
668.376,505.846,153.107,157.891
669.035,506.481,153.107,157.891
669.223,507.076,153.107,157.891
668.923,505.996,154.638,159.47
671.381,507.977,151.591,156.328
669.839,506.215,154.638,159.47
671.254,506.698,153.107,157.891
671.95,507.02,153.107,157.891
675.411,510.477,150.09,154.78
673.256,507.532,153.107,157.891
673.666,507.742,153.107,157.891
677.612,510.585,148.604,153.248
675.359,508.159,153.107,157.891
674.99,507.456,154.638,159.47
676.257,508.309,153.107,157.891
677.243,508.868,153.107,157.891
679.08,510.209,151.591,156.328
679.855,510.105,151.591,156.328
679.212,508.949,153.107,157.891
680.534,509.458,153.107,157.891
681.322,509.407,153.107,157.891
681.587,509.473,153.107,157.891
681.628,509.004,154.638,159.47
681.433,507.956,156.184,161.065
683.985,509.462,153.107,157.891
683.193,508.157,156.184,161.065
684.4,508.876,154.638,159.47
686.432,509.579,153.107,157.891
687.18,509.727,153.107,157.891
685.979,507.697,156.184,161.065
686.774,507.785,156.184,161.065
686.984,507.927,159.324,164.303
688.347,507.522,156.184,161.065
690.443,508.452,154.638,159.47
689.717,507.668,156.184,161.065
691.664,508.589,154.638,159.47
691.427,507.759,156.184,161.065
693.401,508.974,157.746,162.676
693.624,507.988,159.324,164.303
695.736,509.212,154.638,159.47
695.335,508.191,159.324,164.303
694.581,506.926,162.526,167.605
696.869,508.448,159.324,164.303
697.565,507.668,160.917,165.946
699.788,508.447,156.184,161.065
701.302,508.684,154.638,159.47
701.59,507.54,156.184,161.065
702.694,507.441,156.184,161.065
703.687,507.314,156.184,161.065
702.849,506.248,160.917,165.946
704.314,506.186,160.917,165.946
702.593,503.529,165.793,170.974
700.138,500.364,169.125,174.41
700.738,500.035,169.125,174.41
701.587,500.112,169.125,174.41
702.181,500.167,169.125,174.41
702.468,499.71,169.125,174.41
703.186,500.401,167.451,172.684
703.007,499.039,169.125,174.41
701.557,496.786,172.525,177.916
702.268,497.146,170.816,176.155
701.896,495.784,172.525,177.916
702.894,495.529,170.816,176.155
702.712,494.461,170.816,176.155
703.226,493.733,169.125,174.41
701.613,491.568,170.816,176.155
701.294,489.611,170.816,176.155
701.043,488.046,170.816,176.155
699.323,485.685,172.525,177.916
699.159,484.172,172.525,177.916
699.745,483.941,170.816,176.155
700.631,483.453,169.125,174.41
699.355,481.744,170.816,176.155
701.473,482.142,167.451,172.684
699.373,480.217,170.816,176.155
699.534,479.777,170.816,176.155
699.43,479.118,170.816,176.155
699.287,478.204,170.816,176.155
700.912,478.791,167.451,172.684
699.268,476.998,170.816,176.155
699.532,475.947,170.816,176.155
699.463,475.51,170.816,176.155
699.561,474.31,170.816,176.155
698.518,472.853,172.525,177.916
700.082,472.738,170.816,176.155
699.603,472.192,170.816,176.155
698.637,470.387,172.525,177.916
699.512,470.621,170.816,176.155
699.833,470.776,170.816,176.155
699.955,470.609,170.816,176.155
700.244,470.156,170.816,176.155
701.026,470.639,170.816,176.155
702.203,471.102,169.125,174.41
699.769,470.954,174.25,179.695
701.495,470.895,170.816,176.155
701.547,471.27,170.816,176.155
700.954,471.592,174.25,179.695
702.454,471.218,170.816,176.155
702.309,471.951,170.816,176.155
701.534,471.351,172.525,177.916
702.098,472.938,174.25,179.695
701.059,471.138,175.992,181.492
700.207,470.517,177.752,183.307
698.241,468.053,183.138,188.861
701.227,470.848,177.752,183.307
701.185,471.549,177.752,183.307
703.182,473.458,174.25,179.695
699.224,469.792,179.53,185.14
698.186,468.757,181.325,186.992
699.834,470.146,179.53,185.14
700.504,470.803,179.53,185.14
700.288,470.46,179.53,185.14
699.766,470.034,181.325,186.992
700.839,472.118,179.53,185.14
701.363,472.235,179.53,185.14
701.703,472.431,179.53,185.14
701.611,473.271,179.53,185.14
699.703,471.904,184.97,190.75
701.748,473.04,183.138,188.861
702.056,473.165,183.138,188.861
701.994,472.829,184.97,190.75
703.291,474.209,183.138,188.861
706.36,477.398,177.752,183.307
708.348,478.681,172.525,177.916
708.521,478.821,172.525,177.916
706.816,479.247,175.992,181.492
708.045,478.93,175.992,181.492
709.594,480.65,170.816,176.154
707.208,480.181,175.992,181.492
708.253,480.578,172.525,177.916
709.319,481.167,170.816,176.154
707.989,481.517,174.25,179.695
709.642,481.822,170.816,176.154
708.163,482.021,174.25,179.695
707.405,481.48,175.992,181.492
704.832,477.997,179.53,185.14
703.266,477.122,184.97,190.75
701.188,475.225,186.819,192.658
703.633,477.884,183.138,188.861
704.114,478.188,183.138,188.861
705.005,478.8,183.138,188.861
707.569,481.239,177.752,183.307
708.837,482.336,175.992,181.492
709.69,483.047,172.525,177.916
708.135,482.028,175.992,181.492
710.348,483.713,170.817,176.155
710.155,484.053,170.817,176.155
711.745,485.296,167.451,172.684
708.019,482.659,172.525,177.916
705.735,482.044,177.752,183.307
704.696,482.695,177.752,183.307
706.238,482.622,175.992,181.492
707.265,483.574,172.525,177.916
706.745,483.823,174.25,179.695
706.525,484.174,174.25,179.695
707.483,486.245,169.125,174.41
705.747,483.619,174.25,179.695
703.269,482.405,177.752,183.307
702.83,482.667,177.752,183.307
700.06,480.372,179.53,185.14
701.843,482.128,177.752,183.307
702.183,483.025,177.752,183.307
701.823,483.073,177.752,183.307
701.399,483.275,177.752,183.307
701.02,483.191,177.752,183.307
703.273,484.982,172.525,177.916
703.254,484.438,172.525,177.916
702.722,484.126,172.525,177.916
701.735,484.533,172.525,177.916
701.703,485.035,174.25,179.695
701.733,484.752,172.525,177.916
703.44,486.126,169.125,174.41
701.509,484.568,174.25,179.695
700.765,483.671,175.992,181.492
697.684,481.422,179.53,185.14
695.656,479.495,181.325,186.992
695.852,480.573,179.53,185.14
695.133,480.339,179.53,185.14
699.651,483.99,174.25,179.695
699.197,483.551,175.992,181.492
699.619,483.982,174.25,179.695
698.41,482.689,175.992,181.492
698.386,482.451,175.992,181.492
698.817,483.139,174.25,179.695
697.734,482.929,174.25,179.695
694.791,480.69,177.752,183.307
695.973,480.947,175.992,181.492
695.268,480.617,175.992,181.492
695.471,480.731,175.992,181.492
691.521,476.928,179.53,185.14
690.498,476.842,179.53,185.14
690.379,476.137,179.53,185.14
690.081,476.584,179.53,185.14
690.094,476.206,179.53,185.14
694.063,480.058,174.25,179.695
691.024,477.74,177.752,183.307
692.47,479.824,174.25,179.695
692.308,479.715,174.25,179.695
693.165,479.431,172.525,177.916
692.759,478.943,174.25,179.695
693.181,478.416,174.25,179.695
690.297,475.251,177.752,183.307
691.734,477.112,175.992,181.492
691.984,476.308,175.992,181.492
692.386,476.729,174.25,179.695
692.738,476.604,174.25,179.695
687.65,472.539,179.53,185.14
687.56,471.997,179.53,185.14
689.81,475.502,175.992,181.492
691.481,474.99,175.992,181.492
686.555,470.591,181.325,186.992
685.279,470.207,183.138,188.861
687.418,470.465,179.53,185.14
691.788,474.64,174.25,179.695
690.115,473.324,175.992,181.492
689.884,472.922,175.992,181.492
690.238,473.099,175.992,181.492
689.951,472.212,177.752,183.307
686.039,469.216,183.138,188.862
690.375,471.831,177.752,183.307
686.283,468.892,183.138,188.862
686.509,468.02,183.138,188.862
689.455,471.248,177.752,183.307
685.714,467.557,183.138,188.862
686.654,469.084,179.53,185.14
691.808,473.221,174.25,179.695
687.404,467.322,179.53,185.14
684.862,466.551,184.97,190.75
685.426,467.384,181.325,186.992
689.677,470.971,175.992,181.492
685.096,465.939,181.325,186.992
685.356,466.43,183.138,188.862
688.041,470.442,177.752,183.307
688.172,470.277,177.752,183.307
686.122,466.247,179.53,185.14
688.873,469.89,177.752,183.307
689.203,469.956,175.992,181.492
684.12,464.538,181.325,186.992
683.023,464.715,184.97,190.75
680.523,461.611,186.82,192.658
682.63,465.421,184.97,190.75
683.365,464.332,181.325,186.992
683.324,466.501,179.53,185.14
685.811,467.77,177.752,183.307
688.92,468.926,174.25,179.695
688.994,468.88,172.525,177.916
688.312,469.466,174.25,179.695
688.647,470.274,170.817,176.155
688.299,470.733,170.817,176.155
690.558,472.462,167.451,172.684
686.807,469.097,172.525,177.916
690.539,470.753,169.125,174.41
689.357,471.732,167.451,172.684
686.715,468.701,172.525,177.916
685.003,467.099,177.752,183.307
682.903,463.6,179.53,185.14
685.313,468.67,174.25,179.695
685.245,468.738,175.992,181.492
680.637,464.167,179.53,185.14
683.912,468.75,174.25,179.695
683.754,468.443,175.992,181.492
683.866,469.201,172.525,177.916
683.916,469.074,174.25,179.695
685.323,469.703,170.817,176.155
685.641,471.283,169.125,174.41
683.454,470.386,174.25,179.695
685.92,472.001,169.125,174.41
683.057,469.444,172.525,177.916
680.986,467.993,175.992,181.492
680.195,467.124,177.752,183.307
682.042,469.423,172.525,177.916
679.911,468.185,175.992,181.492
679.913,468.301,175.992,181.492
679.89,468.321,175.992,181.492
677.079,465.295,179.53,185.14
674.745,463.939,183.138,188.862
673.304,463.368,184.97,190.75
676.363,464.233,179.53,185.14
678.6,468.23,175.993,181.492
678.708,468.631,175.993,181.492
678.044,468.657,175.993,181.492
679.115,469.309,174.25,179.695
676.999,468.663,175.993,181.492
674.103,464.104,179.53,185.14
678.395,468.831,174.25,179.695
674.649,464.644,179.53,185.14
677.37,468.629,174.25,179.695
676.61,468.793,174.25,179.695
674.926,466.131,177.752,183.307
677.731,468.132,174.25,179.695
677.236,468.14,172.525,177.916
678.391,469.589,169.125,174.411
678.333,468.399,170.817,176.155
678.916,466.838,174.25,179.695
679.68,466.532,174.25,179.695
676.381,462.481,179.53,185.14
673.869,461.043,184.97,190.75
676.969,462.224,183.139,188.862
680.718,464.746,177.752,183.307
682.793,465.898,175.993,181.492
680.765,462.844,179.53,185.14
681.07,462.629,179.53,185.14
681.303,462.146,179.53,185.14
682.246,461.843,179.53,185.14
681.972,461.484,179.53,185.14
687.216,464.906,174.25,179.695
689.274,467.418,169.125,174.411
689.544,465.155,174.25,179.695
686.448,461.532,179.53,185.14
685.354,462.168,179.53,185.14
686.253,461.792,179.53,185.14
686.542,461.475,179.53,185.14
684.64,459.912,181.325,186.992
687.392,459.944,181.325,186.992
687.979,459.487,181.325,186.992
689.182,461.433,179.53,185.14
690.859,461.26,179.53,185.14
695.709,464.293,174.25,179.695
695.76,462.801,175.993,181.492
694.127,459.933,179.53,185.14
696.627,461.901,177.752,183.307
693.055,459.057,183.139,188.862
698.209,461.996,177.752,183.307
694.475,459.03,183.139,188.862
698.767,461.208,177.752,183.307
699.489,462.437,175.993,181.492
702.119,464.468,170.817,176.155
703.918,464.246,170.817,176.155
702.733,461.255,174.25,179.695
699.757,458.091,179.53,185.14
699.904,456.593,181.325,186.992
701.496,457.406,179.53,185.14
700.902,455.874,181.325,186.992
701.268,457.508,179.53,185.14
702.206,457.926,179.53,185.14
702.631,456.34,181.325,186.992
699.611,452.201,186.82,192.658
702.653,456.101,181.325,186.992
700.889,452.079,186.82,192.658
704.105,455.055,181.325,186.992
706.525,456.315,179.53,185.14
706.133,455.04,181.325,186.992
706.408,454.901,181.325,186.992
706.222,453.436,181.325,186.992
710.403,457.907,175.993,181.492
707.729,455.283,179.53,185.14
707.552,453.795,181.325,186.992
707.115,453.158,181.325,186.992
707.099,453.099,181.325,186.992
707.805,452.435,181.325,186.992
708.679,452.778,181.325,186.992
713.648,457.183,175.993,181.492
710.275,453.616,181.325,186.992
710.692,453.361,181.325,186.992
710.738,453.071,181.325,186.992
712.69,453.06,179.53,185.14
715.27,455.696,177.752,183.307
715.792,455.344,177.752,183.307
718.135,456.888,174.25,179.695
717.918,456.227,174.25,179.695
721.001,458.341,169.125,174.411
725.257,461.954,165.793,170.974
720.947,457.625,170.817,176.155
721.758,456.901,170.817,176.155
722.744,457.802,169.125,174.411
724.51,457.002,169.125,174.411
724.584,455.768,170.817,176.155
725.223,456.064,170.817,176.155
727.873,457.009,167.451,172.684
731.695,458.354,165.793,170.974
733.619,459.08,165.793,170.974
734.278,458.462,165.793,170.974
731.225,455.553,170.817,176.155
734.652,458.39,165.793,170.974
732.163,454.67,170.817,176.155
734.391,454.366,169.125,174.411
734.144,454.142,169.125,174.411
739.171,457.316,165.793,170.974
738.403,455.782,167.451,172.684
738.612,455.262,167.451,172.684
738.194,453.399,170.817,176.155
744.287,456.649,165.793,170.974
743.502,453.775,169.125,174.411
741.377,451.045,172.525,177.916
743.079,453.029,169.125,174.411
744.479,451.756,170.817,176.155
744.803,452.089,170.817,176.155
747.518,452.649,169.125,174.411
748.848,454.048,167.451,172.684
755.009,456.042,164.151,169.281
754.423,454.858,165.793,170.974
755.714,456.17,164.151,169.281
758.89,457.21,160.917,165.946
756.898,454.234,165.793,170.974
758.111,454.322,165.793,170.974
760.161,453.152,165.793,170.974
758.065,451.713,167.451,172.684
762.392,453.418,164.151,169.281
762.803,452.469,165.793,170.974
762.842,452.462,165.793,170.974
760.122,449.608,169.125,174.411
765.199,452.028,165.793,170.974
761.509,447.987,170.817,176.155
767.009,451.439,165.793,170.974
767.585,452.005,164.151,169.281
764.991,449.415,167.451,172.684
769.177,450.972,165.793,170.974
769.662,449.718,165.793,170.974
766.042,447.475,169.125,174.411
770.043,449.699,165.793,170.974
765.654,446.812,169.125,174.411
764.744,445.384,172.525,177.916
766.62,444.594,170.817,176.155
772.899,449.2,165.793,170.974
772.839,446.441,167.451,172.684
775.548,449.028,164.151,169.281
772.568,444.597,169.125,174.411
770.165,442.855,172.525,177.916
771.825,444.63,169.125,174.411
773.063,445.022,169.125,174.411
774.248,446.346,167.451,172.684
778.009,446.574,165.793,170.974
779.77,446.464,165.793,170.974
781.872,447.367,164.151,169.281
784.018,451.084,159.324,164.303
781.179,447.485,164.151,169.281
784.253,449.835,159.324,164.303
785.738,450.884,157.746,162.676
785.578,448.048,160.917,165.946
784.549,444.612,165.793,170.974
780.814,441.384,169.125,174.411
784.253,444.456,165.793,170.974
782.928,440.696,169.125,174.411
787.338,444.892,164.151,169.281
786.303,445.012,165.793,170.974
784.818,440.346,169.125,174.411
784.781,439.628,169.125,174.411
784.727,438.906,170.817,176.155
787.161,438.649,169.125,174.411
788.539,440.412,167.451,172.684
792.484,443.909,162.526,167.605
794.355,445.602,159.324,164.303
793.716,442.459,162.526,167.605
790.05,439.002,167.451,172.684
789.763,437.586,169.125,174.411
791.996,437.655,167.451,172.684
795.002,440.762,165.793,170.974
793.229,436.15,169.125,174.411
791.155,434.627,174.25,179.695
788.985,433.306,175.993,181.492
787.915,432.417,177.752,183.307
788.35,433.245,172.525,177.916
787.883,433.462,170.817,176.155
788.029,434.677,167.451,172.684
788.057,434.285,167.451,172.684
791.347,437.897,162.526,167.605
790.46,435.981,164.151,169.281
790.33,436.55,164.151,169.281
792.024,438.193,160.917,165.946
789.187,434.901,165.793,170.974
789.677,435.529,164.151,169.281
792.31,435.164,162.526,167.605
791.441,434.16,164.151,169.281
790.981,434.014,164.151,169.281
790.607,432.635,165.793,170.974
791.743,432.321,165.793,170.974
792.822,432.389,164.151,169.281
790.324,428.473,167.451,172.684
793.967,432.56,164.151,169.281
795.538,432.125,162.526,167.605
794.43,431.21,165.793,170.974
792.778,427.491,167.451,172.684
795.549,429.798,164.151,169.281
793.354,425.58,169.125,174.411
795.625,429.096,165.793,170.974
794.646,424.654,167.451,172.684
798.272,427,164.151,169.281
797.525,427.51,164.151,169.281
800.77,429.792,159.324,164.303
802.357,429.46,154.638,159.471
802.114,429.611,154.638,159.471
802.124,429.64,153.107,157.892
801.775,429.836,153.107,157.892
805.018,430.756,151.591,156.328
803.58,430.334,151.591,156.328
802.031,429.214,153.107,157.892
801.617,427.246,154.638,159.471
801.007,424.995,156.184,161.065
800.364,424.985,156.184,161.065
805.546,428.724,151.591,156.328
803.533,425.806,153.107,157.892
802.772,425.598,153.107,157.892
802.595,424.534,154.638,159.471
806.854,428.406,150.09,154.781
803.602,423.324,153.107,157.892
805.689,427.612,148.604,153.248
807.626,428.974,147.133,151.731
805.613,426.049,150.09,154.781
802.389,423.712,153.107,157.892
803.471,424.369,151.591,156.328
803.532,424.538,151.591,156.328
801.253,418.952,156.184,161.065
803.154,423.03,151.591,156.328
803.35,423.875,148.604,153.248
804.396,424.966,145.676,150.228
807.225,427.333,142.806,147.268
804.246,424.056,145.676,150.228
805.81,426.513,142.806,147.268
803.102,422.523,145.676,150.228
803.145,425.598,144.234,148.741
800.984,421.754,145.676,150.228
802.109,424.348,144.234,148.741
801.97,423.739,141.392,145.81
798.8,421.208,145.676,150.228
797.74,420.188,145.676,150.228
797.043,420.106,145.676,150.228
797.39,422.026,144.234,148.741
794.047,417.729,148.604,153.248
796.208,421.408,144.234,148.741
796.877,422.692,139.992,144.367
798.157,424.887,135.875,140.121
794.847,420.871,138.606,142.937
795.625,423.422,134.529,138.733
794.425,423.157,134.529,138.733
793.225,422.825,134.529,138.733
794.866,424.242,130.573,134.653
791.846,421.35,134.529,138.733
789.99,421.461,134.529,138.733
789.026,420.84,134.529,138.733
789.39,419.96,134.529,138.733
790.305,421.931,130.573,134.653
789.581,421.138,130.573,134.653
788.663,420.933,130.573,134.653
787.353,420.01,130.573,134.653
786.452,419.501,130.573,134.653
785.307,419.438,130.573,134.653
783.553,417.743,133.197,137.36
782.823,418.51,130.573,134.653
781.045,417.902,131.879,136
778.492,414.749,134.529,138.733
779.621,416.754,131.879,136
777.317,413.939,134.529,138.733
777.639,415.1,133.197,137.36
776.941,415.162,131.879,136
776.845,416.46,129.28,133.32
776.787,417.463,125.478,129.399
775.524,417.094,125.478,129.399
775.453,416.311,125.478,129.399
775.363,417.913,124.236,128.118
772.764,415.548,125.478,129.399
773.539,416.965,121.788,125.594
774.693,418.889,119.388,123.119
772.089,416.199,121.788,125.594
771.484,415.35,121.788,125.594
767.865,413.581,125.478,129.399
765.867,412.534,126.733,130.693
764.155,409.375,130.573,134.653
764.414,411.255,126.733,130.693
766.489,414.31,123.006,126.85
765.344,414.429,120.582,124.35
766.982,415.382,118.206,121.9
765.913,416.456,117.036,120.693
764.737,415.192,118.206,121.9
764.079,414.402,118.206,121.9
763.952,414.633,117.036,120.693
761.992,413.187,118.206,121.9
760.962,412.674,118.206,121.9
758.893,411.679,119.388,123.119
759.626,412.413,117.036,120.693
758.819,412.984,114.73,118.315
760.781,414.684,111.355,114.835
759.814,415.008,110.253,113.698
760.868,415.375,107.01,110.354
760.853,415.684,104.902,108.18
759.247,414.759,105.951,109.262
759.888,416.805,102.835,106.048
757.943,413.647,105.951,109.262
758.084,414.292,103.863,107.109
757.846,414.956,102.835,106.048
755.448,412.046,105.951,109.262
753.814,410.519,107.01,110.354
753.265,409.341,108.08,111.458
753.157,409.394,107.01,110.354
751.969,408.246,109.161,112.573
751.564,409.217,107.01,110.354
750.694,407.755,107.01,110.354
750.112,407.244,107.01,110.354
750.402,408.354,104.902,108.18
749.095,407.445,105.951,109.262
750.032,409.015,102.835,106.048
748.198,407.549,103.863,107.109
749.167,408.301,102.835,106.048
747.094,406.2,104.902,108.18
747.602,408.197,101.817,104.998
747.777,408.665,100.809,103.959
746.303,407.038,101.817,104.998
746.306,407.292,100.809,103.959
747.224,408.6,97.8438,100.901
746.321,408.339,96.8751,99.9024
743.909,406.267,99.8105,102.93
743.33,406.026,99.8105,102.93
743.488,405.974,97.8438,100.901
742.281,405.827,97.8438,100.901
742.329,405.298,96.8751,99.9024
743.014,406.788,94.026,96.9643
740.925,405.398,95.9159,98.9133
740.474,404.711,95.9159,98.9133
740.958,405.888,93.0951,96.0043
740.314,405.459,93.0951,96.0043
739.404,405.176,93.0951,96.0043
738.448,404.777,93.0951,96.0043
736.789,403.092,94.9663,97.934
736.633,403.628,93.0951,96.0043
736.831,404.456,92.1733,95.0538
737.296,405.344,90.3572,93.1808
735.137,404.052,92.1733,95.0538
735.534,405.249,89.4625,92.2582
733.308,403.618,91.2607,94.1126
732.826,403.847,90.3572,93.1808
733.153,404.679,87.6998,90.4404
730.936,402.978,90.3572,93.1808
730.079,402.101,91.2607,94.1126
728.005,400.927,92.1733,95.0538
727.664,401.631,89.4625,92.2582
727.411,401.761,88.5768,91.3448
726.567,401.677,87.6998,90.4404
724.55,400.28,89.4625,92.2582
724.199,400.461,88.5768,91.3448
723.885,400.634,87.6998,90.4404
723.789,402.123,85.1205,87.7806
723.113,401.438,85.1205,87.7806
720.677,398.909,87.6998,90.4404
720.377,399.846,86.8315,89.5449
718.389,399.149,87.6998,90.4404
718.611,399.824,85.1205,87.7806
718.887,401.172,82.6172,85.1989
719.018,402.688,80.1874,82.6933
719.172,403.042,78.6074,81.0639
717.942,402.868,78.6074,81.0639
717.039,402.662,79.3935,81.8745
715.361,402.549,79.3935,81.8745
716.054,403.31,77.0585,79.4666
714.775,402.791,77.8291,80.2613
713.12,401.444,79.3935,81.8745
711.976,401.186,78.6074,81.0639
712.842,402.038,76.2956,78.6798
711.69,401.966,77.0585,79.4666
710.003,400.067,78.6074,81.0639
709.623,399.943,78.6074,81.0639
710.351,401.033,77.0585,79.4666
708.78,399.855,78.6074,81.0639
709.744,401.265,76.2956,78.6798
708.225,400.922,77.8291,80.2613
707.151,399.78,78.6074,81.0639
706.595,399.678,78.6074,81.0639
706.318,400.819,77.0585,79.4666
706.583,401.986,75.5402,77.9008
704.818,401.136,76.2956,78.6798
704.916,402.649,74.0517,76.3659
703.831,402.657,74.0517,76.3659
703.542,403.512,72.5926,74.8611
701.055,402.271,74.0517,76.3659
699.09,401.359,75.5402,77.9008
699.326,401.887,73.3186,75.6098
698.496,402.827,71.8739,74.1199
696.207,401.603,73.3186,75.6098
696.585,402.343,71.1623,73.3861
696.488,403.128,70.4577,72.6595
695.421,403.53,70.4577,72.6595
695.181,403.841,69.0694,71.2278
694.167,403.132,69.0694,71.2278
692.677,403.166,69.0694,71.2278
690.705,401.963,70.4577,72.6595
689.896,401.474,69.7601,71.9401
686.659,400.099,71.8739,74.12
687.155,400.901,69.7601,71.9401
687.408,401.525,67.7085,69.8244
686.788,402.201,67.0381,69.133
683.857,401.095,69.0694,71.2278
681.213,399.574,71.1623,73.3861
680.785,399.539,70.4577,72.6595
680.538,400.564,69.0694,71.2278
678.554,399.709,70.4577,72.6595
677.091,399.506,70.4577,72.6595
675.911,399.145,69.7601,71.9401
674.136,398.81,70.4577,72.6595
673.396,399.298,69.0694,71.2278
673.292,400.729,67.0381,69.133
672.216,400.283,65.7172,67.7708
670.388,399.794,67.0381,69.133
669.802,399.928,65.7172,67.7708
669.226,400.297,65.0665,67.0998
668.46,400.658,63.7845,65.7777
665.971,399.08,65.7172,67.7708
664.315,398.671,67.0381,69.133
662.034,397.332,69.0694,71.2278
659.981,396.825,70.4577,72.6595
658.681,397.467,69.0694,71.2278
657.96,397.886,67.7085,69.8244
656.407,397.847,67.7085,69.8244
653.17,396.812,69.7601,71.9401
653.868,397.872,67.7085,69.8244
653.762,399.039,65.7172,67.7709
653.821,400.224,63.7845,65.7777
653.546,400.784,63.1529,65.1264
652.5,400.918,63.1529,65.1264
650.005,399.429,65.0665,67.0998
650.406,400.337,63.1529,65.1264
649.151,400.734,62.5277,64.4816
647.682,401.128,62.5277,64.4816
646.863,400.374,62.5277,64.4816
645.063,399.869,63.1529,65.1264
644.242,399.794,62.5277,64.4816
641.267,398.414,64.4223,66.4355
640.293,399.578,63.1529,65.1265
640.576,399.853,61.2956,63.2111
639.274,399.248,61.2956,63.2111
638.435,399.493,61.2956,63.2111
638.64,400.489,59.4929,61.3521
637.858,399.93,59.4929,61.3521
636.687,398.856,61.2956,63.2111
636.569,400.039,59.4929,61.3521
636.081,400.829,58.9039,60.7446
635.594,399.82,59.4929,61.3521
633.03,399.337,61.2956,63.2111
632.453,399.09,61.2956,63.2111
631.312,398.565,61.9086,63.8432
630.803,398.711,61.2956,63.2111
631.1,399.614,59.4929,61.3521
629.217,398.752,61.2956,63.2111
628.469,398.881,61.2956,63.2111
629.002,399.821,59.4929,61.3521
628.508,399.918,59.4929,61.3521
627.954,400.212,58.9039,60.7446
628.925,401.839,57.1715,58.9581
626.947,400.219,58.9039,60.7446
627.718,401.857,57.1715,58.9581
625.888,400.294,58.9039,60.7446
624.573,399.777,59.4929,61.3521
624.735,400.604,58.3207,60.1432
623.302,399.885,60.0878,61.9656
623.008,400.489,58.3207,60.1432
621.479,399.522,59.4929,61.3521
619.286,398.356,61.2956,63.2111
619.82,399.284,59.4929,61.3521
619.265,399.401,60.0878,61.9656
619.23,399.84,58.3207,60.1432
618.545,399.813,58.3207,60.1432
619.067,401.084,57.1715,58.9581
616.502,399.684,58.9039,60.7446
615.244,399.145,59.4929,61.3521
614.547,399.458,58.9039,60.7446
614.15,399.624,58.3207,60.1432
614.854,400.572,57.1715,58.9581
614.567,400.906,56.6055,58.3744
614.378,400.804,54.9407,56.6576
612.951,401.003,56.045,57.7964
611.124,400.472,57.1715,58.9581
610.565,400.941,56.6055,58.3744
609.081,400.712,56.6055,58.3744
606.324,399.274,58.3207,60.1432
605.023,398.907,58.9039,60.7446
604.785,400.341,57.1715,58.9581
604.811,401.244,56.045,57.7964
602.814,400.678,57.1715,58.9581
600.02,399.459,58.9039,60.7446
599.063,399.331,58.3207,60.1432
597.353,399.183,58.9039,60.7446
596.751,399.685,58.3207,60.1432
595.448,399.153,58.9039,60.7446
595.791,401.099,57.1715,58.9581
595.586,402.017,56.045,57.7964
594.832,401.922,56.045,57.7964
592.759,401.249,57.1715,58.9581
592.079,402.022,56.6055,58.3744
591.799,402.206,54.9407,56.6576
591.699,403.302,53.3249,54.9913
590.516,403.287,53.3249,54.9913
588.979,403.265,53.8582,55.5412
587.869,402.871,54.3967,56.0966
586.86,403.03,53.8582,55.5412
584.822,402.594,55.4901,57.2242
583.347,402.335,57.1715,58.9581
583.393,402.502,55.4901,57.2242
582.615,403.319,56.045,57.7964
582.558,403.318,54.3967,56.0966
581.277,402.851,54.9407,56.6576
581.184,403.139,54.3967,56.0966
579.786,402.918,56.045,57.7964
578.332,402.878,56.6055,58.3744
577.854,402.281,55.4901,57.2242
578.041,403.9,53.8582,55.5412
577.79,403.547,53.8582,55.5412
578.338,405.197,52.2742,53.9078
577.85,404.833,52.7969,54.4468
576.153,403.356,53.8582,55.5412
574.597,402.803,54.9407,56.6576
573.851,402.477,54.9407,56.6576
574.208,402.978,53.8582,55.5412
573.292,402.971,54.3967,56.0966
