628.464,441.005,95,82
628.581,441.182,95,82
628.64,441.277,95,82
627.607,440.237,96.9095,83.6482
629.156,441.785,94.0594,81.1881
629.234,441.963,94.0594,81.1881
629.336,442.32,95,82
629.964,442.601,94.0594,81.1881
629.834,442.663,95,82
629.9,443.052,95,82
630.738,443.828,93.1281,80.3843
629.652,442.904,95.95,82.82
629.394,442.327,96.9095,83.6482
629.255,442.552,96.9095,83.6482
630.541,444.027,94.0594,81.1881
629.21,443.236,96.9095,83.6482
629.286,443.318,96.9095,83.6482
629.223,443.534,96.9095,83.6482
629.97,444.484,95.95,82.82
629.887,445.002,95.95,82.82
629.97,445.086,95.95,82.82
629.085,444.474,96.9095,83.6482
628.703,444.288,97.8786,84.4847
628.65,444.757,97.8786,84.4847
628.075,444.161,99.846,86.1828
629.16,445.488,96.9095,83.6482
628.178,444.354,99.846,86.1828
628.729,444.994,98.8574,85.3295
628.864,445.468,98.8574,85.3295
629.411,446.269,96.9095,83.6482
629.39,446.338,96.9095,83.6482
629.007,445.931,98.8574,85.3295
628.468,445.871,99.846,86.1828
628.503,445.967,99.846,86.1828
629.169,446.566,98.8574,85.3295
627.93,445.075,101.853,87.9151
629.229,446.697,98.8574,85.3295
629.33,446.889,97.8786,84.4847
628.719,446.265,99.846,86.1828
629.124,446.711,98.8574,85.3295
628.72,446.241,99.846,86.1828
629.09,446.982,98.8574,85.3295
627.749,446.001,101.853,87.9151
627.638,446.043,101.853,87.9151
627.436,446.16,101.853,87.9151
625.942,445.362,102.871,88.7943
627.341,447.384,99.846,86.1828
627.315,447.502,99.846,86.1828
625.949,446.773,101.853,87.9151
625.675,446.793,101.853,87.9151
624.229,445.494,103.9,89.6822
625.504,447.187,100.844,87.0447
625.701,448.173,99.846,86.1828
623.923,446.554,102.871,88.7943
624.095,447.485,101.853,87.9151
623.814,447.625,101.853,87.9151
623.771,448.148,101.853,87.9151
622.85,447.531,102.871,88.7943
623.529,448.974,100.844,87.0446
624.407,450.1,98.8574,85.3295
622.728,448.997,101.853,87.9151
621.215,447.654,103.9,89.6822
619.79,446.631,105.988,91.4848
620.919,448.278,102.871,88.7942
619.002,447.095,105.988,91.4848
618.732,447.313,105.988,91.4848
617.912,446.81,107.048,92.3996
617.458,447.01,107.048,92.3996
617.241,447.064,107.048,92.3996
616.839,447.197,107.048,92.3996
615.327,446.062,109.2,94.2569
616.147,447.212,107.048,92.3996
615.807,447.427,107.048,92.3996
614.805,447.311,108.119,93.3236
614.848,447.789,107.048,92.3996
612.589,446.173,110.292,95.1994
613.049,447.213,108.119,93.3236
611.02,445.713,111.395,96.1514
612.07,447.401,108.119,93.3236
611.907,447.933,107.048,92.3996
609.814,446.239,110.292,95.1994
610.322,447.269,108.119,93.3236
608.674,446.25,110.292,95.1994
609.725,447.87,107.048,92.3996
608.637,447.368,108.119,93.3236
606.537,445.717,111.395,96.1514
606.595,446.939,109.2,94.2569
605.328,446.248,110.292,95.1994
605.519,447.225,108.119,93.3236
603.218,445.772,111.395,96.1514
601.283,444.32,114.77,99.0649
598.729,442.82,117.077,101.056
599.63,444.079,114.77,99.0649
599.942,445.751,111.395,96.1514
598.718,445.003,113.634,98.0841
597.737,444.897,113.634,98.0841
597.007,444.857,113.634,98.0841
596.075,444.809,113.634,98.0841
595.358,444.839,113.634,98.0841
595.789,446.156,110.292,95.1994
593.461,444.941,113.634,98.0841
592.825,444.884,113.634,98.0841
592.11,444.902,113.634,98.0841
588.61,442.838,117.077,101.056
589.767,444.23,114.77,99.0649
586.932,442.652,117.077,101.056
588.016,444.303,114.77,99.0649
584.93,442.617,117.077,101.056
586.152,444.183,114.77,99.0649
583.297,442.681,117.077,101.056
585.436,444.796,113.634,98.0841
581.857,442.763,117.077,101.056
583.439,444.876,113.634,98.0841
580.186,442.887,117.077,101.056
581.338,444.526,114.77,99.0649
578.776,443.047,117.077,101.056
577.387,442.75,118.248,102.067
576.787,442.591,118.248,102.067
577.957,444.578,115.918,100.056
574.996,442.426,119.43,103.087
574.724,442.751,118.248,102.067
576.199,444.66,115.918,100.056
573.55,443.329,118.248,102.067
574.69,444.845,115.918,100.056
572.664,443.794,117.077,101.056
571.857,443.91,117.077,101.056
573.883,446.351,113.634,98.0841
570.447,444.101,117.077,101.056
571.429,445.598,115.918,100.056
568.716,444.397,118.248,102.067
571.039,446.11,114.77,99.0649
568.271,445.084,117.077,101.056
567.774,445.231,117.077,101.056
565.688,444.184,119.43,103.087
566.076,445.311,117.077,101.056
565.836,445.453,117.077,101.056
567.042,446.809,115.918,100.056
567.86,447.705,114.77,99.0649
565.577,445.561,118.248,102.067
564.981,445.744,118.248,102.067
568.04,447.988,114.77,99.0649
566.096,446.871,117.077,101.056
567.762,447.802,115.918,100.056
564.981,445.915,119.43,103.087
565.233,445.534,119.43,103.087
568.557,447.915,115.918,100.056
567.043,447.13,117.077,101.056
568.878,448.164,115.918,100.056
567.332,447.146,117.077,101.056
570.213,448.966,114.77,99.0649
571.058,449.625,113.634,98.0841
568.438,448.02,117.077,101.056
570.764,449.238,115.918,100.056
571.22,449.272,115.918,100.056
573.309,450.391,113.634,98.0841
570.749,448.132,117.077,101.056
574.458,450.33,113.634,98.0841
574.058,449.419,115.918,100.056
572.237,448.059,118.248,102.067
574.489,449.693,115.918,100.056
574.351,449.283,117.077,101.056
573.803,448.812,118.248,102.067
577.417,451.092,114.77,99.0649
574.276,449.517,118.248,102.067
574.161,448.544,120.625,104.118
573.118,447.448,124.28,107.273
573.602,448.748,120.625,104.118
573.666,448.73,120.625,104.118
572.742,447.795,124.28,107.273
572.798,448.432,121.831,105.159
574.767,449.909,118.248,102.067
572.273,448.346,121.831,105.159
571.573,448.314,123.049,106.211
569.422,447.4,125.523,108.346
570.82,448.632,123.049,106.211
571.879,449.633,119.43,103.087
570.817,449.098,119.43,103.087
572.04,449.82,118.248,102.067
571.52,449.559,118.248,102.067
574.448,451.824,114.77,99.0649
571.078,449.495,118.248,102.067
574.562,451.849,114.77,99.0649
570.507,449.579,118.248,102.067
573.239,451.258,115.918,100.056
569.536,449.057,119.431,103.087
570.541,449.657,118.248,102.067
568.494,448.256,120.625,104.118
567.908,447.421,121.831,105.159
569.378,447.88,120.625,104.118
568.105,446.783,124.28,107.273
568.382,446.533,124.28,107.273
568.08,445.897,125.523,108.346
565.861,444.362,128.046,110.524
566.062,443.428,129.326,111.629
567.282,443.772,126.778,109.429
567.604,443.083,126.778,109.429
569.558,443.907,125.523,108.346
571.59,445.178,123.049,106.211
572.204,445.302,120.625,104.118
571.835,444.103,123.049,106.211
571.124,443.199,124.28,107.273
572.108,443.681,123.049,106.211
569.362,441.326,126.778,109.429
570.553,441.696,125.523,108.346
571.066,441.981,124.28,107.273
569.641,441.177,125.523,108.346
567.931,439.663,126.778,109.429
567.329,438.271,128.046,110.524
569.691,439.547,125.523,108.346
569.142,439.72,125.523,108.346
570.584,440.404,123.049,106.211
568.546,439.37,125.523,108.346
566.889,437.773,126.778,109.429
565.98,436.728,126.778,109.429
565.171,436.086,126.778,109.429
566.222,437.082,125.523,108.346
564.132,434.95,128.046,110.524
562.577,433.972,129.326,111.629
564.576,435.637,125.523,108.346
563.714,435.582,125.523,108.346
561.696,434.355,126.778,109.429
562.835,434.638,125.523,108.346
562.02,434.822,125.523,108.346
562.23,434.516,125.523,108.346
562.105,434.141,125.523,108.346
562.913,434.65,123.049,106.211
562.905,434.066,123.049,106.211
560.85,432.532,125.523,108.346
557.957,430.019,129.326,111.629
558.526,430.696,126.778,109.429
557.091,428.751,130.619,112.745
556.21,428.127,131.926,113.873
556.792,428.266,129.326,111.629
557.427,428.664,126.778,109.429
556.134,426.817,130.619,112.745
555.449,426.148,131.926,113.873
555.968,426.594,130.619,112.745
555.778,426.29,130.619,112.745
557.026,427.111,126.778,109.429
558.287,427.541,125.523,108.346
555.502,425.023,129.326,111.629
557.439,426.433,125.523,108.346
554.503,424.469,129.326,111.629
555.06,424.653,126.778,109.429
554.105,422.789,129.326,111.629
553.979,422.597,130.619,112.745
554.679,422.591,128.046,110.524
553.473,421.817,130.619,112.745
553.149,421.003,131.926,113.873
553.484,421.46,129.326,111.629
552.39,420.387,131.926,113.873
553.621,420.989,128.046,110.524
555.333,421.86,125.523,108.346
552.479,419.864,129.326,111.629
551.393,419.212,131.926,113.873
551.91,419.625,130.619,112.745
551.874,419.082,130.619,112.745
551.418,417.572,131.926,113.873
551.431,418.198,130.619,112.745
550.633,418.395,130.619,112.745
550.063,417.857,129.326,111.629
549.772,417.489,129.326,111.629
550.131,418.322,126.778,109.429
549.049,416.87,129.326,111.629
548.242,416.664,129.326,111.629
547.203,416.575,130.619,112.745
547.347,416.344,129.326,111.629
546.932,415.85,129.326,111.629
546.49,415.672,129.326,111.629
546.372,415.461,128.046,110.524
545.741,415.184,130.619,112.745
543.411,412.901,134.577,116.161
545.635,414.772,130.619,112.745
545.652,414.551,129.326,111.629
544.573,414.123,129.326,111.629
544.481,414,129.326,111.629
541.907,411.894,133.245,115.011
544.086,413.203,129.326,111.629
543.856,413.222,130.619,112.745
542.629,412.368,131.926,113.873
544.116,412.884,128.046,110.524
542.562,412.365,130.619,112.745
540.742,410.451,133.245,115.011
539.559,409.878,133.245,115.011
538.385,408.748,137.282,118.496
539.907,408.943,133.245,115.011
538.93,408.033,135.923,117.323
539.305,407.579,134.577,116.161
539.063,407.652,135.923,117.323
540.924,408.883,131.926,113.873
541.182,408.627,131.926,113.873
539.057,406.83,134.577,116.161
538.242,406.317,134.577,116.161
538.551,405.921,134.577,116.161
541.093,408.009,130.619,112.745
540.886,407.158,131.926,113.873
541.738,407.83,130.619,112.745
541.716,406.914,129.326,111.629
541.458,406.339,129.326,111.629
540.742,405.773,131.926,113.873
540.064,404.314,133.245,115.011
540.864,404.953,131.926,113.873
541.349,404.558,131.926,113.873
541.908,404.669,130.619,112.745
541.166,403.881,131.926,113.873
542.605,404.215,128.046,110.524
541.144,402.712,131.926,113.873
540.953,402.607,131.926,113.873
541.152,402.315,131.926,113.873
541.959,402.456,130.619,112.745
540.924,401.384,131.926,113.873
538.972,399.253,135.923,117.323
541.049,400.565,131.926,113.873
540.943,400.233,131.926,113.873
540.713,399.876,131.926,113.873
540.745,399.508,131.926,113.873
540.039,397.732,133.245,115.011
540.785,398.808,131.926,113.873
540.375,397.235,133.245,115.011
539.583,396.42,134.577,116.161
542.541,398.639,130.619,112.745
542.949,397.994,131.926,113.873
544.672,398.535,130.619,112.745
545.446,397.726,129.326,111.629
545.267,397.49,130.619,112.745
545.602,397.541,130.619,112.745
545.892,397.057,130.619,112.745
545.436,396.083,131.926,113.873
543.703,394.106,135.923,117.323
546.776,395.521,131.926,113.873
547.817,395.663,129.326,111.629
546.755,394.868,131.926,113.873
548.354,395.678,128.046,110.524
547.385,394.855,129.326,111.629
546.112,393.124,133.245,115.011
548.467,394.618,129.326,111.629
549.078,394.866,128.046,110.524
549.63,394.336,128.046,110.524
550.821,394.663,126.778,109.429
548.944,393.521,129.326,111.629
549.455,393.911,130.619,112.745
549.662,394.101,130.619,112.745
547.826,390.818,134.577,116.161
547.603,390.586,137.282,118.496
549.281,391.261,133.245,115.011
549.138,391.119,133.245,115.011
549.558,390.74,133.245,115.011
549.17,389.871,134.577,116.162
548.662,390.092,134.577,116.162
549.723,390.098,133.245,115.011
549.651,390.079,133.245,115.011
551.136,390.975,129.326,111.629
549.939,389.584,133.245,115.011
550.991,390.734,131.926,113.873
551.672,391.115,130.619,112.745
552.539,391.604,126.778,109.429
551.558,390.75,128.046,110.524
551.207,389.979,131.926,113.873
552.103,390.544,129.326,111.629
553.418,391.337,126.778,109.429
553.148,391.031,128.046,110.524
553.804,390.091,128.046,110.524
552.634,389.418,131.926,113.873
554.102,389.823,130.619,112.745
552.87,387.582,133.245,115.011
552.781,387.448,133.245,115.011
554.079,388.778,129.326,111.629
555.654,388.958,128.046,110.524
554.454,387.375,131.926,113.873
555.058,387.642,131.926,113.873
557.161,387.29,128.046,110.524
557.199,387.17,128.046,110.524
557.042,387.365,128.046,110.524
558.047,386.742,128.046,110.524
558.815,387.175,126.778,109.429
558.152,386.337,130.619,112.745
560.101,387.489,126.778,109.429
560.678,386.787,126.778,109.429
561.222,385.96,126.778,109.429
560.798,384.853,129.326,111.629
560.336,384.364,129.326,111.629
559.072,383.484,133.245,115.011
562.242,384.206,129.326,111.629
562.992,385.219,126.778,109.429
561.995,384.009,129.326,111.629
563.299,384.28,128.046,110.524
562.943,382.792,129.326,111.629
564.495,383.683,126.778,109.429
564.312,383.449,128.046,110.524
564.296,383.011,129.326,111.629
566.052,384.223,126.778,109.429
569.174,386.387,123.049,106.211
567.362,383.333,126.778,109.429
566.304,381.834,129.326,111.629
566.602,383.257,130.619,112.745
568.196,381.538,130.619,112.745
567.629,381.204,131.926,113.873
568.502,380.602,129.326,111.629
568.608,380.57,129.326,111.629
569.629,381.064,128.046,110.524
569.268,380.011,129.326,111.629
569.787,379.628,129.326,111.629
569.726,379.369,129.326,111.629
570.486,378.498,129.326,111.629
572.196,378.789,130.619,112.745
573.1,378.874,128.046,110.524
572.298,377.297,129.326,111.629
572.867,376.835,131.926,113.873
570.891,374.662,134.577,116.162
571.161,374.789,133.245,115.011
573.006,375.733,129.326,111.629
573.916,376.506,128.046,110.524
573.157,376.316,128.046,110.524
572.449,376.253,130.619,112.745
573.738,375.239,130.619,112.745
573.606,374.204,130.619,112.745
571.262,372.401,133.245,115.011
573.449,373.611,129.326,111.629
571.971,370.504,133.245,115.011
573.958,372.736,129.326,111.629
578.055,374.98,125.523,108.346
575.41,372.25,128.046,110.524
578.068,374.11,124.28,107.273
575.236,372.806,126.778,109.429
575.037,371.173,128.046,110.524
574.685,370.126,129.326,111.629
574.965,369.882,129.326,111.629
573.623,368.058,133.245,115.011
575.917,369.56,129.326,111.629
576.072,368.937,129.326,111.629
574.564,367.198,133.245,115.011
576.156,368.267,129.326,111.629
577.406,368.366,130.62,112.745
575.718,366.269,133.245,115.011
575.816,365.712,135.923,117.323
575.974,365.183,135.923,117.323
575.925,365.072,135.923,117.323
576.19,365.388,135.923,117.323
577.118,365.285,133.245,115.011
576.989,364.926,135.923,117.323
576.713,364.338,134.577,116.162
577.693,363.82,133.245,115.011
578.848,366.005,131.926,113.873
577.66,363.884,135.923,117.323
578.866,364.089,133.245,115.011
579.91,365.346,130.62,112.745
580.188,364.495,131.926,113.873
578.688,362.025,135.923,117.323
580.057,362.114,133.245,115.011
581.192,363.653,129.326,111.629
581.178,363.352,129.326,111.629
579.6,361.549,133.245,115.011
578.045,360.595,137.282,118.496
576.689,359.406,138.655,119.681
577.565,361.023,134.577,116.162
580.727,362.879,130.62,112.745
577.601,361.514,133.245,115.011
577.82,361.179,133.245,115.011
575.48,359.913,137.282,118.496
575.1,360.017,137.282,118.496
574.914,359.777,137.282,118.496
574.808,359.537,137.282,118.496
573.734,359.212,138.655,119.681
573.479,359.372,137.282,118.496
573.848,359.685,135.923,117.323
571.151,357.667,138.655,119.681
574.123,359.916,134.577,116.162
573.554,359.902,134.577,116.162
573.901,360.288,133.245,115.011
575.806,361.81,129.326,111.629
574.14,360.909,133.245,115.011
572.364,359.993,135.923,117.323
572.487,360.971,133.245,115.011
572.77,360.695,133.245,115.011
571.43,360.218,135.923,117.323
569.482,357.555,140.042,120.878
569.581,356.775,140.042,120.878
571.001,358.129,138.655,119.681
572.951,359.574,134.577,116.162
573.748,360.518,133.245,115.011
574.226,359.901,134.577,116.162
573.765,359.366,137.282,118.496
573.622,359.696,137.282,118.496
572.075,357.787,140.042,120.878
572.224,358.514,138.655,119.681
574.545,360.047,134.577,116.162
575.814,360.388,133.245,115.011
577.149,362.007,130.62,112.745
577.425,361.862,129.326,111.629
578.975,362.059,128.046,110.524
580.148,362.004,128.046,110.524
579.201,362.676,128.046,110.524
581.183,364.742,125.523,108.346
580.311,363.307,126.778,109.429
578.733,362.083,128.046,110.524
580.087,362.48,128.046,110.524
579.754,362.612,128.046,110.524
579.26,363.12,126.778,109.429
579.243,362.386,128.046,110.524
579.39,363.215,126.778,109.429
578.059,362.578,129.326,111.629
575.489,359.969,133.245,115.011
577.879,362.099,129.326,111.629
577.361,363.779,126.778,109.429
576.313,362.705,130.62,112.745
577.067,364.163,126.778,109.429
576.28,364.385,126.778,109.429
575.997,363.95,130.62,112.745
575.221,362.947,131.926,113.873
572.946,362.2,135.923,117.323
570.922,360.828,138.655,119.681
571.864,362.511,134.577,116.162
571.814,362.534,134.577,116.162
571.365,362.481,134.577,116.162
568.698,361.57,138.655,119.681
569.618,360.884,138.655,119.681
571.21,363.221,135.923,117.323
569.05,360.895,140.042,120.878
566.576,359.987,144.285,124.541
565.605,360.186,144.285,124.541
567.747,361.416,140.042,120.878
570.286,364.628,135.923,117.323
569.724,365.296,134.577,116.162
567.088,363.234,138.655,119.681
566.321,362.685,138.655,119.681
566.461,363.31,138.655,119.681
563.884,363.165,142.857,123.308
564.604,363.772,142.857,123.308
566.916,364.75,138.655,119.681
564.217,364.143,142.857,123.308
565.391,364.799,141.442,122.087
565.606,365.548,138.655,119.681
563.373,365.791,141.442,122.087
564.96,367.171,138.655,119.681
562.797,365.644,142.857,123.308
559.917,364.139,147.185,127.044
562.696,366.513,142.857,123.308
559.823,364.988,147.185,127.044
560.15,366.316,145.728,125.786
559.268,365.892,145.728,125.786
560.67,367.9,142.857,123.308
556.505,366.714,147.185,127.044
558.858,369.145,142.857,123.308
559.172,370.348,141.442,122.087
558.185,370.499,140.042,120.878
556.723,370.257,142.857,123.308
555.94,372.119,140.042,120.878
553.725,370.407,144.285,124.541
552.485,371.409,145.728,125.786
555.274,373.328,141.442,122.087
552.928,373.144,142.857,123.308
552.371,373.556,142.857,123.308
552.271,374.934,140.042,120.878
