539.831,295.096,188,130
539.919,294.877,188,130
539.884,294.56,188,130
542.469,296.835,184.296,127.438
539.762,294.698,188,130
543.311,297.088,182.471,126.177
543.663,296.88,182.471,126.177
545.376,298.237,178.876,123.691
545.112,298.064,178.876,123.691
547.471,300.023,173.615,120.053
546.578,300.06,173.615,120.053
546.075,299.55,173.615,120.053
544.326,297.92,175.351,121.253
547.203,300.251,170.194,117.687
549.326,301.808,165.189,114.226
546.554,299.723,170.194,117.687
544.851,297.829,171.896,118.864
543.987,297.268,173.615,120.053
543.808,296.874,173.615,120.053
543.55,296.49,171.896,118.864
545.7,298.959,166.84,115.368
544.669,297.232,168.509,116.522
546.49,298.725,165.189,114.226
543.404,296.643,168.509,116.522
545.161,298.181,165.189,114.226
542.168,296.364,168.509,116.522
543.974,297.592,163.553,113.095
542.083,296.832,166.841,115.368
542.699,297.054,163.553,113.095
542.103,296.395,163.553,113.095
542.503,297.402,161.934,111.975
540.045,294.868,166.841,115.368
540.089,295.108,163.553,113.095
541.912,297.056,158.743,109.769
543.705,298.453,154.074,106.541
541.242,295.929,158.743,109.769
543.184,297.222,154.074,106.541
544.467,299.084,151.039,104.442
541.929,296.931,154.074,106.541
540.768,296.897,154.074,106.541
540.98,297.422,152.549,105.486
540.628,297.005,152.549,105.486
540.182,297.014,152.549,105.486
541.904,298.211,151.039,104.442
543.182,299.389,146.597,101.37
541.855,298.538,149.543,103.407
538.416,295.544,154.074,106.541
540.121,297.637,151.039,104.442
539.695,297.392,151.039,104.442
541.316,298.286,146.597,101.37
541.458,298.115,146.597,101.37
540.791,297.242,148.062,102.384
541.351,297.458,146.597,101.37
541.272,297.211,146.597,101.37
541.57,296.898,146.597,101.37
544.626,299.22,142.285,98.3887
544.736,299.064,140.876,97.4145
545.866,300.21,138.101,95.4951
544.744,298.939,140.876,97.4145
545.181,298.806,140.876,97.4145
548.909,301.253,136.733,94.5496
546.175,298.668,140.876,97.4145
547.756,299.34,138.101,95.4951
546.703,298.155,140.876,97.4146
546.836,297.862,140.876,97.4146
547.955,298.261,142.285,98.3887
549.998,298.918,138.101,95.4951
551.501,300.097,136.733,94.5496
553.053,300.605,135.379,93.6135
553.901,300.798,134.039,92.6866
555.675,301.834,131.398,90.8603
553.501,300.206,135.379,93.6135
551.435,297.705,139.482,96.45
554.511,299.602,135.379,93.6135
556.26,300.91,132.712,91.7689
557.38,301.436,131.398,90.8603
557.555,301.684,131.398,90.8603
556.812,301.012,132.712,91.7689
557.939,301.494,131.398,90.8603
556.374,300.279,135.379,93.6135
558.16,300.93,132.712,91.7689
558.757,301.628,131.398,90.8603
556.727,300.187,135.379,93.6135
558.497,301.258,132.712,91.7689
559.504,302.054,131.398,90.8603
559.681,302.41,131.398,90.8603
559.26,302.645,132.712,91.7689
560.273,304.009,131.398,90.8603
560.063,304.094,131.398,90.8603
559.858,304.982,131.398,90.8603
558.866,303.994,134.039,92.6866
560.7,305.593,130.097,89.9607
562.586,307.585,126.271,87.315
564.8,309.441,122.557,84.7471
564.214,309.867,123.783,85.5945
564.217,310.653,123.783,85.5945
562.669,310.181,126.271,87.315
562.708,311.366,126.271,87.315
562.337,311.534,127.534,88.1881
562.646,312.813,126.271,87.315
562.937,313.247,126.271,87.315
563.748,314.658,125.021,86.4505
563.749,315.58,125.021,86.4505
564.576,316.862,123.783,85.5945
566.094,318.779,121.344,83.908
566.244,319.299,121.344,83.908
568.204,321.032,117.775,81.4403
568.171,321.894,117.775,81.4403
567.499,322.427,118.953,82.2547
566.846,322.877,120.142,83.0772
566.937,323.333,120.142,83.0772
566.785,324.113,120.142,83.0772
566.711,325.08,120.142,83.0772
567.269,326.292,118.953,82.2547
566.478,326.133,120.142,83.0772
567.454,327.424,118.953,82.2547
567.114,327.995,118.953,82.2547
566.656,327.657,120.142,83.0772
568.19,329.212,116.609,80.6339
566.976,328.878,118.953,82.2547
568.685,330.237,115.455,79.8356
567.957,330.021,116.609,80.6339
568.41,330.662,115.455,79.8356
568.444,331.526,115.455,79.8356
568.194,331.454,115.455,79.8356
568.333,331.63,115.455,79.8356
568.2,332.328,115.455,79.8356
567.843,332.081,116.609,80.6339
566.787,331.297,117.775,81.4403
566.456,330.974,117.775,81.4403
567.397,331.969,115.455,79.8356
565.536,330.542,118.953,82.2547
566.037,330.978,117.775,81.4403
566.623,331.774,115.455,79.8356
565.291,330.742,117.775,81.4403
566.073,331.07,115.455,79.8356
565.497,330.665,116.609,80.6339
564.528,330.058,118.953,82.2547
565.568,331.131,115.455,79.8356
564.657,330.686,116.609,80.6339
563.967,330.019,117.775,81.4403
564.943,331.246,115.455,79.8356
564.572,331.011,115.455,79.8356
565.437,331.76,113.18,78.2625
564.947,331.686,113.18,78.2625
564.919,331.664,113.18,78.2625
563.711,331.282,115.455,79.8356
562.906,331.692,115.455,79.8356
563.137,332.618,114.311,79.0451
562.325,332.725,115.455,79.8356
562.831,334.318,113.18,78.2625
563.511,335.871,110.95,76.7204
562.132,335.264,113.18,78.2625
562.213,335.918,113.18,78.2625
561.438,335.99,114.311,79.0451
563.141,338.069,110.95,76.7204
564.039,338.968,108.763,75.2087
562.243,338.624,112.059,77.4876
563.799,340.079,108.763,75.2087
563.63,340.428,108.763,75.2087
565.668,342.409,105.565,72.9968
564.369,341.713,107.687,74.4641
564.167,341.976,107.687,74.4641
565.375,343.131,106.62,73.7268
565.633,343.624,106.62,73.7268
565.791,343.76,106.62,73.7268
566.255,344.344,106.62,73.7268
565.263,343.267,109.851,75.9608
563.728,341.942,113.18,78.2625
565.334,342.972,110.95,76.7204
563.981,341.574,114.311,79.0451
564.597,341.974,113.18,78.2625
563.93,341.224,115.455,79.8356
563.583,340.553,117.775,81.4403
564.533,340.498,116.609,80.6339
565.847,341.194,114.311,79.0451
567.557,342.409,112.059,77.4876
569.301,342.906,109.851,75.9608
570.633,343.634,106.62,73.7268
572.237,344.286,105.565,72.9969
571.345,343.318,107.687,74.4641
571.442,342.996,109.851,75.9608
572.18,343.102,108.763,75.2087
572.862,342.878,108.763,75.2087
572.654,341.126,112.059,77.4876
574.643,341.992,108.763,75.2087
576.924,343.722,105.565,72.9969
576.025,342.19,108.763,75.2087
576.636,342.256,108.763,75.2087
578.115,343.281,107.687,74.4641
580.132,344.173,105.565,72.9969
581.027,344.547,105.565,72.9969
581.442,344.029,106.62,73.7268
583.648,344.677,103.485,71.5585
583.546,343.694,106.62,73.7268
584.227,343.967,106.62,73.7268
585.745,344.553,104.519,72.2741
586.282,344.638,105.565,72.9969
587.283,344.862,104.519,72.2741
588.259,344.546,106.62,73.7268
590.026,344.937,104.519,72.2741
590.792,344.985,105.565,72.9968
590.699,343.906,107.687,74.4641
591.341,343.528,108.763,75.2087
592.983,343.989,107.687,74.4641
593.412,343.759,109.851,75.9608
594.146,343.424,110.95,76.7204
595.868,343.688,108.763,75.2087
596.539,343.338,108.763,75.2087
597.584,343.206,108.763,75.2087
599.614,344.291,105.565,72.9968
599.604,342.977,107.687,74.4641
600.31,342.692,108.763,75.2087
602.542,343.618,106.62,73.7268
604.241,344.121,103.485,71.5585
604.33,343.718,105.565,72.9968
605.178,343.754,105.565,72.9968
605.946,343.973,103.485,71.5585
605.762,343.064,106.62,73.7268
606.814,343.647,104.519,72.2741
609.727,345.081,102.46,70.85
610.308,345.682,100.441,69.454
611.659,345.986,102.46,70.85
611.103,345.457,103.485,71.5585
612.543,346.616,100.441,69.454
612.813,347.265,100.441,69.454
613.66,347.861,98.4621,68.0855
613.325,347.83,101.446,70.1485
614.813,348.982,99.4467,68.7663
615.071,348.706,100.441,69.454
613.116,347.649,103.485,71.5585
612.866,347.281,104.519,72.2741
612.328,346.752,107.687,74.4641
613.691,348.373,104.519,72.2741
614.912,350.057,102.46,70.85
613.7,349.322,104.519,72.2741
614.377,349.555,103.485,71.5585
616.024,351.185,100.441,69.454
616.862,352.526,97.4872,67.4114
617.518,352.657,99.4467,68.7663
615.761,352.346,102.46,70.85
617.261,353.378,100.441,69.454
617.571,354.143,100.441,69.454
617.337,354.815,101.446,70.1485
618.992,356.568,99.4467,68.7663
618.285,356.879,100.441,69.454
618.265,357.467,102.46,70.85
616.636,357.205,105.565,72.9968
616.396,357.52,106.62,73.7268
617.927,359.359,103.485,71.5585
617.741,360.324,103.485,71.5585
616.082,360.632,106.62,73.7268
616.091,361.682,106.62,73.7268
614.722,362.176,107.687,74.4641
615.812,363.832,105.565,72.9968
617.984,365.989,102.46,70.85
616.161,366.313,104.519,72.2741
615.491,367.026,105.565,72.9968
615.237,369.242,103.485,71.5585
616.499,370.941,101.446,70.1485
616.1,371.986,101.446,70.1485
615.377,372.804,102.46,70.85
614.833,373.943,101.446,70.1485
615.24,375.445,98.4621,68.0855
613.617,375.174,100.441,69.454
613.092,375.927,101.446,70.1485
613.309,377.482,98.4621,68.0855
612.234,377.706,100.441,69.454
612.129,378.347,99.4467,68.7663
611.736,379.126,99.4467,68.7663
613.043,380.799,96.522,66.7439
610.944,380.19,99.4467,68.7663
609.165,379.808,102.46,70.85
608.238,379.883,102.46,70.85
607.48,379.864,103.485,71.5585
606.25,380.118,105.565,72.9968
605.604,380.096,106.62,73.7268
602.628,379.303,109.851,75.9608
601.029,378.448,112.059,77.4876
600.783,379.308,110.95,76.7204
598.078,378.032,114.311,79.0451
598.518,379.128,112.059,77.4876
599.271,379.995,109.851,75.9608
596.611,378.225,113.18,78.2625
596.896,378.873,110.95,76.7204
595.908,379.117,110.95,76.7204
595.554,379.757,109.851,75.9608
594.279,379.77,110.95,76.7204
594.471,379.795,109.851,75.9608
593.305,380.343,107.687,74.4641
593.591,381.552,105.565,72.9969
592.629,381.46,105.565,72.9969
592.029,381.34,105.565,72.9969
590.503,381.488,105.565,72.9969
589.23,381.016,106.62,73.7268
588.45,381.321,106.62,73.7268
587.6,381.605,105.565,72.9969
586.759,382.051,103.485,71.5585
587.152,383.275,101.446,70.1486
587.086,383.973,99.4467,68.7663
585.418,383.409,101.446,70.1486
584.321,383.717,100.441,69.454
583.014,383.865,100.441,69.454
582.519,385.162,98.4621,68.0855
581.579,385.358,97.4872,67.4114
579.677,385.309,97.4872,67.4114
578.057,385.383,99.4467,68.7663
576.773,385.669,99.4467,68.7663
574.059,384.71,102.46,70.85
574.514,385.797,99.4467,68.7663
573.176,386.213,98.4621,68.0855
571.844,386.334,99.4467,68.7663
572.23,387.883,96.522,66.7439
569.271,386.829,99.4467,68.7663
568.198,387.471,97.4872,67.4114
566.064,387.354,99.4467,68.7663
565.486,387.952,98.4621,68.0855
564.995,389.089,95.5663,66.0831
564.584,389.794,94.6201,65.4288
563.938,390.271,94.6201,65.4288
562.774,390.142,94.6201,65.4288
562.538,390.936,92.7558,64.1396
561.811,390.674,91.8374,63.5046
559.879,389.354,94.6201,65.4288
559.083,389.132,94.6201,65.4288
558.535,389.726,92.7558,64.1396
557.051,389.12,94.6202,65.4288
556.407,388.973,94.6202,65.4288
555.715,389.197,94.6202,65.4288
554.877,388.842,94.6202,65.4288
553.649,388.784,95.5664,66.0831
552.236,388.028,97.4872,67.4114
551.412,387.845,99.4467,68.7664
551.259,388.159,98.4621,68.0855
551.67,388.936,96.522,66.7439
550.424,388.312,98.4621,68.0855
549.946,388.578,99.4467,68.7664
550.743,390.034,96.522,66.744
549.394,389.563,97.4872,67.4114
548.63,389.483,97.4872,67.4114
547.735,389.471,99.4467,68.7664
547.779,390.078,99.4467,68.7664
548.24,390.237,98.4621,68.0855
547.9,390.58,97.4872,67.4114
547.782,390.49,97.4872,67.4114
546.685,389.558,100.441,69.454
548.121,390.289,97.4872,67.4114
548.861,390.795,96.522,66.744
548.658,390.922,96.522,66.744
548.794,391.199,96.522,66.744
548.804,391.629,96.522,66.744
548.786,391.493,96.522,66.744
549.638,392.306,93.6833,64.781
548.996,392.042,94.6202,65.4288
549.892,392.671,92.7558,64.1396
550.107,392.976,92.7558,64.1396
550.248,393.137,91.8374,63.5046
548.353,392.245,94.6202,65.4288
548.192,392.664,93.6833,64.781
546.822,392.713,94.6202,65.4288
545.094,392.339,95.5664,66.0831
543.927,392.367,96.522,66.744
543.541,393.513,94.6202,65.4288
543.727,394.184,92.7558,64.1396
541.422,393.679,94.6202,65.4289
539.738,393.22,95.5664,66.0831
539.316,393.877,93.6834,64.7811
537.609,393.389,96.5221,66.744
537.437,394.571,94.6202,65.4289
537.827,395.68,91.8374,63.5046
535.744,394.75,94.6202,65.4289
534.818,394.804,94.6202,65.4289
533.666,395.358,94.6202,65.4289
532.845,395.312,93.6834,64.7811
532.155,395.36,93.6834,64.7811
531.302,395.44,93.6834,64.7811
530.219,395.446,94.6202,65.4289
528.858,394.663,96.5221,66.744
526.509,393.777,99.4468,68.7664
525.567,393.736,99.4468,68.7664
525.865,394.892,96.5221,66.744
526.208,395.609,93.6834,64.7811
524.142,395.175,96.5221,66.744
524.468,396.075,93.6834,64.7811
522.707,395.377,96.5221,66.744
523.144,396.419,94.6202,65.4289
522.782,397.226,92.7558,64.1397
520.992,396.863,93.6834,64.7811
520.236,396.919,93.6834,64.7811
520.173,397.607,92.7558,64.1397
519.718,398.16,92.7558,64.1397
519.661,399.086,90.0279,62.2533
518.202,398.92,90.9282,62.8759
518.393,399.662,90.0279,62.2533
517.692,400.213,89.1365,61.637
516.853,400.396,89.1365,61.637
517.255,401.433,86.515,59.8242
517.378,402.288,84.8103,58.6455
515.511,402.393,87.3802,60.4225
515.236,403.589,84.8103,58.6455
515.805,404.355,82.3161,56.9207
515.182,404.499,83.1393,57.4899
514.278,404.643,82.3161,56.9207
513.129,404.797,83.9706,58.0648
510.596,404.135,86.515,59.8242
508.445,403.373,89.1365,61.637
509.224,404.54,86.515,59.8242
507.675,404.89,86.515,59.8242
508.16,406.143,85.6585,59.2319
508.267,407.239,83.9706,58.0648
505.665,406.399,86.515,59.8242
503.43,405.829,89.1365,61.637
502.404,406.603,89.1365,61.637
502.658,407.585,86.515,59.8242
502.7,408.634,84.8103,58.6455
500.889,408.67,86.515,59.8242
500.176,409.799,84.8103,58.6455
499.495,410.15,84.8103,58.6455
497.99,410.108,86.515,59.8242
495.512,409.662,89.1365,61.637
494.012,409.245,90.9282,62.8759
492.831,410.053,91.8374,63.5046
492.416,410.53,91.8374,63.5046
492.639,411.532,89.1365,61.637
491.853,412.074,88.254,61.0267
490.935,412.74,88.254,61.0267
489.743,413.014,90.0279,62.2533
489.262,413.945,88.254,61.0267
489.623,415.134,85.6585,59.2319
488.481,415.766,85.6585,59.2319
489.069,417.008,83.1393,57.4899
487.061,416.849,84.8104,58.6455
485.204,416.791,86.515,59.8242
484.631,417.601,87.3802,60.4225
482.246,417.17,90.0279,62.2533
480.74,416.938,90.9282,62.8759
480.619,417.965,89.1365,61.637
480.27,418.93,88.254,61.0267
480.073,419.722,87.3802,60.4225
478.321,419.463,89.1365,61.637
476.943,418.965,91.8375,63.5046
477.162,420.216,90.0279,62.2533
476.419,420.364,90.0279,62.2533
475.177,420.504,90.0279,62.2533
474.579,420.937,89.1365,61.637
472.904,420.563,90.9282,62.8759
471.031,419.602,93.6834,64.7811
471.473,420.828,90.9282,62.8759
471.521,421.622,89.1365,61.637
471.725,422.352,86.5151,59.8242
471.741,423.406,84.8104,58.6455
470.315,423.332,87.3802,60.4225
468.669,423.057,89.1365,61.637
467.647,423.243,89.1365,61.637
466.509,422.704,90.9282,62.8759
465.209,422.519,92.7558,64.1397
464.992,423.39,91.8375,63.5046
465.178,424.24,90.0279,62.2533
463.483,423.979,90.9282,62.8759
463.698,424.738,89.1365,61.637
462.937,425.133,89.1365,61.637
462.526,425.447,89.1365,61.637
463.298,426.54,86.5151,59.8242
461.293,425.832,89.1365,61.637
462.035,427.347,87.3802,60.4225
460.701,427.207,90.0279,62.2533
459.575,426.916,90.9282,62.8759
458.654,426.859,92.7558,64.1397
459.043,427.809,90.9282,62.8759
458.839,428.018,91.8375,63.5046
459.681,429.181,90.0279,62.2533
458.725,429.017,90.9282,62.8759
458.262,428.857,92.7559,64.1397
458.698,429.924,91.8375,63.5046
457.016,429.923,93.6834,64.7811
458.288,430.804,91.8375,63.5046
457.961,431.278,92.7558,64.1397
458.804,432.598,90.0279,62.2533
458.467,433.217,90.0279,62.2533
457.19,432.88,91.8375,63.5046
457.496,433.446,91.8375,63.5046
457.043,433.771,91.8375,63.5046
455.644,433.599,94.6202,65.4289
454.914,433.255,96.5221,66.744
455.579,434.636,94.6202,65.4289
454.284,434.141,96.5221,66.744
453.226,434.074,98.4622,68.0856
453.02,434.115,99.4468,68.7664
453.065,434.16,99.4468,68.7664
454.298,436.186,96.5221,66.744
454.731,437.61,93.6834,64.7811
456.009,438.993,91.8375,63.5046
454.532,438.848,93.6834,64.7811
453.545,438.269,96.5221,66.744
454.038,439.377,95.5665,66.0832
454.081,439.596,95.5665,66.0832
455.156,441.207,93.6834,64.7811
456.105,442.612,92.7559,64.1397
455.283,442.653,94.6202,65.4289
456.139,443.341,92.7559,64.1397
456.614,443.355,92.7559,64.1397
454.787,442.351,95.5665,66.0832
454.626,442.273,97.4873,67.4115
455.578,443.67,95.5665,66.0832
454.845,443.933,97.4873,67.4115
