392.56,327.626,155,319
394.994,333.488,150.441,309.618
392.395,326.367,155,319
391.664,323.187,156.55,322.19
391.704,322.44,156.55,322.19
390.979,320.877,156.55,322.19
391.676,321.983,155,319
391.566,321.79,153.465,315.842
392.114,322.484,151.946,312.714
388.962,315.811,156.55,322.19
390.867,319.688,151.946,312.714
391.048,320.512,150.441,309.618
388.971,315.591,153.465,315.842
387.497,312.881,155,319
389.795,317.157,150.441,309.618
387.015,310.639,155,319
389.032,315.116,150.441,309.618
388.489,312.696,151.946,312.714
387.998,310.918,151.946,312.714
386.05,307.815,153.465,315.842
387.47,311.181,150.441,309.618
387.22,313.511,146.017,300.512
388.796,316.31,141.723,291.674
386.483,310.748,146.017,300.512
387.233,312.31,143.14,294.591
388.677,313.204,141.723,291.674
388.021,312.704,141.723,291.674
387.524,309.761,143.14,294.591
385.379,305.334,146.017,300.512
385.49,305.541,144.571,297.537
388.936,311.276,140.32,288.787
388.749,310.454,138.93,285.927
386.795,304.999,143.14,294.591
386.342,301.378,147.477,303.518
387.15,300.385,147.477,303.518
387.656,304.722,143.14,294.591
389.887,308.006,140.32,288.787
389.388,308.334,138.93,285.927
389.973,308.597,140.32,288.787
390.175,310.092,137.555,283.096
388.211,306.391,141.723,291.674
389.335,308.851,138.93,285.927
387.427,304.1,143.14,294.591
387.098,304.041,143.14,294.591
389.894,308.858,138.93,285.927
389.429,308.796,140.32,288.787
387.307,304.325,143.14,294.591
389.142,308.781,138.93,285.927
387.991,306.016,141.723,291.674
390.12,310.78,137.555,283.096
389.64,308.759,138.93,285.927
386.433,303.938,143.14,294.591
389.274,308.712,140.32,288.787
391.505,314.378,136.193,280.293
393.2,317.707,132.187,272.05
391.574,314.349,136.193,280.293
392.165,313.746,136.193,280.293
390.799,309.029,140.32,288.787
387.792,303.771,143.14,294.591
388.877,304.836,141.723,291.674
390.173,307.416,138.93,285.927
393.414,313.283,134.844,277.518
394.097,313.103,133.509,274.771
393.647,312.557,133.509,274.771
393.371,310.218,136.193,280.293
392.161,307.545,137.555,283.096
392.649,306.262,137.555,283.096
393.889,310.872,133.509,274.771
393.115,305.1,137.555,283.096
394.725,309.66,133.509,274.771
393.28,304.681,137.555,283.096
396.253,308.395,134.844,277.518
393.136,304.162,137.555,283.096
395.283,308.645,133.509,274.771
395.321,307.926,133.509,274.771
395.754,307.717,133.509,274.771
396.057,304.766,136.193,280.293
396.839,304.63,136.193,280.293
398.094,303.998,136.193,280.293
398.831,306.18,133.509,274.771
401.756,310.331,129.583,266.69
398.984,305.923,132.187,272.05
400.695,309.868,128.3,264.049
401.897,308.765,129.583,266.69
402.348,309.616,127.029,261.435
403.062,306.808,129.583,266.69
402.369,302.523,132.187,272.05
404.689,306.201,129.583,266.69
405.803,305.138,129.583,266.69
407.071,303.994,129.583,266.69
407.366,301.444,130.879,269.357
408.634,302.069,129.583,266.69
408.874,300.669,129.583,266.69
409.072,300.68,128.3,264.049
410.228,299.799,129.583,266.69
411.496,298.518,129.583,266.69
412.29,297.605,129.583,266.69
413.012,298.846,127.029,261.435
416.184,301.992,124.527,256.284
418.381,303.033,123.294,253.746
417.739,303.216,120.864,248.746
418.622,299.714,124.527,256.284
417.33,294.901,127.029,261.435
418.365,293.667,127.029,261.435
418.21,290.959,129.583,266.69
419.817,288.488,130.879,269.357
421.71,290.843,127.029,261.435
421.525,288.201,129.583,266.69
422.428,287.51,129.583,266.69
424.985,291.185,125.772,258.846
426.64,293.958,122.073,251.234
428.357,293.911,120.864,248.746
429.601,292.865,120.864,248.746
430.457,293.912,119.668,246.283
431.843,293.093,119.668,246.283
432.61,290.563,120.864,248.746
433.493,288.17,123.294,253.746
434.59,289.19,120.864,248.746
435.443,287.733,120.864,248.746
435.575,285.715,122.073,251.234
439.861,291.201,118.483,243.845
438.638,285.733,120.864,248.746
442.965,289.566,118.483,243.845
441.117,285.388,119.668,246.284
444.786,287.209,118.483,243.845
446.014,286.639,118.483,243.845
444.287,281.146,120.864,248.746
447.791,285.154,118.483,243.845
446.074,277.622,122.073,251.234
447.839,280.507,119.668,246.284
447.837,275.965,122.073,251.234
449.086,275.418,122.073,251.234
450.995,276.438,120.864,248.746
451.861,275.542,120.864,248.746
455.105,280.163,118.483,243.845
454.561,276.395,119.668,246.284
454.847,273.886,120.864,248.746
459.276,279.559,117.31,241.431
460.061,277.965,118.483,243.845
458.233,273.323,120.864,248.746
460.596,277.25,118.483,243.845
462.669,278.863,116.148,239.04
465.684,282.237,112.732,232.01
465.877,278.844,114.998,236.674
466.717,281.809,111.616,229.713
468.038,280.245,113.86,234.33
469.435,279.135,113.86,234.33
469.782,281.391,111.616,229.713
471.223,280.008,113.86,234.33
471.933,277.77,114.998,236.674
473.435,280.678,111.616,229.713
474.346,280.887,111.616,229.713
474.855,278.33,114.998,236.674
475.912,277.318,116.148,239.04
477.702,279.122,114.998,236.674
478.295,281.66,111.616,229.713
479.596,279.313,114.998,236.674
480.815,281.642,113.86,234.33
482.243,284.622,110.511,227.439
485.021,289.79,107.261,220.75
487.124,292.394,106.199,218.564
487.293,289.127,108.333,222.957
489.726,294.145,105.147,216.4
489.042,290.209,108.333,222.957
491.983,294.717,106.199,218.564
494.028,294.963,106.199,218.564
493.438,292.667,107.261,220.75
494.367,293.165,107.261,220.75
496.545,296.569,105.147,216.4
495.834,292.83,108.333,222.957
498.912,297.364,105.147,216.4
499.689,297.693,106.199,218.564
498.616,293.42,109.417,225.187
500.99,296.46,107.261,220.75
503.906,302.211,104.106,214.258
505.029,303.015,104.106,214.258
505.169,300.605,106.199,218.564
506.159,301.294,106.199,218.564
505.51,299.243,107.261,220.75
507.565,302.845,106.199,218.564
505.975,296.513,109.417,225.187
508.058,299.56,107.261,220.75
510.115,301.515,106.199,218.564
512.228,303.747,104.106,214.258
512.108,300.971,105.147,216.4
511.862,297.725,107.261,220.75
515.125,302.387,104.106,214.258
515.726,301.725,103.076,212.136
516.706,300.899,103.076,212.136
517.758,298.255,106.199,218.564
519.014,300.728,103.076,212.136
519.156,297.119,105.147,216.4
521.36,297.278,106.199,218.564
523.364,298.885,103.076,212.136
524.583,298.859,104.106,214.258
524.909,294.948,106.199,218.564
526.305,294.34,106.199,218.564
527.241,293.321,105.147,216.4
529.378,295.081,103.076,212.136
530.754,294.334,103.076,212.136
532.921,295.389,102.055,210.036
533.739,292.423,103.076,212.136
535.534,291.814,103.076,212.136
537.984,292.898,101.045,207.956
538.897,290.264,103.076,212.136
541.51,291.346,101.045,207.956
542.469,288.031,103.076,212.136
544.145,287.925,103.076,212.136
545.23,286.538,103.076,212.136
547.757,288.3,101.045,207.956
549.045,284.95,103.076,212.136
550.865,284.233,103.076,212.136
553.456,285.353,101.045,207.956
554.978,284.857,101.045,207.956
557.624,287.313,98.0729,201.84
558.15,284.473,100.044,205.897
558.838,282.874,101.045,207.956
561.076,284.917,98.0729,201.84
562.631,284.358,98.0729,201.84
563.189,281.229,100.044,205.897
565.176,283.404,98.0729,201.84
566.747,281.728,98.0729,201.84
567.14,279.234,100.044,205.897
569.827,281.111,98.0729,201.84
569.471,277.568,101.045,207.956
571.783,277.375,100.044,205.897
572.776,275.607,101.045,207.956
576.346,278.253,99.0536,203.859
576.45,275.732,100.044,205.897
577.711,275.008,100.044,205.897
578.944,274.106,100.044,205.897
580.832,275.532,98.0729,201.84
580.716,272.815,100.044,205.897
581.969,274.502,99.0536,203.859
581.324,271.625,100.044,205.897
581.7,272.73,99.0536,203.859
583.505,274.906,97.1019,199.842
583.098,274.454,96.1405,197.863
584.091,276.328,94.2461,193.965
583.407,272.966,97.1019,199.842
582.358,270.449,98.0729,201.84
583.391,271.317,97.1019,199.842
582.132,266.801,100.044,205.897
583.994,270.291,97.1019,199.842
583.329,267.777,98.0729,201.84
582.967,266.945,99.0536,203.859
583.686,268.313,97.1019,199.842
585.474,270.653,94.2461,193.965
584.243,267.107,97.1019,199.842
585.71,269.197,94.2461,193.965
585.846,269.174,94.2461,193.965
586.27,268.51,94.2461,193.965
584.711,264.323,97.1019,199.842
586.029,267.181,94.2461,193.965
587.169,269.661,91.4744,188.26
586.072,265.856,94.2461,193.965
586.44,264.937,94.2461,193.965
585.436,262.977,95.1886,195.904
586.43,265.099,92.3891,190.143
586.349,263.192,93.313,192.044
586.312,262.596,93.313,192.044
586.688,261.747,94.2461,193.965
587.044,261.018,94.2461,193.965
588.337,263.859,91.4744,188.26
587.19,260.114,94.2461,193.965
588.829,262.21,91.4744,188.26
587.734,258.325,94.2461,193.965
589.076,260.651,91.4744,188.26
587.718,256.843,94.2461,193.965
589.225,259.101,91.4744,188.26
587.218,255.227,93.313,192.044
586.527,252.038,95.1886,195.904
587.836,255.019,92.3891,190.143
588.351,254.195,92.3891,190.143
588.499,252.5,94.2461,193.965
588.835,251.9,94.2461,193.965
589.325,251.144,94.2461,193.965
589.256,250.416,94.2461,193.965
590.515,252.544,91.4744,188.26
590.649,252.529,91.4744,188.26
592.391,254.527,88.7841,182.723
591.75,252.121,90.5687,186.396
591.35,250.238,91.4744,188.26
591.671,249.532,91.4744,188.26
591.959,250.412,90.5687,186.396
592.61,249.266,90.5687,186.396
591.024,245.638,92.3891,190.143
591.378,244.804,92.3891,190.143
593.183,247.834,90.5687,186.396
594.196,249.365,88.7841,182.723
593.48,245.373,91.4744,188.26
594.092,246.059,90.5687,186.396
593.645,244.302,91.4744,188.26
592.373,240.384,93.313,192.044
593.762,243.583,91.4744,188.26
595.585,245.878,88.7841,182.723
594.661,242.563,91.4744,188.26
596.067,245.188,88.7841,182.723
596.688,245.375,87.9051,180.914
597.011,245.223,87.9051,180.914
596.125,241.487,90.5687,186.396
597.568,243.652,87.9051,180.914
596.917,240.346,90.5687,186.396
597.826,242.087,88.7841,182.723
597.241,240.014,90.5687,186.396
598.931,242.139,87.9051,180.914
598.609,241.267,87.9051,180.914
597.151,238.281,89.672,184.551
597.282,237.796,89.672,184.551
598.51,240.883,87.0347,179.123
598.801,241.573,86.173,177.35
599.244,241.142,86.173,177.35
599.159,239.448,87.9051,180.914
599.011,240.187,87.9051,180.914
598.44,236.261,89.672,184.551
599.428,239.285,87.0347,179.123
601.383,242.673,84.4751,173.855
602.455,243.622,83.6387,172.134
602.227,242.344,84.4751,173.855
602.431,243.123,83.6387,172.134
602.265,241.61,84.4751,173.855
602.624,241.552,84.4751,173.855
601.258,238.6,86.173,177.35
601.37,238.057,86.173,177.35
601.26,237.219,87.0348,179.123
601.238,237.347,87.0348,179.123
601.767,238.954,86.173,177.35
601.595,238.057,87.0348,179.123
603.531,242.563,84.4751,173.855
604,242.379,84.4751,173.855
602.134,238.919,87.0348,179.123
603.849,243.164,84.4751,173.855
604.324,243.139,84.4751,173.855
602.652,239.328,87.0348,179.123
602.809,239.433,87.0348,179.123
603.787,241.304,85.3198,175.594
604.884,244.229,82.8106,170.43
605.037,244.308,82.8106,170.43
605.148,242.987,84.4751,173.855
603.669,239.792,86.173,177.35
605.621,243.833,83.6387,172.134
605.582,243.353,82.8106,170.43
605.635,241.888,84.4751,173.855
606.678,242.403,83.6387,172.134
606.194,241.284,84.4751,173.855
606.281,241.489,82.8106,170.43
605.588,237.824,85.3198,175.594
604.404,235.876,87.0348,179.123
605.313,237.983,85.3198,175.594
606.582,239.862,82.8106,170.43
606.337,240.465,82.8106,170.43
607.081,240.092,83.6387,172.134
607.111,239.288,84.4751,173.855
606.384,237.079,85.3198,175.594
606.35,238.331,85.3198,175.594
607.546,242.312,82.8106,170.43
607.569,241.308,84.4751,173.855
608.163,244.643,81.9907,168.742
608,244,83.6387,172.134
607.154,241.71,85.3198,175.594
608.355,245.967,83.6387,172.134
608.895,246.851,81.9907,168.742
608.787,247.026,83.6387,172.134
608.758,247.162,82.8106,170.43
609.189,248.087,83.6387,172.134
609.32,248.155,82.8106,170.43
610.778,252.953,80.3751,165.417
610.344,251.094,81.1789,167.071
611.741,253.528,80.3751,165.417
610.356,250.652,81.9907,168.742
610.03,249.613,83.6387,172.134
608.823,246.43,86.173,177.35
610.488,250.857,83.6387,172.134
610.772,251.694,81.9907,168.742
611.982,256.192,79.5793,163.779
611.589,253.257,81.1789,167.071
612.833,257.535,78.7914,162.158
612.947,256.489,79.5793,163.779
611.509,252.52,81.9907,168.742
611.65,253.485,81.1789,167.071
612.466,255.738,80.3751,165.417
612.095,253.429,81.1789,167.071
612.11,253.35,81.1789,167.071
612.234,252.994,81.1789,167.071
612.613,252.937,81.1789,167.071
611.285,251.128,82.8106,170.429
613.175,254.719,80.3751,165.417
612.69,252.659,81.1789,167.071
613.634,255.694,79.5793,163.779
614.647,256.886,78.0113,160.552
614.799,257.924,76.4742,157.389
614.209,256.183,78.7914,162.158
613.093,252.232,81.1789,167.071
613.322,251.686,81.1789,167.071
612.397,249.973,82.8106,170.429
613.383,251.424,81.1789,167.071
614.845,255.484,78.7914,162.158
614.654,253.283,80.3751,165.417
613.385,250.614,81.9907,168.742
614.772,253.719,79.5793,163.779
614.963,252.403,80.3751,165.417
613.807,250.33,81.1789,167.071
614.819,251.858,80.3751,165.417
613.957,249.243,81.1789,167.071
613.531,247.489,81.9907,168.742
613.5,245.495,84.4751,173.855
614.044,246.871,81.9907,168.742
614.143,247.472,81.1789,167.071
614.166,246.766,81.1789,167.071
615.176,249.421,79.5793,163.779
615.063,248.363,80.3751,165.417
615.948,249.654,78.7914,162.158
614.672,245.485,81.1789,167.071
616.127,249.54,78.7914,162.158
616.987,250.754,76.4742,157.389
616.404,250.567,77.2389,158.963
616.596,249.03,78.0113,160.552
617.101,249.784,77.2389,158.963
616.959,249.094,76.4742,157.389
616.132,246.781,78.7914,162.158
617.265,248.873,77.2389,158.963
616.747,246.182,78.7914,162.158
617.329,247.899,77.2389,158.963
617.097,246.18,78.0113,160.552
616.812,245.586,78.7914,162.158
617.593,246.624,77.2389,158.963
617.457,246.073,76.4742,157.389
616.786,244.133,78.7914,162.158
617.129,243.891,78.7914,162.158
617.926,245.511,76.4742,157.389
616.968,243.106,78.7914,162.158
616.341,240.81,80.3751,165.417
617.846,242.443,78.7914,162.158
617.949,243.959,76.4742,157.389
617.943,243.397,77.2389,158.963
618.456,243.977,75.717,155.83
618.32,244.221,74.9673,154.288
617.892,242.635,77.2389,158.963
618.187,241.961,76.4742,157.389
618.552,243.337,74.9673,154.288
618.02,241.239,76.4742,157.389
619.198,243.196,74.2251,152.76
618.148,240.311,76.4742,157.389
618.276,239.327,77.2389,158.963
618.832,238.771,77.2389,158.963
618.582,237.93,76.4742,157.389
619.184,239.763,74.2251,152.76
618.609,237.227,75.717,155.83
618.059,237.378,77.2389,158.963
618.915,236.534,77.2389,158.963
619.585,237.791,74.9673,154.288
618.697,236.248,77.2389,158.963
618.479,234.952,78.0113,160.552
618.85,236.02,75.717,155.83
618.977,235.03,76.4742,157.389
618.962,235.691,75.717,155.83
618.681,234.722,76.4742,157.389
619.035,235.699,75.717,155.83
619.881,236.76,74.2251,152.76
618.774,234.09,76.4742,157.389
619.686,235.942,74.2251,152.76
619.63,235.379,74.9673,154.288
619.81,235.823,74.2251,152.76
619.739,234.671,74.9673,154.288
619.741,235.003,74.2251,152.76
618.837,232.495,76.4742,157.389
619.383,233.12,75.717,155.83
619.365,232.806,75.717,155.83
620.264,234.78,73.4902,151.248
620.383,234.617,73.4902,151.248
619.822,232.703,74.9673,154.288
619.766,231.75,74.9673,154.288
619.799,231.785,74.9673,154.288
620.155,231.744,74.2251,152.76
620.092,231.293,74.9673,154.288
620.773,232.353,73.4902,151.248
620.715,231.991,73.4902,151.248
620.77,231.562,73.4902,151.248
620.333,229.117,75.717,155.83
621.101,231.186,73.4902,151.248
621.004,230.987,73.4902,151.248
620.865,229.798,74.2251,152.76
620.303,228.593,75.717,155.83
621.265,230.65,73.4902,151.248
620.535,228.009,75.717,155.83
621.415,229.93,73.4902,151.248
620.85,228.064,74.9673,154.288
622.699,232.647,72.7626,149.75
622.316,231.099,73.4902,151.248
621.62,230.756,73.4902,151.248
622.853,233.051,72.7626,149.75
622.258,231.446,73.4902,151.248
621.692,230.674,74.2251,152.76
620.994,228.765,76.4742,157.389
622.138,231.887,74.2251,152.76
621.799,230.519,75.717,155.83
622.759,233.011,74.2251,152.76
622.6,233.276,74.2251,152.76
621.878,231.424,76.4742,157.389
622.326,233.497,74.9673,154.288
622.466,233.024,75.717,155.83
621.847,233.756,77.2389,158.963
622.58,235.811,75.717,155.83
622.93,238.138,74.2251,152.76
624.405,242.602,72.7626,149.75
623.573,239.936,74.9673,154.288
624.03,242.811,73.4902,151.248
624.283,244.286,73.4902,151.248
624.363,245.408,73.4902,151.248
625.392,248.474,72.7626,149.75
624.641,246.96,74.2251,152.76
625.999,250.766,72.7626,149.75
625.006,249.846,73.4902,151.248
626.331,252.9,72.7626,149.75
625.587,252.721,73.4902,151.248
626.674,256.501,72.0421,148.267
625.785,254.04,74.2251,152.76
625.635,255.415,74.2251,152.76
625.697,255.535,74.9673,154.288
626.577,258.798,73.4902,151.248
627.995,263.581,71.3289,146.799
628.19,263.594,72.0421,148.267
626.639,261.252,74.2251,152.76
627.857,265.492,72.7626,149.75
627.157,264.73,73.4902,151.248
628.48,268.003,72.7626,149.75
627.829,266.885,73.4902,151.248
628.012,268.126,73.4902,151.248
629.073,271.428,72.7626,149.75
627.984,269.355,74.2251,152.76
629.483,273.833,72.7626,149.75
628.969,272.957,73.4902,151.248
628.881,273.404,74.2251,152.76
628.633,275.329,74.2251,152.76
628.771,277.616,74.2251,152.76
630.618,283.821,72.0421,148.267
630.156,283.24,73.4902,151.248
629.824,285.918,73.4902,151.248
630.136,287.655,73.4902,151.248
630.023,289.727,74.2251,152.76
630.16,291.418,74.2251,152.76
631.599,296.571,72.7626,149.75
632.111,298.113,72.7626,149.75
631.02,297.962,74.2251,152.76
630.823,298.77,74.9673,154.288
630.931,300.865,74.9673,154.288
631.798,304.521,73.4902,151.248
631.851,305.941,73.4902,151.248
631.715,307.387,74.2251,152.76
633.891,312.025,72.7626,149.75
634.573,314.362,72.0422,148.267
633.707,313.655,73.4902,151.248
633.242,314.457,74.2251,152.76
633.084,314.631,75.717,155.831
633.469,315.054,76.4742,157.389
634.216,318.683,74.9674,154.288
636.393,323.202,72.7626,149.75
634.864,321.48,74.2251,152.76
636.662,325.267,72.7626,149.75
636.127,324.601,73.4902,151.248
636.425,325.882,73.4902,151.248
636.607,326.892,73.4902,151.248
637.764,329.217,72.7626,149.75
636.676,326.679,74.9674,154.288
637.186,329.016,74.2251,152.76
638.421,332.357,72.7626,149.75
637.529,330.514,74.2251,152.76
639.216,334.602,72.7626,149.75
638.659,333.65,73.4902,151.248
639.324,336.551,72.7626,149.75
640.652,339.304,71.3289,146.799
639.434,337.045,73.4902,151.248
640.968,341.231,72.0422,148.267
639.979,340.046,73.4902,151.248
639.588,339.613,74.9674,154.288
641.344,344.555,72.7626,149.75
642.195,346.605,72.0422,148.267
641.098,344.989,73.4902,151.248
641.508,346.336,73.4902,151.248
642.565,349.805,72.7626,149.75
643.758,353.337,71.3289,146.799
642.609,350.767,73.4902,151.248
642.315,351.917,73.4902,151.248
643.681,354.978,72.7626,149.75
643.148,354.452,73.4902,151.248
643.557,355.867,73.4902,151.248
644.913,359.843,72.0422,148.267
646.016,362.612,70.6227,145.346
645.396,361.783,72.7626,149.75
644.814,361.139,73.4902,151.248
645.926,364.375,72.7626,149.75
645.085,364.128,73.4902,151.248
646.744,367.803,72.0422,148.267
645.342,365.539,74.2251,152.76
647.102,370.795,72.0422,148.267
646.337,368.786,73.4902,151.248
646.18,370.411,73.4902,151.248
648.32,374.167,72.0422,148.267
648.568,375.507,72.0422,148.267
647.297,373.801,73.4902,151.248
647.13,375.435,73.4902,151.248
648.467,378.518,72.7626,149.75
648.881,379.767,72.7626,149.75
648.154,379.013,73.4902,151.248
648.281,380.554,73.4902,151.248
649.345,383.226,72.7626,149.75
649.918,384.324,72.7626,149.75
651.314,387.963,70.6227,145.346
650.536,386.738,72.7626,149.75
649.454,385.207,74.2251,152.76
650.674,388.848,72.7626,149.75
650.316,388.121,73.4902,151.248
652.01,392.6,71.3289,146.799
652.931,394.382,70.6227,145.346
653.41,395.945,69.9234,143.907
653.774,397.973,69.2311,142.482
653.115,397.545,70.6227,145.346
653.234,398.673,70.6227,145.346
653.027,398.416,72.0422,148.267
651.576,396.955,73.4902,151.248
653.515,401.432,71.3289,146.799
652.01,399.039,73.4902,151.248
652.924,401.974,72.7626,149.75
652.436,401.459,73.4902,151.248
653.902,405.03,72.0422,148.267
654.001,406.14,72.0422,148.267
655.244,409.488,70.6227,145.346
654.426,408.17,72.7626,149.75
653.399,407.182,73.4902,151.248
654.613,411.134,72.0422,148.267
655.36,412.187,72.0422,148.267
655.052,412.515,72.7626,149.75
655.254,413.6,72.7626,149.75
655.989,415.507,72.0422,148.267
654.625,413.898,73.4902,151.248
655.434,417.389,72.7626,149.75
657.478,420.666,70.6227,145.346
657.697,421.873,70.6227,145.346
656.414,420.723,72.7626,149.75
655.783,420.02,73.4902,151.248
655.457,420.585,74.2251,152.76
657.365,424.803,72.0422,148.267
656.777,423.329,73.4902,151.248
657.858,426.479,72.7626,149.75
659.322,430.061,70.6227,145.346
658.806,428.867,72.7626,149.75
657.234,426.958,74.2251,152.76
657.507,429.149,73.4902,151.248
659.786,434.235,71.3289,146.799
657.993,431.969,73.4902,151.248
659.482,434.683,72.7626,149.75
658.682,433.997,73.4902,151.248
660.164,438.441,72.0422,148.267
659.14,437.009,73.4902,151.248
660.294,439.883,72.7626,149.75
659.846,439.346,73.4902,151.248
661.098,441.869,72.7626,149.75
659.695,440.739,74.2251,152.76
660.061,442.902,73.4902,151.248
661.944,447.136,71.3289,146.799
661.018,445.291,73.4902,151.248
660.888,446.335,73.4902,151.248
662.311,448.851,72.7626,149.75
661.611,448.341,73.4902,151.248
663.609,452.948,71.3289,146.799
663.709,454.111,71.3289,146.799
662.225,452.116,73.4902,151.248
663.87,454.81,72.7626,149.75
663.04,454.38,73.4902,151.248
664.078,456.628,72.7626,149.75
663.325,456.143,73.4902,151.248
664.621,460.046,72.0422,148.267
663.083,457.293,74.2251,152.76
665.137,462.31,72.0422,148.267
665.775,463.897,71.3289,146.799
665.65,465.056,71.3289,146.799
664.682,462.709,73.4902,151.248
665.159,465.71,72.7626,149.75
663.998,463.161,74.9674,154.288
664.71,465.941,73.4902,151.248
666.124,469.934,71.3289,146.799
665.161,467.596,73.4902,151.248
666.248,470.62,72.7626,149.75
665.701,469.636,73.4902,151.248
667.254,474.09,71.3289,146.799
666.296,471.129,73.4902,151.248
667.331,474.054,72.7626,149.75
666.334,472.859,73.4902,151.248
667.142,475.914,72.7626,149.75
666.759,474.966,73.4902,151.248
668.608,479.04,71.3289,146.799
669.191,480.558,70.6227,145.346
669.095,479.739,72.0422,148.267
667.267,477.902,73.4902,151.248
668.372,481.316,72.0422,148.267
668.669,481.735,72.7626,149.75
667.121,480.545,73.4902,151.248
667.602,482.235,73.4902,151.248
667.857,482.354,73.4902,151.248
668.106,482.933,73.4902,151.248
670.145,487.098,71.3289,146.799
668.044,484.398,73.4902,151.248
669.122,487.052,72.7626,149.75
667.936,485.796,73.4902,151.248
668.157,485.785,74.2251,152.76
667.909,485.1,74.9674,154.288
669.327,489.447,72.7626,149.75
668.198,486.624,74.9674,154.288
669.008,489.396,73.4902,151.248
668.717,489.84,73.4902,151.248
668.548,490.958,73.4902,151.248
669.034,491.633,73.4902,151.248
669.244,492.164,73.4902,151.248
669.053,492.756,73.4902,151.248
669.551,493.442,73.4902,151.248
668.197,491.309,75.717,155.831
669.174,494.569,73.4902,151.248
670.421,497.131,72.7626,149.75
669.22,495.454,74.2251,152.76
669.504,496.575,73.4902,151.248
669.713,497.247,73.4902,151.248
669.198,496.739,74.2251,152.76
668.322,494.582,76.4742,157.389
669.551,498.136,74.2251,152.76
669.807,499.495,73.4902,151.248
669.8,499.678,73.4902,151.248
669.165,497.015,75.717,155.831
669.794,498.467,74.9674,154.288
669.931,500.528,73.4902,151.248
670.2,500.733,73.4902,151.248
670.276,500.969,73.4902,151.248
669.891,501.1,73.4902,151.248
669.822,500.492,74.2251,152.76
669.358,499.849,74.9674,154.288
669.619,499.735,74.9674,154.288
670.065,500.68,74.2251,152.76
670.663,501.418,73.4902,151.248
670.956,501.648,73.4902,151.248
670.98,501.674,73.4902,151.248
671.078,501.702,73.4902,151.248
671.268,501.576,73.4902,151.248
671.479,501.777,73.4902,151.248
671.549,501.809,73.4902,151.248
671.059,500.9,74.2251,152.76
672.467,503.417,72.7626,149.75
671.431,502.008,73.4902,151.248
671.536,502.176,73.4902,151.248
671.735,502.198,73.4902,151.248
672.027,502.479,73.4902,151.248
671.877,502.736,73.4902,151.248
670.825,500.71,75.717,155.831
672.113,503.29,73.4902,151.248
671.734,502.714,74.2251,152.76
671.043,501.314,75.717,155.831
671.699,502.419,74.9674,154.288
672.141,504.22,74.2251,152.76
672.397,505.199,73.4902,151.248
674.335,508.041,72.0422,148.267
672.408,505.196,74.2251,152.76
672.973,506.181,73.4902,151.248
673.682,506.591,73.4902,151.248
672.962,505.996,74.2251,152.76
674.408,508.807,72.7626,149.75
673.125,507.706,73.4902,151.248
675.148,511.193,71.3289,146.799
673.49,508.544,73.4902,151.248
673.383,506.033,74.9674,154.288
673.666,508.365,73.4902,151.248
673.721,509.158,73.4902,151.248
674.414,509.44,73.4902,151.248
676.002,512.981,71.3289,146.799
674.337,509.376,73.4902,151.248
674.456,510.156,73.4902,151.248
674.83,509.716,73.4902,151.248
673.737,508.414,74.9674,154.288
674.415,509.443,74.2251,152.76
675.291,511.042,73.4902,151.248
675.028,510.809,73.4902,151.248
675.167,511.161,73.4902,151.248
675.049,510.98,73.4902,151.248
675.287,511.009,73.4902,151.248
674.893,510.282,74.2251,152.76
675.106,510.123,74.2251,152.76
676.679,513.884,72.0422,148.267
675.081,511.697,73.4902,151.248
676.914,514.001,72.0422,148.267
675.257,511.692,73.4902,151.248
675.553,510.456,74.2251,152.76
675.805,511.274,73.4902,151.248
676.118,511.211,73.4902,151.248
677.161,513.745,72.0422,148.267
675.5,511.511,73.4902,151.248
675.251,507.929,75.717,155.831
675.588,510.206,74.2251,152.76
676.307,510.973,73.4902,151.248
677.421,514.869,71.3289,146.799
677.262,513.172,72.7626,149.75
675.978,511.188,73.4902,151.248
676.46,511.794,73.4902,151.248
675.965,511.042,74.2251,152.76
675.658,510.331,74.9674,154.288
676.213,512.378,73.4902,151.248
676.136,511.009,74.9674,154.288
676.207,511.271,74.9674,154.288
677.003,513.48,73.4902,151.248
676.785,513.387,73.4902,151.248
676.784,513.082,74.2251,152.76
678.123,516.666,72.0422,148.267
678.264,516.263,72.7626,149.75
677.216,514.458,73.4902,151.248
677.161,515.356,73.4902,151.248
677.102,514.968,73.4902,151.248
676.944,513.422,74.9673,154.288
676.723,513.645,74.9673,154.288
677.193,512.667,75.717,155.831
677.885,516.183,73.4902,151.248
677.491,516.122,73.4902,151.248
677.794,516.148,73.4902,151.248
677.897,516.392,73.4902,151.248
678.055,516.597,73.4902,151.248
677.501,514.584,74.9673,154.288
677.318,514.606,74.9673,154.288
678.195,516.266,73.4902,151.248
678.382,516.526,73.4902,151.248
678.385,516.53,73.4902,151.248
678.46,516.601,73.4902,151.248
678.425,516.648,73.4902,151.248
678.394,516.297,73.4902,151.248
678.582,516.32,73.4902,151.248
678.516,516.137,73.4902,151.248
678.432,516.096,73.4902,151.248
678.566,515.579,73.4902,151.248
678.266,513.471,74.9673,154.288
678.868,515.249,73.4902,151.248
678.74,514.899,73.4902,151.248
678.272,513.322,74.9673,154.288
679.425,515.275,73.4902,151.248
679.113,515.198,73.4902,151.248
679.076,515.146,73.4902,151.248
679.07,514.684,73.4902,151.248
679.39,512.578,74.9673,154.288
679.575,513.528,74.2251,152.76
679.869,514.382,73.4902,151.248
679.801,514.589,73.4902,151.248
680.103,514.439,73.4902,151.248
679.781,514.234,73.4902,151.248
680.448,513.958,73.4902,151.248
679.765,512.93,74.2251,152.76
680.189,513.286,73.4902,151.248
680.378,513.218,73.4902,151.248
680.444,513.006,73.4902,151.248
680.292,513.03,73.4902,151.248
680.49,512.952,73.4902,151.248
680.639,512.971,73.4902,151.248
680.378,512.693,73.4902,151.248
680.771,512.484,73.4902,151.248
680.799,512.832,73.4902,151.248
680.982,511.737,74.2251,152.76
681.049,512.356,73.4902,151.248
681.13,512.053,73.4902,151.248
681.114,512.044,73.4902,151.248
681.009,512.145,73.4902,151.248
680.305,510.21,74.9673,154.288
681.649,511.584,73.4902,151.248
681.678,511.405,73.4902,151.248
683.282,514.791,71.3289,146.799
680.97,511.257,73.4902,151.248
680.68,509.008,74.9673,154.288
681.406,510.816,73.4902,151.248
681.62,510.529,73.4902,151.248
681.346,510.697,73.4902,151.248
683.185,513.944,71.3289,146.799
681.196,510.408,73.4902,151.248
681.401,509.916,73.4902,151.248
681.216,509.908,73.4902,151.248
680.827,508.798,74.2251,152.76
682.898,512.372,72.0421,148.267
682.989,512.672,72.0421,148.267
683.4,513.184,71.3289,146.799
683.477,513.775,70.6226,145.346
683.333,512.767,71.3289,146.799
683.18,511.763,72.0421,148.267
683.241,511.523,72.0421,148.267
683.566,512.346,71.3289,146.799
683.398,512.042,71.3289,146.799
682.991,510.794,72.0421,148.267
682.817,509.991,72.7626,149.75
683.666,511.465,71.3289,146.799
682.985,510.209,72.0421,148.267
681.335,507.513,73.4902,151.248
681.728,506.781,73.4902,151.248
683.396,510.267,71.3289,146.799
683.881,510.759,70.6226,145.346
684.752,512.258,69.2311,142.482
684.699,512.008,69.2311,142.482
683.581,509.59,71.3289,146.799
683.433,509.394,71.3289,146.799
683.341,509.583,71.3289,146.799
684.187,510.756,69.9234,143.907
683.701,509.815,70.6226,145.346
683.16,507.912,72.0421,148.267
