563.984,358.493,80,109
563.884,358.527,80,109
563.894,358.528,80,109
563.96,358.469,80,109
563.82,358.551,80,109
563.799,358.583,80,109
563.782,358.62,80,109
563.703,358.581,80,109
565.216,360.348,77.6472,105.794
565.217,360.05,77.6472,105.794
565.385,359.952,77.6472,105.794
565.357,359.956,77.6472,105.794
563.874,357.62,80,109
565.295,359.039,77.6472,105.794
564.399,358.04,78.4237,106.852
564.758,358.443,77.6472,105.794
564.676,358.676,76.8784,104.747
563.288,357.06,78.4237,106.852
564.227,357.027,77.6472,105.794
563.6,355.856,78.4237,106.852
564.378,356.232,77.6472,105.794
564.525,355.925,77.6472,105.794
564.841,355.571,77.6472,105.794
563.849,352.561,80,109
564.502,352.307,79.2079,107.921
565.913,353.103,77.6472,105.794
565.285,351.171,79.2079,107.921
566.625,351.891,77.6472,105.794
566.283,350.451,78.4237,106.852
565.805,349.346,79.2079,107.921
564.298,347.568,80.8,110.09
562.58,348.269,79.2079,107.921
559.265,348.044,78.4237,106.852
554.404,348.02,77.6472,105.794
548.908,347.654,77.6472,105.794
544.492,347.947,76.8784,104.747
540.629,348.161,74.6174,101.666
536.704,347.409,74.6174,101.666
532.87,346.529,74.6174,101.666
528.762,344.576,76.8784,104.747
525.397,343.363,77.6472,105.794
523.222,343.04,76.8784,104.747
520.489,341.471,77.6472,105.794
518.817,341.75,76.1173,103.71
516.141,340.501,76.8784,104.747
514.512,338.708,77.6472,105.794
513.045,337.485,77.6472,105.794
512.087,336.327,77.6472,105.794
512.251,336.427,76.1173,103.71
511.656,335.356,76.1173,103.71
511.652,334.06,76.1173,103.71
511.631,332.897,76.1173,103.71
511.051,330.618,77.6472,105.794
512.091,330.194,75.3636,102.683
512.045,329.208,76.1173,103.71
512.517,328.052,76.1173,103.71
512.353,325.845,77.6472,105.794
513.729,325.767,75.3636,102.683
514.228,325.417,74.6174,101.666
515.049,324.355,74.6174,101.666
515.512,323.069,74.6174,101.666
516.616,321.908,74.6174,101.666
517.502,320.924,74.6174,101.666
518.691,319.893,74.6174,101.666
519.256,318.281,76.1173,103.71
519.102,316.044,77.6472,105.794
520.912,315.764,75.3636,102.683
522.155,315.479,74.6175,101.666
522.417,313.809,75.3636,102.683
523.729,313.236,74.6175,101.666
525.518,313.201,73.8787,100.66
526.964,312.307,72.423,98.6763
528.117,311.246,72.423,98.6763
530.392,311.548,70.293,95.7742
532.014,310.389,70.9959,96.732
532.431,307.83,72.423,98.6763
533.254,306.527,73.1472,99.6631
534.5,305.603,73.8787,100.66
535.928,304.592,73.8787,100.66
537.242,303.987,73.1472,99.6631
538.942,303.589,72.423,98.6763
541.358,303.828,71.7059,97.6993
542.069,301.705,73.8787,100.66
543.708,301.185,73.8787,100.66
548.189,301.94,71.7059,97.6993
551.579,299.882,72.423,98.6763
555.226,297.557,74.6174,101.666
561.328,298.621,72.423,98.6763
564.901,296.558,74.6174,101.666
568.879,295.109,76.1173,103.71
573.476,295.631,74.6174,101.666
577.3,293.394,76.8784,104.747
581.552,294.245,75.3636,102.683
585.246,293.647,76.1173,103.71
589.676,294.997,73.8787,100.66
592.265,293.697,74.6174,101.666
596.318,294.234,73.8787,100.66
599.704,293.776,73.8787,100.66
602.948,291.558,76.1172,103.71
607.022,291.829,74.6174,101.666
611.409,292.896,73.1472,99.663
615.59,292.722,73.1472,99.663
620.046,292.554,73.1472,99.663
623.963,290.851,74.6174,101.666
627.997,290.741,74.6174,101.666
632.395,291.717,73.1472,99.663
635.479,291.168,73.8787,100.66
636.858,289.834,74.6174,101.666
639.242,289.682,74.6174,101.666
642.698,290.49,73.8787,100.66
645.207,291.258,72.423,98.6763
647.793,290.28,73.8787,100.66
650.716,290.103,73.8787,100.66
651.659,288.89,74.6174,101.666
654.456,289.383,73.8787,100.66
656.588,289.614,73.1472,99.663
658.704,287.743,74.6174,101.666
660.896,287.631,74.6174,101.666
662.667,286.14,76.1173,103.71
664.68,286.105,76.1173,103.71
666.828,287.044,74.6174,101.666
668.625,286.781,74.6174,101.666
670.452,286.757,74.6174,101.666
672.347,286.747,74.6174,101.666
674.57,286.623,74.6174,101.666
676.947,288.286,72.423,98.6763
677.704,286.789,74.6174,101.666
679.582,285.992,76.1173,103.71
681.006,286.465,75.3636,102.683
682.508,286.293,76.1172,103.71
684.295,286.753,75.3636,102.683
686.809,288.643,73.1472,99.663
687.814,287.646,74.6174,101.666
689.001,287.393,75.3636,102.683
690.68,287.962,75.3636,102.683
692.398,288.941,74.6174,101.666
693.526,288.958,75.3636,102.683
695.216,289.974,74.6174,101.666
696.604,290.155,75.3636,102.683
697.83,291.507,74.6174,101.666
699.942,293.384,73.8787,100.66
700.616,292.848,75.3636,102.683
702.87,295.213,73.1472,99.663
704.211,296.888,72.423,98.6763
705.506,297.843,72.423,98.6763
706.551,298.154,73.1472,99.663
706.369,297.403,75.3636,102.683
707.01,297.858,76.8784,104.747
708.23,298.788,76.8784,104.747
710.045,300.972,75.3636,102.683
712.296,303.752,73.8787,100.66
712.838,304.105,74.6174,101.666
713.463,304.042,76.8784,104.747
713.997,304.152,78.4237,106.852
714.925,304.016,80,109
715.998,305.697,80,109
717.898,308.264,78.4237,106.852
720.401,311.795,76.8784,104.747
721.717,313.122,76.8784,104.747
722.979,314.807,76.8784,104.747
724.262,317.25,76.1173,103.71
724.686,317.684,77.6472,105.794
725.012,317.883,79.2079,107.921
725.808,320.774,77.6472,105.794
724.525,320.363,80,109
723.327,322.006,80,109
720.836,322.778,81.608,111.191
718.622,325.424,79.2079,107.921
714.95,326.315,80,109
712.009,326.486,82.4241,112.303
710.606,328.878,81.608,111.191
709.398,329.979,81.608,111.191
708.459,331.611,81.608,111.191
707.149,333.13,81.608,111.191
705.384,334.894,81.608,111.191
702.958,335.537,83.2483,113.426
701.57,335.689,84.9216,115.706
700.124,336.288,85.7708,116.863
699.572,337.857,85.7708,116.863
698.65,338.426,86.6285,118.031
699.861,343.058,84.0808,114.56
700.982,346.273,81.608,111.191
700.511,346.425,84.0808,114.56
699.705,345.907,86.6285,118.031
700.927,348.951,84.9216,115.706
701.18,350.856,84.9216,115.706
701.609,352.71,84.9216,115.706
700.972,352.598,87.4948,119.212
701.443,353.84,87.4948,119.212
701.961,355.407,87.4948,119.212
701.993,356.537,88.3698,120.404
701.775,357.343,89.2535,121.608
702.137,359.701,88.3698,120.404
700.895,361.626,88.3698,120.404
698.515,362.67,89.2535,121.608
696.955,364.063,89.2535,121.608
695.807,365.885,89.2535,121.608
694.668,367.493,89.2535,121.608
694.115,369.01,89.2535,121.608
694.469,371.463,88.3698,120.404
695.143,374.155,86.6285,118.031
693.965,373.756,89.2535,121.608
694.141,375.564,89.2535,121.608
694.091,376.639,89.2535,121.608
694.87,378.431,89.2535,121.608
694.442,379.865,89.2535,121.608
694.104,381.535,89.2535,121.608
695.058,383.042,89.2535,121.608
694.017,383.079,91.0475,124.052
694.469,384.385,91.0475,124.052
694.771,385.488,91.0475,124.052
695.716,388.331,89.2535,121.608
695.742,389.585,89.2535,121.608
695.907,390.861,89.2535,121.608
695.734,390.838,91.0475,124.052
695.833,391.974,91.0475,124.052
695.754,392.609,91.0475,124.052
697.007,395.2,89.2535,121.608
697.383,396.131,89.2535,121.608
697.133,396.919,89.2535,121.608
695.97,395.361,91.9579,125.293
697.053,397.738,89.2535,121.608
695.522,396.045,91.9579,125.293
695.803,396.84,91.0475,124.052
694.848,395.566,92.8775,126.546
693.557,393.374,95.6918,130.38
693.393,393.15,95.6918,130.38
693.843,393.542,94.7444,129.089
694.633,395.669,91.9579,125.293
695.722,397.261,89.2535,121.608
693.625,395.831,91.0475,124.052
694.276,396.785,89.2535,121.608
693.066,395.226,91.0475,124.052
691.716,393.521,92.8775,126.546
689.27,390.828,95.6918,130.38
687.068,390.203,95.6918,130.38
684.793,389.495,95.6918,130.38
684.334,391.236,92.8775,126.546
682.605,391.963,91.0475,124.052
680.807,390.517,91.958,125.293
680.395,391.773,89.2535,121.608
677.836,389.377,91.958,125.293
676.24,386.85,93.8063,127.811
673.607,384.338,95.6918,130.38
670.206,380.534,98.5914,134.331
669.004,382.343,95.6918,130.38
664.136,378.685,98.5914,134.331
659.826,376.867,100.573,137.031
655.424,375.706,99.5773,135.674
651.509,377.02,96.6488,131.684
647.416,377.255,95.6918,130.38
643.734,378.499,92.8775,126.546
639.726,379.097,91.0475,124.052
634.863,377.648,91.958,125.293
629.629,375.701,92.8775,126.546
625.095,372.877,95.6918,130.38
621.048,371.728,95.6918,130.38
617.383,371.715,94.7444,129.089
615.402,373.041,91.958,125.293
612.049,373.092,91.0475,124.052
609.336,372.219,91.0475,124.052
605.327,370.367,92.8775,126.546
601.964,369.807,92.8775,126.546
598.764,368.352,93.8063,127.811
597.547,369.034,91.958,125.293
596.013,368.569,91.958,125.293
594.299,367.88,91.958,125.293
593.215,369.579,89.2535,121.608
590.711,366.908,91.958,125.293
589.286,365.798,92.8775,126.546
588.616,365.967,91.958,125.293
586.607,363.332,94.7444,129.089
586.792,365.196,91.958,125.293
585.807,364.14,92.8775,126.546
584.659,363.501,92.8775,126.546
583.917,364.121,91.958,125.293
583.309,364.262,91.0475,124.052
583.809,364.94,89.2535,121.608
581.609,362.939,91.958,125.293
582.4,363.375,91.0475,124.052
583.015,364.018,89.2535,121.608
583.068,363.626,89.2535,121.608
583.62,364.345,87.4949,119.212
583.187,362.928,89.2535,121.608
582.421,361.361,91.0475,124.052
584.089,361.967,89.2535,121.608
584.516,361.8,89.2535,121.608
584.008,360.487,91.0475,124.052
584.919,359.608,91.958,125.293
586.76,360.968,89.2535,121.608
586.416,359.593,91.0475,124.052
587.362,358.543,91.958,125.293
589.597,359.701,89.2535,121.608
589.464,357.649,91.958,125.293
592.214,359.043,89.2535,121.608
594.002,358.811,89.2535,121.608
594.926,357.266,91.0475,124.052
596.716,357.783,89.2535,121.608
598.891,357.503,89.2535,121.608
600.509,356.785,89.2535,121.608
602.345,356.698,89.2535,121.608
604.616,356.671,89.2535,121.608
606.607,356.097,89.2535,121.608
608.208,355.787,89.2535,121.608
611.123,355.556,89.2535,121.608
613.166,354.601,89.2535,121.608
615.647,355.629,87.4949,119.212
619.216,357.718,84.9217,115.706
621.171,355.688,87.4949,119.212
624.345,357.424,84.9217,115.706
627.162,358.012,84.0809,114.56
629.131,357.615,84.9217,115.706
631.734,357.273,84.9217,115.706
634.215,357.146,84.9217,115.706
636.802,357.106,84.9217,115.706
638.622,354.937,87.4949,119.212
641.75,354.831,87.4949,119.212
645.644,356.458,84.9217,115.706
646.364,354.152,86.6286,118.031
649.912,353.634,87.4949,119.212
652.599,353.389,87.4949,119.212
655.21,353.519,87.4949,119.212
657.845,352.193,89.2535,121.608
661.84,353.332,87.4949,119.212
665.598,355.585,84.9217,115.706
666.133,353.146,87.4949,119.212
668.778,351.854,89.2535,121.608
671.786,351.668,89.2535,121.608
675.185,351.037,89.2535,121.608
678.182,350.639,89.2535,121.608
680.902,351.27,87.4949,119.212
683.631,349.676,89.2535,121.608
686.677,350.157,87.4949,119.212
689.937,350.475,87.4949,119.212
692.059,348.899,89.2535,121.608
694.184,348.952,89.2535,121.608
698.082,350.058,87.4949,119.212
699.97,349.95,87.4949,119.212
703.042,350.115,87.4949,119.212
704.183,350.05,87.4949,119.212
706.577,349.019,89.2535,121.608
709.072,348.83,89.2535,121.608
711.06,348.613,89.2535,121.608
713.494,349.91,86.6286,118.031
715.185,350.849,85.7709,116.863
718.738,352.558,84.9217,115.706
719.158,350.923,86.6286,118.031
723.059,353.596,84.9217,115.706
723.68,351.839,87.4949,119.212
724.692,352.437,87.4949,119.212
724.909,351.896,89.2535,121.608
724.319,351.238,91.0475,124.052
721.965,351.775,91.0475,124.052
718.272,351.206,92.8776,126.546
714,352.623,91.0475,124.052
708.615,352.99,91.0475,124.052
703.651,354.618,89.2535,121.608
697.208,355.294,89.2535,121.608
689.772,356.927,88.3699,120.404
679.547,357.025,89.2535,121.608
668.281,357.65,89.2535,121.608
656.311,356.727,91.0475,124.052
643.243,359.35,89.2535,121.608
628.717,360.373,89.2535,121.608
611.29,361.328,89.2535,121.608
594.401,364.263,87.4949,119.212
574.573,365.767,88.3699,120.404
554.133,366.739,89.2535,121.608
533.952,369.303,89.2535,121.608
513.713,370.479,91.0475,124.052
493.663,373.514,91.0475,124.052
472.924,374.968,93.8064,127.811
455.183,379.412,92.8776,126.546
434.431,381.112,95.6919,130.38
422.399,386.684,92.8776,126.546
410.624,389.124,94.7444,129.089
400.455,391.92,95.6919,130.38
390.702,394.439,96.6488,131.684
385.457,395.322,99.5774,135.674
385.165,398.315,98.5914,134.331
384.714,401.446,95.6919,130.38
383.167,401.654,98.5914,134.331
383.855,405.188,95.6919,130.38
384.25,408.194,93.8064,127.811
384.491,408.318,95.6919,130.38
384.915,410.606,95.6919,130.38
385.709,412.887,93.8064,127.811
385.19,412.456,95.6919,130.38
385.38,413.633,95.6919,130.38
383.741,414.825,95.6919,130.38
382.047,413.485,98.5914,134.331
382.843,417.466,95.6919,130.38
382.073,418.678,95.6919,130.38
380.433,420.711,94.7444,129.089
378.792,421.159,95.6919,130.38
377.256,422.768,95.6919,130.38
374.716,422.31,97.6153,133.001
372.832,421.465,100.573,137.031
370.212,418.983,103.621,141.183
368.535,419.308,105.703,144.021
368.623,422.03,102.595,139.785
368.828,425.259,100.573,137.031
369.245,429.305,97.6153,133.001
370.388,433.279,94.7444,129.089
369.454,432.01,96.6488,131.684
368.294,431.719,98.5915,134.331
370.379,435.599,95.6919,130.38
371.48,439.098,93.8064,127.811
372.102,438.346,95.6919,130.38
373.308,439.376,95.6919,130.38
374.413,440.639,95.6919,130.38
375.588,441.652,95.6919,130.38
376.395,442.76,95.6919,130.38
378.176,443.854,95.6919,130.38
380.296,445.229,94.7445,129.089
381.345,443.502,96.6488,131.684
384.12,445.684,95.6919,130.38
386.139,447.747,94.7445,129.089
388.111,447.458,95.6919,130.38
390.352,448.567,95.6919,130.38
392.314,447.219,96.6488,131.684
396.854,450.507,94.7445,129.089
398.704,448.352,96.6488,131.684
402.555,452.425,93.8064,127.811
405.004,451.427,95.6919,130.38
407.816,448.885,98.5915,134.331
410.085,447.272,101.579,138.401
412.374,446.198,102.595,139.785
415.321,444.626,104.657,142.595
419.152,444.827,104.657,142.595
423.026,445.187,104.657,142.595
426.854,445.783,104.657,142.595
431.486,447.413,103.621,141.183
436.68,448.419,102.595,139.785
440.167,446.796,105.703,144.021
445.113,448.37,103.621,141.183
449.737,449.464,102.595,139.785
455.468,451.67,100.573,137.031
460.224,451.495,101.579,138.401
464.256,451.826,101.579,138.401
469.816,452.905,100.573,137.031
474.586,452.778,100.573,137.031
478.804,453.091,100.573,137.031
482.199,449.866,103.621,141.183
486.509,448.574,104.657,142.595
493.789,452.183,101.579,138.401
499.275,453.695,99.5774,135.674
503.188,451.025,102.595,139.785
509.987,453.634,100.573,137.031
513.764,452.614,101.579,138.401
518.459,452.855,101.579,138.401
523.06,449.383,104.657,142.595
531.253,452.597,101.579,138.401
534.298,449.19,104.657,142.595
539.059,449.941,103.621,141.183
545.298,452.177,101.579,138.401
546.73,448.316,104.657,142.595
551.49,448.26,104.657,142.595
554.941,448.516,104.657,142.595
558.966,447.979,105.703,144.021
562.337,448.249,104.657,142.595
568.221,451.706,101.579,138.401
571.688,453.344,98.5915,134.331
574.504,452.361,99.5774,135.674
577.406,451.909,100.573,137.031
580.628,452.623,98.5915,134.331
582.781,451.446,99.5774,135.674
584.443,451.548,98.5915,134.331
586.176,450.337,100.573,137.031
588.227,449.601,101.579,138.401
590.526,450.003,100.573,137.031
591.994,449.888,100.573,137.031
592.213,445.8,103.621,141.183
593.214,445.511,103.621,141.183
594.831,444.013,105.703,144.021
594.665,440.309,107.828,146.916
592.063,442.697,104.657,142.595
582.884,444.266,101.579,138.401
585.531,445.373,100.573,137.031
594.739,445.937,101.579,138.401
598.948,445.375,101.579,138.401
