670.519,160.021,27,16
670.584,159.827,26.468,15.6847
671.059,160.093,25.9465,15.3757
670.894,159.846,26.468,15.6847
670.894,159.846,26.468,15.6847
671.607,160.159,25.9465,15.3757
671.844,160.051,26.468,15.6847
672.335,160.304,25.9465,15.3757
672.335,160.169,26.468,15.6847
673.05,160.395,25.9465,15.3757
673.154,160.419,26.468,15.6847
673.665,160.695,25.9465,15.3757
673.948,160.774,25.9465,15.3757
674.549,161.115,25.1834,14.9235
674.707,161.007,25.9465,15.3757
674.635,160.822,26.468,15.6847
675.216,161.103,25.9465,15.3757
675.701,161.145,25.9465,15.3757
676.145,161.194,25.9465,15.3757
676.035,161.041,26.468,15.6847
676.568,161.273,25.9465,15.3757
676.792,161.271,25.9465,15.3757
677.071,161.376,25.9465,15.3757
677.263,161.279,26.468,15.6847
677.445,161.269,26.468,15.6847
677.446,161.056,27.27,16.16
677.436,161.067,27.27,16.16
678.063,161.488,26.468,15.6847
679.613,162.552,25.6896,15.2235
679.164,161.998,25.9465,15.3757
679.158,161.826,26.468,15.6847
679.157,161.826,26.468,15.6847
680.053,162.073,25.9465,15.3757
679.92,162.07,26.468,15.6847
679.779,161.797,27.27,16.16
679.811,161.63,27.8181,16.4848
680.243,161.816,27.27,16.16
680.206,161.691,27.8181,16.4848
680.336,161.444,28.661,16.9843
680.761,161.537,28.661,16.9843
680.591,161.252,29.2371,17.3257
680.593,161.253,29.2371,17.3257
681.186,161.564,28.661,16.9843
682.356,161.886,27.8181,16.4848
683.054,162.122,27.27,16.16
683.041,161.919,27.8181,16.4848
683.041,161.931,27.8181,16.4848
682.852,161.723,28.661,16.9843
683.872,162.147,27.8181,16.4848
683.774,161.878,28.661,16.9843
684.552,162.28,27.8181,16.4848
684.039,162.069,28.661,16.9843
684.814,162.41,27.8181,16.4848
685.451,162.39,27.8181,16.4848
686.029,162.574,27.27,16.16
686.812,162.93,26.468,15.6847
686.805,162.928,26.468,15.6847
686.654,162.65,27.27,16.16
688.085,162.937,26.468,15.6847
688.174,163.146,26.468,15.6847
688.028,162.856,27.27,16.16
687.791,162.582,27.8181,16.4848
687.692,162.53,28.661,16.9843
688.038,162.397,29.2371,17.3257
688.482,162.367,29.2371,17.3257
688.602,162.514,29.2371,17.3257
688.598,162.519,29.2371,17.3257
689.188,162.86,28.661,16.9843
690.312,163.418,27.8181,16.4848
690.685,163.46,27.8181,16.4848
690.945,163.438,27.8181,16.4848
690.941,163.435,27.8181,16.4848
691.319,163.457,27.8181,16.4848
692.439,163.747,27.27,16.16
692.512,163.865,27.27,16.16
692.482,163.699,27.8181,16.4848
692.002,163.395,28.661,16.9843
693.18,163.677,27.8181,16.4848
692.985,163.602,28.661,16.9843
693.232,163.592,28.661,16.9843
693.315,163.495,29.2371,17.3257
693.307,163.499,29.2371,17.3257
693.329,163.369,29.8248,17.674
693.89,163.938,29.2371,17.3257
694.216,164.046,29.2371,17.3257
694.794,164.413,28.661,16.9843
694.795,164.424,28.661,16.9843
694.639,164.253,29.2371,17.3257
695.794,164.68,28.661,16.9843
695.314,164.655,29.2371,17.3257
695.155,164.766,29.8248,17.674
695.379,164.97,29.2371,17.3257
695.872,165.121,29.2371,17.3257
695.744,165.208,29.8248,17.674
695.95,165.367,29.8248,17.674
695.914,165.335,30.4243,18.0292
695.91,165.359,30.4243,18.0292
695.794,165.463,30.4243,18.0292
696.198,166.191,29.8248,17.674
695.896,165.968,30.4243,18.0292
696.422,166.545,29.8248,17.674
696.403,166.517,29.8248,17.674
696.426,166.434,30.4243,18.0292
697.149,167.701,29.5295,17.499
696.819,167.095,29.8248,17.674
696.757,167.31,29.8248,17.674
696.76,167.307,29.8248,17.674
696.535,167.224,30.4243,18.0292
696.998,168.452,30.123,17.8507
696.941,168.114,29.2371,17.3257
696.686,168.081,29.8248,17.674
696.392,167.825,30.4243,18.0292
696.72,168.27,29.8248,17.674
697.081,169.716,28.9477,17.1542
696.789,169.282,28.661,16.9843
696.085,169.235,29.2371,17.3257
695.835,168.993,29.8248,17.674
695.743,169.155,29.8248,17.674
695.997,170.373,29.5295,17.499
695.262,169.743,29.8248,17.674
694.742,169.614,30.4243,18.0292
694.762,169.607,30.4243,18.0292
694.455,169.686,30.4243,18.0292
694.37,170.048,29.8248,17.674
693.974,170.234,29.8248,17.674
693.538,170.012,30.4243,18.0292
693.224,169.744,31.0358,18.3916
693.196,170.084,30.4243,18.0292
692.284,170.171,31.0358,18.3916
691.588,169.666,31.9762,18.9489
692.079,170.891,31.3462,18.5755
692.123,170.552,30.4243,18.0292
691.668,170.618,30.4243,18.0292
691.311,170.682,30.4243,18.0292
691.368,170.957,29.8248,17.674
690.441,170.834,30.4243,18.0292
690.115,170.563,31.0358,18.3916
690.128,170.775,30.4243,18.0292
689.637,171.321,29.8248,17.674
688.945,170.984,30.4243,18.0292
688.345,171.008,30.4243,18.0292
688.346,170.996,30.4243,18.0292
688.017,171.049,30.4243,18.0292
687.435,172.095,30.123,17.8507
686.635,171.718,29.8248,17.674
686.671,171.943,29.2371,17.3257
686.107,171.773,29.8248,17.674
685.447,171.557,30.4243,18.0292
685.025,171.835,30.7285,18.2095
684.09,171.695,30.4243,18.0292
683.677,171.993,29.8248,17.674
683.675,171.996,29.8248,17.674
683.403,171.938,29.8248,17.674
682.195,171.953,30.4243,18.0292
681.126,171.767,31.0358,18.3916
681.095,172.025,30.4243,18.0292
680.453,171.927,31.0358,18.3916
679.661,171.614,31.9762,18.9489
679.612,172.524,31.3462,18.5755
678.855,172.565,30.4243,18.0292
678.238,172.615,30.4243,18.0292
678.514,172.94,29.8248,17.674
677.581,172.684,30.4243,18.0292
677.152,173.051,29.8248,17.674
676.114,172.867,30.4243,18.0292
675.011,172.737,31.0358,18.3916
674.557,172.376,31.9762,18.9489
674.23,172.37,31.9762,18.9489
673.223,173.139,32.296,19.1384
672.18,172.998,31.9762,18.9489
671.368,172.779,31.9762,18.9489
670.665,172.726,32.6189,19.3297
670.618,173.027,31.9762,18.9489
669.93,173.541,32.296,19.1384
668.566,173.22,32.6189,19.3297
667.632,172.983,33.2746,19.7183
667.587,173.398,32.6189,19.3298
666.809,173.016,33.2746,19.7183
666.087,173.353,32.619,19.3298
665.376,173.574,32.619,19.3298
665.052,173.564,32.619,19.3298
664.357,173.459,33.2746,19.7183
664.215,173.779,32.619,19.3298
664.193,175.14,31.6596,18.7613
663.57,175.277,31.3462,18.5755
662.247,175.039,32.296,19.1384
661.719,174.836,31.9762,18.9489
661.194,174.319,32.619,19.3298
661.18,175.459,31.6596,18.7613
660.171,175.225,32.296,19.1384
659.303,175.072,31.9762,18.9489
658.718,174.906,32.619,19.3298
657.796,174.64,33.2746,19.7183
657.121,175.259,32.619,19.3298
656.06,174.923,33.2746,19.7183
656.067,175.145,32.619,19.3298
655.574,174.968,33.2746,19.7183
654.393,174.547,34.2829,20.3158
654.434,175.038,33.2746,19.7183
653.635,175.116,33.2746,19.7183
652.807,175.107,33.2746,19.7183
652.06,174.745,34.2829,20.3158
651.614,174.801,34.2829,20.3158
651.607,175.137,33.2746,19.7183
650.75,175.255,33.2746,19.7183
649.946,175.524,33.2746,19.7183
649.947,175.498,33.2746,19.7183
649.187,174.983,34.2829,20.3158
648.55,176.292,33.6074,19.9155
647.663,175.765,33.2746,19.7183
646.455,175.444,34.2829,20.3158
646.457,175.446,34.2829,20.3158
645.792,175.216,34.9719,20.7241
644.805,175.33,34.9719,20.7241
643.629,175.106,35.6749,21.1407
642.656,174.926,36.3919,21.5656
642.654,174.928,36.3919,21.5656
642.852,175.166,35.6749,21.1407
642.68,175.421,34.9719,20.7241
641.555,175.227,35.6749,21.1407
640.712,175.121,36.3919,21.5656
640.712,175.12,36.3919,21.5656
640.697,175.422,35.6749,21.1407
640.388,175.41,35.6749,21.1407
639.383,175.343,36.3919,21.5656
639.538,175.64,35.6749,21.1407
638.857,175.579,36.3919,21.5656
638.259,175.217,37.1234,21.9991
638.23,175.763,36.3919,21.5656
637.47,175.908,36.3919,21.5656
637.272,175.948,36.3919,21.5656
636.681,175.727,37.1234,21.9991
636.228,175.773,37.1234,21.9991
635.896,175.858,37.1234,21.9991
635.18,175.879,37.1234,21.9991
635.032,175.908,37.1234,21.9991
635.031,175.91,37.1234,21.9991
634.837,175.92,37.1234,21.9991
633.954,176.07,37.1234,21.9991
633.84,176.086,37.1234,21.9991
633.182,176.299,37.1234,21.9991
633.182,176.308,37.1234,21.9991
633.065,176.307,37.1234,21.9991
633.399,177.799,36.0316,21.3521
632.018,176.685,37.1234,21.9991
632.237,177.055,36.3919,21.5656
631.682,176.818,37.1234,21.9991
631.306,176.898,37.1234,21.9991
630.806,176.995,37.1234,21.9991
629.645,176.607,38.2483,22.6657
629.667,176.655,38.2483,22.6657
629.907,177.221,37.1234,21.9991
628.864,177.007,38.2483,22.6657
629.025,177.767,37.1234,21.9991
629.171,177.908,36.3919,21.5656
628.492,177.73,37.1234,21.9991
627.612,177.344,38.2483,22.6657
627.481,177.412,38.2483,22.6657
627.843,177.904,37.1234,21.9991
626.411,177.55,38.2483,22.6657
626.407,177.477,38.2483,22.6657
626.804,177.972,37.1234,21.9991
625.838,177.744,38.2483,22.6657
625.851,178.238,37.1234,21.9991
624.741,178.081,38.2483,22.6657
624.394,177.785,39.0171,23.1212
624.52,178.049,38.2483,22.6657
624.401,178.093,38.2483,22.6657
624.371,179.229,37.8696,22.4412
623.012,178.129,39.0171,23.1212
622.99,178.124,39.0171,23.1212
621.815,177.85,40.1993,23.8218
621.072,177.541,41.0073,24.3007
621.274,177.978,40.1993,23.8218
620.272,177.927,41.0074,24.3007
620.682,178.188,40.1993,23.8218
620.99,178.683,39.0171,23.1212
620.092,178.495,40.1993,23.8218
619.566,178.72,40.1993,23.8218
619.997,179.206,39.0171,23.1212
619.988,179.209,39.0171,23.1212
619.452,179.376,39.0171,23.1212
618.651,179.059,40.1993,23.8218
617.835,178.669,41.0074,24.3007
617.115,178.87,41.0074,24.3007
617.12,178.87,41.0074,24.3007
617.474,179.182,40.1993,23.8218
616.961,178.908,41.0074,24.3007
616.612,179.66,40.1993,23.8218
616.441,179.665,40.1993,23.8218
616.432,179.676,40.1993,23.8218
616.339,179.717,40.1993,23.8218
615.488,179.846,40.1993,23.8218
615.271,179.922,40.1993,23.8218
613.862,179.73,41.4174,24.5437
613.861,179.73,41.4174,24.5437
613.221,179.385,42.2499,25.037
612.611,179.82,42.2499,25.037
612.752,180.171,41.4174,24.5437
611.63,180.151,42.2499,25.037
612.076,180.413,41.4174,24.5437
612,180.532,41.0074,24.3007
611.709,180.553,41.4174,24.5437
610.926,181.012,41.0074,24.3007
609.608,180.742,42.2499,25.037
609.08,180.241,43.5301,25.7956
609.466,180.963,42.2499,25.037
609.608,181.212,41.4174,24.5437
608.705,181.497,41.4174,24.5437
607.605,181.396,42.2499,25.037
607.553,181.406,42.2499,25.037
607.746,181.754,41.4174,24.5437
607.544,182.204,41.0074,24.3007
607.014,182.291,41.0074,24.3007
606.356,181.818,42.2499,25.037
605.272,181.497,43.5301,25.7956
605.543,181.986,42.2499,25.037
605.62,182.439,41.4174,24.5437
604.611,182.347,42.2499,25.037
604.57,182.698,41.4174,24.5437
604.256,182.855,41.4174,24.5437
603.99,182.955,41.4174,24.5437
603.821,182.869,41.4174,24.5437
603.047,182.82,42.2499,25.037
601.928,182.43,43.5301,25.7956
601.924,182.435,43.5301,25.7956
602.12,182.948,42.2499,25.037
600.976,182.601,43.5301,25.7956
600.508,182.655,43.5301,25.7956
599.869,182.915,43.5301,25.7956
599.867,182.91,43.5301,25.7956
599.796,182.849,43.5301,25.7956
600.208,183.339,42.2499,25.037
599.082,183.128,43.5301,25.7956
598.872,182.982,43.5301,25.7956
598.868,182.984,43.5301,25.7956
598.763,183.007,43.5301,25.7956
598.64,182.961,43.5301,25.7956
597.765,183.023,43.5301,25.7956
597.574,183.13,43.5301,25.7956
597.348,183.223,43.5301,25.7956
596.501,182.688,44.8491,26.5773
596.128,182.617,44.8491,26.5773
595.85,182.421,44.8491,26.5773
594.642,182.066,46.2081,27.3826
594.641,182.069,46.2081,27.3826
595.161,182.588,44.8491,26.5773
595.139,182.543,44.8491,26.5773
595.476,182.936,43.5301,25.7956
594.294,182.653,44.8491,26.5773
594.314,182.7,44.8491,26.5773
593.993,182.443,44.8491,26.5773
592.851,182.21,46.2081,27.3826
592.588,182.049,46.2081,27.3826
592.985,182.326,44.8491,26.5773
592.006,182.014,46.2081,27.3826
591.756,181.962,46.2081,27.3826
592.112,182.41,44.8491,26.5773
591.93,182.294,44.8491,26.5773
590.696,181.943,46.2081,27.3826
590.439,181.746,46.6702,27.6564
590.341,181.638,46.6702,27.6564
590.516,181.7,46.2081,27.3826
590.13,181.249,46.6702,27.6564
588.787,180.96,48.0843,28.4944
588.789,180.962,48.0843,28.4944
589.391,181.366,46.6702,27.6564
589.188,181.213,46.6702,27.6564
589.594,181.927,45.7506,27.1115
588.216,181.137,46.2081,27.3826
587.616,181.067,46.6702,27.6564
586.554,180.402,48.0843,28.4944
587.153,180.837,46.6702,27.6564
586.596,180.934,46.2081,27.3826
586.459,180.891,46.2081,27.3826
586.427,180.944,46.2081,27.3826
586.039,180.534,46.6702,27.6564
585.793,180.752,46.2081,27.3826
585.417,180.41,46.2081,27.3826
585.268,180.322,46.2081,27.3826
584.937,180.471,46.2081,27.3826
584.232,180.163,46.6702,27.6564
584.363,180.273,46.2081,27.3826
583.575,180.389,46.2081,27.3826
583.276,180.298,46.2081,27.3826
583.927,180.852,44.8491,26.5773
582.779,180.41,46.2081,27.3826
582.532,180.595,46.2081,27.3826
582.104,180.386,46.6702,27.6564
581.18,180.583,46.6702,27.6564
581.159,180.607,46.6702,27.6564
579.616,180.216,48.0843,28.4944
579.57,180.195,48.0843,28.4944
579.895,180.862,46.6702,27.6564
579.25,181.262,46.2081,27.3826
579.01,181.374,46.2081,27.3826
578.246,181.163,46.6702,27.6564
577.991,181.147,46.6702,27.6564
577.047,181.339,46.6702,27.6564
575.186,180.836,48.0843,28.4944
575.758,181.286,46.6702,27.6564
575.101,181.626,46.6702,27.6564
574.687,181.704,46.6702,27.6564
573.429,181.525,48.0843,28.4944
573.444,182.179,46.6702,27.6564
573.445,182.166,46.6702,27.6564
573.023,182.143,46.6702,27.6564
572.273,182.331,46.6702,27.6564
571.731,182.337,46.6702,27.6564
570.065,181.805,48.0843,28.4944
569.62,181.961,48.0843,28.4944
569.073,181.754,48.5652,28.7794
567.712,181.39,50.0368,29.6514
567.692,182.453,49.0508,29.0672
566.199,181.776,50.0368,29.6514
565.371,181.657,50.5371,29.9479
565.397,181.878,50.0368,29.6514
564.404,181.86,50.5371,29.9479
564.055,181.88,50.5371,29.9479
563.201,182.061,50.0368,29.6514
562.763,182.207,50.0368,29.6514
562.529,182.275,50.0368,29.6514
562.03,182.235,50.0368,29.6514
561.03,182.336,50.0368,29.6514
560.083,182.224,50.5371,29.9479
559.572,182.405,50.5371,29.9479
559.28,182.415,50.5371,29.9479
559.304,182.554,50.0368,29.6514
557.631,182.935,51.0425,30.2474
556.163,182.158,52.0685,30.8554
555.32,182.155,52.5891,31.1639
555.278,182.189,52.0685,30.8554
554.307,182.094,52.5891,31.1639
554.483,183.114,51.0425,30.2474
553.945,182.858,50.5371,29.9479
552.617,182.515,52.0685,30.8554
552.333,182.43,52.0685,30.8554
551.517,182.454,52.0685,30.8554
551.468,182.899,50.5371,29.9479
550.489,182.908,51.5529,30.5499
550.16,182.996,50.5371,29.9479
548.536,182.622,52.0685,30.8554
548.004,182.428,52.5891,31.1639
546.264,182.607,53.6462,31.7903
545.135,182.654,54.1826,32.1082
544.674,182.743,53.115,31.4756
544.37,183.074,52.0685,30.8554
543.127,183.029,52.5891,31.1639
542.098,183.339,52.0685,30.8554
541.876,183.925,50.5371,29.9479
541.447,183.982,50.5371,29.9479
540.244,183.359,52.0685,30.8554
538.791,183.06,53.115,31.4756
537.723,183.396,52.5891,31.1639
536.912,183.62,52.0685,30.8554
536.377,183.748,52.0685,30.8554
536.401,184.419,50.5371,29.9479
535.222,183.947,52.0685,30.8554
534.485,184.654,50.5371,29.9479
532.985,184.463,52.0685,30.8554
532.564,184.489,52.0685,30.8554
531.559,184.152,53.115,31.4756
530.516,184.321,53.115,31.4756
529.277,184.806,52.0685,30.8554
527.74,184.775,53.115,31.4756
527.672,185.065,53.115,31.4756
526.861,185.226,52.5891,31.1639
525.639,184.961,53.115,31.4756
524.509,185.812,52.0685,30.8554
523.005,185.53,53.115,31.4756
522.499,185.569,53.115,31.4756
521.544,185.704,52.5891,31.1639
520.513,185.921,53.115,31.4756
519.422,186.506,52.5891,31.1639
518.081,186.618,53.115,31.4756
520.571,188.309,51.5529,30.5499
518.79,187.792,52.0685,30.8554
517.318,187.463,52.5891,31.1639
516.232,187.92,53.115,31.4756
515.348,188.656,52.5891,31.1639
514.231,188.374,53.115,31.4756
513.865,188.798,53.115,31.4756
513.729,189.733,52.0685,30.8554
512.008,189.616,53.115,31.4756
510.549,190.18,54.1826,32.1082
509.063,189.079,55.8244,33.0811
508.154,189.384,55.8244,33.0811
507.526,189.926,55.8244,33.0811
505.744,190.471,56.3827,33.412
504.963,190.856,56.3827,33.412
505.609,191.547,55.8244,33.0811
504.994,191.574,55.8244,33.0811
504.494,192.262,55.2717,32.7536
502.683,192.392,56.3827,33.412
502.037,192.944,55.8244,33.0811
501.234,192.714,56.3827,33.412
500.728,192.805,56.3827,33.412
500.206,193.485,56.3827,33.412
498.952,193.824,56.3827,33.412
498.327,194.215,56.3827,33.412
498.157,194.64,55.8244,33.0811
497.205,194.618,56.3827,33.412
496.748,195.026,55.2717,32.7536
495.243,195.216,55.8244,33.0811
494.369,195.357,56.3827,33.412
494.372,195.568,55.8244,33.0811
493.381,195.714,55.8244,33.0811
493.02,196.265,55.2717,32.7536
491.617,196.23,56.3827,33.412
491.478,196.836,55.2717,32.7536
490.548,196.809,55.2717,32.7536
489.412,196.882,55.8244,33.0811
488.223,197.035,56.3827,33.412
486.985,197.984,55.8244,33.0811
486.204,198.157,56.3827,33.412
485.194,198.376,56.3827,33.412
484.754,198.641,56.3827,33.412
484.023,199.045,56.3827,33.412
482.492,200.044,56.3827,33.412
482.358,200.511,55.8244,33.0811
481.31,200.737,56.3827,33.412
480.415,201.288,56.3827,33.412
480.324,202.059,55.2717,32.7536
479.011,203.465,55.2717,32.7536
478.314,203.136,56.3827,33.412
477.589,203.77,56.3827,33.412
477.302,204.483,55.8244,33.0811
476.311,204.878,55.8244,33.0811
474.906,206.051,55.8244,33.0811
474.817,206.285,55.8244,33.0811
473.966,206.769,55.8244,33.0811
473.101,206.891,56.3827,33.412
472.543,207.59,56.3827,33.412
471.407,208.922,56.3827,33.412
471.198,208.934,56.3827,33.412
470.804,209.474,55.8244,33.0811
470.044,210.226,55.8244,33.0811
469.225,210.669,56.3827,33.412
468.028,212.036,56.3827,33.412
469.449,213.131,54.7245,32.4293
467.48,212.819,56.3827,33.412
466.519,213.574,57.516,34.0835
465.758,214.254,58.0911,34.4244
464.578,215.781,57.516,34.0835
463.674,215.417,58.672,34.7686
462.097,215.235,59.8513,35.4675
460.546,214.912,61.6649,36.5422
459.645,215.355,62.2815,36.9076
459.392,217.613,60.4499,35.8221
458.202,217.259,62.2815,36.9076
456.443,216.966,64.1687,38.0259
456.552,217.725,63.5334,37.6494
456.246,218.994,62.2815,36.9076
455.831,221.03,60.4499,35.8221
455.235,220.642,61.6649,36.5422
454.865,221.246,61.6649,36.5422
453.931,221.916,62.2815,36.9076
453.492,222.575,61.6649,36.5422
453.607,225.159,59.8513,35.4675
452.602,224.531,61.6649,36.5422
451.921,225.117,61.6649,36.5422
450.568,225.242,62.9044,37.2767
450.013,225.947,62.9044,37.2767
448.124,226.662,64.8104,38.4062
447.085,226.242,66.7742,39.5699
447.103,227.103,65.4585,38.7902
447.209,228.406,64.1687,38.0259
447.806,230.07,62.2815,36.9076
445.718,230.59,64.1687,38.0259
444.571,230.089,66.1131,39.1781
443.596,230.289,67.442,39.9656
443.082,230.832,67.442,39.9656
442.389,231.493,68.1164,40.3653
442.003,233.584,66.7742,39.5699
442.888,234.346,64.8104,38.4062
442.437,234.676,65.4585,38.7902
441.379,234.753,66.7742,39.5699
440.411,235.047,68.1164,40.3653
439.583,236.265,68.1164,40.3653
438.627,235.608,70.1804,41.5884
438.836,236.118,69.4855,41.1766
438.264,236.548,70.1804,41.5884
438.672,237.685,68.1164,40.3653
438.684,238.921,66.1131,39.1781
438.029,238.794,67.442,39.9656
437.5,238.715,68.1164,40.3653
437.131,238.594,68.7976,40.7689
435.994,237.973,70.8822,42.0043
434.765,238.176,73.03,43.277
434.059,237.989,74.4979,44.1469
434.007,238.343,73.7603,43.7098
433.713,238.962,73.03,43.277
433.536,239.723,72.3069,42.8485
432.047,239.957,73.03,43.277
432.496,240.403,72.3069,42.8485
431.784,240.716,72.3069,42.8485
431.09,240.981,73.03,43.277
430.25,241.232,74.4979,44.1469
430.261,242.094,72.3069,42.8485
429.318,241.987,73.7603,43.7098
428.915,241.915,74.4979,44.1469
429.745,242.855,72.3069,42.8485
429.099,242.724,73.03,43.277
428.83,243.131,73.03,43.277
427.913,242.969,74.4979,44.1469
427.926,243.24,74.4979,44.1469
427.896,243.334,74.4979,44.1469
427.662,243.382,74.4979,44.1469
426.434,242.758,76.7552,45.4846
426.109,243.096,77.5228,45.9394
425.95,243.179,77.5228,45.9394
425.812,243.26,77.5228,45.9394
425.201,243.06,78.298,46.3988
424.614,243.33,77.5228,45.9394
422.811,241.915,79.8718,47.3314
421.556,241.223,82.292,48.7656
422.199,241.795,80.6705,47.8048
422.88,243.1,78.298,46.3988
422,243.207,78.298,46.3988
422.284,243.444,76.7552,45.4846
421.14,242.869,79.081,46.8628
420.289,242.383,80.6705,47.8048
419.233,241.607,83.1149,49.2533
418.91,241.796,83.1149,49.2533
418.264,241.758,83.1149,49.2533
418.304,242.176,83.1149,49.2533
418.374,242.541,83.1149,49.2533
418.225,242.895,83.1149,49.2533
418.271,243.503,83.1149,49.2533
418.368,243.459,83.1149,49.2533
418.435,243.882,83.1149,49.2533
417.97,244.251,83.9461,49.7458
418.402,244.535,83.1149,49.2533
418.14,245.394,83.1149,49.2533
416.943,244.311,85.6334,50.7457
416.536,244.361,86.4897,51.2532
418.13,245.498,83.9461,49.7458
416.694,244.694,86.4897,51.2532
417.259,245.306,85.6334,50.7457
416.627,245.547,86.4897,51.2532
418.03,246.312,84.7855,50.2433
416.756,245.453,86.4897,51.2532
416.701,245.588,86.4897,51.2532
415.549,244.998,89.1105,52.8062
415.591,244.995,89.1105,52.8062
415.553,245.164,89.1105,52.8062
417.122,246.826,86.4897,51.2532
417.302,246.905,86.4897,51.2532
416.308,246.854,89.1105,52.8062
416.294,246.858,89.1105,52.8062
416.418,246.792,90.0016,53.3343
415.72,246.639,90.9016,53.8676
414.577,246.51,92.7287,54.9503
415.995,247.555,90.9016,53.8676
417.025,248.275,89.1105,52.8062
416.206,248.359,90.9016,53.8676
415.292,247.672,92.7287,54.9503
414.031,246.698,95.5385,56.6154
415.305,247.734,94.5925,56.0548
413.908,246.995,97.4588,57.7534
412.987,246.479,99.4177,58.9142
413.977,247.297,97.4588,57.7534
413.98,247.347,97.4588,57.7534
414.547,247.644,97.4588,57.7534
413.042,247.341,99.4177,58.9142
414.407,248.154,97.4588,57.7534
414.725,248.203,97.4588,57.7534
413.725,247.62,99.4177,58.9142
412.067,247.171,102.43,60.6994
410.389,246.099,105.534,62.5386
412.268,247.265,102.43,60.6994
414.532,249.08,99.4177,58.9142
412.831,248.409,102.43,60.6994
411.611,247.515,105.534,62.5386
411.566,247.484,105.534,62.5386
410.631,247.02,107.655,63.7957
412.059,248.372,105.534,62.5386
411.927,248.572,106.589,63.164
412.729,248.743,106.589,63.164
415.415,251.109,103.454,61.3064
414.293,250.248,105.534,62.5386
414.541,250.355,105.534,62.5386
413.605,249.695,107.655,63.7957
415.356,250.573,105.534,62.5386
414.656,250.194,107.655,63.7957
415.526,250.695,106.589,63.164
415.684,251.205,108.732,64.4336
414.004,249.999,112.026,66.386
414.527,250.564,112.026,66.386
413.019,249.773,115.421,68.3976
413.92,250.171,114.278,67.7204
413.686,249.841,115.421,68.3976
414.632,250.481,114.278,67.7204
417.372,253.339,110.917,65.7287
416.151,252.306,113.147,67.0499
415.387,251.649,116.575,69.0816
415.597,251.618,117.741,69.7724
413.519,250.735,121.309,71.8865
414.794,251.719,120.107,71.1748
413.281,250.409,123.747,73.3315
412.477,249.532,124.984,74.0648
412.649,249.439,124.984,74.0648
415.564,251.71,121.309,71.8866
415.217,251.799,123.747,73.3315
416.276,252.284,122.522,72.6054
417.048,252.758,122.522,72.6054
416.613,252.467,123.747,73.3315
416.969,252.797,123.747,73.3315
418.086,253.577,123.747,73.3315
416.664,252.813,124.984,74.0648
416.66,252.487,126.234,74.8054
419.972,254.762,122.522,72.6054
419.964,254.669,123.747,73.3315
421.194,255.533,123.747,73.3315
419.756,254.229,124.984,74.0648
421.685,256.16,123.747,73.3315
419.264,254.053,127.497,75.5535
418.05,252.949,131.36,77.8428
417.571,252.932,134,79.4075
416.721,252.363,138.06,81.8136
415.912,251.539,140.835,83.4581
414.264,250.538,145.103,85.9869
415.081,251.038,145.103,85.9869
416.371,251.88,145.103,85.9869
417.872,252.864,142.244,84.2926
418.376,253.379,142.244,84.2926
417.682,253.226,145.103,85.9869
418.65,253.399,145.103,85.9869
416.778,251.744,149.5,88.5924
416.618,251.199,152.505,90.3731
417.714,251.588,150.995,89.4783
417.604,251.54,150.995,89.4783
417.073,250.391,154.03,91.2769
416.729,250.327,158.697,94.0426
416.789,250.263,160.284,94.9831
418.16,251.055,158.697,94.0426
418.419,251.377,160.284,94.9831
414.411,248.823,165.141,97.8611
418.482,251.705,160.284,94.9831
419.401,252.836,160.284,94.9831
419.537,252.945,160.284,94.9831
419.833,253.121,160.284,94.9831
420.306,253.818,160.284,94.9831
421.626,254.226,160.284,94.9831
414.722,251.133,165.141,97.8611
416.366,250.975,168.46,99.8281
413.931,249.432,173.564,102.853
418.116,252.202,168.46,99.8281
416.846,251.448,170.145,100.826
418.108,252.524,170.145,100.826
414.434,249.913,175.3,103.882
413.094,249.474,180.612,107.029
412.257,247.648,186.085,110.272
411.241,246.919,187.945,111.375
414.896,249.037,184.242,109.181
414.196,247.676,189.825,112.489
415.92,249.785,184.242,109.181
414.556,248.528,189.825,112.489
418.708,250.451,186.085,110.272
420.618,251.963,186.085,110.272
419.677,251.515,187.945,111.375
415.604,249.354,193.64,114.75
416.208,247.395,199.508,118.227
415.958,247.673,199.508,118.227
413.134,245.381,203.518,120.603
414.087,243.95,207.609,123.027
411.277,242.307,213.899,126.755
406.299,240.305,218.199,129.303
407.972,239.519,224.811,133.221
408.257,239.68,227.059,134.553
406.134,236.359,231.622,137.258
405.625,235.755,238.641,141.417
405.379,234.728,241.027,142.831
405.279,235.471,245.872,145.702
401.601,231.673,250.814,148.631
404.231,232.888,253.322,150.117
406.569,233.146,260.998,154.665
400.242,229.511,263.608,156.212
402.773,230.724,271.596,160.946
402.426,230.852,263.608,156.212
412.938,235.93,266.244,157.774
401.318,234.492,263.608,156.212
412.157,236.02,271.596,160.946
398.682,230.192,279.825,165.822
408.732,230.797,288.304,170.847
419.416,236.665,297.04,176.024
406.485,229.269,303.011,179.562
412.888,230.692,306.041,181.357
401.957,224.701,312.192,185.003
414.666,232.299,321.652,190.608
414.196,230.058,315.314,186.853
423.887,234.163,324.868,192.515
415.557,229.959,328.117,194.44
411.689,225.426,338.059,200.331
425.716,234.047,348.303,206.402
421.288,230.773,351.786,208.466
411.782,223.36,358.857,212.656
423.87,232.945,369.73,219.099
409.529,222.257,373.428,221.29
437.849,235.928,380.934,225.738
433.725,231.71,388.59,230.276
429.8,229.548,396.401,234.904
466.371,246.991,388.59,230.276
460.485,246.427,392.476,232.578
481.894,254.695,388.59,230.276
