779.01,309.528,90,91
775.433,317.078,88.2266,89.2069
771.488,322.747,85.6319,86.5834
765.284,323.548,87.3531,88.3237
762.014,326.68,85.6319,86.5834
756.023,327.393,83.9446,84.8773
752.856,327.86,82.2906,83.2049
748.984,327.655,79.8704,80.7579
745.619,327.503,78.2967,79.1666
742.08,326.681,76.7539,77.6068
736.219,324.618,76.7539,77.6068
731.989,322.592,76.7539,77.6068
727.86,320.606,76.7539,77.6068
722.55,318.077,77.5215,78.3828
720.036,317.056,76.7539,77.6068
715.56,315.641,75.2416,76.0776
711.162,313.524,74.4966,75.3243
708.275,312.586,73.759,74.5786
705.595,312.11,71.5898,72.3852
701.828,310.172,71.5898,72.3852
697.888,308.932,70.1792,70.9589
695.228,308.537,68.1152,68.8721
690.923,305.486,70.1792,70.9589
687.147,303.726,69.4843,70.2564
684.782,303.475,67.4408,68.1902
680.925,301.722,67.4408,68.1902
678.87,301.33,66.7731,67.515
676.523,300.36,66.112,66.8465
673.058,299.185,65.4574,66.1847
670.116,297.513,66.7731,67.515
666.702,296.333,66.112,66.8465
664.963,295.942,64.8093,65.5294
662.385,295.296,63.5323,64.2382
659.912,294.148,64.1676,64.8806
658.205,294.365,62.2805,62.9725
654.853,293.061,62.2805,62.9725
652.668,292.527,61.6638,62.349
649.969,291.479,61.6638,62.349
648.142,290.93,59.8503,60.5153
644.708,289.356,61.6638,62.349
642.279,288.775,59.8503,60.5153
640.633,288.978,58.671,59.3229
637.996,288.307,58.671,59.3229
635.577,287.569,58.671,59.3229
633.394,286.901,57.515,58.154
630.629,285.618,57.515,58.154
628.513,284.648,58.671,59.3229
626.577,284.027,57.515,58.154
624.824,283.692,56.9455,57.5783
622.643,282.531,57.515,58.154
621.974,283.142,55.8235,56.4437
619.446,281.441,56.3817,57.0082
619.264,282.183,54.7235,55.3316
617.988,281.973,54.1817,54.7837
616.556,281.296,54.1817,54.7837
614.283,280.147,54.1817,54.7837
613.763,280.245,53.1141,53.7043
611.038,278.524,54.7235,55.3316
610.481,278.711,53.1141,53.7043
608.7,278.171,53.1141,53.7043
606.485,276.632,53.6453,54.2413
605.048,276.223,53.1141,53.7043
603.748,275.736,52.0676,52.6461
603.316,276.019,50.5363,51.0978
600.867,274.07,52.0676,52.6461
599.455,273.779,51.0416,51.6088
598.695,273.485,50.5363,51.0978
597.639,273.028,50.0359,50.5919
596.192,272.604,49.5405,50.091
594.991,272.146,49.5405,50.091
592.839,271.184,49.5405,50.091
592.133,271.258,48.5644,49.104
592.055,271.641,47.6075,48.1364
589.467,270.326,48.0835,48.6178
589.574,270.825,47.1361,47.6598
587.757,270.113,47.1361,47.6598
586.822,269.75,46.6694,47.188
584.794,268.631,47.1361,47.6598
584.526,268.125,46.6694,47.188
582.818,267.894,46.2073,46.7207
580.86,266.756,46.6694,47.188
579.926,266.247,46.2073,46.7207
579.309,266.221,45.2969,45.8002
577.138,264.87,46.2073,46.7208
576.592,264.517,45.7498,46.2582
574.18,263.815,45.7498,46.2582
573.626,263.694,45.2969,45.8002
571.388,262.415,46.6694,47.188
570.609,262.546,45.7498,46.2582
569.796,262.647,45.2969,45.8002
568.184,262.261,45.2969,45.8002
566.785,262.246,43.9647,44.4532
565.977,261.779,44.8484,45.3467
564.561,261.263,44.4043,44.8977
563.652,261.04,44.8484,45.3467
562.053,261.057,43.5294,44.0131
561.714,260.78,43.0984,43.5773
561.048,261.091,42.6717,43.1458
560.176,261.133,42.2492,42.7187
559.214,260.584,42.2492,42.7187
556.582,259.348,43.0984,43.5773
556.385,259.617,42.6717,43.1458
555.275,259.802,41.4167,41.8769
554.252,259.291,42.6717,43.1458
553.348,259.613,41.4167,41.8769
552.322,259.599,41.8309,42.2957
551.078,259.337,41.4167,41.8769
550.611,259.559,40.6007,41.0518
549.671,259.142,41.0067,41.4623
548.566,258.764,41.4167,41.8769
548.033,259.133,40.6007,41.0518
547.197,259.033,40.6007,41.0518
546.409,258.869,40.6007,41.0518
545.262,258.004,41.4167,41.8769
545.146,258.48,40.6007,41.0518
544.109,258.375,40.6007,41.0518
543.472,258.261,40.6007,41.0518
542.786,258.249,40.6007,41.0518
542.886,258.914,39.4066,39.8445
542.096,258.884,39.4066,39.8445
541.156,258.88,39.4066,39.8445
540.664,259.055,39.0164,39.45
540.155,259.117,39.0164,39.45
539.104,258.835,39.4066,39.8445
538.673,259.015,39.0164,39.45
538.82,259.79,37.869,38.2897
537.912,259.753,37.869,38.2897
537.443,259.679,38.6301,39.0594
536.802,259.746,37.869,38.2897
536.133,259.709,37.869,38.2897
535.462,259.593,38.6301,39.0594
534.751,259.709,37.869,38.2897
533.997,259.805,37.869,38.2897
534.094,260.128,37.494,37.9106
533.164,259.86,37.869,38.2897
532.479,260.252,37.494,37.9106
531.939,260.084,38.6301,39.0594
531.409,260.697,37.494,37.9106
531.04,260.77,37.494,37.9106
531.319,261.813,36.7553,37.1636
530.022,262.078,36.3913,36.7957
528.829,261.627,37.494,37.9106
529.022,262.736,36.3913,36.7957
528.446,263.091,36.3913,36.7957
528.605,264.886,35.6743,36.0707
527.709,265.216,35.6743,36.0707
526.898,265.608,34.9714,35.3599
526.743,266.587,35.3211,35.7135
526.074,266.62,35.6743,36.0707
524.899,266.507,36.031,36.4314
523.748,266.81,36.3913,36.7957
523.439,267.219,36.3913,36.7957
524.125,268.696,35.6743,36.0707
523.019,269.198,34.9714,35.3599
522.721,269.639,34.9714,35.3599
522.828,271.075,34.6251,35.0098
521.492,270.97,34.9714,35.3599
521.441,271.628,35.3211,35.7135
521.495,272.835,34.2823,34.6632
520.434,273.057,33.9429,34.32
520.222,274.212,34.2823,34.6632
519.968,274.611,34.2823,34.6632
519.054,274.847,33.9429,34.32
518.769,275.218,33.9429,34.32
518.708,275.865,34.6251,35.0098
518.33,276.267,33.9429,34.32
518.192,277.147,34.2823,34.6632
518.117,277.151,33.6068,33.9802
518.105,277.203,33.6068,33.9802
518.522,277.771,32.9446,33.3107
518.333,277.575,33.6068,33.9802
518.789,278.163,32.9446,33.3107
518.928,278.429,32.9446,33.3107
518.983,278.55,32.9446,33.3107
519.022,278.672,32.9446,33.3107
518.934,278.348,33.6068,33.9802
519.622,278.889,32.9446,33.3107
520.332,279.726,31.9757,32.331
520.397,279.758,31.9757,32.331
520.091,279.2,32.9446,33.3107
520.71,279.796,31.9757,32.331
521.479,280.749,31.6591,32.0109
521.351,280.548,32.2955,32.6543
521.669,281.176,31.3457,31.6939
521.173,280.771,32.2955,32.6543
520.928,280.746,31.9757,32.331
521.358,281.574,31.6591,32.0109
521.521,282.115,31.3457,31.6939
521.555,282.26,31.3457,31.6939
521.466,282.49,31.3457,31.6939
520.571,281.96,31.9757,32.331
521.103,282.717,31.6591,32.0109
521.62,283.776,30.728,31.0695
521.135,283.716,30.4238,30.7618
520.803,283.519,31.0353,31.3801
520.195,283.372,31.9757,32.331
520.651,284.322,31.0353,31.3801
520.566,284.539,31.0353,31.3801
520.713,285.12,30.4238,30.7618
520.912,285.76,30.728,31.0695
520.622,285.791,30.4238,30.7618
521.07,286.727,30.1226,30.4573
521.059,287.121,30.1226,30.4573
520.643,287.019,30.728,31.0694
520.841,287.776,30.1226,30.4573
519.799,287.538,30.4238,30.7618
519.816,287.73,30.4238,30.7618
519.811,287.882,30.4238,30.7618
520.157,288.673,29.529,29.8571
520.163,289.119,30.1226,30.4573
519.361,288.826,30.4238,30.7618
520.07,290.1,29.8243,30.1557
519.818,290.032,30.1226,30.4573
519.9,290.451,29.8243,30.1557
520.148,291.061,29.2367,29.5615
520.123,290.995,29.8243,30.1557
520.23,291.232,29.8243,30.1557
520.566,291.535,28.9472,29.2688
520.569,291.395,29.529,29.8571
521.324,291.958,28.9472,29.2688
521.71,292.104,29.529,29.8571
522.474,292.762,28.9472,29.2688
523.21,293.089,28.9472,29.2688
523.994,293.475,28.9472,29.2688
524.648,293.908,28.9472,29.2688
525.84,294.412,28.9472,29.2688
526.736,294.796,28.9472,29.2688
527.902,295.561,28.3768,28.6921
528.938,295.977,28.3768,28.6921
529.888,296.412,28.3768,28.6921
531.751,296.917,28.3768,28.6921
532.354,296.907,28.9472,29.2688
534.202,297.729,28.3768,28.6921
535.932,298.013,28.3768,28.6921
537.801,298.45,28.3768,28.6921
540.099,299.038,28.3768,28.6921
542.04,299.524,28.3768,28.6921
544.07,300.199,28.0959,28.408
546.726,301.885,27.2696,27.5726
548.347,302.04,27.8177,28.1268
550.713,302.253,27.5423,27.8483
552.237,302.35,28.0959,28.408
554.539,303.292,27.5423,27.8483
555.936,303.408,28.0959,28.408
557.98,304.412,27.5423,27.8483
561.111,306.313,26.7323,27.0293
562.41,306.698,26.7323,27.0293
563.229,306.312,27.5423,27.8483
564.986,307.316,27.8177,28.1268
565.503,307.427,27.5423,27.8483
567.5,308.89,27.8177,28.1268
567.891,309.189,27.5423,27.8483
568.859,309.984,26.9996,27.2996
570.147,310.813,26.4676,26.7617
571.113,311.021,26.9996,27.2996
572.928,312.267,26.4676,26.7617
573.723,312.488,26.9996,27.2996
575.024,313.521,26.4676,26.7617
575.792,314.218,26.4676,26.7617
576.612,314.967,26.4676,26.7617
577.651,316.114,25.9461,26.2343
577.812,316.413,26.4676,26.7617
578.352,317.149,26.4676,26.7617
578.628,317.903,26.4676,26.7617
579.288,318.936,25.9461,26.2343
579.814,319.835,25.9461,26.2343
580.013,320.145,26.4676,26.7617
580.343,320.898,26.4676,26.7617
581.114,321.803,25.9461,26.2343
581.177,322.147,26.4676,26.7617
581.808,323.29,25.9461,26.2343
583.033,324.988,25.183,25.4628
582.638,325.277,24.9337,25.2107
582.458,325.451,25.4348,25.7174
582.49,325.945,25.4348,25.7174
582.241,326.315,25.9461,26.2343
582.614,327.101,25.4348,25.7174
582.525,327.615,25.4348,25.7174
582.174,327.677,25.9461,26.2343
582.434,328.584,25.4348,25.7174
582.983,330.002,25.183,25.4628
582.647,330.436,24.4424,24.7139
582.432,330.717,24.9337,25.2107
582.259,331.193,24.9337,25.2107
582.589,332.104,25.183,25.4628
582.23,332.676,24.9337,25.2107
582.192,333.165,24.9337,25.2107
582.502,334.101,25.183,25.4628
582.436,334.719,25.183,25.4628
582.226,335.104,24.4424,24.7139
582.063,335.421,24.9337,25.2107
581.886,335.905,24.9337,25.2107
582.378,336.84,24.6868,24.9611
582.2,337.069,23.9608,24.227
581.81,336.99,24.4424,24.7139
581.606,336.946,24.9337,25.2107
582.407,338.016,24.2004,24.4692
581.849,337.898,23.9608,24.227
581.873,338.035,23.9608,24.227
582.283,338.429,24.2004,24.4692
582.149,338.83,24.2004,24.4692
582.211,339.163,23.7235,23.9871
581.984,338.927,24.2004,24.4693
582.095,339.334,23.7235,23.9871
581.556,339.247,23.4886,23.7496
581.389,339.167,23.9608,24.227
581.372,339.263,23.9608,24.227
581.456,339.627,23.4886,23.7496
581.327,339.96,23.4886,23.7496
581.566,340.309,23.7235,23.9871
581.745,340.479,23.7235,23.9871
580.94,340.003,23.9608,24.227
581.099,340.308,23.4886,23.7496
581.116,340.26,23.4886,23.7496
581.724,340.814,23.2561,23.5145
581.52,340.941,23.2561,23.5145
581.77,341.253,22.7978,23.0511
581.507,340.948,23.2561,23.5145
581.377,340.802,23.2561,23.5145
581.562,341.019,22.7978,23.0511
580.62,340.044,23.4886,23.7496
580.79,340.326,23.7235,23.9871
581.158,340.526,23.2561,23.5145
581.418,340.756,22.7978,23.0511
581.157,340.414,23.2561,23.5145
581.368,340.597,22.7978,23.0511
581.275,340.514,22.7978,23.0511
581.218,340.399,22.7978,23.0511
580.735,339.913,22.5721,22.8229
580.425,339.589,23.0258,23.2817
580.596,339.499,23.0258,23.2817
580.439,339.527,23.0258,23.2817
580.411,339.544,23.0258,23.2817
580.436,339.549,23.0258,23.2817
580.381,339.856,22.5721,22.8229
580.417,340.177,22.7978,23.0511
580.112,340.338,22.7978,23.0511
579.94,340.417,22.7978,23.0511
579.779,340.643,22.7978,23.0511
579.635,340.689,22.7978,23.0511
579.468,340.728,22.7978,23.0511
579.202,340.825,22.7978,23.0511
578.521,340.547,22.5721,22.8229
578.301,340.694,22.5721,22.8229
578.322,340.97,22.7978,23.0511
577.208,340.616,22.5721,22.8229
577.079,340.78,22.7978,23.0511
577.126,341.04,22.1274,22.3732
576.837,341.03,21.6914,21.9324
575.787,340.062,21.9083,22.1517
575.452,339.755,21.9083,22.1517
575.712,340.168,21.6914,21.9324
575.297,339.957,21.6914,21.9324
575.08,339.703,21.6914,21.9324
574.229,338.946,21.4766,21.7152
574.225,339.072,21.6914,21.9324
573.86,338.921,21.6914,21.9324
572.937,338.029,21.9083,22.1517
573.085,338.164,22.1274,22.3732
573.165,338.186,21.6914,21.9324
572.963,338.217,21.264,21.5002
571.825,337.099,21.9083,22.1517
571.585,337.009,21.9083,22.1517
571.321,336.858,21.9083,22.1517
571.973,337.445,21.264,21.5002
571.008,336.415,21.4766,21.7152
570.81,336.238,21.4766,21.7152
571.134,336.381,21.6914,21.9324
571.117,336.464,21.264,21.5002
570.803,336.313,21.264,21.5002
570.891,336.554,20.6386,20.8679
570.418,336.071,21.264,21.5002
570.065,335.962,21.264,21.5002
569.245,335.272,21.4766,21.7152
569.123,335.159,21.4766,21.7152
569.492,335.656,21.264,21.5002
569.075,335.408,21.6914,21.9324
568.818,335.304,21.0534,21.2873
568.659,335.23,21.0534,21.2873
568.75,335.571,20.4342,20.6613
568.163,335.096,21.0534,21.2873
567.956,335.072,21.0534,21.2873
568.302,335.273,21.264,21.5002
568.312,335.519,20.6386,20.8679
568.173,335.507,20.6386,20.8679
568.091,335.472,20.6386,20.8679
567.816,335.417,20.6386,20.8679
567.37,335.108,21.264,21.5002
567.623,335.407,20.6386,20.8679
567.572,335.23,20.6386,20.8679
566.662,334.192,21.0534,21.2873
566.564,334.198,21.0534,21.2873
566.752,334.385,20.4342,20.6613
567.005,334.692,20.6386,20.8679
566.982,334.581,20.6386,20.8679
566.86,334.585,20.6386,20.8679
565.921,333.756,21.0534,21.2873
566.032,333.681,21.0534,21.2873
565.765,333.653,21.0534,21.2873
566.103,333.958,20.4342,20.6613
566.118,333.911,20.4342,20.6613
566.579,334.159,20.0316,20.2542
566.613,333.902,20.4342,20.6613
567.074,334.217,20.0316,20.2542
567.182,333.984,20.4342,20.6613
567.753,334.221,20.0316,20.2542
568.133,334.188,20.0316,20.2542
568.215,334.036,20.4342,20.6613
569.274,335.14,19.8333,20.0536
568.983,334.658,20.0316,20.2542
570.086,335.406,19.6369,19.8551
569.691,334.873,20.0316,20.2542
570.032,334.951,20.0316,20.2542
570.638,335.378,19.4425,19.6585
570.762,335.159,20.0316,20.2542
571.484,335.54,19.4425,19.6585
571.869,335.582,19.4425,19.6585
572.076,335.587,19.4425,19.6585
572.468,335.59,19.4425,19.6585
572.798,335.688,19.4425,19.6585
573.927,336.431,19.25,19.4639
573.559,335.991,19.4425,19.6585
574.313,336.372,19.6369,19.8551
574.206,336.09,19.4425,19.6585
574.082,335.905,20.0316,20.2542
574.952,336.358,19.4425,19.6585
575.894,336.908,19.25,19.4639
576.169,337.095,19.25,19.4639
576.552,337.106,19.25,19.4639
576.992,337.244,19.25,19.4639
577.507,337.254,19.25,19.4639
577.899,337.345,19.25,19.4639
578.3,337.328,19.25,19.4639
578.631,337.343,19.25,19.4639
578.675,337.123,19.6369,19.8551
579.612,337.377,19.25,19.4639
579.624,337.178,19.6369,19.8551
580.3,337.264,19.6369,19.8551
580.865,337.491,19.25,19.4639
581.304,337.557,19.25,19.4639
581.711,337.491,19.6369,19.8551
581.784,337.179,19.4425,19.6585
582.521,337.603,18.8707,19.0804
582.928,337.716,18.8707,19.0804
583.244,337.484,19.4425,19.6585
583.938,337.548,19.4425,19.6585
584.586,337.903,18.8707,19.0804
584.797,337.645,19.4425,19.6585
585.562,338.103,18.8707,19.0804
586.354,338.643,19.25,19.4639
586.763,338.537,18.8707,19.0804
587.185,338.595,18.8707,19.0804
587.667,338.717,18.8707,19.0804
588.226,338.753,18.8707,19.0804
588.625,338.899,18.8707,19.0804
589.551,339.278,18.4989,18.7044
590.712,340.039,18.1344,18.3358
590.903,339.836,18.6838,18.8914
591.62,340.194,18.1344,18.3358
591.513,339.505,18.4989,18.7044
592.811,340.188,18.1344,18.3358
593.315,340.14,18.1344,18.3358
593.43,339.93,18.6838,18.8914
593.993,339.885,18.6838,18.8914
594.399,339.965,18.6838,18.8914
595.136,339.971,18.6838,18.8914
595.133,339.817,18.4989,18.7044
595.685,339.851,18.4989,18.7044
595.982,339.927,18.4989,18.7044
596.823,340.321,17.9548,18.1543
597.174,340.138,18.4989,18.7044
597.929,340.669,17.9548,18.1543
598.695,341.198,18.1344,18.3358
598.742,340.939,17.9548,18.1543
598.954,340.854,18.4989,18.7044
599.918,341.211,17.9548,18.1543
600.108,341.024,18.4989,18.7044
600.816,341.413,17.9548,18.1543
601.216,341.521,17.9548,18.1543
602.142,342.161,18.1344,18.3358
602.331,342.052,17.9548,18.1543
603.2,342.428,18.1344,18.3358
603.812,342.767,18.1344,18.3358
604.255,342.871,18.1344,18.3358
604.668,343.025,18.1344,18.3358
604.717,342.533,18.4989,18.7044
605.841,343.333,18.1344,18.3358
606.39,343.514,18.1344,18.3358
607.176,343.886,17.777,17.9746
607.574,344.001,17.777,17.9746
608.317,344.073,17.777,17.9746
608.917,344.232,17.777,17.9746
609.354,344.349,17.777,17.9746
609.881,344.487,17.777,17.9746
609.768,344.064,17.9548,18.1543
610.305,344.224,17.9548,18.1543
611.079,344.553,17.4268,17.6204
611.966,344.903,17.777,17.9746
612.398,345.011,17.777,17.9746
612.984,345.071,17.777,17.9746
613.592,345.02,17.777,17.9746
613.441,344.371,17.9548,18.1543
613.848,344.398,17.9548,18.1543
614.477,344.688,17.4268,17.6204
614.815,344.724,17.4268,17.6204
615.486,345.105,17.777,17.9746
615.54,345.035,17.777,17.9746
615.62,345.05,17.777,17.9746
615.751,345.094,17.777,17.9746
615.946,345.068,17.777,17.9746
615.598,344.73,17.4268,17.6204
616.458,345.297,17.2542,17.4459
616.235,344.94,17.777,17.9746
615.941,344.579,17.4268,17.6204
616.068,344.476,17.4268,17.6204
616.378,344.752,16.9142,17.1022
616.506,344.66,16.9142,17.1022
616.573,344.671,16.9142,17.1022
617.032,344.969,17.2542,17.4459
617.025,344.851,17.2542,17.4459
617.003,344.551,16.9142,17.1022
617.366,344.879,17.2542,17.4459
616.871,344.297,17.4268,17.6204
616.885,344.32,17.4268,17.6204
616.943,344.278,17.4268,17.6204
617.135,344.29,17.4268,17.6204
617.277,344.307,17.4268,17.6204
617.735,344.609,16.9142,17.1022
617.739,344.595,16.9142,17.1022
617.915,344.689,16.9142,17.1022
617.875,344.483,17.4268,17.6204
618.327,344.718,16.9142,17.1022
618.344,344.684,16.9142,17.1022
618.54,344.767,16.9142,17.1022
618.943,344.98,17.2542,17.4459
618.632,344.698,16.9142,17.1022
619.461,345.31,16.7468,16.9329
619.058,344.777,16.9142,17.1022
619.761,345.163,16.7468,16.9329
619.43,344.651,16.9142,17.1022
619.851,344.883,16.4168,16.5992
619.77,344.56,16.9142,17.1022
620.647,345.074,16.7468,16.9329
620.747,345.032,16.7468,16.9329
620.631,344.62,16.4168,16.5992
620.756,344.198,16.9142,17.1022
620.952,344.164,16.9142,17.1022
621.159,344.088,16.9142,17.1022
621.392,343.946,16.9142,17.1022
622.247,344.409,16.7468,16.9329
621.941,343.865,16.9142,17.1022
622.505,344.118,16.4168,16.5992
622.423,343.785,16.9142,17.1022
622.897,344.044,16.4168,16.5992
623.1,344.041,16.4168,16.5992
623.659,344.376,15.934,16.111
623.543,344.102,16.4168,16.5992
623.764,344.099,16.4168,16.5992
623.979,344.055,16.4168,16.5992
624.255,344.16,16.4168,16.5992
624.52,344.201,16.4168,16.5992
625.244,344.746,16.2543,16.4349
624.79,344.12,16.4168,16.5992
625.568,344.661,16.2543,16.4349
625.833,344.714,16.2543,16.4349
625.732,344.495,16.7468,16.9329
625.872,344.41,16.7468,16.9329
625.868,344.217,16.4168,16.5992
626.202,344.504,16.7468,16.9329
626.71,344.792,16.2543,16.4349
626.845,344.819,16.2543,16.4349
627.341,345.131,15.7762,15.9515
627.538,345.226,15.62,15.7936
627.673,345.243,15.62,15.7936
627.811,345.188,15.62,15.7936
627.424,344.436,15.934,16.111
627.534,344.365,15.934,16.111
628.086,344.578,16.2543,16.4349
627.993,344.222,15.934,16.111
628.164,344.16,15.934,16.111
628.996,344.762,15.62,15.7936
629.223,344.67,15.62,15.7936
628.788,343.933,15.934,16.111
628.93,343.878,15.934,16.111
629.755,344.493,15.62,15.7936
630.044,344.381,15.62,15.7936
630.229,344.323,15.62,15.7936
630.356,344.297,15.62,15.7936
630.242,343.873,15.4654,15.6372
630.748,344.274,15.62,15.7936
630.666,343.848,15.4654,15.6372
631.503,344.521,15.1606,15.3291
631.422,344.29,15.62,15.7936
631.998,344.433,15.1606,15.3291
632.206,344.381,15.1606,15.3291
632.333,344.104,15.62,15.7936
632.089,343.668,15.4654,15.6372
632.287,343.682,15.4654,15.6372
632.488,343.547,15.4654,15.6372
633.366,344.098,15.1606,15.3291
633.648,344.069,15.1606,15.3291
633.957,344.046,15.1606,15.3291
634.238,343.981,15.1606,15.3291
634.287,343.954,15.1606,15.3291
634.073,343.481,15.0105,15.1773
634.261,343.459,15.0105,15.1773
634.969,343.763,15.1606,15.3291
635.259,343.656,15.1606,15.3291
635.403,343.71,15.1606,15.3291
635.977,343.886,14.7148,14.8783
635.998,343.116,15.0105,15.1773
635.957,343.071,15.0105,15.1773
636.086,343.136,15.0105,15.1773
636.831,343.443,15.1606,15.3291
637.139,343.522,15.1606,15.3291
637.467,343.447,15.1606,15.3291
637.734,343.464,15.1606,15.3291
638.226,343.734,14.7148,14.8783
639.167,343.717,14.282,14.4407
639.495,343.78,14.1406,14.2977
639.004,343.356,14.4248,14.5851
639.693,343.779,14.7148,14.8783
640.17,343.721,14.7148,14.8783
640.382,343.69,14.7148,14.8783
640.844,343.626,14.7148,14.8783
640.761,343.007,15.0105,15.1773
641.375,343.362,15.1606,15.3291
642.038,343.622,14.7148,14.8783
642.162,343.525,15.1606,15.3291
642.717,343.351,15.1606,15.3291
642.834,342.862,15.0105,15.1773
643.315,342.804,15.0105,15.1773
643.986,342.955,14.5691,14.731
644.171,342.819,15.0105,15.1773
644.534,342.785,15.0105,15.1773
645.071,342.865,15.0105,15.1773
646,343.087,14.5691,14.731
646.215,342.701,15.0105,15.1773
646.747,342.949,14.5691,14.731
647.184,342.645,15.0105,15.1773
647.769,342.722,15.0105,15.1773
648.425,342.643,15.0105,15.1773
648.782,342.708,15.0105,15.1773
649.426,342.58,15.0105,15.1773
650.424,342.846,14.5691,14.731
650.895,342.444,15.0105,15.1773
651.209,342.416,15.4654,15.6372
652.188,342.454,15.0105,15.1773
652.792,342.959,14.5691,14.731
653.273,342.678,15.0105,15.1773
654.085,342.424,15.0105,15.1773
655.42,343.118,14.7148,14.8783
655.256,342.448,15.0105,15.1773
656.758,343.064,14.7148,14.8783
656.882,342.405,15.0105,15.1773
657.574,342.852,14.5691,14.731
659.057,343.371,14.1406,14.2977
659.923,343.813,13.7247,13.8772
659.938,343.072,14.0006,14.1562
660.578,343.395,13.5888,13.7398
662.225,343.933,13.1892,13.3357
662.946,344.042,13.1892,13.3357
662.973,343.347,13.4543,13.6038
664.169,343.661,13.7247,13.8772
664.68,343.309,13.4543,13.6038
666.185,343.535,13.7247,13.8772
666.8,343.739,13.3211,13.4691
667.159,343.134,13.4543,13.6038
668.643,343.649,13.1892,13.3357
669.684,343.957,12.8013,12.9435
670.514,343.597,13.1892,13.3357
671.283,343.624,13.1892,13.3357
672.277,343.83,12.8013,12.9435
672.573,343.755,12.4248,12.5629
673.449,343.638,12.4248,12.5629
674.882,343.986,12.0594,12.1934
675.571,343.776,12.4248,12.5629
676.568,343.637,12.4248,12.5629
677.718,344.018,12.6746,12.8154
678.583,344.209,12.6746,12.8154
679.399,343.9,12.4248,12.5629
680.37,343.914,12.4248,12.5629
681.141,343.939,12.4248,12.5629
682.206,344.133,12.0594,12.1934
682.927,344.036,12.4248,12.5629
684.979,344.378,12.6746,12.8154
685.361,344.12,12.4248,12.5629
686.762,344.454,12.6746,12.8154
687.138,343.926,12.9293,13.073
688.536,344.37,13.1892,13.3357
689.529,344.229,12.9293,13.073
691.129,344.488,13.1892,13.3357
692.07,344.644,12.8013,12.9435
692.636,344.367,12.4248,12.5629
693.764,344.378,12.4248,12.5629
695.737,344.728,12.6746,12.8154
696.674,345.022,12.3018,12.4385
697.477,344.521,12.4248,12.5629
699.073,344.935,12.6746,12.8154
699.779,344.538,12.4248,12.5629
701.032,344.639,12.4248,12.5629
702.82,345.121,12.18,12.3153
703.497,344.728,12.4248,12.5629
704.438,344.715,12.4248,12.5629
705.688,344.693,12.4248,12.5629
707.101,344.793,12.0594,12.1934
708.112,344.903,11.94,12.0727
709.449,344.951,11.94,12.0727
709.998,344.693,11.94,12.0727
711.453,344.837,11.94,12.0727
712.551,344.801,11.94,12.0727
713.786,345.062,11.94,12.0727
714.934,345.108,11.94,12.0727
714.726,345.025,11.94,12.0727
714.416,345.624,11.7047,11.8348
712.402,345.816,11.3605,11.4867
710.119,345.847,11.1367,11.2604
708.089,345.894,11.1367,11.2604
704.767,345.35,11.4741,11.6016
701.999,345.809,11.7047,11.8348
698.07,345.755,11.7047,11.8348
694.695,345.983,11.7047,11.8348
691.73,345.976,11.7047,11.8348
688.369,345.978,11.7047,11.8348
684.522,345.364,11.94,12.0727
680.169,345.754,12.18,12.3153
676.148,345.857,12.18,12.3153
672.198,345.863,11.8218,11.9531
668.188,345.637,12.18,12.3153
664.275,345.634,11.8218,11.9531
658.823,345.675,12.18,12.3153
654.39,345.517,11.8218,11.9531
650.561,345.553,12.18,12.3153
646.402,344.952,12.4248,12.5629
643.177,345.269,12.18,12.3153
638.772,345.299,11.8218,11.9531
635.358,345.3,12.18,12.3153
632.036,345.387,11.8218,11.9531
628.577,345.319,11.7047,11.8348
625.478,345.651,11.3605,11.4867
622.14,345.478,11.7047,11.8348
619.507,345.029,11.4741,11.6016
617.956,345.5,11.7047,11.8348
616.402,345.666,11.7047,11.8348
614.079,345.144,11.94,12.0727
612.273,345.394,11.94,12.0727
611.394,345.939,11.7047,11.8348
609.997,345.597,11.94,12.0727
609.441,345.761,11.94,12.0727
609.21,345.855,11.5889,11.7176
608.957,345.844,11.94,12.0727
609.227,346.31,11.7047,11.8348
608.713,346.045,11.4741,11.6016
608.526,346.065,11.4741,11.6016
608.81,346.132,11.4741,11.6016
610.085,346.49,11.7047,11.8348
610.48,346.048,11.4741,11.6016
611.717,346.782,11.1367,11.2604
612.014,346.122,11.4741,11.6016
613.126,346.93,11.1367,11.2604
614.546,346.814,11.1367,11.2604
614.44,346.17,11.4741,11.6016
615.713,346.166,11.4741,11.6016
617.135,346.945,11.1367,11.2604
617.859,346.961,10.8091,10.9292
619.208,347.124,10.7021,10.821
619.883,347.269,10.7021,10.821
620.823,347.401,10.7021,10.821
621.023,346.75,10.9172,11.0385
622.099,346.981,10.5962,10.7139
623.363,347.456,10.7021,10.821
623.863,347.102,10.9172,11.0385
624.782,347.196,10.9172,11.0385
625.744,347.426,10.9172,11.0385
627.021,347.977,11.1367,11.2604
627.542,347.416,11.4741,11.6016
628.894,347.576,11.7048,11.8348
629.391,347.654,11.7048,11.8348
629.684,347.309,11.94,12.0727
630.194,347.243,11.5889,11.7176
631.913,347.807,11.7048,11.8348
632.451,347.703,11.7048,11.8348
632.987,347.875,11.7048,11.8348
633.114,347.338,11.94,12.0727
633.632,347.228,11.94,12.0727
634.555,347.468,11.5889,11.7176
635.933,347.987,11.248,11.373
636.371,347.421,11.4741,11.6016
636.629,347.507,11.4741,11.6016
637.298,347.571,11.4741,11.6016
638.69,348.171,11.1367,11.2604
638.901,347.892,10.9172,11.0385
639.749,348.399,11.1367,11.2604
639.992,347.566,11.4741,11.6016
640.43,347.64,11.4741,11.6016
641.316,348.249,11.7048,11.8348
642.067,348.623,11.3605,11.4867
642.808,348.628,11.1367,11.2604
643.462,348.707,11.1367,11.2604
644.24,348.722,11.1367,11.2604
645.17,348.797,11.1367,11.2604
645.715,348.586,11.1367,11.2604
646.875,348.814,11.1367,11.2604
646.914,348.575,11.4741,11.6016
648.352,349.231,11.1367,11.2604
649.297,349.315,11.1367,11.2604
649.449,348.721,11.4741,11.6016
650.293,349.793,11.1367,11.2604
651.232,349.271,10.9172,11.0385
652.172,349.675,11.1367,11.2604
653.843,350.109,11.1367,11.2604
653.843,349.553,10.9172,11.0385
655.851,350.036,11.1367,11.2604
655.886,349.504,11.4741,11.6016
656.819,349.751,11.4741,11.6016
658.736,350.516,11.1367,11.2604
659.789,350.946,10.8091,10.9292
660.974,350.834,11.1367,11.2604
662.072,351.097,10.8091,10.9292
662.561,350.723,10.4912,10.6078
664.339,351.075,10.7021,10.821
665.863,350.977,10.7021,10.821
666.28,350.747,10.3874,10.5028
667.742,350.851,10.7021,10.821
669.233,351.171,10.7021,10.821
670.544,351.066,10.7021,10.821
671.365,351.09,10.7021,10.821
672.387,351.457,10.7021,10.821
673.176,351.554,10.7021,10.821
674.053,350.833,10.9172,11.0385
675.245,350.596,10.9172,11.0385
676.389,350.835,10.5962,10.7139
677.161,350.993,10.9172,11.0385
678.443,350.409,10.9172,11.0385
679.683,350.267,10.5962,10.7139
680.854,350.432,10.9172,11.0385
682.149,350.901,10.7021,10.821
683.032,351.032,10.7021,10.821
683.957,351.466,10.7021,10.821
684.735,350.611,10.9172,11.0385
686.207,351.205,11.1367,11.2604
687.205,350.623,11.4741,11.6016
689.136,351.546,11.1367,11.2604
689.804,350.973,10.9172,11.0385
692.406,351.401,11.1367,11.2604
693.838,351.721,11.1367,11.2604
695.422,351.815,10.8091,10.9292
696.732,351.424,10.4912,10.6078
698.795,352.197,10.1827,10.2958
699.556,352.021,9.88323,9.99304
702.003,353.107,9.68849,9.79614
703.762,352.686,9.68849,9.79614
705.038,351.892,9.40355,9.50804
706.66,353,9.68849,9.79614
707.865,351.786,9.40355,9.50804
709.915,353.063,9.68849,9.79614
710.412,353.562,9.40355,9.50804
713.006,352.769,9.68849,9.79614
713.891,352.23,9.88323,9.99304
715.68,352.841,10.1827,10.2958
717.077,352.844,10.3874,10.5028
718.612,352.589,10.3874,10.5028
720.267,352.643,10.7021,10.821
722.039,353.168,10.7021,10.821
723.232,353.016,10.7021,10.821
725.237,353.391,10.7021,10.821
726.192,352.947,10.3874,10.5028
728.345,353.791,10.7021,10.821
729.115,353.288,10.9172,11.0385
731.103,353.88,10.7021,10.821
732.42,353.689,10.3874,10.5028
734.032,354.107,10.7021,10.821
735.114,354.201,10.7021,10.821
736.272,353.811,10.9172,11.0385
737.724,354.188,10.7021,10.821
739.469,354.719,10.7021,10.821
740.409,354.48,10.7021,10.821
741.742,354.507,10.7021,10.821
742.971,354.766,10.7021,10.821
743.956,354.445,10.9172,11.0385
745.206,354.206,10.5962,10.7139
746.55,354.479,10.9172,11.0385
748.167,354.744,10.7021,10.821
749.198,354.788,10.3874,10.5028
750.994,355.36,10.1827,10.2958
752.866,355.575,10.1827,10.2958
757.147,354.323,9.88323,9.99305
758.749,354.855,10.1827,10.2958
760,355.005,10.1827,10.2958
760.977,354.682,9.88323,9.99305
762.473,354.799,9.59257,9.69915
760.11,355.563,9.40356,9.50804
761.601,355.852,9.68849,9.79614
762.294,355.296,9.88323,9.99305
767.135,354.934,9.88323,9.99305
769.179,355.457,9.68849,9.79614
770.266,355.397,9.68849,9.79614
771.266,355.48,9.68849,9.79614
772.079,355.735,9.68849,9.79614
772.631,355.295,9.88323,9.99305
774.416,355.39,10.1827,10.2958
774.686,354.804,10.3874,10.5028
775.546,355.216,10.7021,10.821
776.007,355.533,10.7021,10.821
776.103,354.778,10.3874,10.5028
776.136,354.719,10.3874,10.5028
776.744,354.924,10.7021,10.821
776.708,355.062,10.7021,10.821
776.744,355.111,10.7021,10.821
776.288,354.784,10.3874,10.5028
781.791,353.687,10.7021,10.821
780.948,353.307,10.9172,11.0385
775.85,355.445,10.7021,10.821
774.45,354.665,10.9172,11.0385
774.079,354.847,10.5962,10.7139
773.87,355.885,10.2845,10.3988
778.387,355.03,10.1827,10.2958
773.017,356.244,10.1827,10.2958
771.047,355.524,10.3874,10.5028
770.109,355.858,10.3874,10.5028
766.508,357.039,10.1827,10.2958
765.671,357.12,10.1827,10.2958
764.293,356.827,9.88323,9.99305
763.492,357.076,9.59257,9.69915
762.482,357.222,9.40356,9.50804
761.351,357.137,9.40356,9.50804
760.608,357.207,9.40356,9.50804
759.943,357.117,9.40356,9.50804
759.271,357.078,9.40356,9.50804
758.402,357.276,9.40356,9.50804
758.766,357.535,9.68849,9.79614
757.537,357.188,9.88323,9.99305
756.596,357.331,9.59257,9.69915
756.868,358.041,9.31045,9.4139
756.704,357.72,9.127,9.22841
755.689,357.741,8.85858,8.95701
754.805,358.024,8.68403,8.78052
753.454,357.746,8.94716,9.04658
752.594,357.989,8.94716,9.04658
751.84,357.651,8.94716,9.04658
750.788,357.539,8.94716,9.04658
750.611,357.935,9.127,9.22841
748.603,357.807,9.127,9.22841
746.434,357.476,9.40356,9.50804
744.597,357.683,9.40356,9.50804
742.39,357.222,9.40356,9.50804
741.209,357.769,9.6885,9.79615
740.087,361.844,9.6885,9.79615
737.779,362.233,9.40356,9.50804
736.317,361.743,9.127,9.22841
734.216,362.082,9.127,9.22841
732.212,362.403,8.85858,8.95701
730.135,362.156,8.59805,8.69358
728.392,362.388,8.34518,8.43791
726.642,362.739,8.18075,8.27165
723.89,362.319,8.18075,8.27165
721.889,362.292,8.42863,8.52228
720.066,363.014,8.68403,8.78052
717.592,361.504,8.42863,8.52228
715.684,362.155,8.42863,8.52228
713.618,362.709,8.18075,8.27165
711.955,362.792,8.42863,8.52228
709.782,363.071,8.68403,8.78052
707.541,363.396,8.68403,8.78052
706.542,363.737,8.68403,8.78052
703.331,363.12,8.68403,8.78052
702.562,366.387,8.68403,8.78052
699.223,363.36,8.68403,8.78052
697.447,363.739,8.68403,8.78052
695.217,363,8.94716,9.04658
692.904,363.544,9.127,9.22841
691.308,363.89,8.85858,8.95701
689.24,363.475,9.127,9.22841
687.105,363.444,9.127,9.22841
685.281,364.055,9.127,9.22841
683.323,364.099,9.127,9.22841
680.976,364.021,9.127,9.22841
679.296,364.576,8.85858,8.95701
678.204,364.323,8.68403,8.78052
676.363,364.368,8.68403,8.78052
675.252,365.049,8.68403,8.78052
673.527,364.383,8.94716,9.04658
672.513,364.872,8.68403,8.78052
670.957,365.022,8.94716,9.04658
670.33,365.193,9.127,9.22841
668.412,365.127,8.94717,9.04658
668.256,365.218,9.127,9.22841
666.79,364.865,9.40356,9.50804
666.579,365.76,9.127,9.22841
665.454,365.834,9.127,9.22841
663.679,365.222,9.40356,9.50804
662.998,365.625,9.6885,9.79615
661.744,365.734,9.6885,9.79615
659.842,365.612,9.40356,9.50804
659.102,366.314,9.127,9.22841
656.663,365.943,8.94717,9.04658
655.56,366.265,9.127,9.22842
654.103,366.682,9.127,9.22842
652.937,366.72,9.127,9.22842
651.948,366.789,9.127,9.22842
650.695,366.365,9.40356,9.50805
650.394,366.79,9.6885,9.79615
650.019,366.639,9.6885,9.79615
649.713,366.585,9.6885,9.79615
648.861,366.289,9.88324,9.99305
648.494,366.597,9.88324,9.99305
648.817,367.218,9.6885,9.79615
648.22,366.67,9.88324,9.99305
648.581,367.364,10.1827,10.2958
648.534,367.247,10.1827,10.2958
648.201,367.452,10.1827,10.2958
647.698,367.13,9.88324,9.99305
647.654,367.254,9.88324,9.99305
647.955,367.748,9.6885,9.79615
647.978,368.216,9.6885,9.79615
648.246,368.349,9.6885,9.79615
647.963,368.421,9.6885,9.79615
647.295,367.832,9.88324,9.99305
647.687,368.637,9.6885,9.79615
647.753,368.7,9.6885,9.79615
647.622,368.817,9.6885,9.79615
647.598,368.739,9.6885,9.79615
646.63,368.291,9.88324,9.99305
646.897,368.946,9.6885,9.79615
645.931,368.518,9.88324,9.99305
645.885,368.932,9.6885,9.79615
645.008,368.675,9.88324,9.99305
644.868,369.255,10.1827,10.2958
643.658,368.796,10.3874,10.5028
643.31,369.425,10.1827,10.2959
642.182,369.665,10.1827,10.2959
641.306,369.768,10.1827,10.2959
639.574,369.477,10.3874,10.5028
639.078,370.106,10.1827,10.2959
637.668,369.849,9.88324,9.99305
636.916,370.535,10.1827,10.2959
635.644,370.239,10.3874,10.5028
634.75,370.406,10.3874,10.5028
634.562,370.904,10.7021,10.821
633.896,371.109,10.7021,10.821
633.034,371.468,10.7021,10.821
632.449,371.229,10.3874,10.5028
631.974,371.485,10.3874,10.5028
631.855,372.188,10.7021,10.821
630.908,371.773,10.9172,11.0385
631.063,372.157,10.5962,10.7139
631.275,372.89,10.7021,10.821
631.377,373.147,10.7021,10.821
630.966,373.167,10.3874,10.5028
630.606,373.389,10.3874,10.5028
630.359,373.729,10.3874,10.5028
630.605,374.47,10.7021,10.821
630.31,374.729,10.7021,10.821
629.69,374.509,10.3874,10.5028
629.555,374.87,10.3874,10.5028
629.573,375.303,10.3874,10.5028
629.443,375.499,10.3874,10.5028
629.8,376.15,10.7021,10.821
629.146,375.81,10.9172,11.0385
629.357,376.294,11.1367,11.2604
629.159,376.645,10.8092,10.9293
629.126,376.721,11.1367,11.2604
629.093,377.001,11.1367,11.2604
628.473,376.642,10.9172,11.0385
628.348,376.811,10.9172,11.0385
628.38,377.01,10.9172,11.0385
628.507,377.525,11.1367,11.2604
627.822,376.868,11.4741,11.6016
627.692,377.056,11.4741,11.6016
627.531,377.196,11.4741,11.6016
628.019,378.008,11.1367,11.2604
627.257,377.553,11.4741,11.6016
627.142,378.109,11.7048,11.8348
626.448,377.856,11.4741,11.6016
625.891,378.087,11.4741,11.6016
625.889,378.725,11.7048,11.8348
624.709,378.328,11.94,12.0727
624.333,378.582,11.5889,11.7176
624.376,379.407,11.7048,11.8348
623.841,379.62,11.7048,11.8348
622.79,379.284,11.94,12.0727
622.521,379.709,11.94,12.0727
622.261,380.335,12.18,12.3154
621.709,380.565,12.18,12.3154
621.511,381.036,11.8218,11.9532
620.4,380.926,11.94,12.0727
620.267,381.504,12.18,12.3154
619.746,381.809,12.18,12.3154
619.467,382.217,11.8218,11.9532
618.424,381.582,11.94,12.0727
617.721,381.938,11.94,12.0727
617.312,382.131,11.94,12.0727
616.997,382.204,11.94,12.0727
617.391,382.931,11.7048,11.8348
616.708,382.425,11.94,12.0727
616.529,382.632,11.94,12.0727
616.357,382.695,11.94,12.0727
616.355,382.867,11.94,12.0727
616.366,383.117,11.94,12.0727
616.613,383.529,11.94,12.0727
616.726,384.137,12.18,12.3154
617.018,384.347,12.18,12.3154
616.671,384.413,12.18,12.3154
617,385.013,12.18,12.3154
616.813,385.15,12.18,12.3154
615.861,384.879,12.4248,12.5629
616.547,385.616,12.6746,12.8154
616.338,385.972,12.6746,12.8154
616.016,386.361,12.6746,12.8154
615.629,386.403,12.4248,12.5629
615.409,386.596,12.4248,12.5629
615.176,386.859,12.4248,12.5629
615.163,387.321,12.0594,12.1934
615.014,387.421,12.4248,12.5629
615.371,387.997,12.6746,12.8154
615.013,387.568,12.4248,12.5629
615.386,388.393,12.18,12.3154
615.493,388.504,12.18,12.3154
615.638,388.796,12.18,12.3154
615.411,388.839,12.18,12.3154
614.63,388.341,12.4248,12.5629
614.427,388.562,12.4248,12.5629
614.832,389.117,12.6746,12.8154
614.752,389.378,12.6746,12.8154
614.577,389.635,12.6746,12.8154
613.948,389.839,12.4248,12.5629
614.153,390.57,12.6746,12.8154
613.369,390.603,12.9293,13.073
613.669,391.214,13.1892,13.3358
613.201,391.197,13.1892,13.3358
612.467,390.919,13.4543,13.6038
612.89,391.399,13.7248,13.8773
612.361,391.154,13.4543,13.6038
612.581,391.727,13.7248,13.8773
612.43,391.831,13.7248,13.8773
612.48,392.284,13.7248,13.8773
612.269,392.193,14.1406,14.2978
612.367,392.676,14.1406,14.2978
612.211,392.947,14.1406,14.2978
611.84,393.036,14.1406,14.2978
611.267,393.083,14.0006,14.1562
611.429,393.895,14.1406,14.2978
610.77,393.836,14.0006,14.1562
610.827,394.431,13.5889,13.7399
610.391,394.549,14.0006,14.1562
610.664,395.335,14.1406,14.2978
610.727,395.958,13.7248,13.8773
609.901,395.572,14.0006,14.1562
609.828,396.054,13.5889,13.7399
610.334,396.514,13.7248,13.8773
609.566,395.893,14.0006,14.1562
609.905,396.084,14.1406,14.2978
609.757,396.205,14.1406,14.2978
609.714,396.146,14.1406,14.2978
609.418,396.036,14.1406,14.2978
608.332,395.319,14.4249,14.5851
607.93,395.233,14.4249,14.5851
607.818,395.433,14.0006,14.1562
607.64,395.287,14.0006,14.1562
607.822,395.658,14.1406,14.2978
607.681,395.519,14.1406,14.2978
607.508,395.319,14.1406,14.2978
606.865,394.324,14.4249,14.5851
606.789,393.954,14.4249,14.5851
607.396,394.333,14.1406,14.2978
606.98,393.783,14.1406,14.2978
606.336,393.019,14.4249,14.5851
605.942,392.525,14.4249,14.5851
605.893,392.522,14.4249,14.5851
605.754,392.022,14.4249,14.5851
605.914,391.969,14.7148,14.8783
605.804,391.669,14.7148,14.8783
605.646,391.409,14.7148,14.8783
605.511,390.993,15.1607,15.3291
605.139,390.584,15.6201,15.7936
605.089,390.161,15.6201,15.7936
605.015,389.995,15.6201,15.7936
604.1,389.174,15.4654,15.6372
604.038,388.964,15.4654,15.6372
604.497,389.328,15.1607,15.3291
604.235,389.135,15.1607,15.3291
603.757,388.579,15.6201,15.7936
603.47,388.298,15.6201,15.7936
603.462,388.183,15.1607,15.3291
603.086,387.537,15.6201,15.7936
602.847,387.2,15.6201,15.7936
602.987,387.03,15.1607,15.3291
602.661,386.504,15.6201,15.7936
601.656,385.476,15.4654,15.6372
602.146,385.331,15.6201,15.7936
601.742,384.652,15.6201,15.7936
601.57,384.078,15.6201,15.7936
600.808,383.117,15.4654,15.6372
600.518,382.411,15.4654,15.6372
600.712,382.561,15.1607,15.3291
600.344,381.58,15.6201,15.7936
599.904,381.112,15.6201,15.7936
599.499,380.296,15.6201,15.7936
598.778,379.307,15.4654,15.6372
598.352,378.847,15.934,16.1111
597.51,377.788,16.4168,16.5992
597.725,377.769,16.7468,16.9329
596.71,376.756,16.4168,16.5992
596.591,376.692,16.7468,16.9329
596.653,376.43,16.2543,16.4349
596.202,375.423,16.4168,16.5992
596.712,375.213,16.7468,16.9329
596.353,374.366,16.4168,16.5992
596.326,373.712,16.4168,16.5992
596.385,373.23,16.4168,16.5992
596.63,372.619,16.4168,16.5992
596.362,371.903,16.9143,17.1022
596.503,371.281,16.9143,17.1022
596.643,370.582,16.9143,17.1022
596.777,370.315,16.4168,16.5992
596.645,369.21,16.9143,17.1022
597.013,369.268,17.2543,17.446
596.031,368.32,16.9143,17.1022
596.395,368.391,16.7468,16.9329
595.351,367.308,16.9143,17.1022
595.386,367.037,17.2543,17.446
594.37,366.295,17.7771,17.9746
593.297,365.246,17.9549,18.1544
593.751,365.559,17.7771,17.9746
592.587,364.517,17.9549,18.1544
592.329,364.398,17.4268,17.6204
591.516,363.943,17.7771,17.9746
590.769,363.086,17.4268,17.6204
589.995,362.519,17.9549,18.1544
589.38,361.706,17.9549,18.1544
590.189,362.457,18.1344,18.3359
589.42,361.267,18.4989,18.7044
589.356,361.206,18.4989,18.7044
588.295,360.074,18.4989,18.7044
588.597,360.229,18.1344,18.3359
589.72,360.608,18.6839,18.8915
589.012,359.622,19.25,19.4639
587.955,358.186,19.4425,19.6586
588.498,358.6,19.25,19.4639
588.401,358.056,18.8707,19.0804
588.37,357.851,19.25,19.4639
587.401,357.208,19.25,19.4639
586.743,356.199,19.4425,19.6586
587.185,356.102,19.4425,19.6586
585.92,355.41,19.4425,19.6586
586.824,355.951,19.25,19.4639
585.931,355.072,19.637,19.8551
585.497,354.249,20.0317,20.2542
585.102,353.761,19.4425,19.6586
584.218,352.929,20.0317,20.2542
583.607,352.343,20.0317,20.2542
584.416,352.694,20.6386,20.868
583.301,351.62,20.4343,20.6613
582.824,351.369,20.0317,20.2542
582.423,350.931,20.0317,20.2542
582.358,350.674,20.0317,20.2542
581,350.175,20.4343,20.6613
580.809,350.066,20.4343,20.6613
581.32,350.371,20.6386,20.868
581.026,350.259,20.232,20.4568
581.51,349.981,20.6386,20.868
580.994,348.75,21.0535,21.2874
581.828,349.054,21.6914,21.9324
582.487,348.658,21.0535,21.2874
583.245,348.88,21.6914,21.9324
583.564,348.129,21.4767,21.7153
585.071,348.634,21.6914,21.9324
585.817,348.032,21.6914,21.9324
586.305,347.74,21.0535,21.2874
587.374,347.874,21.264,21.5003
587.07,346.477,21.9083,22.1518
589.33,346.924,21.264,21.5003
589.774,346.46,21.0535,21.2874
591.103,346.307,21.6914,21.9324
591.611,346.121,21.6914,21.9324
591.984,344.952,22.1274,22.3733
593.245,344.643,22.1274,22.3733
593.468,343.683,22.5722,22.823
595.353,344.209,23.2561,23.5145
593.87,342.85,23.2561,23.5145
594.915,341.963,23.4887,23.7497
595.941,342.451,22.7979,23.0512
596.408,342.251,23.2561,23.5145
596.797,341.956,23.7236,23.9872
596.687,341.278,23.7236,23.9872
596.503,341.226,23.4887,23.7497
597.215,340.225,23.9608,24.2271
598.411,340.363,24.6869,24.9612
598.972,341.199,24.2004,24.4693
598.693,340.573,24.2004,24.4693
600.269,340.994,24.6869,24.9612
601.393,341.209,24.6869,24.9612
602.371,341.023,24.2004,24.4693
603.141,340.488,24.4424,24.714
605.899,341.068,25.1831,25.4629
608.255,340.665,24.9337,25.2108
609.713,340.754,25.6892,25.9747
611.192,340.891,25.4349,25.7175
613.574,341.348,26.2056,26.4968
614.934,341.146,25.4349,25.7175
617.378,341.43,26.2056,26.4968
619.754,341.98,25.6892,25.9747
620.889,342.382,25.6892,25.9747
621.739,341.92,26.4677,26.7617
623.723,341.931,27.2697,27.5726
626.089,342.788,27.2697,27.5726
628.141,343.036,26.4677,26.7617
629.332,343.244,26.4677,26.7617
630.117,343.616,27.2697,27.5726
631.106,343.655,27.2697,27.5726
631.046,343.293,28.0959,28.4081
631.7,343.396,28.6607,28.9791
632.754,344.279,27.8178,28.1269
633.517,344.405,27.8178,28.1269
633.512,344.301,28.6607,28.9791
634.467,344.664,29.2368,29.5616
634.897,344.917,28.6607,28.9791
635.011,344.894,28.0959,28.4081
635.964,345.182,28.3769,28.6922
635.468,345.241,29.2368,29.5616
635.72,345.247,29.8244,30.1558
635.211,344.934,30.7281,31.0695
636.513,345.621,29.8244,30.1558
636.667,345.825,30.1227,30.4574
637.189,346.266,30.7281,31.0695
636.564,346.424,31.3458,31.694
636.969,346.373,30.4239,30.7619
638.148,346.571,31.0354,31.3802
640.207,347.248,31.6592,32.011
640.759,347.571,31.9758,32.3311
641.924,348.296,31.9758,32.3311
645.485,350.514,31.3458,31.694
645.501,350.407,31.9758,32.3311
645.958,351.075,32.6185,32.9809
646.241,351.543,33.6069,33.9803
647.987,353.284,33.6069,33.9803
651.317,356.282,32.6185,32.9809
650.419,356.216,33.6069,33.9803
652.604,358.976,32.6185,32.9809
653.624,360.357,33.2742,33.6439
654.248,362.274,33.6069,33.9803
655.106,364.003,33.943,34.3201
657.144,367.223,32.9447,33.3108
658.008,369.538,32.9447,33.3108
659.032,372.03,32.9447,33.3108
659.705,375.326,32.9447,33.3108
660.074,377.283,33.943,34.3201
659.484,379.302,33.943,34.3201
660.466,381.955,33.943,34.3201
660.533,383.957,34.9715,35.36
662.17,388.117,33.943,34.3201
661.382,389.855,34.9715,35.36
662.211,392.359,35.6744,36.0708
661.168,393.904,36.3915,36.7958
661.631,396.382,37.1229,37.5354
662.457,399.371,36.3915,36.7958
663.602,402.364,37.1229,37.5354
663.757,404.958,37.1229,37.5354
663.977,406.514,37.4942,37.9108
664.274,408.911,38.6303,39.0595
664.578,411.681,39.0166,39.4501
665.461,414.529,37.8691,38.2899
666.393,416.771,39.0166,39.4501
668.766,419.637,37.8691,38.2899
670.348,422.384,38.6303,39.0595
672.193,425.445,39.0166,39.4501
673.457,428.074,40.1988,40.6455
674.351,429.286,41.4169,41.8771
675.583,433.634,41.831,42.2958
675.51,434.636,43.0986,43.5774
676.383,438.098,44.4045,44.8979
677.764,440.839,43.9648,44.4533
678.557,443.747,45.297,45.8003
680.04,446.514,44.4045,44.8979
681.318,449.358,45.75,46.2583
683.137,453.524,44.8485,45.3469
684.028,456.641,44.4045,44.8979
683.582,459.509,45.75,46.2583
683.585,462.284,46.6696,47.1881
681.258,463.794,48.0837,48.618
681.807,468.653,48.0837,48.618
683.386,473.226,46.6696,47.1881
682.054,476.435,47.1363,47.66
680.158,478.63,48.5645,49.1041
680.076,483.114,49.0502,49.5952
676.657,486.942,50.5365,51.098
675.181,490.744,51.5522,52.125
675.928,496.227,50.0361,50.592
674.443,499.828,50.5365,51.098
671.45,502.678,52.0678,52.6463
672.586,511.656,53.1143,53.7045
671.077,515.678,53.1143,53.7045
669.631,520.922,54.1819,54.7839
668.404,524.897,53.1143,53.7045
667.171,528.388,54.7237,55.3318
668.737,537.203,54.7237,55.3318
667.604,540.843,55.271,55.8851
667.991,546.011,54.1819,54.784
666.602,549.497,55.8237,56.444
