736.493,308.497,91,91
735.458,308.681,91,91
733.135,309.177,91,91
730.308,310.023,91,91
727.148,310.154,91.91,91.91
726.535,311.58,89.2069,89.2069
722.471,309.815,91.91,91.91
720.132,309.411,92.8291,92.8291
717.68,309.484,92.8291,92.8291
715.311,309.724,91.91,91.91
713.58,309.404,92.8291,92.8291
712.347,309.853,91.91,91.91
710.592,310.198,92.8291,92.8291
709.041,311.196,92.8291,92.8291
706.832,312.369,91.91,91.91
704.521,313.252,91,91
702.11,313.225,92.8291,92.8291
700.778,313.344,92.8291,92.8291
698.52,312.877,93.7574,93.7574
696.411,312.923,93.7574,93.7574
694.15,313.364,92.8291,92.8291
690.475,311.858,94.695,94.695
688.371,311.514,93.7574,93.7574
686.282,310.677,92.8291,92.8291
683.93,308.642,93.7574,93.7574
682.284,307.595,92.8291,92.8291
678.659,304.859,95.6419,95.6419
677.044,305.941,92.8291,92.8291
673.919,304.946,93.7574,93.7574
670.945,304.389,94.695,94.695
668.907,304.76,93.7574,93.7574
667.09,304.393,93.7574,93.7574
665.485,303.129,93.7574,93.7574
663.532,301.545,93.7574,93.7574
660.937,298.38,95.6419,95.6419
659.486,296.09,95.6419,95.6419
657.81,293.689,95.6419,95.6419
656.381,291.435,95.6419,95.6419
653.099,288.179,97.5643,97.5643
651.157,287.137,96.5983,96.5983
648.947,286.485,95.6419,95.6419
646.438,286.099,94.695,94.695
643.502,285.861,93.7574,93.7574
639.198,284.666,95.6419,95.6419
636.485,284.189,95.6419,95.6419
633.495,284.409,95.6419,95.6419
629.384,283.716,96.5983,96.5983
625.794,283.64,96.5983,96.5983
623.555,284.132,95.6419,95.6419
623.071,284.837,93.7574,93.7574
622.273,283.647,95.6419,95.6419
622.657,283.196,95.6419,95.6419
622.559,282.586,96.5983,96.5983
623.493,282.61,96.5983,96.5983
624.573,282.772,96.5983,96.5983
626.081,282.674,96.5983,96.5983
626.784,281.914,98.54,98.54
628.246,281.838,99.5254,99.5254
630.618,283.939,97.5643,97.5643
631.073,285.276,97.5643,97.5643
631.178,286.23,98.54,98.54
631.375,288.212,98.54,98.54
631.799,291.132,98.54,98.54
631.502,293.346,99.5254,99.5254
632.37,297.068,97.5643,97.5643
631.539,298.291,99.5254,99.5254
631.934,300.288,99.5254,99.5254
633.602,301.867,99.5254,99.5254
636.82,303.925,97.5643,97.5643
639.093,304.221,98.54,98.54
641.568,304.378,98.54,98.54
643.842,304.147,99.5254,99.5254
647.399,304.25,98.54,98.54
650.589,303.819,98.54,98.54
652.741,302.905,99.5254,99.5254
654.99,303.336,98.54,98.54
655.057,302.442,99.5254,99.5254
655.269,302.71,98.54,98.54
652.682,301.462,101.526,101.526
651.482,302.86,99.5254,99.5254
648.545,303.405,100.521,100.521
646.724,304.565,100.521,100.521
645.147,306.636,99.5253,99.5253
643.014,308.625,99.5253,99.5253
640.97,311.378,98.5399,98.5399
637.813,312.26,100.521,100.521
635.452,313.274,101.526,101.526
635.82,315.547,98.5399,98.5399
633.998,314.999,101.526,101.526
633.953,315.901,101.526,101.526
635.143,317.723,99.5254,99.5254
634.24,316.867,101.526,101.526
636.154,318.744,98.5399,98.5399
635.72,317.868,99.5253,99.5253
635.614,317.229,99.5253,99.5253
635.798,316.32,98.5399,98.5399
634.648,314.36,98.5399,98.5399
630.921,310.764,101.526,101.526
628.387,308.969,100.521,100.521
624.374,306.837,100.521,100.521
619.577,304.497,101.526,101.526
615.871,304.343,99.5253,99.5253
611.509,303.164,100.521,100.521
607.604,302.051,101.526,101.526
605.198,301.989,101.526,101.526
605.72,303.467,98.5399,98.5399
603.904,301.961,101.526,101.526
604.329,301.906,101.526,101.526
606.121,303.377,98.5399,98.5399
604.845,301.872,101.526,101.526
605.684,301.675,101.526,101.526
606.486,301.075,101.526,101.526
607.649,301.306,101.526,101.526
608.223,300.894,103.566,103.566
610.164,302.337,102.541,102.541
612.773,304.752,99.5253,99.5253
613.317,304.268,101.526,101.526
614.697,303.94,101.526,101.526
616.604,303.223,101.526,101.526
619.48,302.553,99.5253,99.5253
621.819,300.731,99.5253,99.5253
624.543,297.885,100.521,100.521
626.649,293.858,103.566,103.566
630.474,290.927,104.602,104.602
634.802,288.569,105.648,105.648
639.528,287.564,103.566,103.566
645.013,287.959,100.521,100.521
646.951,285.85,103.566,103.566
649.64,285.308,105.648,105.648
652.668,285.713,104.602,104.602
656.148,287.356,101.526,101.526
656.94,285.905,103.566,103.566
658.88,285.255,103.566,103.566
662.017,284.837,101.526,101.526
664.537,282.564,101.526,101.526
665.263,278.409,104.602,104.602
667.37,275.648,105.648,105.648
669.236,273.494,104.602,104.602
670.218,271.202,106.705,106.705
672.608,271.671,104.602,104.602
675.212,273.133,101.526,101.526
674.614,272.172,104.602,104.602
675.647,273.142,102.541,102.541
673.728,272.14,104.602,104.602
672.058,271.821,105.648,105.648
671.223,272.686,103.567,103.567
668.394,271.308,104.602,104.602
666.61,271.655,102.541,102.541
661.76,269.658,104.602,104.602
658.362,269.9,102.541,102.541
653.125,268.001,105.648,105.648
647.516,266.631,107.772,107.772
646.431,268.552,104.602,104.602
644.807,269.722,103.567,103.567
642.204,270.67,104.602,104.602
639.512,272.118,105.648,105.648
636.834,274.387,105.648,105.648
632.839,274.949,107.772,107.772
631.2,276.793,108.849,108.849
632.16,282.011,105.648,105.648
628.612,282.307,108.849,108.849
629.643,287.87,105.648,105.648
627,289.293,107.772,107.772
625.973,292.689,107.772,107.772
626.455,298.204,106.705,106.705
624.934,299.77,108.849,108.849
625.269,303.119,107.772,107.772
626.703,308.09,105.648,105.648
623.768,307.688,108.849,108.849
621.45,309.217,108.849,108.849
619.407,311.089,107.772,107.772
615.935,311.364,108.849,108.849
612.851,312.879,107.772,107.772
609.328,313.33,107.772,107.772
604.732,312.519,108.849,108.849
601.032,312.661,107.772,107.772
597.012,312.204,107.772,107.772
593.734,311.002,108.849,108.849
592.174,309.665,109.938,109.938
594.653,311.464,106.705,106.705
594.385,310.009,107.772,107.772
595.892,309.632,107.772,107.772
596.867,308.382,109.938,109.938
599.36,308.013,109.938,109.938
604.606,309.827,106.705,106.705
605.48,307.27,109.938,109.938
609.654,307.923,107.772,107.772
611.593,305.997,111.037,111.037
615.466,306.375,109.938,109.938
619.482,306.204,108.849,108.849
623.004,305.505,109.938,109.938
625.64,303.613,112.148,112.148
629.536,303.311,112.148,112.148
635.319,304.544,108.849,108.849
638.627,304.034,109.938,109.938
641.337,302.739,112.148,112.148
645.973,303.629,109.938,109.938
648.958,302.192,113.269,113.269
652.423,301.953,113.269,113.269
655.451,301.447,113.269,113.269
658.719,299.424,114.402,114.402
663.168,298.419,113.269,113.269
666.508,296.272,113.269,113.269
668.869,294.396,113.269,113.269
669.904,292.542,113.269,113.269
669.959,291.206,113.269,113.269
669.793,290.459,113.269,113.269
668.381,288.802,114.402,114.402
668.557,288.108,112.148,112.148
668.258,287.312,113.269,113.269
667.969,287.456,113.269,113.269
666.932,287.4,112.148,112.148
665.518,287.577,112.148,112.148
664.843,288.742,113.269,113.269
662.381,288.072,116.701,116.701
660.903,287.981,117.868,117.868
659.969,289.284,117.868,117.868
658.687,290.575,117.868,117.868
656.741,292.422,117.868,117.868
655.257,294.129,117.868,117.868
653.704,296.091,117.868,117.868
652.174,297.368,119.047,119.047
651.561,299.272,119.047,119.047
650.468,300.18,120.237,120.237
650.542,302.19,119.047,119.047
649.395,303.887,119.047,119.047
649.195,305.47,117.868,117.868
648.294,306.255,119.047,119.047
647.1,307.191,120.237,120.237
647.259,308.506,119.047,119.047
646.751,308.955,119.047,119.047
646.621,309.227,119.047,119.047
645.99,309.838,119.047,119.047
645.432,310.502,119.047,119.047
644.707,311.398,119.047,119.047
644.461,312.394,119.047,119.047
644.488,313.166,119.047,119.047
643.748,313.41,120.237,120.237
643.752,313.999,120.237,120.237
643.671,314.874,120.237,120.237
643.468,315.765,120.237,120.237
642.886,316.697,120.237,120.237
640.747,315.878,123.881,123.881
640.445,317.184,123.881,123.881
639.558,318.239,123.881,123.881
640.934,321.121,120.237,120.237
641.075,322.156,119.047,119.047
640.372,322.113,120.237,120.237
638.138,320.53,123.881,123.881
638.025,320.741,123.881,123.881
637.264,320.379,125.12,125.12
636.376,321.155,125.12,125.12
635.689,321.873,125.12,125.12
633.904,320.643,128.911,128.911
635.264,323.823,125.12,125.12
634.915,324.736,125.12,125.12
632.665,323.548,128.911,128.911
633.538,326.654,125.12,125.12
632.749,328.007,123.881,123.881
631.665,328.295,123.881,123.881
630.481,327.557,126.371,126.371
629.477,327.901,125.12,125.12
628.633,327.995,125.12,125.12
627.661,328.69,125.12,125.12
626.674,328.883,125.12,125.12
624.262,326.995,128.911,128.911
625.894,328.718,125.12,125.12
623.437,326.601,128.911,128.911
623.022,326.674,128.911,128.911
621.382,326.108,130.2,130.2
620.411,326.578,130.2,130.2
619.245,327.54,130.2,130.2
618.325,329.043,130.2,130.2
615.568,328.595,132.817,132.817
614.973,330.719,130.2,130.2
613.223,331.494,130.2,130.2
611.923,332.548,128.911,128.911
611.561,333.212,127.634,127.634
609.208,330.837,131.502,131.502
608.931,331.103,128.911,128.911
606.969,329.341,131.502,131.502
604.038,326.511,132.817,132.817
604.067,327.806,128.911,128.911
602.989,327.291,128.911,128.911
600.397,324.393,132.817,132.817
599.316,322.847,135.487,135.487
598.141,322.056,134.145,134.145
597.087,321.296,132.817,132.817
595.605,319.354,134.145,134.145
595.234,318.085,135.487,135.487
594.765,318.105,132.817,132.817
591.454,315.357,136.841,136.841
591.306,315.872,134.145,134.145
590.145,314.795,135.487,135.487
591.23,316.157,131.502,131.502
588.903,312.014,135.487,135.487
586.88,308.357,136.841,136.841
587.032,307.729,135.487,135.487
586.652,306.476,135.487,135.487
585.956,304.993,135.487,135.487
584.419,301.256,139.592,139.592
583.345,297.961,142.398,142.398
585.046,297.279,138.21,138.21
586.354,297.057,135.487,135.487
584.433,294.011,138.21,138.21
584.352,292.646,138.21,138.21
584.859,290.976,139.592,139.592
585.105,288.283,142.398,142.398
586.031,286.787,140.988,140.988
588.395,287.015,138.21,138.21
589.227,286.04,139.592,139.592
588.884,284.885,140.988,140.988
591.479,285.623,139.592,139.592
592.132,284.669,142.398,142.398
595.612,286.906,139.592,139.592
597.705,287.211,139.592,139.592
599.402,287.574,138.21,138.21
601.047,286.802,139.592,139.592
599.956,283.711,143.822,143.822
604.184,285.619,139.592,139.592
606.308,284.908,139.592,139.592
606.647,283.223,142.398,142.398
610.208,284.611,139.592,139.592
612.201,284.08,139.592,139.592
612.809,282.363,142.398,142.398
614.776,282.374,142.398,142.398
616.635,282.191,142.398,142.398
619.908,283.388,139.592,139.592
621.376,283.151,139.592,139.592
621.771,281.165,142.398,142.398
623.841,280.137,142.398,142.398
623.334,276.865,146.713,146.713
625.551,278.372,142.398,142.398
623.162,277.135,143.822,143.822
621.583,276.081,145.26,145.26
620.335,275.92,143.822,143.822
619.247,274.376,145.26,145.26
619.044,274.363,143.822,143.822
619.675,275.692,142.398,142.398
617.384,274.859,143.822,143.822
615.642,274.774,143.822,143.822
614.448,274.859,143.822,143.822
610.615,271.961,148.18,148.18
609.475,271.428,148.18,148.18
610.389,273.661,143.822,143.822
606.053,271.172,148.18,148.18
603.847,270.232,148.18,148.18
601.649,269.157,148.18,148.18
599.791,268.364,149.661,149.661
598.274,268.302,148.18,148.18
594.437,266.081,152.67,152.67
594.13,267.995,149.661,149.661
592.147,269.145,148.18,148.18
591.131,269.028,148.18,148.18
589.137,266.517,152.67,152.67
590.542,268.196,149.661,149.661
589.917,268.295,148.18,148.18
586.917,266.578,152.67,152.67
586.546,269.248,148.18,148.18
584.927,269.598,148.18,148.18
582.701,267.705,152.67,152.67
582.862,267.445,152.67,152.67
581.383,264.24,155.738,155.738
582.482,265.352,154.196,154.196
581.827,264.182,155.738,155.738
584.213,267.344,152.67,152.67
585.161,267.828,152.67,152.67
585.997,267.721,152.67,152.67
586.63,267.3,152.67,152.67
587.565,266.81,152.67,152.67
586.781,264.641,154.196,154.196
585.637,263.12,155.738,155.738
588.535,265.202,152.67,152.67
589.755,265.418,152.67,152.67
590.758,265.386,152.67,152.67
591.579,264.988,152.67,152.67
589.473,262.201,155.738,155.738
588.891,261.756,155.738,155.738
591.675,264.709,152.67,152.67
592.785,265.486,152.67,152.67
590.614,263.795,155.738,155.738
587.641,261.518,160.457,160.457
586.619,260.553,162.062,162.062
587.432,261.088,162.062,162.062
589.857,262.881,158.869,158.869
589.418,261.676,160.457,160.457
589.398,261.765,160.457,160.457
588.165,260.986,162.062,162.062
587.176,261.606,162.062,162.062
587.836,263.067,160.457,160.457
585.479,260.314,165.319,165.319
585.282,260.489,165.319,165.319
585.381,261.635,163.683,163.683
585.195,262.825,162.062,162.062
583.528,262.637,163.683,163.683
581.603,262.045,165.319,165.319
582.078,264.214,162.062,162.062
581.626,264.16,162.062,162.062
581.376,264.409,162.062,162.062
579.158,262.058,165.319,165.319
579.109,262.136,165.319,165.319
580.051,263.971,162.062,162.062
578.55,262.513,163.683,163.683
578.969,262.652,162.062,162.062
578.907,261.81,162.062,162.062
578.449,260.221,163.683,163.683
577.649,258.55,165.319,165.319
577.899,258.986,163.683,163.683
577.056,257.521,166.973,166.973
577.183,257.109,165.319,165.319
576.983,255.696,166.973,166.973
577.418,254.683,166.973,166.973
577.764,253.769,166.973,166.973
578.02,252.742,166.973,166.973
578.148,252.079,166.973,166.973
578.33,251.373,166.973,166.973
576.196,247.841,172.032,172.032
579.3,249.926,166.973,166.973
577.562,247.013,172.032,172.032
580.475,249.697,166.973,166.973
581.065,249.788,166.973,166.973
578.65,246.857,172.032,172.032
579.027,246.511,172.032,172.032
581.68,248.687,166.973,166.973
580.878,246.784,168.642,168.642
579.451,244.261,172.032,172.032
577.822,241.797,173.752,173.752
578.045,241.467,173.752,173.752
577.588,239.783,175.49,175.49
581.084,243.169,172.032,172.032
579.328,241.117,175.49,175.49
578.768,241.04,177.245,177.245
579.173,242.023,177.245,177.245
581.677,244.866,173.752,173.752
581.003,243.468,177.245,177.245
583.498,245.759,173.752,173.752
583.813,246.844,173.752,173.752
582.752,245.621,177.245,177.245
584.591,248.109,173.752,173.752
584.451,248.677,173.752,173.752
584.053,248.224,175.49,175.49
585.078,248.68,175.49,175.49
585.831,248.86,179.017,179.017
586.089,249.495,180.807,180.807
588.631,252.55,175.49,175.49
588.497,252.61,179.017,179.017
588.475,253.201,180.807,180.807
585.82,250.615,186.286,186.286
589.364,254.811,180.807,180.807
587.567,252.485,184.442,184.442
591.601,256.563,179.017,179.017
590.582,254.906,182.615,182.615
591.286,254.94,182.615,182.615
592.34,254.985,182.615,182.615
590.682,252.511,186.286,186.286
591.16,252.795,188.149,188.149
593.727,256.886,182.615,182.615
591.485,254.93,186.286,186.286
594.801,257.524,182.615,182.615
592.447,255.136,186.286,186.286
593.224,255.165,186.286,186.286
593.355,255.262,186.286,186.286
591.133,252.867,191.931,191.931
594.111,256.356,186.286,186.286
591.88,253.767,191.931,191.931
594.946,257.428,186.286,186.286
594.92,257.412,186.286,186.286
595.846,257.957,184.442,184.442
594.262,255.533,190.03,190.03
595.139,255.842,190.03,190.03
593.69,253.914,191.931,191.931
593.495,252.8,193.85,193.85
593.458,253.376,193.85,193.85
592.61,253.656,193.85,193.85
591.015,254.58,195.788,195.788
589.299,255.183,193.85,193.85
587.219,254.946,193.85,193.85
585.5,254.669,193.85,193.85
583.364,254.555,195.788,195.788
581.704,254.448,195.788,195.788
580.007,255.431,195.788,195.788
577.585,256.649,195.788,195.788
575.383,257.242,195.788,195.788
573.86,257.99,195.788,195.788
572.049,258.24,193.85,193.85
568.512,256.569,197.746,197.746
563.433,254.37,203.738,203.738
561.489,255.77,203.738,203.738
560.051,257.362,203.738,203.738
558.503,258.202,203.738,203.738
558.787,260.947,199.724,199.724
556.744,262.311,201.721,201.721
555.678,264.447,197.746,197.746
552.532,262.943,201.721,201.721
547.701,261.387,203.738,203.738
543.988,259.305,205.776,205.776
543.163,261.351,203.738,203.738
541.644,261.846,203.738,203.738
540.209,262.1,203.738,203.738
538.254,262.402,203.738,203.738
534.998,261.401,205.776,205.776
535.091,262.746,203.738,203.738
531.291,260.576,207.833,207.833
531.83,263.35,203.738,203.738
530.81,263.732,203.738,203.738
532.497,266.699,201.721,201.721
527.326,262.9,207.833,207.833
522.001,259.635,214.131,214.131
519.561,259.517,216.272,216.272
519.478,260.927,214.131,214.131
517.484,260.064,216.272,216.272
516.014,259.327,220.619,220.619
516.078,260.697,220.619,220.619
516.155,261.697,220.619,220.619
515.852,262.835,220.619,220.619
515.24,262.866,222.826,222.826
513.914,262.057,227.304,227.304
515.209,266.119,222.826,222.826
513.143,264.794,227.304,227.304
514.14,266.519,225.054,225.054
513.992,265.555,227.304,227.304
514.16,265.553,227.304,227.304
515.907,268.327,222.826,222.826
515.932,268.737,222.826,222.826
515.374,268.043,225.054,225.054
515.29,267.562,227.304,227.304
515.477,267.891,227.304,227.304
516.7,269.011,227.304,227.304
517.025,270.54,227.304,227.304
517.491,271.949,227.304,227.304
513.872,268.702,234.192,234.192
514.114,269.629,236.534,236.534
513.68,269.163,238.899,238.899
514.528,270.25,236.534,236.534
513.582,268.696,238.899,238.899
513.043,266.69,241.288,241.288
515.907,268.398,236.534,236.534
514.998,266.031,241.288,241.288
518.038,267.933,236.534,236.534
517.778,266.146,238.899,238.899
516.998,265.246,241.288,241.288
517.308,264.961,241.288,241.288
517.532,264.328,241.288,241.288
518.217,263.443,241.288,241.288
518.352,263.338,241.288,241.288
515.329,259.862,248.599,248.599
519.376,263.27,241.288,241.288
515.745,259.197,248.599,248.599
516.389,259.041,248.599,248.599
517.79,258.237,248.599,248.599
518.897,258.134,248.599,248.599
516.699,254.595,253.596,253.596
517.16,254.92,253.596,253.596
520.959,257.349,246.138,246.138
517.715,253.132,253.596,253.596
520.271,253.97,251.085,251.085
520.988,254.452,251.085,251.085
521.172,253.926,251.085,251.085
517.186,249.207,258.693,258.693
515.783,246.046,263.893,263.893
519.368,249.3,258.693,258.693
518.08,246.661,263.893,263.893
521.598,249.649,258.693,258.693
522.634,249.584,258.693,258.693
520.561,246.719,263.893,263.893
521.211,247.106,263.893,263.893
522.421,249.009,261.28,261.28
519.921,246.317,266.532,266.532
518.43,244.518,269.197,269.197
518.985,244.703,266.532,266.532
520.782,244.783,263.893,263.893
518.984,242.941,266.532,266.532
520.628,243.267,263.893,263.893
518.349,239.637,269.197,269.197
521.475,242.474,263.893,263.893
517.22,237.111,271.889,271.889
514.509,234.015,277.354,277.354
514.846,233.905,277.354,277.354
515.423,233.442,277.354,277.354
516.452,234.48,274.608,274.608
515.359,232.468,277.354,277.354
512.461,228.151,282.929,282.929
515.121,229.876,277.354,277.354
512.626,226.368,285.759,285.759
511.838,224.475,288.616,288.616
512.526,223.745,288.616,288.616
515.066,223.746,285.759,285.759
514.942,222.914,285.759,285.759
513.256,220.956,288.616,288.616
513.683,219.841,288.616,288.616
512.127,218.434,291.502,291.502
512.655,218.354,291.502,291.502
514.792,219.537,288.616,288.616
516.164,221.776,285.759,285.759
515.745,220.43,288.616,288.616
511.024,215.127,297.361,297.361
510.44,215.798,297.361,297.361
509.233,214.16,303.338,303.338
510.761,216.046,303.338,303.338
507.822,214.541,306.372,306.372
511.299,218.011,303.338,303.338
509.767,216.623,306.372,306.372
513.239,220.546,303.338,303.338
514.318,222.881,303.338,303.338
514.565,224.14,303.338,303.338
515.014,225.162,303.338,303.338
510.16,221.503,309.436,309.436
511.961,222.766,306.372,306.372
514.351,225.72,303.338,303.338
515.184,225.948,303.338,303.338
515.393,226.111,303.338,303.338
514.356,225.393,303.338,303.338
513.678,224.05,303.338,303.338
513.117,222.941,303.338,303.338
512.869,222.42,303.338,303.338
512.29,220.918,303.338,303.338
512.548,220.688,303.338,303.338
511.64,220.003,303.338,303.338
510.969,218.404,303.338,303.338
510.685,217.661,303.338,303.338
509.97,216.248,303.338,303.338
503.798,208.227,312.53,312.53
502.724,204.82,318.812,318.812
503.1,204.396,318.812,318.812
501.316,202.208,322,322
503.486,202.647,318.812,318.812
503.357,201.017,318.812,318.812
502.057,198.902,322,322
504.058,199.039,318.812,318.812
501.753,197.14,322,322
502.582,197.153,322,322
504.842,198.602,318.812,318.812
503.236,196.746,322,322
503.298,197.154,322,322
503.413,196.748,322,322
503.87,196.944,322,322
505.637,199.175,318.812,318.812
506.106,199.347,318.812,318.812
506.796,200.429,318.812,318.812
503.363,197.911,325.22,325.22
507.039,200.555,318.812,318.812
506.028,201.183,318.812,318.812
502.945,197.721,325.22,325.22
496.523,192.444,335.074,335.074
494.739,189.873,338.425,338.425
499.749,194.685,331.757,331.757
496.625,193.476,335.074,335.074
494.259,189.7,338.425,338.425
496.134,193.628,335.074,335.074
498.848,196.144,331.757,331.757
494.146,191.984,338.425,338.425
496.398,195.665,335.074,335.074
493.387,192.882,338.425,338.425
495.883,196.65,335.074,335.074
490.303,191.911,341.809,341.809
487.453,188.047,352.166,352.166
487.516,189.742,348.68,348.68
488.003,189.556,352.166,352.166
487.831,190.768,352.166,352.166
488.177,191.301,352.166,352.166
487.796,192.157,348.68,348.68
487.431,191.066,352.166,352.166
489.119,191.758,348.68,348.68
484.864,188.765,359.245,359.245
489.55,193.166,352.166,352.166
490.543,194.629,352.166,352.166
491.012,195.755,352.166,352.166
490.285,195.517,352.166,352.166
490.013,195.448,352.166,352.166
488.528,195.944,352.166,352.166
481.983,189.065,362.837,362.837
486.869,193.286,352.166,352.166
481.216,188.72,359.245,359.245
476.866,183.413,366.466,366.466
477.148,183.175,362.837,362.837
477.52,183.958,359.245,359.245
481.238,185.72,352.167,352.167
478.553,184.361,352.167,352.167
477.212,182.504,352.167,352.167
471.596,176.966,359.245,359.245
469.645,174.517,359.245,359.245
471.204,176.167,352.167,352.167
463.83,167.586,362.838,362.838
460.593,163.799,366.466,366.466
462.454,164.151,359.245,359.245
456.279,157.785,366.466,366.466
452.927,154.678,366.466,366.466
450.96,152.47,366.466,366.466
449.849,150.946,362.838,362.838
445.612,145.741,366.466,366.466
438.585,137.945,370.131,370.131
440.932,138.743,366.466,366.466
438.505,135.628,366.466,366.466
435.195,132.804,366.466,366.466
434.164,130.711,366.466,366.466
432.359,128.085,366.466,366.466
431.285,126.502,362.838,362.838
427.434,121.957,366.466,366.466
424.749,119.074,366.466,366.466
425.704,119.261,362.838,362.838
421.858,115.15,366.466,366.466
420.093,112.006,366.466,366.466
418.223,109.551,366.466,366.466
417.224,108.162,366.466,366.466
417.285,107.415,366.466,366.466
414.611,105.59,366.466,366.466
414.871,105.677,366.466,366.466
413.939,104.745,366.466,366.466
412.443,103.84,366.466,366.466
412.852,104.199,366.466,366.466
403.83,95.7726,377.57,377.57
395.669,89.472,389.011,389.011
392.266,87.4457,396.83,396.83
396.65,93.7276,385.159,385.159
393.063,89.8576,396.83,396.83
394.302,94.4024,389.011,389.011
399.402,98.1795,381.346,381.346
394.896,95.6231,392.901,392.901
389.455,93.9045,404.806,404.806
383.86,88.0602,417.072,417.072
389.633,99.3321,404.806,404.806
391.388,102.229,404.806,404.806
388.116,100.314,408.854,408.854
393.637,107.524,404.806,404.806
390.523,105.81,417.072,417.072
394.444,112.325,408.854,408.854
392.67,114.606,417.072,417.072
393.266,117.736,421.243,421.243
396.026,122.699,421.243,421.243
396.267,126.429,425.455,425.455
403.691,136.498,417.072,417.072
407.714,142.608,417.072,417.072
408.957,146.729,421.243,421.243
411.413,152.109,421.243,421.243
415.029,157.438,421.243,421.243
411.687,158.01,429.71,429.71
409.809,158.094,438.347,438.347
419.161,169.969,425.456,425.456
423.977,176.669,421.243,421.243
420.852,176.346,429.71,429.71
427.84,184.878,417.072,417.072
427.378,186.679,421.243,421.243
428.967,188.055,421.243,421.243
430.379,189.98,421.243,421.243
431.633,192.7,421.243,421.243
429.12,191.906,429.71,429.71
430.616,194.266,429.71,429.71
425.579,189.195,442.731,442.731
422.104,184.662,451.63,451.63
434.698,194.062,438.347,438.347
