670.881,160.32,26.2059,15.5294
671.062,160.132,25.6896,15.2235
671.258,160.151,25.6896,15.2235
671.822,160.433,24.934,14.7757
672.462,160.904,24.6872,14.6294
672.403,160.571,24.934,14.7757
672.356,160.349,25.6896,15.2235
673.177,160.759,25.4352,15.0727
673.304,160.698,25.1834,14.9235
673.241,160.504,25.6896,15.2235
674.327,160.975,25.4352,15.0727
673.96,160.785,25.9465,15.3757
674.057,160.627,25.9465,15.3757
674.713,160.952,25.1834,14.9235
674.876,160.692,25.9465,15.3757
674.766,160.557,26.468,15.6847
675.304,160.84,25.9465,15.3757
676.457,161.697,25.4352,15.0727
676.199,161.21,25.9465,15.3757
677.288,161.752,25.4352,15.0727
677.048,161.568,26.2059,15.5294
677.048,161.567,26.2059,15.5294
677.094,161.382,25.9465,15.3757
678.362,161.892,25.4352,15.0727
677.964,161.459,25.9465,15.3757
677.828,161.281,26.468,15.6847
677.4,160.981,27.27,16.16
678.068,161.347,26.468,15.6847
678.711,161.517,27,16
678.401,161.26,27.5427,16.3216
679.418,161.601,27,16
679.484,161.739,26.468,15.6847
680.15,162.203,25.6896,15.2235
681.049,162.757,25.4352,15.0727
680.951,162.402,25.6896,15.2235
680.963,162.369,25.9465,15.3757
680.964,162.37,25.9465,15.3757
681.588,162.593,26.2059,15.5294
681.677,162.253,26.468,15.6847
682.569,162.671,26.2059,15.5294
682.468,162.416,27,16
682.468,162.417,27,16
682.583,162.362,26.468,15.6847
683.687,162.675,26.2059,15.5294
683.618,162.396,26.468,15.6847
683.313,162.092,27.27,16.16
682.922,161.78,28.0963,16.6497
683.735,162.181,27.8181,16.4848
683.847,161.908,28.0963,16.6497
684.027,161.934,28.0963,16.6497
685.073,162.298,27.8181,16.4848
684.774,162.095,28.0963,16.6497
685.257,162.293,27.27,16.16
686.42,162.622,27,16
686.725,163.07,27,16
687.518,163.312,26.2059,15.5294
687.64,163.431,26.2059,15.5294
687.427,163.123,27,16
688.547,163.444,26.2059,15.5294
688.479,163.266,27,16
688.665,163.318,27,16
688.665,163.325,27,16
689.52,163.678,26.2059,15.5294
689.834,163.479,27,16
690.561,163.75,26.2059,15.5294
690.418,163.931,27,16
689.901,163.203,27.5427,16.3216
689.742,162.915,28.0963,16.6497
690.749,163.302,27.8181,16.4848
691.026,163.48,27.5427,16.3216
690.88,163.317,28.0963,16.6497
690.881,163.315,28.0963,16.6497
691.464,163.499,28.3773,16.8162
692.101,163.675,28.3773,16.8162
692.631,163.941,27.8181,16.4848
692.999,164.039,27.8181,16.4848
693.003,164.041,27.8181,16.4848
693.971,164.327,27,16
694.296,164.426,27,16
694.185,164.188,27.8181,16.4848
694.935,164.54,27,16
694.278,164.286,27.5427,16.3216
695.296,164.526,27,16
695.654,165.146,27,16
695.88,165.245,27,16
696.087,165.301,27,16
695.828,165.049,27.8181,16.4848
695.685,164.903,28.3773,16.8162
696.437,165.175,27.8181,16.4848
695.932,164.939,28.661,16.9843
696.636,165.337,27.8181,16.4848
696.579,165.632,28.3773,16.8162
696.872,165.812,28.3773,16.8162
696.453,165.685,29.2371,17.3257
696.872,165.96,28.661,16.9843
696.859,165.794,29.2371,17.3257
697.416,166.126,28.3773,16.8162
697.477,166.634,28.3773,16.8162
697.628,166.839,28.3773,16.8162
697.623,166.994,28.3773,16.8162
697.801,167.13,28.3773,16.8162
697.765,167.493,28.3773,16.8162
698.032,167.567,28.3773,16.8162
697.792,167.777,28.3773,16.8162
698.239,168.131,27.8181,16.4848
697.979,168.068,28.3773,16.8162
697.415,167.748,29.2371,17.3257
697.475,167.8,29.2371,17.3257
696.855,167.549,29.8248,17.674
696.641,167.623,29.8248,17.674
696.953,167.954,29.5295,17.499
696.931,168.383,30.123,17.8507
697.354,168.751,29.2371,17.3257
696.886,168.77,28.9477,17.1542
696.028,168.554,29.8248,17.674
695.885,168.678,29.8248,17.674
696.521,169.573,29.2371,17.3257
696.754,169.865,28.661,16.9843
696.179,169.826,29.2371,17.3257
695.451,169.428,29.8248,17.674
695.786,169.879,29.2371,17.3257
696.334,170.633,28.3773,16.8162
696.216,170.783,28.3773,16.8162
695.588,170.944,28.3773,16.8162
694.934,170.687,29.2371,17.3257
695.248,171.024,28.3773,16.8162
694.848,170.89,28.661,16.9843
694.231,170.749,29.2371,17.3257
693.732,170.751,28.9476,17.1542
693.379,170.854,29.2371,17.3257
692.786,171.138,30.123,17.8507
692.786,171.138,30.123,17.8507
692.594,171.113,30.123,17.8507
692.144,171.191,30.123,17.8507
691.625,171.28,30.123,17.8507
691.293,171.296,30.123,17.8507
691.01,171.323,30.123,17.8507
690.397,171.097,30.7285,18.2095
690.162,171.418,30.123,17.8507
689.5,171.438,30.123,17.8507
689.175,171.4,30.123,17.8507
688.573,171.202,30.7285,18.2095
688.286,171.236,30.7285,18.2095
687.483,171.38,29.8248,17.674
686.406,171.18,30.4243,18.0292
686.645,171.555,29.5295,17.499
685.776,171.226,30.4243,18.0292
685.511,171.248,30.4243,18.0292
685.008,171.5,29.8248,17.674
683.991,171.37,30.4243,18.0292
683.1,171.193,31.0358,18.3916
682.613,170.845,31.9762,18.9489
682.724,171.145,31.0358,18.3916
681.789,171.28,31.0358,18.3916
680.684,170.969,31.9762,18.9489
680.281,170.992,31.9762,18.9489
679.989,171.066,31.9762,18.9489
680.127,171.986,31.6596,18.7613
679.838,172.301,30.7285,18.2095
679.216,172.447,29.8248,17.674
678.573,172.543,29.8248,17.674
678.391,172.38,30.7285,18.2095
677.65,172.04,31.0358,18.3916
676.5,172.162,31.0358,18.3916
675.335,171.928,31.9762,18.9489
674.57,171.99,31.9762,18.9489
674.572,171.987,31.9762,18.9489
674.679,172.306,31.0358,18.3916
673.811,173.129,30.4243,18.0292
673.503,173.61,29.5295,17.499
672.129,173.237,30.4243,18.0292
672.196,173.335,30.7285,18.2095
671.767,173.272,30.4243,18.0292
670.237,173.158,31.0358,18.3916
668.952,172.967,31.9762,18.9489
668.669,173.371,31.3462,18.5755
669.111,174.217,30.7285,18.2095
668.017,173.878,31.0358,18.3916
667.182,173.922,31.6596,18.7613
666.204,173.778,32.296,19.1384
665.006,173.391,32.6189,19.3297
664.636,173.461,32.6189,19.3297
664.547,173.75,31.9762,18.9489
664.257,174.198,31.0358,18.3916
663.472,174.251,31.0358,18.3916
662.206,173.962,31.9762,18.9489
661.515,173.77,32.6189,19.3297
661.216,173.824,32.6189,19.3297
660.369,173.833,32.6189,19.3297
659.347,173.625,33.6073,19.9155
659.038,174.456,32.6189,19.3297
658.727,174.5,32.6189,19.3297
658.215,174.521,32.6189,19.3297
657.86,174.884,31.9762,18.9489
657.156,174.89,31.9762,18.9489
656.121,174.715,32.6189,19.3297
656.31,174.944,31.9762,18.9489
655.401,174.782,32.6189,19.3297
654.792,174.796,32.6189,19.3297
653.502,174.601,33.6073,19.9155
653.16,175.374,32.6189,19.3297
653.632,175.699,32.296,19.1384
653.019,175.527,32.9451,19.523
652.18,175.618,31.9762,18.9489
651.064,175.441,32.6189,19.3297
650.354,175.537,32.6189,19.3297
650.335,175.539,32.6189,19.3297
649.954,175.524,32.6189,19.3297
648.881,175.603,32.6189,19.3297
648.016,175.663,32.6189,19.3297
647.382,175.696,32.6189,19.3297
647.384,175.692,32.6189,19.3297
646.994,175.737,32.6189,19.3297
646.018,175.839,32.6189,19.3297
645.311,176.33,32.6189,19.3297
644.585,175.994,33.6073,19.9155
645.167,176.445,32.9451,19.523
644.463,175.983,33.6073,19.9155
643.154,175.976,34.6257,20.5189
641.96,175.566,34.9719,20.7241
642.514,176.237,33.9434,20.1146
643.117,176.576,32.9451,19.523
642.338,176.262,33.9434,20.1146
641.438,176.244,33.6073,19.9155
640.388,176.047,34.2828,20.3158
639.916,175.779,34.9719,20.7241
639.56,175.81,34.9719,20.7241
638.983,175.577,35.6749,21.1407
638.534,175.696,35.6749,21.1407
637.914,175.711,35.6749,21.1407
638.016,176.002,34.9719,20.7241
638.02,176,34.9719,20.7241
637.478,175.809,35.6749,21.1407
636.753,175.887,35.6749,21.1407
636.449,175.876,35.6749,21.1407
635.558,175.681,36.3919,21.5656
635.558,175.681,36.3919,21.5656
635.694,175.954,35.6749,21.1407
635.595,176.66,34.9719,20.7241
635.021,176.774,34.9719,20.7241
634.787,176.763,34.9719,20.7241
634.085,176.521,35.6749,21.1407
633.874,176.551,35.6749,21.1407
633.403,176.663,35.6749,21.1407
632.466,176.525,36.3919,21.5656
632.314,176.549,36.3919,21.5656
632.312,176.55,36.3919,21.5656
632.537,176.878,35.6749,21.1407
631.261,176.752,36.3919,21.5656
631.971,177.808,35.3216,20.9313
631.519,177.495,35.6749,21.1407
630.434,177.312,36.3919,21.5656
630.206,177.336,36.3919,21.5656
629.432,177.501,36.3919,21.5656
629.574,177.808,35.6749,21.1407
629.521,177.735,35.6749,21.1407
628.705,177.547,36.3919,21.5656
628.208,177.383,37.1234,21.9991
628.181,177.677,36.3919,21.5656
627.152,177.446,37.1234,21.9991
627.162,177.43,37.1234,21.9991
626.886,177.454,37.1234,21.9991
626.591,177.468,37.1234,21.9991
625.641,177.367,37.8696,22.4412
625.775,178.138,37.1234,21.9991
626.751,178.704,36.0316,21.3521
626.38,178.667,35.6749,21.1407
625.398,178.462,36.3919,21.5656
624.919,178.53,36.3919,21.5656
624.061,178.316,37.1234,21.9991
624.037,178.315,37.1234,21.9991
623.812,178.399,37.1234,21.9991
623.287,178.419,37.1234,21.9991
622.805,178.6,37.1234,21.9991
623.742,179.669,36.0316,21.3521
623.115,179.384,36.3919,21.5656
622.006,179.152,37.1234,21.9991
621.928,179.237,37.1234,21.9991
621.298,179.312,37.1234,21.9991
621.065,179.355,37.1234,21.9991
621.064,179.349,37.1234,21.9991
620.85,179.402,37.1234,21.9991
620.595,179.459,37.1234,21.9991
619.878,179.575,37.1234,21.9991
620.82,180.627,36.0316,21.3521
619.781,180.074,37.1234,21.9991
619.689,180.347,36.3919,21.5656
619.048,180.131,37.1234,21.9991
618.687,180.325,37.1234,21.9991
618.148,180.335,37.1234,21.9991
618.151,180.338,37.1234,21.9991
617.933,180.404,37.1234,21.9991
617.353,180.351,37.1234,21.9991
616.801,180.542,37.1234,21.9991
616.145,180.885,38.2483,22.6656
616.145,180.885,38.2483,22.6656
615.135,180.597,38.6308,22.8923
615.541,180.953,38.2483,22.6656
614.375,180.478,39.4072,23.3524
613.197,180.315,40.1993,23.8218
614.007,180.872,39.0171,23.1212
612.992,180.26,40.1993,23.8218
612.288,180.47,40.1993,23.8218
611.093,180.283,41.0073,24.3006
610.89,180.281,41.0073,24.3006
610.686,180.316,41.0073,24.3006
609.967,180.282,41.8316,24.7891
609.945,181.008,41.0073,24.3006
609.069,181.109,41.0073,24.3006
609.309,181.454,40.1993,23.8218
609.213,181.386,40.1993,23.8218
608.652,181.51,40.1993,23.8218
607.928,181.36,41.0073,24.3006
607.513,182.218,40.1993,23.8218
607.313,182.244,40.1993,23.8218
608.376,182.748,39.0171,23.1212
607.081,182.272,40.1993,23.8218
606.065,182.038,41.0073,24.3006
605.722,182.1,41.0073,24.3006
604.995,182.214,41.0073,24.3006
605.059,182.15,41.0073,24.3006
604.787,182.261,41.0073,24.3006
604.427,182.239,41.0073,24.3006
603.542,182.246,41.8316,24.7891
604.395,183.321,40.6013,24.06
603.805,183.013,41.0073,24.3006
603.453,183.376,40.1993,23.8218
602.839,183.078,41.0073,24.3006
602.484,183.381,40.1993,23.8218
601.829,183.159,41.0073,24.3006
603.027,183.666,39.8013,23.586
601.72,183.114,41.0073,24.3006
601.156,183.146,41.0073,24.3006
600.879,183.237,41.0073,24.3006
600.526,183.236,41.0073,24.3006
600.528,183.233,41.0073,24.3006
600.161,183.29,41.0073,24.3006
600.066,183.26,41.0073,24.3006
599.661,183.236,41.0073,24.3006
599.16,183.288,41.0073,24.3006
599.169,183.284,41.0073,24.3006
599.015,183.28,41.0073,24.3006
598.782,183.283,41.0073,24.3006
598.188,183.276,41.0073,24.3006
597.936,183.246,41.0073,24.3006
597.979,183.148,41.0073,24.3006
597.591,183.195,41.0073,24.3006
597.398,183.259,41.0073,24.3006
596.857,183.247,41.0073,24.3006
596.747,183.235,41.0073,24.3006
596.744,183.246,41.0073,24.3006
596.363,183.238,41.0073,24.3006
596.141,183.312,41.0073,24.3006
595.822,183.301,41.0073,24.3006
595.249,183.228,41.0073,24.3006
595.24,183.244,41.0073,24.3006
595.126,183.2,41.0073,24.3006
594.869,183.178,41.0073,24.3006
594.325,183.113,41.0073,24.3006
594.085,183.105,41.0073,24.3006
594.082,183.104,41.0073,24.3006
593.951,183.106,41.0073,24.3006
593.235,182.739,42.2499,25.037
591.767,182.154,43.5301,25.7956
591.689,182.112,43.5301,25.7956
592.504,182.677,42.2499,25.037
591.994,182.464,42.6724,25.2873
591.785,182.744,42.2499,25.037
590.951,182.393,42.6724,25.2873
590.796,182.675,42.2499,25.037
590.801,182.691,42.2499,25.037
590.217,182.357,43.0991,25.5402
589.359,181.694,43.9654,26.0536
588.499,181.535,43.9654,26.0536
588.927,182.037,43.0991,25.5402
588.934,182.046,43.0991,25.5402
587.751,181.409,43.9654,26.0536
587.645,181.254,43.5301,25.7956
587.7,181.431,43.0991,25.5402
587.434,181.443,43.0991,25.5402
587.433,181.437,43.0991,25.5402
586.409,181.009,44.4051,26.3141
586.252,180.991,44.4051,26.3141
585.422,180.935,43.9654,26.0536
584.419,180.652,45.2976,26.843
584.419,180.651,45.2976,26.843
583.621,180.321,45.7506,27.1115
583.305,180.702,44.8491,26.5773
582.957,180.733,44.8491,26.5773
582.226,180.896,44.8491,26.5773
582.216,180.901,44.8491,26.5773
581.977,180.832,44.8491,26.5773
581.491,180.844,44.8491,26.5773
580.446,180.748,45.7506,27.1115
580.178,181.075,44.8491,26.5773
580.179,181.075,44.8491,26.5773
579.8,181.082,44.8491,26.5773
579.137,181.089,44.8491,26.5773
578.153,180.983,45.7506,27.1115
577.287,181.463,45.7506,27.1115
576.643,181.358,46.6702,27.6564
576.568,181.59,45.7506,27.1115
576.217,181.9,44.8491,26.5773
575.292,181.775,45.7506,27.1115
573.82,181.332,47.1369,27.933
572.89,180.963,48.0843,28.4944
572.443,180.998,48.0843,28.4944
571.602,180.909,48.5652,28.7794
571.695,181.563,47.1369,27.933
571.337,182.395,46.6702,27.6564
570.918,182.043,47.1369,27.933
569.566,181.72,48.0843,28.4944
569.835,182.112,47.1369,27.933
568.738,182.279,47.1369,27.933
567.433,181.932,48.0843,28.4944
567.145,181.921,48.0843,28.4944
566.632,181.999,48.0843,28.4944
566.308,181.999,48.0843,28.4944
565.243,182.16,48.0843,28.4944
564.408,182.162,48.0843,28.4944
564.196,182.119,48.0843,28.4944
563.782,182.183,48.0843,28.4944
562.981,182.026,48.5652,28.7794
561.901,182.131,48.5652,28.7794
561.326,182.88,48.0843,28.4944
561,182.885,48.0843,28.4944
560.406,182.789,48.5652,28.7794
560.337,182.944,48.0843,28.4944
558.528,182.543,49.5413,29.3578
558.41,183.054,48.0843,28.4944
558.157,183.032,48.0843,28.4944
557.622,183.074,48.0843,28.4944
557.292,183.108,48.0843,28.4944
555.428,182.662,49.5413,29.3578
554.675,182.728,49.5413,29.3578
554.973,183.144,48.0843,28.4944
554.466,183.204,48.0843,28.4944
553.467,182.781,49.5413,29.3578
552.247,182.791,49.5413,29.3578
550.679,182.293,51.0425,30.2474
550.217,182.326,51.0425,30.2474
549.81,182.351,51.0425,30.2474
549.019,182.469,51.0425,30.2474
547.776,182.924,51.5529,30.5499
546.933,183.005,51.5529,30.5499
546.544,183.06,51.5529,30.5499
545.892,183.086,51.0425,30.2474
544.914,183.098,51.0425,30.2474
543.331,183.219,51.5529,30.5499
542.408,183.224,51.5529,30.5499
542.058,183.226,51.0425,30.2474
541.695,183.217,51.0425,30.2474
540.74,183.298,51.0425,30.2474
539.437,183.405,51.0425,30.2474
538.324,183.9,51.5529,30.5499
537.979,183.881,51.0425,30.2474
537.407,184.006,51.5529,30.5499
536.557,184.069,51.5529,30.5499
535.118,184.192,51.5529,30.5499
534.274,184.28,51.5529,30.5499
533.927,184.648,51.0425,30.2474
532.874,184.828,51.5529,30.5499
532.421,184.852,51.5529,30.5499
530.827,185.015,51.5529,30.5499
529.984,185.092,51.5529,30.5499
529.772,185.129,51.0425,30.2474
528.801,185.16,51.0425,30.2474
527.923,185.238,51.0425,30.2474
525.37,184.753,52.5891,31.1639
524.309,184.673,53.115,31.4756
523.976,184.782,53.115,31.4756
523.779,185.392,52.5891,31.1639
522.232,185.058,54.1826,32.1082
521.223,185.641,53.115,31.4756
520.548,185.991,52.5891,31.1639
519.51,186.008,54.1826,32.1082
519.584,186.52,53.6462,31.7903
518.802,186.845,52.5891,31.1639
516.974,186.723,54.1826,32.1082
516.318,187.652,53.115,31.4756
515.582,187.398,54.1826,32.1082
515.548,187.834,53.115,31.4756
514.29,188.134,54.1826,32.1082
512.923,188.501,54.1826,32.1082
512.495,189.646,53.6462,31.7903
512.038,189.956,53.6462,31.7903
511.65,190.267,53.6462,31.7903
510.757,190.605,53.6462,31.7903
509.831,190.869,53.6462,31.7903
508.895,191.614,53.6462,31.7903
507.893,191.204,54.7245,32.4293
507.237,191.441,54.1826,32.1082
506.415,191.744,54.1826,32.1082
505.156,192.222,54.7245,32.4293
504.332,192.47,54.7245,32.4293
504.553,193.498,53.6462,31.7903
503.693,193.527,53.6462,31.7903
502.541,193.195,54.7245,32.4293
501.314,193.659,54.1826,32.1082
500.95,194.483,53.6462,31.7903
500.128,194.336,54.1826,32.1082
499.279,194.475,54.1826,32.1082
498.13,194.653,54.7245,32.4293
497.337,195.601,53.6462,31.7903
496.982,195.565,53.6462,31.7903
496.545,195.675,53.6462,31.7903
495.641,196.12,53.6462,31.7903
494.816,196.334,53.6462,31.7903
493.545,196.594,53.6462,31.7903
492.894,196.608,53.6462,31.7903
491.827,196.385,54.7245,32.4293
491.203,196.887,54.1826,32.1082
490.523,197.547,53.6462,31.7903
488.325,197.462,54.7245,32.4293
488.667,198.344,53.6462,31.7903
487.343,198.252,54.1826,32.1082
486.35,198.342,54.7245,32.4293
485.701,199.043,54.7245,32.4293
483.121,198.95,56.3827,33.412
482.248,199.316,56.9465,33.7461
481.934,199.628,56.9465,33.7461
480.907,200.281,57.516,34.0835
480.612,200.633,56.9465,33.7461
478.808,201.484,58.0911,34.4244
478.896,202.099,56.9465,33.7461
478.019,202.575,56.9465,33.7461
476.391,202.254,58.672,34.7686
476.706,203.602,56.9465,33.7461
474.599,203.557,58.672,34.7686
475.003,204.708,56.9465,33.7461
474.04,205.35,57.516,34.0835
473.804,205.729,56.9465,33.7461
472.981,206.488,56.9465,33.7461
471.129,206.599,58.672,34.7686
470.164,206.54,59.2587,35.1163
470.17,207.354,58.672,34.7686
469.319,207.826,59.2587,35.1163
468.575,208.212,59.2587,35.1163
466.474,208.774,61.0543,36.1804
466.926,209.84,59.2588,35.1163
465.626,209.637,61.0544,36.1804
465.806,211.089,59.2588,35.1163
465.023,211.92,59.2588,35.1163
463.27,212.068,61.0544,36.1804
463.763,213.099,59.2588,35.1163
462.054,213.308,61.0544,36.1804
461.748,213.704,61.0544,36.1804
461.857,215.199,59.2588,35.1163
460.642,216.493,59.2588,35.1163
459.306,216.175,61.0544,36.1804
458.709,216.421,61.6649,36.5422
458.295,217.189,61.6649,36.5422
457.252,217.457,62.2815,36.9076
456.041,218.59,62.2815,36.9076
455.857,219.197,61.6649,36.5422
455.434,219.448,62.2815,36.9076
455.003,220.3,62.2815,36.9076
454.166,221.174,62.2815,36.9076
453.232,222.568,62.2815,36.9076
453.321,223.368,61.0544,36.1804
452.389,223.379,62.2815,36.9076
451.97,224.173,62.2815,36.9076
451.272,224.883,62.2815,36.9076
450.242,225.819,62.2815,36.9076
449.819,226.247,62.2815,36.9076
449.418,227.051,62.2815,36.9076
448.971,227.855,62.2815,36.9076
448.42,228.361,62.2815,36.9076
446.847,229.078,64.1687,38.0259
445.33,228.642,66.1131,39.1781
444.779,229.136,66.1131,39.1781
444.498,229.888,66.1131,39.1781
444.27,230.439,66.1131,39.1781
443.271,231.776,66.1131,39.1781
443.127,232.467,65.4585,38.7902
442.567,232.94,66.1131,39.1781
442.318,233.723,66.1131,39.1781
441.738,234.164,66.1131,39.1781
441.26,235.446,66.1131,39.1781
441.153,236.013,65.4585,38.7902
440.678,236.094,66.1131,39.1781
439.56,236.175,68.1164,40.3653
438.166,235.506,70.1804,41.5884
436.86,235.658,70.8822,42.0043
436.614,235.94,70.8822,42.0043
435.481,235.36,73.03,43.277
436.023,236.201,70.8822,42.0043
435.917,236.713,70.1804,41.5884
434.768,237.065,70.8822,42.0043
433.828,236.401,73.03,43.277
433.783,237.097,71.591,42.4243
433.268,237.301,71.591,42.4243
432.304,237.272,73.03,43.277
431.783,238.06,71.591,42.4243
431.104,237.874,73.03,43.277
431.442,238.989,70.8822,42.0043
430.859,239.338,70.8822,42.0043
429.87,239.313,72.3069,42.8486
428.519,239.342,73.7603,43.7098
427.934,239.046,74.4979,44.1469
427.676,239.265,74.4979,44.1469
428.538,240.337,72.3069,42.8486
427.565,240.181,73.7603,43.7098
427.266,240.854,73.03,43.277
427.271,240.846,73.03,43.277
426.74,240.858,73.7603,43.7098
426.564,241.229,73.7603,43.7098
426.214,241.316,73.7603,43.7098
426.408,242.179,72.3069,42.8486
425.296,241.651,74.4979,44.1469
425.279,241.869,74.4979,44.1469
424.83,242.017,74.4979,44.1469
423.579,241.509,75.9953,45.0343
424.533,242.918,73.7603,43.7098
423.739,242.747,74.4979,44.1469
423.57,242.781,74.4979,44.1469
423.597,242.864,74.4979,44.1469
423.852,243.435,73.7603,43.7098
423.456,243.614,74.4979,44.1469
423.367,243.754,74.4979,44.1469
423.271,243.964,74.4979,44.1469
423.661,244.584,73.7603,43.7098
423.399,244.509,74.4979,44.1469
423.266,245.015,74.4979,44.1469
423.287,244.999,74.4979,44.1469
423.586,245.694,73.7603,43.7098
422.922,245.533,74.4979,44.1469
421.586,244.725,76.7553,45.4846
421.622,244.657,77.5228,45.9394
421.011,244.703,78.298,46.3988
419.678,243.826,80.6705,47.8048
418.926,243.588,82.292,48.7656
418.891,243.742,82.292,48.7656
419.059,244.198,82.292,48.7656
419.341,244.749,81.4773,48.2828
418.831,244.571,82.292,48.7656
419.445,245.255,81.4773,48.2828
419.031,245.04,82.292,48.7656
419.397,245.473,82.292,48.7656
419.485,245.792,82.292,48.7656
419.377,245.998,82.292,48.7656
419.447,246.125,82.292,48.7656
419.812,246.92,81.4773,48.2828
418.83,246.546,83.115,49.2533
419.289,246.889,82.292,48.7656
418.308,246.258,84.7856,50.2433
417.078,245.321,87.3546,51.7657
417.18,245.503,87.3546,51.7657
417.406,245.879,87.3546,51.7657
417.347,246.118,87.3546,51.7657
417.444,246.356,87.3546,51.7657
417.65,246.571,87.3546,51.7657
416.345,245.738,90.0016,53.3343
416.702,246.219,90.0016,53.3343
418.258,247.568,87.3546,51.7657
417.066,246.768,90.0016,53.3343
417.124,246.912,90.0016,53.3343
417.118,247.396,90.0016,53.3343
417.513,247.806,90.0016,53.3343
417.877,247.83,90.0016,53.3343
416.434,246.86,92.7287,54.9503
416.021,246.728,93.656,55.4999
416.654,247.245,92.7287,54.9503
416.389,247.58,93.656,55.4999
414.921,246.783,96.4939,57.1815
414.479,246.431,97.4588,57.7534
414.647,246.613,97.4588,57.7534
414.941,246.818,97.4588,57.7534
415.548,247.637,97.4588,57.7534
416.11,248.539,96.4939,57.1815
415.668,248.219,97.4588,57.7534
415.945,248.452,97.4588,57.7534
415.005,247.895,100.412,59.5033
415.218,248.717,100.412,59.5033
415.219,248.717,100.412,59.5033
413.64,247.802,103.454,61.3064
413.953,248.074,103.454,61.3064
414.49,248.759,103.454,61.3064
415.115,249.088,103.454,61.3064
415.364,249.564,103.454,61.3064
415.581,249.675,103.454,61.3064
414.036,248.27,106.589,63.164
414.304,248.434,106.589,63.164
415.285,248.822,106.589,63.164
414.222,248.139,109.819,65.0779
414.518,248.658,109.819,65.0779
416.106,249.739,106.589,63.164
415.041,249.085,109.819,65.0779
416.05,249.977,109.819,65.0779
415.839,249.916,110.917,65.7287
416.084,250.073,110.917,65.7287
416.742,250.309,110.917,65.7287
417.186,250.459,110.917,65.7287
417.83,250.94,110.917,65.7287
417.682,251.298,110.917,65.7287
418.209,251.458,110.917,65.7287
418.811,251.763,110.917,65.7287
419.037,252.325,110.917,65.7287
417.56,251.082,114.278,67.7204
417.338,250.83,116.575,69.0815
416.437,249.961,118.918,70.4701
415.93,249.554,120.107,71.1748
416.285,249.767,120.107,71.1748
417.628,250.769,118.918,70.4701
417.403,250.684,120.107,71.1748
417.526,250.839,120.107,71.1748
418.377,251.12,120.107,71.1748
418.663,251.644,120.107,71.1748
418.118,250.976,123.747,73.3314
418.396,251.561,123.747,73.3314
417.481,250.863,124.984,74.0648
416.745,250.103,127.496,75.5535
417.165,250.258,127.496,75.5535
418.181,250.72,127.496,75.5535
418.418,250.825,127.496,75.5535
419.118,251.568,127.496,75.5535
419.63,251.634,127.496,75.5535
420.196,251.844,127.496,75.5535
419.485,251.672,131.36,77.8428
419.117,251.594,132.673,78.6212
418.811,251.43,134,79.4074
418.271,250.633,138.06,81.8136
417.483,250.4,140.835,83.458
418.798,250.758,140.835,83.458
418.494,250.373,142.244,84.2926
420.139,251.597,140.835,83.458
420.88,251.75,140.835,83.458
419.199,250.406,145.103,85.9869
418.587,249.277,148.019,87.7152
417.342,248.341,150.995,89.4783
417.965,248.471,150.995,89.4783
418.488,248.748,150.995,89.4783
416.863,247.109,155.57,92.1896
418.126,247.578,157.126,93.1115
419.248,248.068,155.57,92.1896
419.808,248.213,155.57,92.1896
420.065,248.453,155.57,92.1896
420.632,249.22,155.57,92.1896
418.951,248.256,160.284,94.983
417.895,247.766,163.505,96.8922
416.443,246.893,166.792,98.8397
415.726,246.01,170.144,100.826
415.446,245.087,171.846,101.835
413.248,244.14,175.3,103.882
413.244,244.134,175.3,103.882
413.236,244.019,175.3,103.882
413.979,244.357,175.3,103.882
414.849,244.71,175.3,103.882
414.509,245.215,175.3,103.882
416.161,245.51,175.3,103.882
417.714,245.872,175.3,103.882
417.2,245.59,178.824,105.97
415.513,245.621,182.418,108.099
412.985,244.114,187.945,111.375
411.47,241.946,193.64,114.75
410.015,240.347,199.508,118.227
413.746,242.056,195.577,115.897
413.501,241.215,199.508,118.227
409.933,239.374,203.518,120.603
408.61,237.228,209.685,124.258
408.654,236.249,213.899,126.755
407.305,235.797,216.038,128.023
411.462,237.557,213.899,126.755
409.125,236.65,216.038,128.023
409.129,234.922,222.584,131.902
408.598,234.578,224.81,133.221
405.584,232.161,231.622,137.258
406.117,231.228,233.938,138.63
407.32,232.358,231.622,137.258
410.948,232.857,231.622,137.258
411.152,231.017,238.641,141.417
408.51,230.821,241.027,142.831
412.929,232.752,238.641,141.417
414.211,234.526,233.938,138.63
415.278,233.296,241.027,142.831
415.229,232.919,245.872,145.702
413.544,231.096,250.814,148.63
413.786,229.555,255.855,151.618
411.537,227.324,263.608,156.212
413.309,226.888,268.906,159.352
410.867,225.837,277.054,164.18
411.263,224.745,282.623,167.48
412.129,223.945,285.449,169.155
409.998,223.058,288.304,170.847
415.755,225.338,291.187,172.555
412.937,223.139,300.01,177.784
415.985,222.636,303.01,179.562
412.491,219.999,312.192,185.003
414.359,220.157,312.192,185.003
418.063,222.16,321.651,190.608
415.74,218.466,331.398,196.384
418.956,219.996,331.398,196.384
417.258,217.803,341.44,202.335
416.6,216.689,348.302,206.401
426.289,222.137,341.44,202.335
433.298,224.849,341.44,202.335
436.279,226.962,341.44,202.335
438.794,225.792,351.785,208.465
444.343,229.654,341.44,202.335
460.747,239.582,344.854,204.358
454.361,237.048,341.44,202.335
439.848,235.832,338.059,200.331
436.795,234.132,348.302,206.401
438.647,236.658,341.44,202.335
439.678,236.723,351.785,208.465
