661.978,450.023,128,132
662.121,450.334,128,132
662.839,451.737,125.478,129.399
662.847,452.127,125.478,129.399
664.129,454.227,123.005,126.849
662.863,453.448,126.733,130.693
663.139,454.651,125.478,129.399
663.074,455.786,126.733,130.693
663.269,457.629,126.733,130.693
663.572,459.013,126.733,130.693
663.872,460.411,126.733,130.693
663.823,461.89,126.733,130.693
663.54,462.384,128,132
663.229,462.994,129.28,133.32
664.488,465.872,126.733,130.693
663.862,466.273,128,132
661.655,464.674,131.879,136
661.75,465.913,131.879,136
660.945,466.608,133.197,137.36
661.806,468.468,131.879,136
661.381,469.181,133.197,137.36
660.735,469.573,134.529,138.733
661.46,471.414,133.197,137.36
661.406,472.415,133.197,137.36
661.447,473.163,133.197,137.36
660.719,473.157,134.529,138.733
660.819,473.605,134.529,138.733
662.09,475.246,131.879,136
660.741,473.798,134.529,138.733
660.865,474.041,134.529,138.733
660.719,473.958,134.529,138.733
661.725,475.076,133.197,137.36
660.897,474.74,134.529,138.733
660.72,475.084,134.529,138.733
660.603,475.127,134.529,138.733
660.563,475.492,134.529,138.733
660.355,476.16,134.529,138.733
660.326,476.873,134.529,138.733
660.988,477.847,133.197,137.36
660.214,477.924,134.529,138.733
659.659,478.223,134.529,138.733
659.954,478.931,134.529,138.733
657.953,476.715,138.606,142.937
660.398,479.284,134.529,138.733
661.049,479.769,134.529,138.733
662.125,480.839,133.197,137.36
661.803,480.687,134.529,138.733
661.841,480.956,134.529,138.733
659.827,479.14,138.606,142.937
662.262,482.047,134.529,138.733
660.674,480.37,138.606,142.937
660.734,481.102,138.606,142.937
660.699,481.636,138.606,142.937
662.935,484.32,134.529,138.733
660.824,483.203,138.606,142.937
660.857,484.148,138.606,142.937
660.801,485.179,138.606,142.937
662.751,488.221,134.529,138.733
660.513,487.192,138.606,142.937
660.654,488.357,138.606,142.937
660.406,489.092,138.606,142.937
660.367,490.066,138.606,142.937
660.496,491.081,138.606,142.937
660.61,491.975,138.606,142.937
660.644,492.34,138.606,142.937
660.805,493.13,138.606,142.937
660.985,493.952,138.606,142.937
660.705,493.882,139.992,144.366
661.818,495.268,138.606,142.937
661.562,495.336,139.992,144.366
662.727,496.812,138.606,142.937
662.517,496.546,139.992,144.366
663.032,497.339,139.992,144.366
660.978,496.133,144.234,148.741
663.5,498.998,139.992,144.366
663.599,499.528,139.992,144.366
661.933,498.254,144.234,148.741
664.222,501.2,139.992,144.366
664.654,501.809,139.992,144.366
665.066,502.602,139.992,144.366
665.255,503.171,139.992,144.366
666.057,504.3,138.606,142.937
665.685,504.343,139.992,144.366
664.284,502.908,144.234,148.741
664.67,503.227,144.234,148.741
665.393,504.046,144.234,148.741
666.353,504.289,144.234,148.741
665.724,503.814,145.676,150.228
668.617,506.442,142.805,147.268
670.491,507.716,139.992,144.366
668.637,505.91,144.234,148.741
671.6,508.458,139.992,144.366
672.373,508.899,139.992,144.366
672.948,509.23,139.992,144.366
673.54,509.393,139.992,144.366
671.928,507.885,144.234,148.741
671.54,507.014,147.133,151.731
672.206,507.744,145.676,150.228
670.915,506.318,148.604,153.248
671.42,506.68,148.604,153.248
672.2,506.772,148.604,153.248
670.136,504.502,153.107,157.891
672.555,506.747,150.09,154.78
673.153,507.107,150.09,154.78
676.058,509.636,145.676,150.228
674.82,508.23,148.604,153.248
675.272,508.403,148.604,153.248
675.993,508.279,148.604,153.248
673.676,505.802,153.107,157.891
673.88,506.058,153.107,157.891
673.564,505.429,154.638,159.47
673.479,504.753,156.184,161.065
675.077,505.652,154.638,159.47
678.702,508.355,151.591,156.328
676.678,506.456,154.638,159.47
676.535,505.819,156.184,161.065
681.035,509.029,151.591,156.328
679.225,506.769,154.638,159.47
679.456,506.892,154.638,159.47
679.776,506.971,154.638,159.47
684.376,510.306,150.09,154.78
682.056,507.521,154.638,159.47
681.29,506.681,156.184,161.065
681.846,506.596,156.184,161.065
682.679,506.427,156.184,161.065
683.508,506.496,156.184,161.065
683.793,506.129,157.746,162.676
686.153,507.36,154.638,159.47
685.999,506.37,156.184,161.065
687.815,507.333,154.638,159.47
688.507,507.247,154.638,159.47
688.749,506.659,156.184,161.065
687.753,505.117,159.324,164.302
690.85,507.258,154.638,159.47
691.995,507.237,154.638,159.47
692.05,506.404,156.184,161.065
693.625,507.222,154.638,159.47
693.601,506.675,156.184,161.065
695.043,506.81,156.184,161.065
693.128,504.758,160.917,165.945
691.19,502.355,165.793,170.974
694.91,505.212,160.917,165.945
697.683,507.118,157.746,162.676
696.844,505.481,160.917,165.945
698.662,506.25,159.324,164.302
698.72,505.267,160.917,165.945
697.894,503.42,164.151,169.281
701.62,505.624,159.324,164.302
703.63,506.128,157.746,162.676
702.063,503.216,162.526,167.605
699.648,500.335,167.451,172.684
702.771,502.17,164.151,169.281
703.874,502.033,164.151,169.281
702.428,499.935,167.451,172.684
704.312,501.266,165.793,170.974
705.952,502.027,164.151,169.281
705.498,501.386,165.793,170.974
705.769,501.169,165.793,170.974
706.257,500.74,165.793,170.974
707.666,501.212,164.151,169.281
706.864,499.742,165.793,170.974
705.841,497.843,167.451,172.684
707.336,498.247,165.793,170.974
705.179,495.416,169.125,174.41
707.196,496.514,165.793,170.974
707.843,495.696,164.151,169.281
706.526,493.606,165.793,170.974
706.265,491.918,165.793,170.974
705.803,490.096,165.793,170.974
705.488,488.471,165.793,170.974
704.969,487.064,165.793,170.974
704.693,485.912,165.793,170.974
703.553,483.476,167.451,172.684
702.18,481.816,169.125,174.41
700.246,479.202,172.525,177.916
700.275,478.432,172.525,177.916
698.65,476.307,175.992,181.492
700.042,476.936,172.525,177.916
702.815,479.279,167.451,172.684
699.92,475.683,172.525,177.916
697.766,473.595,175.992,181.492
698.117,472.616,175.992,181.492
697.841,472.016,175.992,181.492
698.019,471.619,175.992,181.492
696.87,469.855,177.752,183.307
697.131,468.861,177.752,183.307
699.122,469.856,174.25,179.695
698.936,469.326,174.25,179.695
699.802,469.112,172.525,177.916
697.414,466.495,177.752,183.307
698.245,467.174,175.992,181.492
700.289,468.689,172.525,177.916
699.19,467.146,175.992,181.492
698.882,467.052,175.992,181.492
701.871,469.692,170.816,176.154
701.983,469.676,170.816,176.154
699.195,467.572,175.992,181.492
696.06,464.814,181.325,186.992
699.506,468.256,175.992,181.492
701.546,469.995,172.525,177.916
698.894,467.921,177.752,183.307
700.311,469.198,175.992,181.492
702.168,470.511,172.525,177.916
700.49,469.559,175.992,181.492
700.043,469.009,177.752,183.307
698.888,468.074,179.53,185.14
696.59,465.78,184.97,190.75
698.981,468.414,179.53,185.14
697.643,466.76,183.138,188.861
699.471,469.091,179.53,185.14
696.88,466.771,184.97,190.75
700.026,469.997,179.53,185.14
697.654,467.433,184.97,190.75
698.01,467.963,184.97,190.75
701.349,471.165,179.53,185.14
700.083,469.942,183.138,188.861
699.525,469.088,184.97,190.75
700.447,470.395,183.138,188.861
699.445,469.78,184.97,190.75
700.856,471.101,183.138,188.861
701.84,471.936,181.325,186.992
704.886,474.569,177.752,183.307
702.514,472.092,183.138,188.861
703.897,474.13,179.53,185.14
701.502,471.852,184.97,190.75
701.599,471.99,184.97,190.75
702.955,474.131,181.325,186.992
703.196,474.241,181.325,186.992
701.303,472.999,184.97,190.75
703.417,474.856,181.325,186.992
706.673,478.106,175.992,181.492
707.883,479.104,174.25,179.695
706.77,478.879,175.992,181.492
704.362,477.135,179.53,185.14
701.352,474.67,184.97,190.75
701.461,474.839,184.97,190.75
701.601,474.858,184.97,190.75
701.624,475.02,184.97,190.75
701.699,475.072,184.97,190.75
699.863,474.251,188.688,194.584
703.312,476.458,183.138,188.861
706.117,479.772,177.752,183.307
705.386,478.596,179.53,185.14
706.387,479.82,177.752,183.307
706.502,480.053,177.752,183.307
706.08,480.133,177.752,183.307
705.842,480.208,177.752,183.307
706.436,481.331,175.992,181.492
702.613,478.423,181.325,186.992
701.158,477.602,183.138,188.861
703.839,480.52,177.752,183.307
704.787,481.563,175.992,181.492
706.313,482.323,174.25,179.695
703.719,480.445,177.752,183.307
704.647,481.565,175.992,181.492
703.481,480.917,177.752,183.307
702.593,481.223,177.752,183.307
702.959,482.097,175.992,181.492
702.962,482.216,175.992,181.492
702.198,481.19,177.752,183.307
705.089,483.946,172.525,177.916
705.512,485.157,170.816,176.154
705.234,484.926,170.816,176.154
703.455,483.276,174.25,179.695
700.886,481.298,177.752,183.307
700.621,481.523,177.752,183.307
702.874,483.757,172.525,177.916
699.914,481.32,177.752,183.307
699.743,481.632,177.752,183.307
698.241,480.538,179.53,185.14
700.183,482.499,175.992,181.492
700.001,482.442,175.992,181.492
698.942,481.57,177.752,183.307
698.729,481.657,177.752,183.307
696.842,480.514,179.53,185.14
698.037,481.583,177.752,183.307
697.866,481.377,177.752,183.307
700.262,483.739,172.525,177.916
697.447,481.093,177.752,183.307
699.056,482.762,174.25,179.695
699.616,483.236,172.525,177.916
699.035,482.884,172.525,177.916
699.334,483.526,170.816,176.154
700.934,485.534,167.451,172.684
700.883,485.363,167.451,172.684
697.616,482.382,172.525,177.916
697.978,482.993,170.816,176.154
699.481,484.705,167.451,172.684
697.263,482.6,170.816,176.154
698.632,484.136,167.451,172.684
697.433,482.734,169.125,174.41
696.846,482.73,169.125,174.41
694.421,479.549,174.25,179.695
694.117,479.051,174.25,179.695
693.709,479.011,174.25,179.695
693.439,478.844,174.25,179.695
695.419,481.292,169.125,174.41
694.282,479.674,170.816,176.154
694.795,480.674,169.125,174.41
694.237,480.412,169.125,174.41
693.333,479.254,170.816,176.154
694.448,479.655,169.125,174.41
694.293,479.725,169.125,174.41
694.134,479.448,169.125,174.41
694.026,479.197,169.125,174.41
693.96,478.616,169.125,174.41
693.777,478.476,169.125,174.41
693.433,477.89,169.125,174.41
694.981,478.542,167.451,172.684
695.358,478.446,167.451,172.684
694.688,478.005,167.451,172.684
695.99,478.303,165.793,170.974
694.796,477.214,167.451,172.684
694.782,477.259,167.451,172.684
693.998,476.27,169.125,174.41
694.831,476.571,167.451,172.684
694.66,476.571,167.451,172.684
694.409,476.266,167.451,172.684
694.486,476.128,167.451,172.684
694.917,475.4,167.451,172.684
694.961,475.284,167.451,172.684
695.882,476.401,165.793,170.974
695.999,476.459,165.793,170.974
694.704,475.116,167.451,172.684
694.672,474.507,167.451,172.684
694.434,474.417,167.451,172.684
693.157,473.541,169.125,174.41
695.247,475.659,165.793,170.974
694.314,474.354,167.451,172.684
693.996,473.337,169.125,174.41
694.762,474.066,167.451,172.684
694.323,473.63,167.451,172.684
694.27,473.549,167.451,172.684
694.27,473.549,167.451,172.684
692.749,472.318,169.125,174.41
693.778,472.906,167.451,172.684
693.287,472.556,167.451,172.684
693.34,472.234,167.451,172.684
690.719,469.234,172.525,177.916
692.998,471.598,167.451,172.684
692.78,471.729,167.451,172.684
692.781,471.511,167.451,172.684
692.465,471.415,167.451,172.684
693.528,472.603,165.793,170.974
693.038,472.55,165.793,170.974
695.294,473.832,162.526,167.605
693.964,473.453,164.151,169.281
692.605,471.982,165.793,170.974
691.37,470.288,167.451,172.684
690.74,470.084,167.451,172.684
691.158,469.367,167.451,172.684
691.185,469.411,167.451,172.684
693.523,471.672,164.151,169.281
695.525,473.718,160.917,165.946
695.42,474.084,160.917,165.946
692.058,471.636,165.793,170.974
689.713,469.835,167.451,172.684
687.028,467.508,170.816,176.154
688.715,469.504,167.451,172.684
688.457,469.361,167.451,172.684
685.973,467.854,170.816,176.154
687.496,468.596,169.125,174.41
687.716,469.732,167.451,172.684
687.705,469.966,167.451,172.684
691.065,472.998,162.526,167.605
689.017,472.982,164.151,169.281
687.302,470.75,167.451,172.684
686.643,470.372,167.451,172.684
685.683,469.296,169.125,174.41
685.379,469.164,169.125,174.41
686.095,469.685,167.451,172.684
685.699,469.728,167.451,172.684
685.788,469.438,167.451,172.684
685.165,469.484,167.451,172.684
684.411,469.491,167.451,172.684
684.277,469.577,167.451,172.684
684.244,469.54,167.451,172.684
684.014,469.416,167.451,172.684
683.553,469.474,167.451,172.684
684.535,471.114,165.793,170.974
683.375,470.018,167.451,172.684
684.052,471.004,165.793,170.974
684.423,470.82,165.793,170.974
683.63,470.745,165.793,170.974
681.522,468.143,169.125,174.41
681.969,468.353,167.451,172.684
684.773,472.197,162.526,167.605
681.516,469.014,167.451,172.684
682.705,470.186,165.793,170.974
681.234,468.866,167.451,172.684
683.591,470.986,164.151,169.281
681.466,468.496,167.451,172.684
684.062,471.508,162.526,167.605
683.565,470.358,164.151,169.281
683.875,470.508,164.151,169.281
685.139,470.378,164.151,169.281
681.964,466.796,169.125,174.41
683.623,467.598,167.451,172.684
685.416,469.331,165.793,170.974
686.841,469.333,165.793,170.974
686.984,467.816,167.451,172.684
686.111,465.346,170.816,176.154
688.383,466.11,169.125,174.41
689.958,466.871,167.451,172.684
690.906,466.639,167.451,172.684
691.527,466.35,167.451,172.684
691.652,466.319,167.451,172.684
690.44,465.282,169.125,174.41
691.409,465.255,169.125,174.41
693.162,466.126,167.451,172.684
691.075,462.597,172.525,177.916
691.596,462.588,172.525,177.916
693.922,464.86,169.125,174.41
695.231,464.821,169.125,174.41
695.175,464.358,169.125,174.41
695.047,463.432,170.816,176.154
696.457,464.425,169.125,174.41
698.13,465.196,167.451,172.684
699.127,465.325,167.451,172.684
699.042,464.501,169.125,174.41
699.536,464.189,169.125,174.41
701.288,464.514,167.451,172.684
701.825,464.602,167.451,172.684
701.543,463.545,169.125,174.41
702.31,463.233,169.125,174.41
703.99,463.669,167.451,172.684
704.009,462.785,169.125,174.41
705.315,463.684,167.451,172.684
704.029,461.486,170.816,176.154
705.76,462.327,169.125,174.41
707.312,463.184,167.451,172.684
708.516,462.972,167.451,172.684
706.828,460.86,170.816,176.154
708.071,461.51,169.125,174.41
709.537,462.382,167.451,172.684
711.494,463.895,165.793,170.974
709.726,461.253,169.125,174.41
711.615,462.021,167.451,172.684
710.068,459.959,170.816,176.154
712.659,461.469,167.451,172.684
712.892,461.603,167.451,172.684
715.066,462.808,165.793,170.974
716.589,463.532,164.151,169.281
714.876,460.6,167.451,172.684
717.179,462.739,164.151,169.281
716.864,461.488,165.793,170.974
717.2,461.503,165.793,170.974
720.073,464.128,160.917,165.945
723.136,466.369,156.184,161.065
723.024,466.318,156.184,161.065
723.868,466.011,156.184,161.065
724.958,466.428,156.184,161.065
724.993,466.426,156.184,161.065
725.701,466.338,156.184,161.065
724.648,464.63,159.324,164.302
726.726,466.051,156.184,161.065
726.411,465.082,157.746,162.676
727.331,465.43,156.184,161.065
728.579,465.945,154.638,159.47
728.11,465.479,156.184,161.065
728.805,465.203,156.184,161.065
729.296,464.387,157.746,162.676
729.656,464.541,157.746,162.676
727.394,461.495,162.526,167.605
731.399,463.495,157.746,162.676
732.432,464.142,156.184,161.065
733.87,463.96,156.184,161.065
734.386,463.555,156.184,161.065
732.468,460.755,160.917,165.945
734.375,461.891,159.324,164.302
734.367,460.847,160.917,165.945
734.9,460.352,160.917,165.945
735.829,459.951,160.917,165.945
738.77,462.057,156.184,161.065
737.865,459.834,160.917,165.945
739.43,460.871,159.324,164.302
742.218,462.219,156.184,161.065
743.855,463.087,154.638,159.47
745.678,463.901,153.107,157.891
744.91,462.154,156.184,161.065
744.835,460.48,159.324,164.302
743.339,457.797,164.151,169.281
745.71,458.084,162.526,167.605
744.988,456.216,165.793,170.974
745.927,455.743,165.793,170.974
748.945,457.363,162.526,167.605
752.563,459.73,157.746,162.676
754.127,460.63,156.184,161.065
756.976,461.816,153.107,157.891
756.694,459.838,156.184,161.065
757.709,459.333,156.184,161.065
758.206,458.684,157.746,162.676
757.74,456.619,160.917,165.945
761.126,458.838,156.184,161.065
761.623,458.527,156.184,161.065
762.643,458.138,156.184,161.065
762.582,456.424,159.324,164.302
763.864,457.497,157.746,162.676
762.433,454.081,162.526,167.605
766.036,456.383,157.746,162.676
766.414,456.576,157.746,162.676
768.04,457.179,156.184,161.065
768.798,456.753,156.184,161.065
769.557,456.373,156.184,161.065
769.68,455.794,157.746,162.676
771.151,455.823,156.184,161.065
771.442,455.488,156.184,161.065
772.262,455.288,156.184,161.065
772.574,455.318,156.184,161.065
773.358,454.874,156.184,161.065
773.341,454.099,156.184,161.065
773.554,454.272,156.184,161.065
774.458,454.409,156.184,161.065
775.132,453.449,157.746,162.676
776.879,453.804,156.184,161.065
777.566,453.25,156.184,161.065
778.538,453.065,156.184,161.065
778.902,452.566,157.746,162.676
779.504,452.252,157.746,162.676
779.802,452.109,157.746,162.676
780.829,451.75,157.746,162.676
781.83,451.802,157.746,162.676
784.593,453.091,153.107,157.891
785.633,454.322,151.591,156.328
786.552,454.329,151.591,156.328
786.855,454.14,151.591,156.328
789.271,455.466,148.604,153.248
788.609,453.967,151.591,156.328
790.591,455.437,148.604,153.248
790.15,453.7,151.591,156.328
787.641,450.638,156.184,161.065
789.497,451.519,153.107,157.891
791.636,452.406,151.591,156.328
790.738,451.501,153.107,157.891
789.185,448.678,157.746,162.676
791.089,449.679,154.638,159.47
794.412,451.382,151.591,156.328
793.584,449.974,153.107,157.891
793.829,449.723,153.107,157.891
796.68,451.421,150.09,154.78
797.856,451.957,148.604,153.248
796.429,448.688,153.107,157.891
796.962,447.844,153.107,157.891
800.411,450.635,148.604,153.248
798.802,447.658,153.107,157.891
797.251,445.671,156.184,161.065
796.273,443.167,160.917,165.946
799.031,444.907,156.184,161.065
800.756,446.267,153.107,157.891
800.617,445.88,153.107,157.891
799.862,445.391,153.107,157.891
798.694,445.141,153.107,157.891
797.44,444.242,153.107,157.891
799.528,447.072,148.604,153.248
796.285,443.317,153.107,157.891
798.144,445.221,150.09,154.78
799.417,447.699,145.676,150.228
799.031,447.153,145.676,150.228
797.271,445.104,148.604,153.248
798.744,446.428,145.676,150.228
798.391,446.344,145.676,150.228
801.041,448.718,141.392,145.81
802.755,449.368,139.992,144.366
800.843,446.54,144.234,148.741
800.961,446.115,144.234,148.741
802.985,447.111,141.392,145.81
803.501,446.8,141.392,145.81
804.022,446.588,141.392,145.81
804.955,445.577,141.392,145.81
807.789,448.501,137.233,141.522
805.713,445.466,141.392,145.81
805.897,444.564,141.392,145.81
808.77,446.894,137.233,141.522
806.764,443.487,141.392,145.81
809.766,446.117,137.233,141.522
807.886,442.731,141.392,145.81
811.163,444.89,137.233,141.522
812.38,445.507,135.875,140.121
810.381,442.49,138.606,142.937
812.063,443.232,137.233,141.522
812.919,442.763,137.233,141.522
813.232,442.593,137.233,141.522
812.94,442.334,137.233,141.522
813.724,442.583,135.875,140.121
813.317,440.868,137.233,141.522
813.591,441.705,135.875,140.121
812.96,440.747,137.233,141.522
811.415,437.658,138.606,142.937
813.498,439.676,135.875,140.121
813.582,439.709,135.875,140.121
815.674,440.984,131.879,136
817.231,443.364,129.28,133.32
815.44,440.239,131.879,136
816.958,442.142,129.28,133.32
816.689,440.228,130.573,134.653
814.009,437.068,134.529,138.733
813.997,436.851,135.875,140.121
814.73,438.172,133.197,137.36
815.345,439.252,130.573,134.653
817.001,441.53,126.733,130.693
817.022,440.692,125.478,129.399
816.457,439.581,128,132
816.237,439.197,126.733,130.693
814.278,436.611,130.573,134.653
816.248,439.062,126.733,130.693
813.668,435.397,130.573,134.653
813.191,435.433,130.573,134.653
814.932,436.858,126.733,130.693
814.476,436.94,126.733,130.693
811.847,433.889,130.573,134.653
813.577,436.02,126.733,130.693
812.384,435.548,126.733,130.693
811.703,434.872,126.733,130.693
811.069,434.772,125.478,129.399
810.066,434.271,126.733,130.693
807.661,432.415,129.28,133.32
807.846,432.918,126.733,130.693
807.235,432.856,125.478,129.399
808.545,434.777,121.788,125.594
808.06,434.973,120.582,124.35
807.054,434.137,120.582,124.35
807.534,435.51,119.388,123.119
807.291,435.666,118.206,121.9
805.631,434.99,119.388,123.119
804.569,434.113,119.388,123.119
803.713,433.903,119.388,123.119
803.943,434.666,117.036,120.693
801.94,433.512,118.206,121.9
800.461,432.658,119.388,123.119
800.907,433.112,117.036,120.693
800.439,432.365,115.877,119.498
799.553,432.118,115.877,119.498
798.228,431.42,115.877,119.498
797.609,430.793,115.877,119.498
795.817,429.409,118.206,121.9
794.794,429.338,118.206,121.9
794.315,429.052,117.036,120.693
794.445,430.426,113.594,117.143
791.776,428.261,115.877,119.498
789.117,426.34,119.388,123.119
789.589,427.371,115.877,119.498
788.925,426.826,115.877,119.498
788.543,427.364,114.729,118.315
788.002,427.425,113.594,117.143
788.434,428.444,111.355,114.835
785.687,426.353,113.594,117.143
784.649,425.877,113.594,117.143
785.784,427.487,110.253,113.698
785.103,427.07,110.253,113.698
783.608,426.116,111.355,114.835
783.8,426.619,109.161,112.572
784.049,427.789,105.951,109.262
782.749,426.686,107.01,110.354
780.541,425.219,109.161,112.572
779.878,425.31,108.08,111.458
780.071,426.079,105.951,109.262
779.547,426.131,104.902,108.18
777.827,424.493,107.01,110.354
778.003,425.196,104.902,108.18
778.118,425.916,102.835,106.048
775.534,423.72,105.951,109.262
774.171,422.938,107.01,110.354
772.901,422.845,107.01,110.354
771.984,422.697,105.951,109.262
773.053,423.697,102.835,106.048
770.877,421.892,104.902,108.18
771.61,422.979,101.817,104.998
770.626,421.787,102.835,106.048
767.562,419.935,105.951,109.262
767.334,420.027,104.902,108.18
768.237,421.1,101.817,104.998
768.679,421.829,99.8104,102.93
768.082,421.429,99.8104,102.93
767.519,420.84,99.8104,102.93
766.448,420.055,99.8104,102.93
765.707,419.604,99.8104,102.93
765.372,420.03,98.8222,101.91
764.359,418.698,99.8104,102.93
763.265,418.163,99.8104,102.93
762.699,417.461,99.8104,102.93
762.055,416.854,99.8104,102.93
761.123,416.227,99.8104,102.93
760.468,415.856,99.8104,102.93
759.485,415.189,99.8104,102.93
759.611,415.538,97.8438,100.901
760.082,416.366,95.9159,98.9132
759.807,416.586,94.9662,97.9339
758.893,416.003,94.9662,97.9339
759.051,416.536,93.095,96.0042
757.663,415.371,94.9662,97.9339
758.568,416.153,92.1733,95.0537
758.298,416.124,91.2607,94.1126
757.377,415.156,92.1733,95.0537
756.415,414.847,92.1733,95.0537
755.874,414.092,92.1733,95.0537
755.006,413.822,92.1733,95.0537
753.955,412.889,92.1733,95.0537
753.078,412.355,92.1733,95.0537
752.381,412.044,92.1733,95.0537
752.307,412.781,90.3571,93.1808
750.366,410.989,92.1733,95.0537
749.538,410.6,92.1733,95.0537
748.893,409.855,92.1733,95.0537
747.792,409.154,92.1733,95.0537
748.247,409.869,90.3571,93.1808
746.197,408.128,92.1733,95.0537
746.499,409.231,89.4625,92.2582
744.928,407.495,91.2607,94.1126
745.955,409.042,88.5767,91.3447
744.868,408.635,88.5767,91.3447
745.643,409.68,85.9717,88.6583
744.97,409.611,85.9717,88.6583
744.237,409.117,85.9717,88.6583
743.107,408.722,85.9717,88.6583
742.24,408.49,85.9717,88.6583
741.36,408.196,85.9717,88.6583
741.545,408.855,84.2777,86.9114
740,407.738,85.9717,88.6583
738.682,407.252,85.9717,88.6583
738.75,407.948,84.2777,86.9114
738.531,408.821,81.7991,84.3553
737.139,407.754,82.6171,85.1989
735.477,406.32,84.2777,86.9114
734.576,406.279,84.2777,86.9114
734.588,407.135,81.7991,84.3553
734.603,408.024,79.3934,81.8745
733.238,407.085,80.1874,82.6932
731.527,406.335,80.9892,83.5201
731.248,406.395,80.1874,82.6932
729.744,405.332,80.9892,83.5201
728.345,405.101,80.9892,83.5201
727.706,404.597,80.9892,83.5201
727.194,404.334,80.1874,82.6932
726.919,405.4,78.6074,81.0638
725.487,404.482,79.3934,81.8745
724.403,403.919,79.3934,81.8745
723.605,404.165,78.6074,81.0638
723.34,404.408,77.8291,80.2612
721.81,403.772,78.6074,81.0638
721.468,404.387,77.0585,79.4666
720.186,403.376,77.8291,80.2612
717.555,402.324,79.3934,81.8745
717.972,403.535,77.0585,79.4666
715.585,401.605,79.3934,81.8745
715.487,402.363,77.8291,80.2612
714.082,401.386,78.6074,81.0638
714.212,402.33,77.0585,79.4666
713.172,401.49,77.8291,80.2612
713.911,402.574,75.5401,77.9008
714.582,403.667,74.0517,76.3658
714.193,403.645,74.0517,76.3658
714.317,404.259,72.5926,74.8611
713.451,403.573,74.0517,76.3658
712.458,403.542,74.0517,76.3658
711.869,403.39,74.0517,76.3658
712.186,404.3,72.5926,74.8611
710.919,404.083,72.5926,74.8611
710.062,404.222,72.5926,74.8611
709.02,404.021,72.5926,74.8611
706.563,402.685,74.0517,76.3658
706.455,403.493,72.5926,74.8611
705.17,403.313,72.5926,74.8611
703.748,403.173,72.5926,74.8611
701.08,401.858,74.7922,77.1295
700.497,401.713,74.0517,76.3658
699.38,401.936,74.0517,76.3658
698.796,402.508,72.5926,74.8611
698.233,402.746,71.8739,74.1199
696.98,402.314,72.5926,74.8611
695.667,402.682,71.8739,74.1199
693.787,401.5,74.0517,76.3658
693.605,402.251,71.8739,74.1199
690.92,400.624,74.0517,76.3658
690.611,401.362,72.5926,74.8611
690.723,402.007,70.4577,72.6595
688.257,400.473,72.5926,74.8611
687.327,400.426,72.5926,74.8611
686.022,400.083,72.5926,74.8611
684.786,400.117,72.5926,74.8611
683.293,399.979,72.5926,74.8611
682.58,399.816,71.1622,73.3861
683.031,400.998,69.0694,71.2278
680.272,400.23,70.4577,72.6595
678.326,399.387,71.8739,74.1199
676.898,398.901,71.8739,74.1199
674.693,397.768,74.0517,76.3658
673.284,397.536,74.0517,76.3658
672.502,398.281,72.5926,74.8611
671.656,398.618,71.8739,74.1199
670.871,398.648,70.4577,72.6595
669.035,397.795,71.1622,73.3861
666.755,396.199,73.3185,75.6097
666.3,397.25,71.1622,73.3861
666.776,398.629,69.0694,71.2278
664.449,397.671,70.4577,72.6595
664.306,398.361,69.0694,71.2278
662.825,397.842,69.7601,71.9401
661.209,397.524,70.4577,72.6595
660.566,398.387,69.0694,71.2278
659.479,398.38,69.0694,71.2278
658.764,398.595,67.7085,69.8243
656.85,398.135,68.3855,70.5226
655.135,397.556,69.7601,71.9401
653.18,397.313,70.4577,72.6595
652.699,398.255,69.0694,71.2278
652.227,398.717,67.7085,69.8243
651.881,399.852,66.3743,68.4485
651.705,400.175,65.0665,67.0998
650.741,400.3,65.0665,67.0998
649.545,400.011,65.0665,67.0998
648.405,400.281,65.0665,67.0998
647.071,400.003,65.0665,67.0998
646.656,400.631,63.1529,65.1264
644.391,399.406,65.0665,67.0998
642.072,398.487,66.3743,68.4485
641.584,399.145,65.0665,67.0998
639.718,398.226,66.3743,68.4485
637.597,396.903,67.7085,69.8244
636.563,397.331,67.0381,69.133
636.218,397.649,66.3743,68.4485
636.303,398.425,64.4223,66.4355
636.091,398.551,64.4223,66.4355
635.404,399.117,63.7844,65.7777
636.021,400.105,61.9085,63.8432
636.488,400.751,60.6887,62.5852
635.973,401.028,60.0878,61.9656
634.013,400.086,61.9085,63.8432
634.28,400.824,60.6887,62.5852
634.137,400.909,60.0878,61.9656
632.39,400.197,61.2956,63.2111
631.103,400.116,61.9085,63.8432
629.382,399.092,63.1529,65.1264
629.495,399.936,61.9085,63.8432
629.953,400.977,60.0878,61.9656
628.237,400.061,61.9085,63.8432
627.682,400.141,61.9085,63.8432
628.26,401.182,60.0878,61.9656
627.133,400.683,60.6887,62.5852
627.04,401.222,59.4929,61.352
625.281,400.403,61.2956,63.2111
623.415,399.261,63.1529,65.1264
623.088,399.339,62.5276,64.4816
621.599,399.106,63.1529,65.1264
621.853,400.125,61.2956,63.2111
622.45,401.073,59.4929,61.352
622.377,401.465,58.3207,60.1432
621.776,401.589,58.9039,60.7446
620.569,401.081,59.4929,61.352
620.297,401.343,58.3207,60.1432
620.399,401.932,56.6054,58.3744
619.129,401.146,57.7432,59.5477
617.789,400.834,58.9039,60.7446
616.753,400.789,58.9039,60.7446
616.156,400.71,58.3207,60.1432
615.318,400.681,58.9039,60.7446
614.365,400.251,59.4929,61.352
613.846,400.626,58.9039,60.7446
612.53,400.574,58.9039,60.7446
611.206,400.284,59.4929,61.352
609.889,400.245,59.4929,61.352
608.459,400.126,60.0878,61.9656
606.383,399.328,61.2956,63.2111
606.472,400.396,59.4929,61.352
605.781,400.449,58.3207,60.1432
604.492,400.686,58.9039,60.7446
602.892,400.322,59.4929,61.352
601.575,400.305,59.4929,61.352
600.534,400.329,59.4929,61.352
599.038,400.255,60.0878,61.9656
597.126,399.719,61.2956,63.2111
597.7,400.45,59.4929,61.352
596.263,400.625,59.4929,61.352
593.758,399.676,61.2956,63.2111
594.289,400.779,59.4929,61.352
593.615,401.079,58.3207,60.1432
592.678,401.258,58.3207,60.1432
591.5,401.192,58.3207,60.1432
590.398,401.271,58.3207,60.1432
589.392,401.411,58.3207,60.1432
588.156,401.358,59.4929,61.352
587.315,401.977,58.9039,60.7446
586.271,401.918,58.9039,60.7446
585.207,402.17,58.3207,60.1432
584.097,402.338,58.3207,60.1432
583.428,402.176,58.3207,60.1432
582.819,402.191,58.3207,60.1432
582.148,402.18,58.3207,60.1432
581.428,402.378,58.3207,60.1432
580.557,402.213,58.3207,60.1432
579.352,402.107,58.3207,60.1432
578.354,402.392,58.3207,60.1432
577.751,402.297,58.3207,60.1432
577.443,402.318,58.3207,60.1432
576.758,402.364,58.3207,60.1432
576.111,402.264,58.3207,60.1432
575.934,402.457,58.3207,60.1432
574.955,402.799,58.3207,60.1432
574.25,402.523,58.3207,60.1432
573.66,402.574,58.3207,60.1432
572.675,402.244,59.4929,61.352
572.048,402.184,59.4929,61.352
