779.003,309.514,90,91
776.071,315.776,87.3531,88.3237
771.406,320.29,87.3531,88.3237
767.368,324.208,85.6319,86.5834
763.402,326.842,83.9446,84.8773
758.538,328.095,82.2906,83.2049
754.992,329.292,79.8704,80.7579
748.991,326.948,82.2906,83.2049
745.399,326.93,79.8704,80.7579
741.584,326.024,78.2967,79.1666
736.557,323.779,78.2967,79.1666
733.51,323.137,75.994,76.8384
730.601,322.677,73.759,74.5786
725.44,320.029,74.4966,75.3243
720.978,317.723,75.994,76.8384
717.453,316.68,73.759,74.5786
712.37,313.785,74.4966,75.3243
708.545,311.684,74.4966,75.3243
705.413,310.737,73.0287,73.8402
703.255,310.735,70.881,71.6685
699.736,309.618,68.7964,69.5608
694.763,306.762,70.881,71.6685
692.393,306.185,68.7964,69.5608
688.466,303.929,69.4843,70.2564
686.428,303.893,67.4408,68.1902
683.582,303.334,65.4574,66.1847
680.279,301.73,65.4574,66.1847
676.655,299.54,67.4408,68.1902
674.43,299.435,65.4574,66.1847
672.453,299.039,64.8093,65.5294
669.78,298.288,63.5323,64.2382
667.128,296.93,63.5323,64.2382
664.284,295.863,63.5323,64.2382
661.685,294.783,63.5323,64.2382
659.222,294.103,62.9033,63.6022
656.21,292.954,62.9033,63.6022
654.188,292.639,61.0533,61.7317
652.118,292.406,59.8503,60.5153
649.01,290.934,60.4488,61.1205
645.991,289.301,61.0533,61.7317
644.02,288.967,59.8503,60.5153
642.318,289.03,58.0901,58.7356
638.645,287.012,59.8503,60.5153
637.44,287.215,58.0901,58.7356
635.476,287.275,56.9455,57.5783
632.476,285.736,57.515,58.154
631.027,285.605,56.3817,57.0082
628.982,284.731,56.3817,57.0082
626.931,283.918,56.3817,57.0082
624.67,282.689,56.9455,57.5783
622.754,281.999,56.3817,57.0082
620.787,281.212,56.9455,57.5783
619.415,280.742,56.3817,57.0082
618.087,279.903,56.3817,57.0082
617.414,280.198,54.7235,55.3316
616.392,280.368,53.1141,53.7043
615.075,279.941,52.5882,53.1726
614.786,280.792,51.0416,51.6088
613.984,280.99,50.0359,50.5919
611.714,279.505,51.0416,51.6088
609.696,278.508,51.0416,51.6088
608.992,278.519,49.5405,50.091
607.283,277.756,50.0359,50.5919
605.764,276.946,50.0359,50.5919
604.82,276.378,49.5405,50.091
602.814,275.026,50.0359,50.5919
601.513,274.503,49.5405,50.091
599.781,273.772,50.0359,50.5919
598.657,273.321,49.5405,50.091
597.349,272.815,48.5644,49.104
595.762,271.87,48.5644,49.104
594.487,271.475,48.0835,48.6178
593.068,271.072,48.0835,48.6178
591.648,270.356,48.0835,48.6178
590.426,269.998,48.0835,48.6178
589.957,270.254,46.6694,47.1879
588.58,269.894,46.6694,47.1879
587.209,269.091,46.6694,47.1879
586.172,268.626,46.6694,47.1879
584.813,267.73,46.6694,47.1879
582.978,266.845,46.6694,47.1879
581.465,266.082,46.6694,47.1879
580.37,265.56,46.6694,47.1879
579.076,264.753,46.6694,47.1879
578.147,264.613,45.2969,45.8002
577.206,264.896,44.4043,44.8977
575.784,264.295,44.4043,44.8977
574.603,264.071,44.4043,44.8977
573.48,263.789,44.4043,44.8977
572.283,263.205,44.4043,44.8977
571.397,263.788,43.0984,43.5773
570.075,263.61,43.0984,43.5773
568.978,262.965,43.0984,43.5773
567.952,262.767,43.0984,43.5773
566.808,262.496,43.0984,43.5773
565.028,261.825,43.0984,43.5773
564.127,261.568,43.0984,43.5773
562.89,260.862,43.0984,43.5773
561.424,260.696,43.0984,43.5773
560.404,260.084,43.0984,43.5773
559.162,259.822,43.0984,43.5773
558.048,259.695,43.0984,43.5773
556.965,259.099,43.0984,43.5773
556.038,258.978,43.0984,43.5773
555.015,258.941,43.0984,43.5773
554.013,259.109,42.6717,43.1458
553.393,259.796,41.4167,41.8769
552.403,259.718,41.4167,41.8769
551.789,259.951,41.0067,41.4623
550.862,259.863,41.0067,41.4623
549.903,259.707,41.0067,41.4623
548.967,259.19,41.0067,41.4623
548.091,259.092,40.6007,41.0518
548.489,259.96,39.4066,39.8444
547.862,259.882,39.4066,39.8444
547.216,259.836,39.4066,39.8444
546.476,259.768,39.4066,39.8444
545.629,259.745,39.4066,39.8444
544.924,259.744,39.4066,39.8444
544.43,259.702,39.4066,39.8444
543.456,259.69,39.4066,39.8444
542.584,259.653,39.4066,39.8444
541.803,259.728,39.4066,39.8444
541.433,259.676,39.4066,39.8444
540.516,259.634,39.4066,39.8444
540.638,260.432,38.2477,38.6726
540.442,260.757,37.494,37.9106
539.579,260.78,37.494,37.9106
539.629,261.429,36.3913,36.7957
539.146,261.394,36.3913,36.7957
538.235,261.376,36.3913,36.7957
537.618,261.41,36.3913,36.7957
537.013,261.459,36.3913,36.7957
536.585,261.512,36.3913,36.7957
535.5,260.877,37.494,37.9106
535.163,261.572,36.3913,36.7957
534.583,261.673,36.3913,36.7957
534.105,261.743,36.3913,36.7957
533.41,261.772,36.031,36.4314
532.712,261.903,36.031,36.4314
532.783,263.056,34.9714,35.3599
531.331,262.806,36.031,36.4314
531.328,263.656,34.9714,35.3599
530.843,264.126,34.9714,35.3599
529.987,264.637,34.9714,35.3599
529.977,266.136,34.2823,34.6632
528.772,265.659,34.9714,35.3599
528.88,267.168,34.2823,34.6632
527.682,266.613,34.9714,35.3599
527.925,268.106,34.2823,34.6632
527.512,269.014,33.6068,33.9802
526.439,268.934,33.9429,34.32
526.739,270.346,32.9446,33.3107
525.366,269.936,33.9429,34.32
525.656,271.251,32.9446,33.3107
524.335,270.976,33.9429,34.32
524.458,272.463,32.9446,33.3107
524.206,273.098,32.9446,33.3107
523.013,272.719,33.9429,34.32
522.282,273.102,33.9429,34.32
522.371,274.814,32.9446,33.3107
521.8,274.989,33.6068,33.9802
521.001,274.938,33.9429,34.32
521.24,276.269,32.9446,33.3107
521.038,276.749,32.9446,33.3107
521.502,277.915,31.9757,32.331
520.206,277.754,32.9446,33.3107
520.2,277.911,32.9446,33.3107
520.253,278.251,32.9446,33.3107
520.868,278.922,31.9757,32.331
521,279.028,31.9757,32.331
521.084,279.125,31.9757,32.331
521.275,279.345,31.9757,32.331
521.345,279.775,31.9757,32.331
521.396,279.834,31.9757,32.331
521.639,279.894,31.9757,32.331
522.206,280.305,31.0353,31.3801
522.295,280.334,31.0353,31.3801
522.79,280.733,30.4238,30.7618
522.613,280.403,31.0353,31.3801
522.944,280.801,30.4238,30.7618
522.645,280.638,31.0353,31.3801
522.847,280.722,31.0353,31.3801
522.97,281.173,30.4238,30.7618
523.031,281.554,30.4238,30.7618
523.099,281.709,30.4238,30.7618
522.924,281.916,30.4238,30.7618
523.674,282.901,29.529,29.8571
523.055,282.488,30.4238,30.7618
522.826,282.691,30.4238,30.7618
523.576,283.671,29.529,29.8571
523.534,284.107,29.529,29.8571
523.52,284.356,29.529,29.8571
523.492,284.6,28.9472,29.2688
523.481,284.794,28.9472,29.2688
523.943,285.768,28.6606,28.979
523.13,285.47,29.529,29.8571
523.117,285.768,29.529,29.8571
523.002,286.176,29.529,29.8571
522.867,286.39,29.529,29.8571
522.858,286.664,29.529,29.8571
522.754,287.097,29.529,29.8571
522.701,287.355,29.529,29.8571
522.475,287.671,28.9472,29.2688
523.128,288.763,28.0959,28.408
522.173,288.45,28.9472,29.2688
522.088,288.65,28.9472,29.2688
522.86,289.674,28.0959,28.408
521.964,289.3,28.9472,29.2688
521.922,289.787,28.3768,28.6921
522.304,290.601,28.0959,28.408
522.195,291.009,28.0959,28.408
522.082,291.197,28.0959,28.408
522.031,291.347,28.0959,28.408
521.995,291.739,28.0959,28.408
521.723,291.59,28.3768,28.6921
521.834,291.723,28.3768,28.6921
522.538,292.354,28.0959,28.408
523.095,292.738,28.0959,28.408
523.471,292.971,28.0959,28.408
524.491,293.576,27.5423,27.8483
524.598,293.8,28.0959,28.408
525.644,294.332,27.5423,27.8483
525.883,294.304,28.0959,28.408
526.306,294.527,28.3768,28.6921
527.874,295.534,27.5423,27.8483
528.726,295.599,28.0959,28.408
529.953,296.411,27.5423,27.8483
530.938,296.728,26.9996,27.2996
531.68,297.166,27.5423,27.8483
533.27,297.757,26.9996,27.2996
534.522,298.069,27.5423,27.8483
535.865,298.519,27.5423,27.8483
537.653,298.864,27.5423,27.8483
539.303,299.364,27.5423,27.8483
541.52,299.808,26.9996,27.2996
543.997,300.827,26.7323,27.0293
545.69,301.116,26.4676,26.7617
547.718,301.818,26.7323,27.0293
549.934,302.735,26.2055,26.4967
551.89,302.848,26.4676,26.7617
553.477,302.956,26.9996,27.2996
555.744,303.871,26.4676,26.7617
558.065,304.886,26.2055,26.4967
559.303,304.97,26.4676,26.7617
562.373,306.491,25.6892,25.9746
563.91,307.122,25.6892,25.9746
565.033,307.254,25.9461,26.2344
566.549,308.052,26.2055,26.4967
567.166,308.172,26.4676,26.7617
568.541,309.387,25.9461,26.2344
570.016,310.372,25.4348,25.7174
571.464,311.331,25.183,25.4628
571.525,311.07,25.9461,26.2344
572.643,311.858,26.2055,26.4967
574.209,312.674,25.4348,25.7174
575.274,313.329,25.4348,25.7174
576.973,314.469,25.183,25.4628
577.443,314.715,25.4348,25.7174
578.09,315.427,25.4348,25.7174
578.907,316.192,25.4348,25.7174
579.749,317.208,24.9337,25.2107
580.043,317.927,24.9337,25.2107
580.49,318.71,24.9337,25.2107
580.804,319.334,24.9337,25.2107
581.293,320.296,24.9337,25.2107
581.755,320.942,24.9337,25.2107
581.782,321.446,25.4348,25.7174
582.192,321.993,25.4348,25.7174
582.949,322.991,24.9337,25.2107
583.195,323.836,24.9337,25.2107
583.688,324.418,24.9337,25.2107
583.704,325.094,24.9337,25.2107
583.669,325.707,24.9337,25.2107
583.724,326.133,24.9337,25.2107
583.746,326.845,24.9337,25.2107
584.334,327.787,24.4424,24.7139
584.516,328.375,24.4424,24.7139
584.484,328.931,24.4424,24.7139
584.445,329.382,24.4424,24.7139
584.416,330.125,24.4424,24.7139
584.268,330.53,24.4424,24.7139
583.955,331.239,24.4424,24.7139
583.837,331.865,24.4424,24.7139
584.075,332.548,23.9608,24.227
584.052,333.419,23.9608,24.227
584.048,334.098,23.9608,24.227
583.96,334.501,23.9608,24.227
583.856,335.166,23.9608,24.227
584.132,335.837,23.4886,23.7496
584.172,336.526,23.4886,23.7496
584.096,336.868,23.4886,23.7496
583.727,337.077,23.9608,24.227
583.889,337.536,23.4886,23.7496
583.508,337.428,23.9608,24.227
583.546,338.15,23.4886,23.7496
583.29,338.011,23.9608,24.227
583.413,338.323,23.4886,23.7496
583.356,338.43,23.4886,23.7496
583.651,338.833,23.0258,23.2817
583.481,338.944,23.0258,23.2817
583.378,339.293,23.0258,23.2817
583.407,339.365,23.0258,23.2817
583.305,339.459,23.0258,23.2817
583.25,339.663,23.0258,23.2817
583.22,339.817,23.0258,23.2817
583.188,339.909,22.5721,22.8229
582.824,340.011,22.5721,22.8229
582.833,340.206,23.0258,23.2817
582.931,340.719,22.7978,23.0512
583.036,340.833,22.7978,23.0512
583.196,341.15,22.3486,22.597
582.562,340.697,22.5721,22.8229
582.579,340.65,22.5721,22.8229
582.533,340.669,22.5721,22.8229
582.777,341.024,21.9083,22.1517
582.805,341.029,21.9083,22.1517
582.759,341.003,21.9083,22.1517
582.252,340.553,22.5721,22.8229
582.76,340.98,22.3486,22.597
582.171,340.543,22.5721,22.8229
582.384,340.908,22.3486,22.597
582.108,340.423,23.0258,23.2817
582.064,340.387,22.5721,22.8229
582.357,340.795,22.3486,22.597
582.532,340.652,22.3486,22.597
582.431,340.612,22.3486,22.597
582.334,340.357,21.9083,22.1517
582.013,340.026,21.9083,22.1517
582.5,340.452,21.6914,21.9324
582.32,340.164,21.4766,21.7152
582.498,340.4,21.6914,21.9324
582.452,340.449,21.6914,21.9324
582.485,340.446,21.6914,21.9324
581.934,340.286,21.4766,21.7152
581.424,340.097,21.9083,22.1517
581.276,340.324,21.4766,21.7152
580.889,340.181,21.9083,22.1517
580.995,340.48,21.4766,21.7152
580.83,340.54,21.4766,21.7152
580.694,340.635,21.4766,21.7152
580.809,341.238,21.264,21.5002
580.346,341.241,21.6914,21.9324
579.906,341.089,21.4766,21.7152
579.6,341.112,21.4766,21.7152
578.837,341.118,21.4766,21.7152
578.504,340.962,21.4766,21.7152
578.479,341.323,21.264,21.5002
577.587,340.641,21.4766,21.7152
577.521,340.652,21.0534,21.2874
577.282,340.399,21.264,21.5002
576.941,340.258,21.264,21.5002
576.685,340.124,21.264,21.5002
575.708,339.34,21.4766,21.7152
575.677,339.406,21.264,21.5002
575.708,339.508,20.6386,20.8679
575.464,339.392,20.6386,20.8679
574.9,338.937,21.264,21.5002
574.663,338.717,21.264,21.5002
574.596,338.618,20.6386,20.8679
573.976,338.124,21.264,21.5002
573.793,338.009,21.0534,21.2873
573.302,337.889,21.0534,21.2873
573.48,338.083,20.6386,20.8679
573.34,337.866,20.6386,20.8679
572.737,337.086,21.264,21.5002
572.683,337.271,20.6386,20.8679
572.601,337.069,20.6386,20.8679
572.11,336.618,20.4342,20.6613
571.963,336.569,20.6386,20.8679
571.747,336.456,20.6386,20.8679
571.613,336.388,20.6386,20.8679
571.094,335.967,20.4342,20.6613
570.761,335.753,20.4342,20.6613
571.078,336.06,20.0316,20.2542
570.907,336.051,20.0316,20.2542
570.533,335.876,20.6386,20.8679
570.201,335.61,20.4342,20.6613
570.081,335.765,20.6386,20.8679
569.628,335.52,20.4342,20.6613
569.975,335.832,20.0316,20.2542
569.561,335.628,20.6386,20.8679
569.038,335.201,21.0534,21.2873
569.199,335.489,20.6386,20.8679
568.918,335.179,20.4342,20.6613
569.065,335.625,20.0316,20.2542
568.409,335.109,20.4342,20.6613
568.249,334.841,20.4342,20.6613
567.973,334.817,20.4342,20.6613
567.903,334.686,20.4342,20.6613
568.263,334.925,20.0316,20.2542
568.179,334.879,20.0316,20.2542
568.123,334.799,20.0316,20.2542
568.015,334.772,20.0316,20.2542
568.295,334.976,19.4425,19.6585
568.18,334.957,19.4425,19.6585
567.667,334.629,20.0316,20.2542
567.689,334.641,20.0316,20.2542
567.62,334.603,20.0316,20.2542
567.59,334.56,20.0316,20.2542
567.606,334.548,20.0316,20.2542
568.168,334.866,19.4425,19.6585
568.296,334.853,19.4425,19.6585
568.446,334.886,19.4425,19.6585
568.697,334.863,19.4425,19.6585
568.978,334.905,19.4425,19.6585
569.46,334.907,19.4425,19.6585
569.732,334.954,19.4425,19.6585
570.226,335.373,18.8707,19.0804
570.686,335.449,18.8707,19.0804
570.657,335.214,19.4425,19.6585
571.29,335.683,18.8707,19.0804
571.711,335.72,18.8707,19.0804
571.646,335.484,19.25,19.4639
572.267,335.864,18.6838,18.8914
572.837,335.904,18.6838,18.8914
573.09,335.947,18.6838,18.8914
573.291,335.982,18.8707,19.0804
573.529,335.999,19.4425,19.6585
574.078,336.335,18.8707,19.0804
574.663,336.394,18.8707,19.0804
575.339,336.855,18.3157,18.5192
575.137,336.502,18.8707,19.0804
575.596,336.54,18.8707,19.0804
575.715,336.655,18.8707,19.0804
576.204,336.696,18.8707,19.0804
576.657,336.731,18.8707,19.0804
576.875,336.784,18.8707,19.0804
577.128,336.804,18.8707,19.0804
577.719,336.949,18.8707,19.0804
578.111,336.967,18.8707,19.0804
579.118,337.686,18.3157,18.5192
578.986,337.291,18.8707,19.0804
579.68,337.692,18.3157,18.5192
580.097,337.74,18.3157,18.5192
580.189,337.333,18.8707,19.0804
580.594,337.347,18.8707,19.0804
581.477,337.779,18.3157,18.5192
582.071,337.801,18.3157,18.5192
581.93,337.508,18.8707,19.0804
582.401,337.598,18.8707,19.0804
583.446,338.003,18.3157,18.5192
583.84,337.947,17.9548,18.1543
584.146,337.975,17.9548,18.1543
584.598,338.08,17.9548,18.1543
585.357,338.12,17.9548,18.1543
585.632,338.195,17.9548,18.1543
586.27,338.238,17.9548,18.1543
586.59,338.328,17.9548,18.1543
587.224,338.486,17.9548,18.1543
587.796,338.899,17.9548,18.1543
588.322,338.918,17.9548,18.1543
588.703,339.051,17.9548,18.1543
589.366,339.102,17.9548,18.1543
589.654,339.211,17.9548,18.1543
590.447,339.301,17.9548,18.1543
591.304,339.84,17.777,17.9746
591.405,339.686,17.9548,18.1543
592.254,340.138,17.777,17.9746
592.381,339.714,17.9548,18.1543
593.366,340.195,17.777,17.9746
593.509,339.75,17.9548,18.1543
594.261,340.205,17.777,17.9746
594.442,339.769,17.9548,18.1543
595.06,340.097,17.4268,17.6204
595.849,340.123,17.4268,17.6204
596.406,340.205,17.4268,17.6204
596.769,340.222,17.4268,17.6204
597.045,340.274,17.4268,17.6204
597.672,340.366,17.4268,17.6204
598.365,340.765,17.777,17.9746
599.199,341.38,17.2542,17.4459
599.305,341.054,17.4268,17.6204
599.61,341.094,17.4268,17.6204
599.99,341.247,17.4268,17.6204
600.733,341.333,17.4268,17.6204
601.075,341.429,17.4268,17.6204
601.609,341.495,17.4268,17.6204
602.194,341.856,17.777,17.9746
602.553,342.056,17.4268,17.6204
603.372,342.461,16.9142,17.1022
603.627,342.24,17.4268,17.6204
604.367,342.663,16.9142,17.1022
604.612,342.538,17.4268,17.6204
605.479,343.159,17.2542,17.4459
606.063,343.348,16.9142,17.1022
606.331,343.2,17.4268,17.6204
606.764,343.233,17.4268,17.6204
607.474,343.62,16.9142,17.1022
607.717,343.441,17.4268,17.6204
608.592,343.845,16.9142,17.1022
609.757,344.447,16.7468,16.9329
610.028,344.512,17.2542,17.4459
610.464,344.456,16.9142,17.1022
610.878,344.52,16.9142,17.1022
611.258,344.646,16.9142,17.1022
611.878,344.66,16.9142,17.1022
612.271,344.709,16.9142,17.1022
612.865,344.736,16.9142,17.1022
613.275,344.776,16.9142,17.1022
613.996,344.782,16.9142,17.1022
614.822,345.251,16.7468,16.9329
615.387,345.543,16.7468,16.9329
615.339,345.086,16.9142,17.1022
616.108,345.549,16.7468,16.9329
615.933,345.098,16.9142,17.1022
616.487,345.547,16.7468,16.9329
616.768,345.518,16.7468,16.9329
616.828,345.523,16.7468,16.9329
616.952,345.507,16.7468,16.9329
616.969,345.466,16.7468,16.9329
617.143,345.433,16.7468,16.9329
617.42,345.436,16.7468,16.9329
617.424,345.387,16.7468,16.9329
617.532,345.38,16.7468,16.9329
617.579,345.358,16.7468,16.9329
617.466,345.038,16.4168,16.5992
617.514,344.78,16.4168,16.5992
617.613,344.796,16.4168,16.5992
617.816,344.818,16.581,16.7652
617.881,344.713,16.4168,16.5992
617.916,344.708,16.4168,16.5992
617.731,344.491,16.9142,17.1022
617.748,344.49,16.9142,17.1022
618.059,344.722,16.4168,16.5992
618.185,344.735,16.4168,16.5992
618.268,344.751,16.4168,16.5992
618.377,344.763,16.4168,16.5992
618.925,345.004,15.934,16.111
618.762,344.815,16.4168,16.5992
619.264,345.072,15.934,16.111
619.047,344.822,16.4168,16.5992
619.057,344.8,16.4168,16.5992
619.64,345.214,16.0933,16.2721
619.518,344.886,16.4168,16.5992
619.552,344.873,16.4168,16.5992
620.036,345.114,15.934,16.111
620.153,345.144,15.934,16.111
620.255,345.021,15.934,16.111
620.421,345.081,15.934,16.111
620.253,344.77,16.4168,16.5992
620.658,344.969,15.934,16.111
621.118,344.927,15.934,16.111
621.194,344.899,15.934,16.111
621.362,344.825,15.934,16.111
622.223,345.254,15.62,15.7936
622.561,345.181,15.62,15.7936
622.205,344.622,15.934,16.111
622.951,345.081,15.62,15.7936
623.338,345.026,15.62,15.7936
623.579,345.016,15.62,15.7936
623.835,345.045,15.62,15.7936
624.242,344.966,15.62,15.7936
623.792,344.423,15.934,16.111
623.954,344.18,15.934,16.111
624.171,344.172,15.934,16.111
624.281,344.161,15.934,16.111
624.465,344.173,15.934,16.111
625.25,344.758,15.62,15.7936
625.636,345.038,15.62,15.7936
625.818,345.067,15.62,15.7936
626.167,345.053,15.62,15.7936
626.243,345.024,15.62,15.7936
625.833,344.451,15.934,16.111
626.608,345.012,15.62,15.7936
626.692,345.014,15.62,15.7936
627.052,345.008,15.62,15.7936
627.255,345.092,15.62,15.7936
627.298,345.03,15.62,15.7936
627.425,345.071,15.62,15.7936
627.533,345.083,15.62,15.7936
627.685,345.071,15.62,15.7936
627.785,345.09,15.62,15.7936
628.176,345.121,15.62,15.7936
628.315,345.097,15.62,15.7936
628.508,345.085,15.62,15.7936
628.572,345.007,15.62,15.7936
628.709,345.003,15.62,15.7936
629.163,344.941,15.62,15.7936
629.317,344.85,15.62,15.7936
629.396,344.796,15.62,15.7936
629.528,344.767,15.62,15.7936
629.655,344.691,15.62,15.7936
629.845,344.665,15.62,15.7936
630.188,344.612,15.62,15.7936
630.366,344.517,15.62,15.7936
630.475,344.264,15.62,15.7936
630.613,344.273,15.62,15.7936
630.769,344.154,15.4654,15.6372
631.474,344.335,15.0105,15.1773
631.783,344.575,14.8619,15.0271
631.939,344.552,14.8619,15.0271
632.061,344.548,14.8619,15.0271
632.286,344.485,14.8619,15.0271
632.651,344.486,14.8619,15.0271
632.885,344.461,14.8619,15.0271
632.828,344.175,14.5691,14.731
633.012,344.234,14.7148,14.8783
632.836,343.956,15.1606,15.3291
633.224,344.097,14.7148,14.8783
633.749,343.963,14.5691,14.731
633.92,343.678,14.5691,14.731
634.389,344.065,14.1406,14.2977
634.424,344.046,14.1406,14.2977
634.617,343.988,14.1406,14.2977
634.664,343.647,14.5691,14.731
635.168,343.896,14.1406,14.2977
635.367,343.879,14.1406,14.2977
635.486,343.945,14.1406,14.2977
635.888,343.954,14.1406,14.2977
636.205,343.886,14.1406,14.2977
636.306,343.809,14.1406,14.2977
636.504,343.857,14.1406,14.2977
636.85,343.845,14.1406,14.2977
637.245,343.812,14.1406,14.2977
637.459,343.816,14.1406,14.2977
637.732,343.857,14.1406,14.2977
638.065,343.804,14.1406,14.2977
638.21,343.933,14.1406,14.2977
638.547,343.899,14.1406,14.2977
639.165,343.951,14.1406,14.2977
639.498,343.954,14.1406,14.2977
639.974,343.887,14.1406,14.2977
640.074,343.935,14.1406,14.2977
640.774,344.097,14.282,14.4407
641.238,343.918,14.1406,14.2977
641.669,343.698,14.1406,14.2977
641.78,343.571,14.5691,14.731
642.267,343.881,14.1406,14.2977
642.902,343.912,14.282,14.4407
642.76,343.704,14.7148,14.8783
643.346,343.589,15.1606,15.3291
643.909,343.476,14.7148,14.8783
644.61,343.749,14.8619,15.0271
644.832,343.24,14.5691,14.731
645.389,343.436,14.5691,14.731
646.028,343.614,14.7148,14.8783
646.508,343.27,14.5691,14.731
647.365,343.442,14.1406,14.2977
647.756,343.271,14.0006,14.1562
648.271,343.414,14.1406,14.2977
648.957,343.88,14.282,14.4407
649.264,343.619,14.0006,14.1562
650.044,343.764,14.282,14.4407
650.627,343.425,14.0006,14.1562
651.44,343.434,14.0006,14.1562
652.255,343.749,14.282,14.4407
652.866,343.759,14.282,14.4407
653.242,343.501,14.0006,14.1562
653.704,344.001,14.282,14.4407
654.478,343.365,14.0006,14.1562
655.045,343.212,14.0006,14.1562
655.803,343.142,14.0006,14.1562
656.622,343.132,14.0006,14.1562
657.713,343.386,14.282,14.4407
657.73,343.32,14.5691,14.731
658.766,343.586,14.4248,14.5851
659.162,343.36,14.5691,14.731
660.217,343.761,14.282,14.4407
660.969,343.988,13.862,14.016
661.463,343.904,13.4543,13.6038
662.139,343.753,13.4543,13.6038
662.835,343.815,13.4543,13.6038
664.072,344.386,13.1892,13.3357
665.201,344.21,13.1892,13.3357
666.163,344.236,13.1892,13.3357
666.82,344.233,13.1892,13.3357
667.368,344.277,13.1892,13.3357
668.185,343.874,12.9293,13.073
669.153,343.644,12.9293,13.073
669.939,343.693,12.9293,13.073
670.662,343.899,12.5491,12.6885
671.385,343.685,12.9293,13.073
672.258,343.781,12.9293,13.073
673.136,343.711,12.9293,13.073
674.317,343.763,12.9293,13.073
675.052,343.794,12.9293,13.073
676.079,343.795,12.9293,13.073
677.065,343.749,12.9293,13.073
677.658,343.968,12.9293,13.073
679.217,344.798,12.6746,12.8154
680.231,344.92,12.6746,12.8154
681.288,344.675,12.6746,12.8154
682.199,344.724,12.6746,12.8154
683.229,344.601,12.6746,12.8154
684.21,344.147,12.9293,13.073
685.334,344.881,12.6746,12.8154
686.502,344.729,12.6746,12.8154
687.23,344.961,12.6746,12.8154
687.895,344.863,12.4248,12.5629
689.031,344.853,12.4248,12.5629
690.452,344.953,12.6746,12.8154
691.3,344.443,12.9293,13.073
691.892,345.077,12.5491,12.6885
692.91,344.929,12.4248,12.5629
694.452,344.882,12.4248,12.5629
695.455,345.008,12.4248,12.5629
696.792,344.998,12.4248,12.5629
698.016,344.893,12.4248,12.5629
699.32,344.843,12.4248,12.5629
700.801,345.739,12.18,12.3153
701.921,345.852,12.18,12.3153
702.711,346.012,12.18,12.3153
704.189,345.857,12.18,12.3153
705.267,346.047,12.18,12.3153
706.542,346.006,12.18,12.3153
707.767,345.915,12.18,12.3153
708.952,346.026,12.18,12.3153
709.889,345.897,12.18,12.3153
711.055,345.793,12.18,12.3153
711.974,345.54,11.94,12.0727
713.388,346.079,12.18,12.3153
713.792,345.483,12.4248,12.5629
714.344,346.053,12.18,12.3153
714.062,345.797,12.3018,12.4385
712.431,346.035,12.6746,12.8154
710.426,346.089,12.6746,12.8154
708.068,346.111,12.3018,12.4385
705.378,346.353,12.18,12.3153
702.098,346.412,12.18,12.3153
698.475,346.472,12.18,12.3153
695.302,346.246,12.3018,12.4385
692.043,346.071,12.3018,12.4385
689.005,346.3,12.18,12.3153
685.436,345.932,12.3018,12.4385
681.087,346.219,12.18,12.3153
676.812,345.944,12.3018,12.4385
672.948,345.846,12.6746,12.8154
668.91,345.74,12.3018,12.4385
665.069,345.761,12.6746,12.8154
660.043,345.775,12.6746,12.8154
655.558,345.839,12.6746,12.8154
651.565,345.846,12.6746,12.8154
647.773,345.647,12.3018,12.4385
644.242,345.44,12.3018,12.4385
639.713,345.482,12.3018,12.4385
636.39,345.435,12.3018,12.4385
633.092,345.746,12.6746,12.8154
629.133,345.211,12.9293,13.073
626.269,345.567,13.1892,13.3358
622.915,345.533,13.1892,13.3358
620.564,345.449,13.1892,13.3358
618.525,345.58,13.1892,13.3358
616.775,345.71,13.1892,13.3358
615.045,345.73,13.1892,13.3358
613.573,345.894,13.1892,13.3358
612.022,346.17,13.1892,13.3358
610.991,346.212,13.1892,13.3358
610.312,346.318,13.1892,13.3358
609.909,346.347,13.1892,13.3358
609.749,346.371,13.1892,13.3358
609.39,346.373,13.1892,13.3358
609.29,346.434,13.1892,13.3358
609.182,346.477,13.1892,13.3358
609.443,346.496,13.1892,13.3358
609.697,346.181,12.9293,13.073
610.711,346.504,13.1892,13.3358
611.528,346.58,13.1892,13.3358
612.398,346.593,13.1892,13.3358
612.698,346.076,13.4543,13.6038
614.047,346.609,13.1892,13.3358
615.092,346.615,13.1892,13.3358
616.219,346.827,12.8013,12.9436
617.131,346.829,12.6746,12.8154
617.855,346.942,12.6746,12.8154
619.003,346.873,12.6746,12.8154
619.751,346.868,12.6746,12.8154
620.579,346.909,12.6746,12.8154
621.041,346.58,12.4248,12.5629
622.181,347.1,12.6746,12.8154
623.258,347.416,12.3018,12.4385
623.962,347.42,12.6746,12.8154
624.787,347.455,12.6746,12.8154
625.651,347.554,12.6746,12.8154
626.139,347.096,12.9293,13.073
627.578,347.358,13.1892,13.3358
628.377,347.368,13.1892,13.3358
629.099,347.406,13.1892,13.3358
629.546,347.248,12.9293,13.073
630.257,347.526,13.1892,13.3358
631.256,347.559,13.1892,13.3358
631.594,347.273,12.9293,13.073
632.352,347.564,13.1892,13.3358
633.055,347.575,13.1892,13.3358
633.774,347.6,13.1892,13.3358
634.495,347.563,13.1892,13.3358
635.284,347.529,13.1892,13.3358
636.108,347.52,13.1892,13.3358
636.746,347.549,13.1892,13.3358
637.306,347.638,12.8013,12.9436
637.994,347.598,13.1892,13.3358
638.406,347.402,12.9293,13.073
639.186,347.893,12.6746,12.8154
639.981,347.85,12.6746,12.8154
640.083,347.45,12.9293,13.073
640.689,347.537,12.9293,13.073
641.067,347.758,12.5491,12.6885
641.396,347.677,12.9293,13.073
642.254,347.649,12.9293,13.073
643.07,347.672,12.9293,13.073
644.15,347.932,12.5491,12.6885
644.812,347.631,12.9293,13.073
645.612,347.791,12.9293,13.073
646.393,347.887,12.9293,13.073
647.231,347.911,12.9293,13.073
648.18,348.277,12.5491,12.6885
649.209,348.902,12.6746,12.8154
650.013,349.001,12.6746,12.8154
650.709,348.957,12.6746,12.8154
650.829,348.701,12.9293,13.073
651.942,348.968,12.5491,12.6885
652.898,348.88,12.9293,13.073
653.96,349.191,12.5491,12.6885
654.706,349.416,12.9293,13.073
655.885,349.746,13.1892,13.3358
657.148,349.827,13.1892,13.3358
658.287,349.643,12.9293,13.073
659.424,349.734,12.9293,13.073
660.012,349.819,12.9293,13.073
661.207,349.822,12.9293,13.073
662.382,349.675,12.9293,13.073
663.568,349.999,12.6746,12.8154
664.502,349.954,12.4248,12.5629
666.016,350.369,12.0594,12.1934
666.789,350.056,12.4248,12.5629
668.014,350.064,12.4248,12.5629
669.65,350.313,12.0594,12.1934
670.648,350.569,12.0594,12.1934
671.792,350.628,12.0594,12.1934
673.021,350.688,12.0594,12.1934
673.91,350.835,12.0594,12.1934
674.703,350.756,12.0594,12.1934
675.483,350.701,12.0594,12.1934
677.002,350.634,12.0594,12.1934
677.542,350.631,12.0594,12.1934
678.756,350.756,12.0594,12.1934
679.667,350.814,12.0594,12.1934
679.536,350.575,12.4248,12.5629
680.591,351.075,12.18,12.3153
681.727,351.076,12.0594,12.1934
684.346,350.954,11.94,12.0727
685.349,351.15,12.0594,12.1934
686.599,351.122,12.0594,12.1934
686.975,350.822,12.4248,12.5629
688.854,351.393,12.0594,12.1934
690.632,351.588,12.0594,12.1934
692.652,351.773,12.0594,12.1934
693.94,351.72,12.0594,12.1934
694.611,351.334,12.4248,12.5629
696.175,351.769,12.6746,12.8154
698.267,351.681,12.6746,12.8154
699.209,351.269,12.9293,13.073
700.56,351.35,12.9293,13.073
702.006,351.721,12.5491,12.6885
703.37,351.598,12.4248,12.5629
705.572,352.154,12.0594,12.1934
707.258,352.268,12.0594,12.1934
708.651,352.338,12.0594,12.1934
709.763,351.882,12.4248,12.5629
711.575,352.553,12.0594,12.1934
713.18,352.949,12.0594,12.1934
714.574,353.174,12.0594,12.1934
716.221,353.161,12.0594,12.1934
717.004,352.846,12.4248,12.5629
718.853,353.194,12.0594,12.1934
720.697,353.345,12.0594,12.1934
721.77,352.794,12.4248,12.5629
723.511,353.574,12.0594,12.1934
725.144,353.933,12.0594,12.1934
725.934,353.43,12.4248,12.5629
728.125,353.872,12.0594,12.1934
729.419,353.938,12.0594,12.1934
730.655,354.053,12.0594,12.1934
732.555,353.972,12.0594,12.1934
733.683,353.871,12.0594,12.1934
735.131,354.044,12.0594,12.1934
736.346,354.003,12.0594,12.1934
737.545,354.002,12.0594,12.1934
738.642,353.649,12.4248,12.5629
739.616,353.762,12.3018,12.4385
741.287,353.972,12.18,12.3153
742.168,353.975,11.94,12.0727
743.576,353.919,12.3018,12.4385
745.692,354.226,12.0594,12.1934
746.835,354.428,12.0594,12.1934
747.851,354.89,12.0594,12.1934
748.949,354.837,12.0594,12.1934
750.358,354.795,12.0594,12.1934
751.428,355.035,11.94,12.0727
758.326,354.503,12.3018,12.4385
755.772,353.739,12.4248,12.5629
756.02,354.479,12.6746,12.8154
757.255,354.61,12.6746,12.8154
758.333,354.045,12.4248,12.5629
758.401,354.491,12.0594,12.1934
760.328,355.058,12.18,12.3153
760.074,354.367,11.94,12.0727
761.471,354.548,11.5889,11.7176
763.348,355.079,11.4741,11.6016
765.105,355.429,11.4741,11.6016
766.327,355.249,11.7048,11.8348
766.345,355.606,11.7048,11.8348
767.199,355.371,11.8218,11.9532
767.231,355.131,11.8218,11.9532
769.124,355.604,12.0594,12.1934
768.607,354.869,12.4248,12.5629
769.069,354.846,12.3018,12.4385
769.516,354.864,12.6746,12.8154
769.165,354.377,12.9293,13.073
769.171,354.436,12.9293,13.073
768.924,354.656,12.9293,13.073
768.452,354.784,12.5491,12.6885
768.774,355.083,12.3018,12.4385
766.775,355.16,11.94,12.0727
766.567,355.467,12.3018,12.4385
766.796,355.143,12.3018,12.4385
765.525,355.466,12.3018,12.4385
766.095,355.075,12.3018,12.4385
766.009,355.802,12.0594,12.1934
764.8,355.725,12.18,12.3153
762.044,355.892,12.3018,12.4385
760.204,354.836,12.6746,12.8154
760.533,355.327,12.3018,12.4385
759.554,355.638,12.3018,12.4385
758.602,355.671,12.3018,12.4385
757.583,355.685,12.3018,12.4385
757.881,355.413,12.3018,12.4385
756.482,355.643,12.3018,12.4385
755.73,355.653,12.3018,12.4385
754.89,355.83,12.3018,12.4385
756.068,355.125,12.6746,12.8154
754.094,356.477,12.6746,12.8154
753.849,355.296,12.3018,12.4385
754.473,355.078,12.18,12.3153
753.06,355.607,11.8218,11.9532
752.073,355.84,11.8218,11.9532
751.65,355.678,11.8218,11.9532
751.529,355.38,11.8218,11.9532
750.124,356.912,11.4741,11.6016
746.256,356.686,11.8218,11.9532
747.682,355.445,11.8218,11.9532
746.971,355.069,11.8218,11.9532
745.914,354.94,11.8218,11.9532
744.009,355.143,11.8218,11.9532
742.6,354.769,11.8218,11.9532
743.877,352.711,12.0594,12.1934
742.47,352.535,11.94,12.0727
748.879,354.381,11.5889,11.7176
749.395,354.478,11.4741,11.6016
747.755,354.14,11.4741,11.6016
745.61,354.482,11.4741,11.6016
742.979,353.858,11.8218,11.9532
741.328,353.923,11.94,12.0727
739.523,353.914,12.18,12.3153
738.203,354.183,12.0594,12.1934
739.857,354.312,11.7048,11.8348
735.245,354.603,11.4741,11.6016
732.213,354.453,11.248,11.373
728.077,354.119,11.4741,11.6016
727.526,353.785,11.8218,11.9532
726.042,354.382,12.0594,12.1934
724.054,353.987,11.8218,11.9532
724.383,352.497,11.7048,11.8348
720.963,353.834,11.7048,11.8348
718.447,354.261,11.3605,11.4867
715.952,354.85,11.248,11.373
714.908,355.339,11.4741,11.6016
713.439,355.155,11.4741,11.6016
711.058,354.963,11.7048,11.8348
708.779,355.059,11.3605,11.4867
706.606,355.12,11.248,11.373
704.8,354.958,11.248,11.373
703.398,356.711,11.1367,11.2604
702.003,355.732,11.4741,11.6016
699.964,355.045,11.248,11.373
697.261,355.534,11.1367,11.2604
695.13,355.626,11.248,11.373
694.604,355.936,11.4741,11.6016
692.506,355.646,11.8218,11.9532
690.941,355.916,11.8218,11.9532
689.375,355.994,12.18,12.3153
688.461,355.641,12.18,12.3153
687.45,355.789,12.3018,12.4385
686.762,355.086,12.18,12.3153
685.372,355.895,11.8218,11.9532
684.837,356.114,11.4741,11.6016
683.721,356.363,11.1367,11.2604
682.851,356.647,10.8091,10.9292
682.12,356.528,10.7021,10.821
681.534,357.416,10.9172,11.0385
680.084,357.336,10.7021,10.821
679.668,357.769,10.3874,10.5028
678.197,357.612,10.1827,10.2958
676.74,357.634,10.1827,10.2958
676.042,358.138,10.3874,10.5028
674.268,358.265,10.3874,10.5028
672.029,358.649,10.1827,10.2958
671.34,358.558,9.88323,9.99305
669.55,358.477,10.1827,10.2958
668.453,358.435,10.1827,10.2958
668.458,358.621,9.88323,9.99305
667.216,358.802,9.68849,9.79614
667.197,359.411,9.78538,9.8941
666.636,359.224,9.68849,9.79614
666.993,359.413,9.78538,9.8941
666.776,359.59,9.78538,9.8941
666.667,359.934,9.78538,9.8941
666.891,359.942,9.78538,9.8941
665.982,360.211,9.68849,9.79614
665.649,360.635,9.68849,9.79614
666.075,360.791,9.78538,9.8941
666.006,359.767,10.0819,10.1939
665.858,359.311,10.1827,10.2958
665.897,359.19,10.1827,10.2958
665.196,359.32,10.1827,10.2958
665.695,359.392,10.1827,10.2958
665.556,360.084,10.0819,10.1939
666.38,360.509,9.88323,9.99305
665.854,359.939,10.1827,10.2958
665.747,359.597,10.1827,10.2958
665.385,360.082,10.1827,10.2958
665.15,360.323,10.1827,10.2958
665.425,360.245,10.1827,10.2958
666.077,360.808,9.88323,9.99305
665.896,361.097,9.78538,9.8941
664.862,361.078,9.68849,9.79614
664.915,361.26,9.78538,9.8941
663.611,360.861,10.0819,10.1939
663.34,361.054,10.1827,10.2958
662.079,361.196,10.1827,10.2958
661.209,361.461,9.88323,9.99304
660.004,361.192,10.1827,10.2958
659.315,361.508,10.3874,10.5028
658.314,361.238,10.7021,10.821
657.418,361.288,10.7021,10.821
656.45,361.467,10.7021,10.821
655.702,361.281,10.7021,10.821
654.387,361.508,10.7021,10.821
653.954,362.061,10.3874,10.5028
653.281,361.959,10.7021,10.821
652.404,361.975,10.5962,10.7139
652.198,362.118,10.9172,11.0385
651.604,362.433,10.5962,10.7139
651.296,362.583,10.9172,11.0385
651.063,362.648,11.1367,11.2604
651.128,362.791,11.1367,11.2604
650.892,362.958,11.1367,11.2604
650.456,362.907,10.8091,10.9292
650.637,363.112,10.7021,10.821
650.48,363.575,10.5962,10.7139
650.629,364.306,10.3874,10.5028
650.463,364.624,10.3874,10.5028
650.37,364.118,10.7021,10.821
650.293,364.465,10.5962,10.7139
650.063,364.769,10.9172,11.0385
650.042,365.324,10.9172,11.0385
650.013,365.798,10.9172,11.0385
649.665,366.25,10.9172,11.0385
649.733,366.554,10.9172,11.0385
649.582,366.517,10.9172,11.0385
649.588,366.647,10.9172,11.0385
649.594,366.769,10.9172,11.0385
649.665,366.877,10.9172,11.0385
649.582,367.014,10.9172,11.0385
649.503,367.47,10.9172,11.0385
649.505,367.619,10.9172,11.0385
649.277,367.874,10.9172,11.0385
649.339,367.867,10.9172,11.0385
649.358,368.098,10.9172,11.0385
649.215,368.406,10.5962,10.7139
649.167,368.528,10.9172,11.0385
648.988,368.679,10.9172,11.0385
648.466,368.861,10.9172,11.0385
648.156,368.978,10.9172,11.0385
647.918,369.22,11.1367,11.2604
647.214,369.575,10.9172,11.0385
647.006,369.602,10.9172,11.0385
646.251,369.663,10.9172,11.0385
646.077,369.5,10.9172,11.0385
645.913,369.755,10.9172,11.0385
645.268,369.773,10.5962,10.7139
645.171,370.418,10.3874,10.5028
644.276,370.129,10.5962,10.7139
644.014,370.151,10.9172,11.0385
643.474,370.406,10.5962,10.7139
643.194,370.658,10.5962,10.7139
642.54,370.868,10.5962,10.7139
642.273,370.852,10.5962,10.7139
642.07,371.167,10.5962,10.7139
641.379,371.406,10.5962,10.7139
641.082,371.867,10.9172,11.0385
640.85,372.097,10.9172,11.0385
640.541,372.444,10.9172,11.0385
640.34,372.366,10.5962,10.7139
640.483,372.851,10.3874,10.5028
640.144,372.848,10.5962,10.7139
640.08,373.039,10.9172,11.0385
640.194,373.323,10.9172,11.0385
639.906,372.867,11.248,11.373
640.195,373.238,11.4741,11.6016
640.025,373.281,11.4741,11.6016
640.227,373.349,11.4741,11.6016
640.093,373.494,11.4741,11.6016
640.157,373.496,11.4741,11.6016
640.17,373.718,11.4741,11.6016
640.157,374.145,11.4741,11.6016
640.225,374.191,11.4741,11.6016
640.056,374.39,11.4741,11.6016
639.988,374.5,11.4741,11.6016
640.206,374.761,11.4741,11.6016
640.161,375.076,11.4741,11.6016
640.197,375.337,11.4741,11.6016
640.193,375.51,11.4741,11.6016
639.979,375.533,11.4741,11.6016
640.208,375.842,11.4741,11.6016
640.197,376.216,11.4741,11.6016
640.162,376.279,11.4741,11.6016
640.171,376.626,11.4741,11.6016
640.142,376.878,11.4741,11.6016
640.118,377.082,11.4741,11.6016
640.076,377.137,11.4741,11.6016
640.089,377.355,11.4741,11.6016
639.933,377.704,11.4741,11.6016
639.907,377.851,11.4741,11.6016
639.611,378.021,11.4741,11.6016
639.356,378.035,11.4741,11.6016
639.227,378.181,11.4741,11.6016
639.032,378.514,11.4741,11.6016
639.044,378.62,11.4741,11.6016
639.036,378.69,11.4741,11.6016
639.032,379.111,11.4741,11.6016
639.026,379.353,11.4741,11.6016
639.048,379.663,11.4741,11.6016
638.866,379.815,11.4741,11.6016
638.834,380.144,11.4741,11.6016
638.77,380.389,11.4741,11.6016
638.805,380.279,11.4741,11.6016
638.72,380.278,11.4741,11.6016
638.159,380.661,11.4741,11.6016
637.912,380.79,11.4741,11.6016
637.905,381.28,11.4741,11.6016
637.76,381.288,11.4741,11.6016
637.328,381.6,11.4741,11.6016
637.427,381.681,11.4741,11.6016
637.218,381.874,11.4741,11.6016
637.326,382.13,11.4741,11.6016
637.261,382.241,11.4741,11.6016
637.014,382.447,11.4741,11.6016
636.961,382.659,11.4741,11.6016
636.782,382.756,11.4741,11.6016
636.578,382.883,11.4741,11.6016
636.309,382.777,11.4741,11.6016
636.098,382.727,11.4741,11.6016
635.949,382.597,11.4741,11.6016
635.834,382.351,11.4741,11.6016
635.6,382.196,11.4741,11.6016
635.221,382.032,11.4741,11.6016
635.043,381.882,11.4741,11.6016
634.903,381.791,11.4741,11.6016
634.854,381.715,11.4741,11.6016
634.635,381.617,11.4741,11.6016
634.308,381.297,11.4741,11.6016
634.252,380.982,11.4741,11.6016
634.23,380.566,11.4741,11.6016
634.19,380.276,11.4741,11.6016
633.979,379.934,11.4741,11.6016
633.904,379.653,11.4741,11.6016
633.927,379.286,11.7048,11.8348
633.91,378.9,11.7048,11.8348
633.606,378.182,12.0594,12.1934
633.382,377.681,12.0594,12.1934
633.144,377.351,12.0594,12.1934
633.005,376.812,12.0594,12.1934
632.988,376.551,12.0594,12.1934
632.93,376.305,12.0594,12.1934
632.856,375.837,12.0594,12.1934
632.776,375.612,12.0594,12.1934
632.739,375.136,12.0594,12.1934
632.689,374.586,12.0594,12.1934
632.64,374.279,12.0594,12.1934
632.398,373.741,12.0594,12.1934
632.055,373.617,12.0594,12.1934
631.977,373.111,12.0594,12.1934
631.913,372.771,12.0594,12.1934
631.75,372.397,12.0594,12.1934
631.651,371.775,12.0594,12.1934
631.552,371.389,12.0594,12.1934
631.196,370.284,12.4248,12.5629
631.122,370.217,12.6746,12.8154
631.052,369.77,12.6746,12.8154
630.584,368.661,12.4248,12.5629
630.428,367.683,12.4248,12.5629
630.579,367.396,12.0594,12.1934
630.478,366.775,12.0594,12.1934
630.19,365.962,12.0594,12.1934
629.705,365.357,12.0594,12.1934
629.512,364.669,12.0594,12.1934
629.275,363.876,12.0594,12.1934
628.943,363.183,12.0594,12.1934
628.687,362.523,12.0594,12.1934
628.246,362.029,12.0594,12.1934
627.856,361.187,12.0594,12.1934
627.509,360.236,12.0594,12.1934
627.054,359.7,12.0594,12.1934
626.654,359.928,12.4248,12.5629
626.724,359.671,12.4248,12.5629
627.237,359.158,12.6746,12.8154
627.143,358.103,12.9293,13.073
627.521,357.799,13.1892,13.3358
627.605,357.325,12.8013,12.9436
627.934,356.763,12.6746,12.8154
627.986,356.157,12.6746,12.8154
628.127,355.698,12.6746,12.8154
628.099,355.035,12.6746,12.8154
628.166,354.182,12.6746,12.8154
628.432,353.802,12.6746,12.8154
628.229,352.978,12.6746,12.8154
627.475,351.916,12.9293,13.073
627.046,351.435,12.9293,13.073
627.108,351.275,13.1892,13.3358
626.678,350.927,12.8013,12.9436
626.199,350.358,12.6746,12.8154
625.552,349.56,12.4248,12.5629
625.443,349.245,12.6746,12.8154
624.451,348.223,12.9293,13.073
624.297,347.95,12.6746,12.8154
623.417,346.802,12.9293,13.073
622.887,346.002,12.9293,13.073
622.587,345.837,13.1892,13.3358
621.849,345.153,12.9293,13.073
621.652,344.871,13.1892,13.3358
621.326,343.996,12.9293,13.073
621.287,343.818,13.1892,13.3358
621.276,343.492,12.8013,12.9436
621.032,342.768,13.1892,13.3358
620.811,342.179,12.8013,12.9436
620.517,342.036,12.6746,12.8154
620.32,341.3,12.6746,12.8154
620.2,340.911,12.6746,12.8154
619.859,340.081,12.6746,12.8154
619.228,339.227,12.6746,12.8154
619.044,339.08,12.6746,12.8154
618.568,338.565,12.6746,12.8154
618.206,338.052,12.6746,12.8154
618.112,337.539,12.6746,12.8154
617.075,336.441,12.9293,13.073
617.294,336.265,12.6746,12.8154
617.016,335.886,12.6746,12.8154
616.009,334.646,12.9293,13.073
615.734,334.305,12.5491,12.6885
615.327,333.692,12.4248,12.5629
615.352,333.287,12.0594,12.1934
614.691,332.438,12.0594,12.1934
614.733,333.302,11.7048,11.8348
613.8,332.058,11.94,12.0727
613.538,331.737,12.18,12.3154
613.093,331.502,12.18,12.3154
612.505,330.928,12.18,12.3154
612.146,330.208,12.0594,12.1934
611.471,329.534,12.4248,12.5629
612.027,329.252,12.0594,12.1934
612.934,329.317,11.7048,11.8348
612.873,328.535,11.94,12.0727
613.515,328.642,11.5889,11.7176
613.782,328.351,11.94,12.0727
614.958,328.161,12.18,12.3154
615.795,328.095,12.18,12.3154
616.767,327.79,12.18,12.3154
617.614,327.579,12.18,12.3154
618.401,327.188,12.18,12.3154
618.831,326.353,12.0594,12.1934
619.512,325.245,12.4248,12.5629
620.567,325.516,12.0594,12.1934
621.462,325.161,12.0594,12.1934
621.957,324.593,12.0594,12.1934
622.776,324.194,12.0594,12.1934
623.568,323.523,12.0594,12.1934
624.52,323.128,12.0594,12.1934
625.188,322.526,12.0594,12.1934
625.567,321.952,12.0594,12.1934
626.422,321.215,12.0594,12.1934
626.807,320.57,12.0594,12.1934
627.26,320.432,12.0594,12.1934
627.81,321.167,12.0594,12.1934
628.73,321.346,12.0594,12.1934
629.185,319.863,12.0594,12.1934
629.509,320.07,11.94,12.0727
629.898,319.408,12.0594,12.1934
630.499,319.182,12.0594,12.1934
631.132,318.498,12.0594,12.1934
631.56,318.121,12.0594,12.1934
632.09,317.21,12.0594,12.1934
633.129,317.281,12.0594,12.1934
634.299,317.356,12.0594,12.1934
636.023,317.314,12.4248,12.5629
638.899,317.655,12.6746,12.8154
640.735,317.259,12.4248,12.5629
642.724,317.086,12.0594,12.1934
644.668,316.299,12.0594,12.1934
646.137,315.439,11.94,12.0727
648.362,314.37,12.0594,12.1934
650.042,314.558,11.94,12.0727
651.821,315.974,12.0594,12.1934
653.415,315.207,12.0594,12.1934
655.211,316.621,11.7048,11.8348
656.432,319.665,11.4741,11.6016
657.737,319.355,11.4741,11.6016
659.15,318.015,11.4741,11.6016
660.303,318.239,11.4741,11.6016
661.292,319.288,11.4741,11.6016
658.352,327.287,11.4741,11.6016
658.017,329.25,11.4741,11.6016
658.36,329.915,11.4741,11.6016
658.72,329.859,11.4741,11.6016
659.159,329.981,11.4741,11.6016
660.148,330.273,11.4741,11.6016
660.923,330.382,11.4741,11.6016
661.588,330.267,11.4741,11.6016
661.934,330.15,11.4741,11.6016
662.415,330.148,11.4741,11.6016
662.798,330.425,11.4741,11.6016
663.256,330.495,11.4741,11.6016
663.749,330.678,11.4741,11.6016
664.386,331.271,11.1367,11.2604
664.581,331.277,11.4741,11.6016
664.874,331.363,11.4741,11.6016
665.658,331.704,11.4741,11.6016
667.032,332.122,11.4741,11.6016
668.733,332.224,11.4741,11.6016
669.796,332.693,11.4741,11.6016
671.765,333.102,11.4741,11.6016
673.488,333.803,11.4741,11.6016
674.826,335.147,11.4741,11.6016
676.169,335.518,11.4741,11.6016
677.283,336.211,11.4741,11.6016
678.812,337.178,11.4741,11.6016
680.17,338.334,11.4741,11.6016
681.33,339.521,11.4741,11.6016
682.376,340.471,11.4741,11.6016
683.395,341.767,11.4741,11.6016
684.843,343.849,11.4741,11.6016
686.019,345.029,11.4741,11.6016
686.941,346.811,11.4741,11.6016
688.03,348.631,11.4741,11.6016
688.795,350.064,11.4741,11.6016
689.661,352.577,11.4741,11.6016
690.544,354.634,11.4741,11.6016
690.942,356.707,11.4741,11.6016
691.599,358.774,11.4741,11.6016
692.119,360.825,11.4741,11.6016
692.788,363.26,11.4741,11.6016
693.379,365.119,11.4741,11.6016
693.764,366.994,11.4741,11.6016
694.388,369.096,11.4741,11.6016
694.98,371.203,11.4741,11.6016
695.628,373.653,11.4741,11.6016
696.339,375.636,11.4741,11.6016
697.074,377.857,11.4741,11.6016
698.057,380.003,11.4741,11.6016
698.879,381.951,11.4741,11.6016
700.023,384.543,11.4741,11.6016
700.92,386.671,11.4741,11.6016
702.374,388.755,11.4741,11.6016
703.862,390.924,11.4741,11.6016
705.884,393.169,11.4741,11.6016
708.504,395.836,11.4741,11.6016
710.309,398.054,11.4741,11.6016
712.28,400.149,11.4741,11.6016
714.253,402.342,11.4741,11.6016
715.889,404.113,11.4741,11.6016
718.259,406.548,11.4741,11.6016
719.792,408.647,11.4741,11.6016
721.561,410.563,11.4741,11.6016
722.647,412.276,11.4741,11.6016
724.384,414.909,11.4741,11.6016
726.206,417.845,11.4741,11.6016
727.301,420.192,11.4741,11.6016
728.092,422.449,11.4741,11.6016
729.072,424.771,11.4741,11.6016
729.48,427.073,11.4741,11.6016
729.583,429.733,11.4741,11.6016
729.955,432.423,11.4741,11.6016
727.17,430.358,11.8218,11.9532
726.378,430.904,11.8218,11.9532
725.44,434.148,11.8218,11.9532
723.881,437.882,11.8218,11.9532
722.941,440.542,11.8218,11.9532
722.55,444.043,11.8218,11.9532
721.723,445.128,11.8218,11.9532
720.877,447.503,12.18,12.3154
719.752,451.554,12.18,12.3154
718.948,454.366,12.18,12.3154
718.002,457.039,12.18,12.3154
717.931,459.73,11.8218,11.9532
717.94,462.817,11.7048,11.8348
717.914,465.489,11.94,12.0727
718.589,468.336,12.3018,12.4385
717.934,471.421,12.0594,12.1934
720.655,473.901,12.3018,12.4385
