539.937,295.04,188,130
540.128,294.776,188,130
540.218,294.475,188,130
539.841,294.029,188,130
539.657,293.851,188,130
539.483,293.894,188,130
542.037,295.769,182.471,126.177
541.775,295.564,182.471,126.177
541.343,295.539,182.471,126.177
543.979,297.487,177.105,122.466
544.506,298.007,175.351,121.253
543.964,297.788,175.351,121.253
546.203,299.382,170.194,117.687
544.053,297.555,171.896,118.864
542.706,296.311,175.351,121.253
544.964,298.146,170.194,117.687
545.577,298.691,168.509,116.522
542.221,295.465,173.615,120.053
545.008,297.274,168.509,116.522
544.627,297.445,168.509,116.522
543.407,296.665,170.194,117.687
543.984,297.062,168.509,116.522
545.777,298.553,163.553,113.095
545.295,298.351,163.553,113.095
545.333,298.752,161.934,111.975
543.848,297.95,163.553,113.095
543.335,297.393,163.553,113.095
542.424,297.185,163.553,113.095
543.647,297.932,158.743,109.769
541.101,296.137,163.553,113.095
540.586,295.707,163.553,113.095
540.039,295.258,163.553,113.095
541.194,296.134,158.743,109.769
542.617,296.868,155.615,107.606
540.166,295.319,158.743,109.769
540.367,295.424,157.171,108.682
539.934,295.271,157.171,108.682
539.049,294.994,157.171,108.682
538.57,294.493,157.171,108.682
537.079,293.865,158.743,109.769
540.232,296.027,154.074,106.541
537.43,294.155,157.171,108.682
536.684,293.83,157.171,108.682
537.402,294.395,155.615,107.606
536.55,294.09,155.615,107.606
536.891,294.083,155.615,107.606
535.7,293.912,155.615,107.606
535.852,293.909,155.615,107.606
535.689,293.743,155.615,107.606
538.135,295.266,152.549,105.486
539.207,295.958,151.039,104.442
539.747,296.72,148.062,102.384
541.721,297.818,143.708,99.3725
540.694,297.064,145.145,100.366
541.843,297.187,143.708,99.3725
540.681,296.631,145.145,100.366
539.549,295.381,149.543,103.407
540.33,296.453,145.145,100.366
539.873,295.187,149.543,103.407
541.362,296.138,145.145,100.366
541.04,294.577,149.543,103.407
542.635,295.369,146.596,101.37
544.113,296.775,142.285,98.3886
543.195,295.575,145.145,100.366
543.724,295.295,146.597,101.37
544.067,295.094,146.597,101.37
544.318,294.961,146.597,101.37
544.731,294.895,146.597,101.37
545.045,294.84,146.597,101.37
545.25,294.638,146.597,101.37
547.475,295.4,142.285,98.3887
548.974,296.376,139.482,96.45
548.734,295.648,140.876,97.4145
550.067,296.405,138.101,95.4951
550.107,296.38,138.101,95.4951
550.281,296.275,138.101,95.4951
549.845,295.828,139.482,96.45
551.88,296.884,136.733,94.5496
551.112,296.273,138.101,95.4951
551.31,296.384,138.101,95.4951
550.892,295.796,139.482,96.45
552.105,296.303,138.101,95.4951
551.626,295.861,139.482,96.45
553.313,297.342,136.733,94.5496
553.291,297.18,138.101,95.4951
552.586,297.052,139.482,96.45
554.613,298.901,135.379,93.6135
555.513,300.039,134.039,92.6866
557.391,301.88,130.097,89.9607
557.017,302.092,130.097,89.9607
557.071,302.618,130.097,89.9607
557.151,303.159,130.097,89.9607
557.007,303.702,130.097,89.9607
557.111,304.214,130.097,89.9607
557.996,305.743,128.809,89.07
557.476,305.727,130.097,89.9607
557.723,306.606,130.097,89.9607
557.872,307.239,130.097,89.9607
557.821,307.935,130.097,89.9607
557.922,308.655,130.097,89.9607
558.111,309.831,130.097,89.9607
558.176,310.466,130.097,89.9607
560.471,313.005,126.271,87.315
560.659,313.923,126.271,87.315
560.214,314.553,127.534,88.1881
560.748,315.699,126.271,87.315
561.894,316.882,123.783,85.5945
561.175,317.332,125.021,86.4505
561.057,317.705,126.271,87.315
561.167,318.46,125.021,86.4505
561.026,319.07,126.271,87.315
561.757,320.555,123.783,85.5945
561.703,321.11,123.783,85.5945
561.89,321.911,123.783,85.5945
561.246,322.293,125.021,86.4505
562.008,323.427,123.783,85.5945
563.646,324.842,120.142,83.0772
563.56,325.1,120.142,83.0772
563.668,325.625,120.142,83.0772
563.449,325.526,121.344,83.908
564.341,326.333,118.953,82.2547
565.74,327.836,115.454,79.8356
565.177,328.028,116.609,80.6339
563.907,327.307,118.953,82.2547
563.069,327.05,120.142,83.0772
565.268,328.758,116.609,80.6339
566.662,330.381,113.18,78.2625
565.008,329.392,116.609,80.6339
565.04,329.388,116.609,80.6339
565.845,330.125,114.311,79.0451
566.167,330.378,113.18,78.2625
565.569,329.835,114.311,79.0451
564.323,329.111,115.455,79.8356
564.865,329.229,114.311,79.0451
564.866,329.148,114.311,79.0451
564.579,329.198,114.311,79.0451
564.435,329.14,114.311,79.0451
564.007,329.149,114.311,79.0451
563.52,329.111,114.311,79.0451
563.96,329.445,113.18,78.2625
562.032,328.228,116.609,80.6339
561.776,328.499,115.455,79.8356
561.451,327.906,115.455,79.8356
562.595,329.487,112.059,77.4876
560.667,328.058,115.455,79.8356
561.849,329.484,112.059,77.4876
561.473,329.653,113.18,78.2625
559.554,329.067,115.455,79.8356
560.678,330.542,113.18,78.2625
560.398,331.096,113.18,78.2625
560.257,331.694,113.18,78.2625
559.867,332.401,113.18,78.2625
559.575,332.991,113.18,78.2625
559.513,333.294,113.18,78.2625
560.331,334.747,110.95,76.7204
559.316,334.428,113.18,78.2625
558.997,335.096,113.18,78.2625
559.977,336.212,110.95,76.7204
560.798,337.315,108.763,75.2087
559.92,337.149,110.95,76.7204
561.423,338.724,107.687,74.4641
560.535,338.389,108.763,75.2087
561.463,339.443,107.687,74.4641
560.191,338.806,110.95,76.7204
560.278,338.934,109.851,75.9608
560.799,339.843,108.763,75.2087
560.973,339.856,108.763,75.2087
560.718,339.436,109.851,75.9608
561.377,340.073,108.763,75.2087
561.403,339.941,110.95,76.7204
561.602,339.924,110.95,76.7204
561.955,340.031,110.95,76.7204
562.55,340.432,108.763,75.2087
563.015,340.451,108.763,75.2087
563.279,340.142,108.763,75.2087
565.044,341.024,106.62,73.7268
566.038,341.495,105.565,72.9968
566.069,340.92,106.62,73.7268
566.215,340.764,106.62,73.7268
567.13,340.784,106.62,73.7268
568.245,341.289,105.565,72.9968
566.903,339.789,108.763,75.2087
568.287,339.939,107.687,74.4641
569.411,339.914,107.687,74.4641
568.491,338.603,110.95,76.7204
570.113,339.211,108.763,75.2087
571.211,339.757,107.687,74.4641
572.212,339.921,107.687,74.4641
571.597,339.072,110.95,76.7204
573.38,339.779,108.763,75.2087
574.036,339.664,108.763,75.2087
576.523,341.366,105.565,72.9968
575.665,339.947,108.763,75.2087
576.941,340.057,108.763,75.2087
578.848,340.655,106.62,73.7268
580.779,341.655,104.519,72.2741
580.376,340.72,107.687,74.4641
582.423,341.812,105.565,72.9968
581.583,340.397,108.763,75.2087
583.755,341.446,106.62,73.7268
583.617,340.483,108.763,75.2087
585.882,341.569,106.62,73.7268
585.74,340.651,108.763,75.2087
587.237,341.243,107.687,74.4641
588.831,341.485,106.62,73.7268
588.806,340.581,108.763,75.2087
590.434,341.092,107.687,74.4641
590.809,340.563,108.763,75.2087
591.691,340.294,108.763,75.2087
593.944,341.25,106.62,73.7268
594.436,340.876,107.687,74.4641
595.5,340.881,107.687,74.4641
596.326,340.765,107.687,74.4641
596.599,340.217,108.763,75.2087
599.294,341.583,105.565,72.9968
599.077,340.578,107.687,74.4641
599.532,340.079,108.763,75.2087
601.532,341.748,105.565,72.9968
602.524,341.654,104.519,72.2741
603.809,342.462,103.485,71.5585
603.354,341.45,106.62,73.7268
604.058,341.665,107.687,74.4641
604.596,342.164,107.687,74.4641
605.543,342.893,106.62,73.7268
606.771,343.753,105.565,72.9968
606.152,343.243,107.687,74.4641
607.542,344.458,105.565,72.9968
605.757,343.135,108.763,75.2087
607.882,344.939,105.565,72.9968
608.742,345.644,103.485,71.5585
607.372,344.604,106.62,73.7268
606.826,343.873,108.763,75.2087
607.826,344.775,107.687,74.4641
609.298,346.189,104.519,72.2741
609.382,346.755,105.565,72.9968
608.484,346.181,107.687,74.4641
608.628,346.559,107.687,74.4641
608.139,346.486,108.763,75.2087
608.162,346.954,108.763,75.2087
609.447,348.139,107.687,74.4641
609.558,348.692,107.687,74.4641
610.397,350.167,104.519,72.2741
609.912,349.993,107.687,74.4641
611.319,351.301,105.565,72.9968
611.616,352.192,104.519,72.2741
610.992,352.31,106.62,73.7268
610.601,352.841,107.687,74.4641
610.678,353.591,107.687,74.4641
610.807,354.506,107.687,74.4641
612.188,356.49,104.519,72.2741
610.628,356.564,107.687,74.4641
609.153,357.102,108.763,75.2087
610.284,358.567,107.687,74.4641
609.806,359.452,107.687,74.4641
610.647,361.704,104.519,72.2741
610.073,362.401,105.565,72.9968
608.883,362.744,107.687,74.4641
608.444,363.804,107.687,74.4641
607.918,364.914,107.687,74.4641
606.778,365.519,108.763,75.2087
606.304,366.477,108.763,75.2087
606.739,368.263,107.687,74.4641
607.627,370.148,104.519,72.2741
606.974,370.758,104.519,72.2741
606.726,372.302,103.485,71.5585
606.377,372.952,103.485,71.5585
605.78,373.594,103.485,71.5585
605.487,374.174,103.485,71.5585
604.594,374.789,103.485,71.5585
603.126,374.947,105.565,72.9968
601.523,374.402,107.687,74.4641
602.004,375.942,105.565,72.9968
601.427,376.301,104.519,72.2741
599.301,375.664,107.686,74.4641
600.249,376.887,104.519,72.2741
600.19,377.945,103.485,71.5585
598.99,377.944,104.519,72.2741
598.052,378.282,104.519,72.2741
597.752,379.025,103.485,71.5585
597.649,379.695,102.46,70.85
596.362,379.563,103.485,71.5585
595.291,379.518,103.485,71.5585
594.329,379.382,103.485,71.5585
593.429,379.417,103.485,71.5585
592.444,379.277,103.485,71.5585
592.629,379.591,102.46,70.85
590.571,378.861,105.565,72.9968
589.874,378.849,104.519,72.2741
589.299,379.545,103.485,71.5585
588.292,379.641,103.485,71.5585
587.496,379.713,103.485,71.5585
587.034,379.871,102.46,70.85
585.457,379.321,103.485,71.5585
585.227,379.79,102.46,70.85
584.212,379.903,102.46,70.85
583.519,380.449,101.446,70.1485
580.649,379.733,104.519,72.2741
579.498,379.703,104.519,72.2741
578.338,379.786,105.565,72.9968
577.436,379.861,105.565,72.9968
577.578,380.716,102.46,70.85
576.747,380.939,102.46,70.85
575.235,381.221,102.46,70.85
574.407,382.33,101.446,70.1485
572.516,381.75,102.46,70.85
572.118,382.285,100.441,69.454
570.438,382.371,100.441,69.454
568.708,381.766,102.46,70.85
566.591,381.939,103.485,71.5585
566.45,383.119,101.446,70.1485
563.41,382.039,104.519,72.2741
561.036,381.64,106.62,73.7268
560.809,382.593,105.565,72.9968
561.052,383.566,102.46,70.85
558.778,383.597,103.485,71.5585
558.956,384.594,100.441,69.454
557.589,384.657,100.441,69.454
555.038,384.038,103.485,71.5585
555.348,385.35,100.441,69.454
555.326,386.141,98.4621,68.0855
553.104,385.249,101.446,70.1485
551.136,384.235,103.485,71.5585
549.943,384.115,103.485,71.5585
550.413,384.779,101.446,70.1485
549.601,384.581,101.446,70.1485
548.245,384.665,101.446,70.1485
548.118,384.644,100.441,69.454
548.04,384.735,98.4621,68.0855
547.939,385.49,97.4872,67.4113
545.577,384.193,100.441,69.454
545.829,385.018,98.4621,68.0855
544.67,384.388,100.441,69.454
544.052,384.401,101.446,70.1485
543.678,384.731,101.446,70.1485
543.33,385.026,101.446,70.1485
542.757,385.068,101.446,70.1485
542.538,385.433,100.441,69.454
541.959,385.627,101.446,70.1485
542.458,386.848,98.4621,68.0855
541.482,386.219,100.441,69.454
540.956,386.534,101.446,70.1485
541.149,386.855,100.441,69.454
540.363,386.716,101.446,70.1485
540.415,387.012,100.441,69.454
540.461,386.992,100.441,69.454
541.58,387.652,98.4621,68.0855
541.878,387.597,98.4621,68.0855
541.622,387.742,98.4621,68.0855
542.461,388.229,97.4872,67.4113
541.699,387.732,98.4621,68.0855
541.672,387.735,98.4621,68.0855
540.573,386.943,100.441,69.454
540.743,387.02,100.441,69.454
541.673,387.664,98.4621,68.0855
540.574,386.982,100.441,69.454
540.404,387.114,100.441,69.454
540.56,387.062,100.441,69.454
539.588,387.295,101.446,70.1485
538.759,387.474,101.446,70.1485
539.015,388.541,98.4621,68.0855
536.946,387.987,100.441,69.454
536.128,388.174,100.441,69.454
534.892,388.273,101.446,70.1485
535.27,389.117,99.4467,68.7663
534.028,389.854,98.4621,68.0855
531.907,389.16,100.441,69.454
530.505,389.369,100.441,69.454
529.636,389.492,101.446,70.1485
528.635,389.725,101.446,70.1485
528.839,390.639,99.4467,68.7663
528.251,390.851,99.4467,68.7663
527.411,390.818,99.4467,68.7663
526.374,390.857,98.4621,68.0855
525.547,390.862,98.4621,68.0855
526.108,392.053,95.5663,66.0831
525.481,392.208,95.5663,66.0831
523.131,391.177,98.4621,68.0855
522.414,391.152,98.4621,68.0855
520.593,390.328,101.446,70.1485
520.605,391.169,99.4467,68.7663
519.717,391.603,98.4621,68.0855
520.656,392.646,95.5663,66.0831
518.279,391.869,98.4621,68.0855
519.02,392.829,95.5663,66.0831
518.061,393.035,96.522,66.7439
515.891,392.258,98.4621,68.0855
514.992,392.137,99.4467,68.7663
514.484,392.727,99.4467,68.7663
513.797,392.856,99.4467,68.7663
514.495,393.975,96.522,66.7439
513.455,394.306,96.522,66.7439
511.81,394.246,97.4872,67.4114
511.453,395.131,96.522,66.7439
511.072,395.465,95.5663,66.0831
510.847,396.377,94.6201,65.4288
510.119,396.574,94.6201,65.4288
509.358,396.727,93.6833,64.781
508.558,397.136,94.6201,65.4288
507.927,397.68,93.6833,64.781
506.76,397.941,94.6201,65.4288
505.269,397.633,95.5663,66.0831
504.529,397.637,95.5663,66.0831
503.619,397.946,96.522,66.7439
503.606,398.987,94.6201,65.4288
502.889,399.414,94.6201,65.4288
501.756,399.63,94.6201,65.4288
501.303,399.745,93.6833,64.781
500.049,400.206,93.6833,64.781
498.696,400.145,95.5663,66.0831
498.634,401.275,94.6201,65.4288
497.818,401.729,94.6201,65.4288
496.773,402.036,94.6201,65.4288
494.378,401.455,97.4872,67.4113
494.794,403.109,94.6201,65.4288
493.153,403.095,95.5663,66.0831
492.873,404.181,94.6201,65.4288
491.851,404.842,94.6201,65.4288
490.187,404.883,96.522,66.7439
488.497,404.501,97.4872,67.4113
488.315,405.229,95.5663,66.0831
487.42,405.628,96.522,66.7439
487.709,406.941,93.6833,64.781
485.664,406.508,96.522,66.7439
485.776,407.973,94.6201,65.4288
483.997,407.663,95.5663,66.0831
483.961,408.714,94.6201,65.4288
484.237,410.076,91.8373,63.5045
483.275,410.584,91.8373,63.5045
481.201,410.007,93.6833,64.781
481.428,411.376,90.9281,62.8758
479.975,411.415,92.7557,64.1396
478.301,411.42,93.6833,64.781
477.534,412.212,94.6201,65.4288
478.304,413.804,91.8373,63.5045
476.732,413.964,92.7557,64.1396
476.571,414.789,90.9281,62.8758
474.508,414.327,93.6833,64.781
472.481,414.171,96.522,66.7439
472.083,414.615,95.5663,66.0831
469.983,413.826,98.4621,68.0855
470.428,415.068,96.522,66.7439
470.661,416.002,94.6201,65.4288
469.999,416.27,93.6833,64.781
468.162,415.764,96.522,66.7439
468.311,416.631,93.6833,64.781
467.263,416.925,94.6201,65.4288
466.973,417.242,93.6833,64.781
465.806,417.51,94.6201,65.4288
465.121,417.803,94.6201,65.4288
463.248,417.392,96.522,66.7439
463.807,418.498,93.6833,64.781
464.162,419.512,90.9281,62.8758
462.132,418.849,93.6833,64.781
461.203,419.065,94.6201,65.4288
461.635,419.942,92.7557,64.1396
459.904,419.724,94.6201,65.4288
460.263,420.601,91.8373,63.5046
460.395,421.398,90.0278,62.2533
458.186,421.121,92.7557,64.1396
457.159,420.913,94.6201,65.4288
456.509,421.196,93.6833,64.781
455.016,420.867,95.5663,66.0831
455.41,421.761,94.6201,65.4288
454.848,422.052,94.6201,65.4288
454.224,422.393,94.6201,65.4288
454.343,422.728,93.6833,64.781
452.874,422.441,96.522,66.7439
452.396,423.23,95.5663,66.0831
453.03,424.105,93.6833,64.781
451.948,423.657,95.5663,66.0831
450.693,423.282,98.4621,68.0855
450.569,423.499,98.4621,68.0855
451.958,425.147,95.5663,66.0831
453.315,426.72,92.7557,64.1396
454.213,428.206,90.0278,62.2533
454.784,428.871,89.1364,61.6369
453.188,428.576,91.8373,63.5045
451.916,428.055,93.6833,64.781
452.881,429.188,90.9281,62.8758
451.236,428.817,93.6833,64.781
452.482,430.178,90.9281,62.8758
453.338,431.646,88.2539,61.0266
451.724,431.249,90.9281,62.8758
451.771,431.753,90.9281,62.8758
450.17,431.222,93.6833,64.781
450.231,431.855,93.6833,64.781
450.682,432.702,92.7557,64.1396
451.419,433.855,91.8373,63.5045
450.209,433.264,93.6833,64.781
449.921,433.775,93.6833,64.781
448.986,433.865,96.522,66.7439
447.735,433.457,98.4621,68.0855
448.901,434.939,96.522,66.7439
448.051,435.058,97.4872,67.4114
448.962,435.955,95.5663,66.0831
450.184,437,93.6833,64.781
449.235,436.831,95.5663,66.0831
448.002,436.499,98.4621,68.0855
448.92,437.868,97.4872,67.4114
449.997,439.032,95.5663,66.0831
449.468,438.99,97.4872,67.4114
450.255,440.081,95.5663,66.0831
449.786,440.551,97.4872,67.4114
450.894,441.298,95.5663,66.0831
451.643,442.58,94.6201,65.4288
