736.493,308.508,91,91
735.496,308.721,91,91
733.115,309.239,91,91
731.154,310.827,90.099,90.099
727.141,310.164,91.91,91.91
726.146,311.054,90.099,90.099
722.491,309.856,91.91,91.91
720.137,309.395,92.8291,92.8291
717.65,309.549,92.8291,92.8291
715.708,310.293,91,91
713.592,309.418,92.8291,92.8291
712.469,309.817,91.91,91.91
710.667,310.124,92.8291,92.8291
709.115,311.237,92.8291,92.8291
705.996,311.403,93.7574,93.7574
703.223,311.729,93.7574,93.7574
702.282,313.146,92.8291,92.8291
700.971,313.356,92.8291,92.8291
699.283,313.254,92.8291,92.8291
696.335,312.624,93.7574,93.7574
693.424,312.69,93.7574,93.7574
691.264,312.957,92.8291,92.8291
688.082,310.955,94.695,94.695
686.487,310.699,92.8291,92.8291
683.65,308.089,94.695,94.695
681.586,306.336,94.695,94.695
679.185,305.428,94.695,94.695
676.055,304.303,95.6419,95.6419
674.019,304.451,94.695,94.695
671.202,304.483,94.695,94.695
669.087,304.319,94.695,94.695
666.36,303.44,95.6419,95.6419
665.977,303.665,92.8291,92.8291
663.23,301.084,93.7574,93.7574
661.237,298.468,95.6419,95.6419
660.975,297.598,92.8291,92.8291
658.501,294.374,94.695,94.695
655.814,290.612,96.5983,96.5983
653.608,288.496,97.5643,97.5643
651.417,287.171,96.5983,96.5983
649.435,286.644,95.6419,95.6419
646.754,286.138,94.695,94.695
643.373,285.484,94.695,94.695
640.392,285.06,94.695,94.695
636.009,283.368,96.5983,96.5983
632.855,283.297,97.5643,97.5643
629.891,283.614,96.5983,96.5983
626.212,283.71,96.5983,96.5983
623.314,283.456,96.5983,96.5983
622.641,283.864,95.6419,95.6419
621.462,282.631,97.5643,97.5643
622.858,283.231,95.6419,95.6419
624.031,283.294,95.6419,95.6419
624.172,282.773,96.5983,96.5983
624.926,282.856,96.5983,96.5983
626.527,282.749,96.5983,96.5983
628.365,282.813,97.5643,97.5643
630.283,283.943,96.5983,96.5983
630.448,283.02,99.5254,99.5254
632.292,285.786,96.5983,96.5983
632.2,286.732,98.54,98.54
632.341,288.713,98.54,98.54
631.642,290.187,100.521,100.521
631.48,293.026,101.526,101.526
631.72,295.741,100.521,100.521
631.531,297.829,101.526,101.526
632.769,300.584,99.5254,99.5254
634.281,301.963,99.5254,99.5254
636.516,303.123,99.5254,99.5254
639.943,304.679,98.54,98.54
641.781,304.367,99.5254,99.5254
645.878,305.626,96.5983,96.5983
648.804,305.125,97.5643,97.5643
650.709,303.447,99.5254,99.5254
654.264,303.811,98.54,98.54
656.695,304.375,96.5983,96.5983
657.01,303.864,97.5643,97.5643
656.578,303.89,97.5643,97.5643
654.744,303.748,98.54,98.54
652.002,303.38,99.5254,99.5254
650.522,304.768,98.54,98.54
648.581,305.907,98.54,98.54
645.255,306.291,100.521,100.521
642.566,307.711,102.541,102.541
640.5,310.41,101.526,101.526
639.769,313.726,98.54,98.54
636.956,314.436,99.5254,99.5254
635.137,314.53,101.526,101.526
634.963,315.287,101.526,101.526
636.271,317.692,98.54,98.54
635.245,317.29,100.521,100.521
635.96,318.385,99.5254,99.5254
636.343,318.388,99.5254,99.5254
638.024,319.527,96.5983,96.5983
637.205,318.005,98.54,98.54
636.612,316.721,98.54,98.54
634.03,313.266,101.526,101.526
631.746,311.197,101.526,101.526
628.938,308.822,101.526,101.526
625.258,306.853,100.521,100.521
620.608,304.909,101.526,101.526
616.093,303.651,101.526,101.526
613.411,304.275,98.54,98.54
609.82,304.113,98.54,98.54
607.379,303.75,98.54,98.54
605.179,302.49,100.521,100.521
604.732,302.535,100.521,100.521
605.7,302.88,99.5254,99.5254
607.153,304.121,97.5643,97.5643
606.335,302.266,100.521,100.521
606.396,301.513,102.541,102.541
607.876,301.986,101.526,101.526
608.775,301.697,102.541,102.541
610.92,303.033,100.521,100.521
612.128,303.52,100.521,100.521
613.111,304.549,100.521,100.521
614.708,305.384,99.5254,99.5254
615.85,304.549,100.521,100.521
616.572,302.549,103.566,103.566
619.091,301.317,102.541,102.541
620.904,299.011,103.566,103.566
625.136,297.913,101.526,101.526
628.328,294.93,102.541,102.541
632.431,292.543,102.541,102.541
637.307,290.89,101.526,101.526
641.492,289.133,101.526,101.526
644.178,286.873,103.566,103.566
647.642,286.522,103.566,103.566
651.132,286.29,103.566,103.566
653.276,285.907,104.602,104.602
656.307,286.477,103.566,103.566
658.101,286.237,103.566,103.566
659.917,285.756,103.566,103.566
662.76,284.658,102.541,102.541
664.562,282.006,103.566,103.566
665.484,277.682,105.648,105.648
668.925,276.873,103.566,103.566
669.668,272.951,105.648,105.648
672.102,272.881,103.566,103.566
674.327,272.959,102.541,102.541
674.155,271.135,105.648,105.648
675.59,272.396,104.602,104.602
676.325,273.51,103.566,103.566
676.282,274.459,101.526,101.526
673.702,273.395,103.566,103.566
672.462,273.389,102.541,102.541
670.23,272.865,102.541,102.541
666.244,270.604,104.602,104.602
663.705,270.908,102.541,102.541
659.84,270.616,101.526,101.526
654.823,269.046,103.567,103.567
651.19,269.049,103.567,103.567
647.25,268.803,104.602,104.602
645.698,270.061,103.567,103.567
642.723,270.951,104.602,104.602
640.865,273.549,103.567,103.567
637.161,274.103,105.648,105.648
633.688,275.301,107.772,107.772
633.145,278.581,106.705,106.705
630.491,280.093,108.849,108.849
629.242,282.74,108.849,108.849
628.133,285.952,109.938,109.938
627.606,289.469,107.772,107.772
625.969,292.881,109.938,109.938
626.279,297.174,107.772,107.772
625.448,300.526,109.938,109.938
625.562,303.212,108.849,108.849
625.396,305.806,108.849,108.849
624.946,308.6,107.772,107.772
622.959,310.087,107.772,107.772
619.545,311.016,109.938,109.938
616.991,312.207,108.849,108.849
613.134,312.908,109.938,109.938
610.112,313.833,107.772,107.772
604.969,312.208,111.037,111.037
601.034,312.656,108.849,108.849
597.498,312.313,107.772,107.772
594.425,311.111,109.938,109.938
593.218,310.868,109.938,109.938
593.457,310.49,108.849,108.849
594.042,309.225,111.037,111.037
596.432,309.613,108.849,108.849
597.764,308.733,111.037,111.037
600.609,308.854,108.849,108.849
602.578,307.464,112.148,112.148
606.555,308.392,109.938,109.938
608.936,306.771,112.148,112.148
612.232,306.443,112.148,112.148
616.021,306.859,111.037,111.037
619.401,305.521,112.148,112.148
622.952,305.457,112.148,112.148
626.72,305.125,112.148,112.148
630.754,304.501,112.148,112.148
634.803,304.342,112.148,112.148
639.534,304.375,111.037,111.037
642.515,303.349,113.269,113.269
646.218,303.484,112.148,112.148
649.736,303.303,112.148,112.148
652.514,301.73,114.402,114.402
656.713,301.643,112.148,112.148
660.754,300.954,111.037,111.037
663.832,298.483,112.148,112.148
667.026,296.403,113.269,113.269
667.962,292.825,116.701,116.701
669.759,292.323,114.402,114.402
670.868,291.961,112.148,112.148
670.583,291.031,112.148,112.148
670.042,289.877,112.148,112.148
669.205,289.148,112.148,112.148
669.095,288.285,113.269,113.269
668.843,288.373,112.148,112.148
668.057,288.302,112.148,112.148
665.72,287.517,115.546,115.546
664.263,287.913,116.701,116.701
662.915,288.323,117.868,117.868
662.487,289.506,117.868,117.868
661.415,290.735,117.868,117.868
658.449,290.822,120.237,120.237
658.425,294.086,117.868,117.868
656.868,295.933,117.868,117.868
655.469,297.91,117.868,117.868
653.381,298.679,119.047,119.047
653.491,301.263,117.868,117.868
652.767,303.087,117.868,117.868
651.048,302.876,120.237,120.237
651.522,305.94,117.868,117.868
649.194,305.868,120.237,120.237
648.684,307.218,120.237,120.237
648.109,308.063,120.237,120.237
647.543,308.851,120.237,120.237
647.792,309.924,119.047,119.047
646.732,309.807,120.237,120.237
646.404,310.488,120.237,120.237
646.451,311.721,119.047,119.047
645.052,311.783,120.237,120.237
644.513,312.799,120.237,120.237
644.655,313.815,120.237,120.237
644.657,314.468,120.237,120.237
644.693,315.016,120.237,120.237
644.551,315.735,120.237,120.237
644.386,316.616,120.237,120.237
643.849,317.499,120.237,120.237
643.242,318.967,120.237,120.237
642.46,320.035,120.237,120.237
641.931,321.038,120.237,120.237
640.246,320.12,123.881,123.881
639.333,320.225,125.12,125.12
638.982,320.767,125.12,125.12
638.644,320.887,125.12,125.12
638.799,321.786,123.881,123.881
637.784,321.692,125.12,125.12
636.999,322.23,125.12,125.12
636.512,323.157,125.12,125.12
636.093,324.208,125.12,125.12
635.82,325.43,125.12,125.12
635.55,326.287,125.12,125.12
634.723,327.157,125.12,125.12
633.829,327.911,125.12,125.12
632.763,327.97,126.371,126.371
631.655,328.045,127.635,127.635
629.851,327.642,128.911,128.911
629.844,328.536,127.634,127.634
629.694,329.401,125.12,125.12
628.069,329.485,126.371,126.371
625.71,328.471,130.2,130.2
625.835,329.449,128.911,128.911
625.569,329.131,128.911,128.911
624.402,328.331,130.2,130.2
625.406,329.752,126.371,126.371
623.181,327.968,130.2,130.2
621.888,328.578,130.2,130.2
621.281,330.371,128.911,128.911
621.145,332.452,127.634,127.634
618.065,331.578,131.502,131.502
616.83,332.687,130.2,130.2
615.247,333.341,130.2,130.2
613.252,333.346,130.2,130.2
611.662,333.006,130.2,130.2
610.388,332.195,131.502,131.502
609.792,332.237,130.2,130.2
606.742,329.23,132.817,132.817
604.23,327.206,134.145,134.145
604.738,328.216,131.502,131.502
603.627,327.936,131.502,131.502
602.86,327.293,131.502,131.502
600.819,325.105,132.817,132.817
598.831,323.51,134.145,134.145
599.677,324.816,130.2,130.2
596.606,320.825,134.145,134.145
597.879,321.978,131.502,131.502
595.14,319.173,134.145,134.145
592.691,317.408,136.841,136.841
591.228,316.897,136.841,136.841
590.09,315.848,136.841,136.841
589.996,314.52,135.487,135.487
589.53,312.942,134.145,134.145
587.677,309.947,136.841,136.841
588.184,309.707,132.817,132.817
587.575,308.462,132.817,132.817
585.585,305.492,136.841,136.841
585.118,302.813,138.21,138.21
585.502,300.804,138.21,138.21
586.204,299.366,136.841,136.841
586.069,297.474,136.841,136.841
585.879,296.319,136.841,136.841
583.769,292.65,140.988,140.988
585.288,292.154,139.592,139.592
586.703,290.864,139.592,139.592
588.481,290.046,138.21,138.21
588.948,288.058,139.592,139.592
588.843,286.376,140.988,140.988
590.424,286.89,139.592,139.592
591.742,286.991,139.592,139.592
592.215,285.45,143.822,143.822
595.569,286.695,142.398,142.398
597.32,287.572,140.988,140.988
598.148,286.392,143.822,143.822
601.455,287.826,139.592,139.592
600.78,285.644,143.822,143.822
603.294,285.997,140.988,140.988
604.791,284.24,143.822,143.822
606.961,284.024,143.822,143.822
608.666,283.973,143.822,143.822
610.578,283.683,143.822,143.822
613.685,284.15,142.398,142.398
614.776,283.014,143.822,143.822
616.7,283.111,143.822,143.822
618.33,282.959,143.822,143.822
619.579,282.519,143.822,143.822
622.467,282.971,142.398,142.398
623.555,281.151,143.822,143.822
626.012,281.081,142.398,142.398
626.291,280.204,140.988,140.988
625.245,279.816,140.988,140.988
624.06,279.11,140.988,140.988
622.683,278.643,142.398,142.398
620.139,276.126,145.26,145.26
619.647,275.743,145.26,145.26
620.592,277.647,140.988,140.988
619.534,277.675,140.988,140.988
616.413,275.862,145.26,145.26
615.201,275.899,145.26,145.26
615.556,277.7,142.398,142.398
613.395,276.342,143.822,143.822
610.967,274.955,145.26,145.26
611.147,276.399,142.398,142.398
608.962,275.814,142.398,142.398
606.871,275.027,142.398,142.398
602.967,272.364,145.26,145.26
599.84,270.677,148.18,148.18
597.848,270.712,148.18,148.18
595.431,270.649,149.661,149.661
593.555,270.865,149.661,149.661
593.466,272.19,146.713,146.713
593.02,271.84,146.713,146.713
591.876,270.672,148.18,148.18
592.472,271.833,145.26,145.26
590.969,271.822,145.26,145.26
587.788,270.512,149.661,149.661
587.205,271.812,148.18,148.18
586.531,272.639,146.713,146.713
586.069,271.646,148.18,148.18
586.3,271.512,148.18,148.18
584.996,269.649,152.67,152.67
586.598,271.118,149.661,149.661
585.579,270.053,152.67,152.67
586.322,269.917,152.67,152.67
585.181,267.571,155.738,155.738
587.595,268.916,151.158,151.158
588.593,268.234,152.67,152.67
586.965,266.361,155.738,155.738
588.842,267.626,152.67,152.67
587.531,265.764,155.738,155.738
588.297,265.359,155.738,155.738
589.628,264.919,155.738,155.738
592.457,266.821,152.67,152.67
590.949,264.779,155.738,155.738
590.856,264.824,155.738,155.738
591.232,265.126,155.738,155.738
591.376,265.646,155.738,155.738
591.653,266.388,155.738,155.738
591.863,266.805,155.738,155.738
591.947,267.188,155.738,155.738
592.219,267.453,155.738,155.738
592.724,267.449,155.738,155.738
593.215,267.198,155.738,155.738
590.369,264.157,160.457,160.457
592.605,266.892,155.738,155.738
591.332,266.991,157.296,157.296
589.072,265.574,160.457,160.457
590.563,267.773,157.296,157.296
590.481,267.864,157.296,157.296
590.365,268.39,157.296,157.296
587.773,266.525,160.457,160.457
586.68,266.84,160.457,160.457
584.914,266.259,162.062,162.062
583.757,266.404,162.062,162.062
583.075,266.283,162.062,162.062
582.502,266.035,162.062,162.062
581.496,265.044,163.683,163.683
581.594,265.746,162.062,162.062
581.144,265.641,162.062,162.062
579.564,264.372,163.683,163.683
580.632,264.98,160.457,160.457
579.852,263.203,162.062,162.062
580.267,262.396,162.062,162.062
578.394,260.093,166.973,166.973
579.35,261.119,163.683,163.683
577.953,259.636,165.319,165.319
577.808,258.597,165.319,165.319
579.143,258.942,162.062,162.062
579.53,257.949,162.062,162.062
579.837,256.817,162.062,162.062
579.378,255.072,163.683,163.683
579.225,253.991,163.683,163.683
578.656,252.314,165.319,165.319
578.958,251.559,165.319,165.319
579.628,251.023,165.319,165.319
578.259,249.228,170.329,170.329
578.193,248.601,172.032,172.032
581.067,251.135,166.973,166.973
581.746,251.144,165.319,165.319
581.56,250.198,166.973,166.973
582.611,250.618,163.683,163.683
581.788,248.404,166.973,166.973
582.081,248.149,165.319,165.319
581.286,246.583,168.642,168.642
579.111,243.671,173.752,173.752
579.852,243.612,173.752,173.752
580.612,243.572,173.752,173.752
581.22,244.331,173.752,173.752
580.443,243.889,177.245,177.245
580.762,245.162,177.245,177.245
582.778,247.532,173.752,173.752
582.607,247.221,175.49,175.49
583.654,247.775,175.49,175.49
584.25,248.504,175.49,175.49
583.265,247.894,179.017,179.017
584.882,249.925,175.49,175.49
585,250.625,175.49,175.49
584.811,249.624,177.245,177.245
586.585,251.165,175.49,175.49
586.634,251.413,177.245,177.245
587.834,252.498,177.245,177.245
588.697,253.535,177.245,177.245
589.635,254.98,177.245,177.245
590.304,256.342,177.245,177.245
590.622,257.244,177.245,177.245
590.93,257.907,177.245,177.245
591.567,258.556,177.245,177.245
592.169,258.628,177.245,177.245
592.536,258.284,179.017,179.017
590.596,255.404,184.442,184.442
591.506,255.59,184.442,184.442
592.221,255.985,184.442,184.442
592.835,256.601,184.442,184.442
593.028,257.365,184.442,184.442
593.365,257.771,184.442,184.442
594.025,257.633,184.442,184.442
594.658,257.946,184.442,184.442
595.376,258.698,184.442,184.442
596.056,259.08,184.442,184.442
596.184,259.419,184.442,184.442
596.545,260.199,184.442,184.442
596.838,260.551,184.442,184.442
596.865,260.856,184.442,184.442
596.775,260.451,184.442,184.442
596.911,260.222,184.442,184.442
596.736,259.698,184.442,184.442
596.285,258.108,190.03,190.03
598.597,259.876,184.442,184.442
598.917,259.713,184.442,184.442
599.012,260.219,184.442,184.442
597.454,260.003,188.149,188.149
597.357,261.599,184.442,184.442
593.165,259.997,190.03,190.03
592.07,261.177,188.149,188.149
589.484,260.047,190.03,190.03
587.766,260.081,190.03,190.03
587.543,261.506,186.286,186.286
584.984,261.538,188.149,188.149
579.665,259.695,193.85,193.85
577.536,260.664,193.85,193.85
574.24,260.084,195.788,195.788
573.706,261.217,193.85,193.85
569.989,259.635,197.746,197.746
568.114,260.749,197.746,197.746
566.187,262.162,197.746,197.746
563.302,262.193,199.724,199.724
562.746,264.151,197.746,197.746
559.994,263.959,201.721,201.721
559.283,266.46,197.746,197.746
557.039,266.515,197.746,197.746
552.401,264.198,203.738,203.738
551.374,265.782,199.724,199.724
549.522,266.702,197.746,197.746
546.384,266.08,199.724,199.724
543.456,264.95,203.738,203.738
543.329,266.815,199.724,199.724
541.318,266.848,199.724,199.724
537.901,265.782,203.738,203.738
534.528,263.528,209.912,209.912
533.47,264.588,207.833,207.833
532.572,265.482,205.776,205.776
529.599,263.598,209.912,209.912
528.762,264.122,209.912,209.912
527.603,264.6,209.912,209.912
525.311,264.296,212.011,212.011
523.492,264.943,212.011,212.011
522.234,265.529,212.011,212.011
518.922,263.967,216.272,216.272
521.008,266.27,212.011,212.011
520.792,266.604,212.011,212.011
516.854,263.687,218.435,218.435
520.623,268.027,212.011,212.011
516.989,266.042,218.435,218.435
516.347,267.398,218.435,218.435
516.164,268.242,220.619,220.619
515.404,267.988,222.826,222.826
517.189,270.2,218.435,218.435
516.061,268.52,222.826,222.826
517.35,270.463,218.435,218.435
514.879,268.28,225.054,225.054
517.093,271.083,220.619,220.619
515.335,268.844,225.054,225.054
515.173,268.332,227.304,227.304
514.038,267.694,229.577,229.577
513.549,267.549,231.873,231.873
514.049,268.501,231.873,231.873
513.534,268.693,234.192,234.192
514.354,270.644,234.192,234.192
515.13,271.99,234.192,234.192
515.212,272.646,234.192,234.192
515.426,272.309,234.192,234.192
516.613,272.761,231.873,231.873
515.951,271.049,234.192,234.192
516.78,270.493,234.192,234.192
517.544,269.954,236.534,236.534
518.964,270.236,234.192,234.192
517.867,267.958,238.899,238.899
514.984,264.614,246.138,246.138
515.713,264.693,243.701,243.701
515.921,264.062,243.701,243.701
517.605,265.312,241.288,241.288
516.216,262.804,246.138,246.138
517.242,263.4,243.701,243.701
517.321,262.404,246.138,246.138
517.923,262.744,243.701,243.701
518.67,262.634,243.701,243.701
519.744,262.084,243.701,243.701
518.873,259.238,251.085,251.085
516.941,256.807,256.132,256.132
517.595,256.718,256.132,256.132
522.819,260.469,248.599,248.599
521.39,258.736,251.085,251.085
521.484,257.782,251.085,251.085
521.711,256.848,251.085,251.085
522.91,257.285,248.599,248.599
522.056,255.757,251.085,251.085
519.68,251.946,256.132,256.132
520.441,251.886,256.132,256.132
521.696,252.296,256.132,256.132
522.737,252.021,256.132,256.132
523.737,251.748,256.132,256.132
523.065,250.696,258.693,258.693
523.386,250.908,258.693,258.693
522.613,249.797,261.28,261.28
521.444,248.389,263.893,263.893
517.579,244.641,271.889,271.889
518.542,245.93,269.197,269.197
516.645,243.307,271.889,271.889
518.091,243.764,269.197,269.197
516.501,240.94,271.889,271.889
519.174,243.055,266.532,266.532
517.025,239.62,271.889,271.889
518.312,239.719,271.889,271.889
519.037,239.878,271.889,271.889
515.578,236.329,280.128,280.128
520.071,239.682,271.889,271.889
519.096,238.182,274.608,274.608
516.223,235.235,280.128,280.128
514.39,231.672,285.758,285.758
515.215,231.911,282.929,282.929
515.092,230.123,282.929,282.929
514.75,228.25,285.758,285.758
514.83,227.337,285.758,285.758
514.893,226.212,285.758,285.758
514.977,224.969,285.758,285.758
514.048,223.095,288.616,288.616
515.351,223.846,285.758,285.758
515.686,223.905,285.758,285.758
516.282,223.389,285.758,285.758
512.139,218.775,294.417,294.417
514.536,221.013,291.502,291.502
510.154,216.902,300.335,300.335
511.94,218.957,297.361,297.361
512.434,219.948,297.361,297.361
511.473,219.005,300.335,300.335
513.528,221.395,297.361,297.361
513.032,221.297,300.335,300.335
513.533,222.214,300.335,300.335
514.316,223.208,300.335,300.335
514.78,224.823,300.335,300.335
515.301,226.121,300.335,300.335
511.137,223.047,306.372,306.372
511.605,223.852,306.372,306.372
512.154,225.053,306.372,306.372
516.069,229.308,300.335,300.335
516.492,229.4,300.335,300.335
516.319,229.45,300.335,300.335
511.662,225.238,306.372,306.372
511.104,223.755,306.372,306.372
508.741,221.186,309.435,309.435
506.043,218.126,315.655,315.655
509.157,220.995,306.372,306.372
506.791,218.285,309.435,309.435
510.258,221.402,303.338,303.338
510.341,220.779,303.338,303.338
507.264,217.018,306.372,306.372
502.734,211.636,315.655,315.655
504.591,212.183,312.53,312.53
504.542,211.088,312.53,312.53
509.752,214.327,303.338,303.338
504.82,208.848,312.53,312.53
503.374,206.473,315.655,315.655
503.399,205.313,315.655,315.655
503.607,204.281,315.655,315.655
503.544,203.44,315.655,315.655
503.156,202.928,315.655,315.655
503.408,202.272,318.812,318.812
504.53,202.732,318.812,318.812
501.672,199.396,325.22,325.22
503.471,200.597,322,322
503.514,200.831,322,322
503.951,201.119,322,322
504.351,201.179,322,322
504.559,201.106,322,322
502.219,198.632,328.472,328.472
505.202,201.789,322,322
505.32,202.011,322,322
500.471,197.704,331.757,331.757
504.931,202.76,322,322
503.263,201.148,325.22,325.22
504.959,202.834,322,322
499.933,198.902,331.757,331.757
496.048,194.751,338.425,338.425
499.644,199.183,331.757,331.757
494.016,193.798,341.809,341.809
497.922,198.546,335.074,335.074
500.801,202.277,328.472,328.472
500.602,202.966,328.472,328.472
502.337,204.864,325.22,325.22
504.038,206.685,322,322
500.938,204.44,328.472,328.472
500.735,205.069,328.472,328.472
494.87,199.601,338.425,338.425
491.091,196.872,345.227,345.227
490.825,197.456,345.227,345.227
490.547,198.019,345.227,345.227
493.859,201.859,338.425,338.425
490.665,199.027,345.227,345.227
491.184,199.694,345.227,345.227
493.159,201.979,341.809,341.809
493.583,202.865,341.809,341.809
495.508,204.824,338.425,338.425
494.015,203.543,341.809,341.809
493.868,203.907,341.809,341.809
493.284,204.362,341.809,341.809
489.379,200.703,348.68,348.68
492.048,203.79,341.809,341.809
491.23,202.921,341.809,341.809
488.63,200.211,345.227,345.227
483.323,194.724,355.688,355.688
482.454,193.463,355.688,355.688
485.535,196.676,345.227,345.227
482.048,193.245,348.68,348.68
480.223,191.463,348.68,348.68
478.767,189.671,348.68,348.68
476.789,187.816,348.68,348.68
474.614,185.598,348.68,348.68
472.033,182.725,352.166,352.166
471.356,181.891,348.68,348.68
465.045,174.794,359.245,359.245
465.206,174.087,355.688,355.688
465.855,174.207,348.68,348.68
460.682,168.588,355.688,355.688
458.657,165.144,355.688,355.688
454.497,160.312,359.245,359.245
452.007,157.348,359.245,359.245
442.741,146.192,370.13,370.13
446.326,150.247,359.245,359.245
444.296,148.355,359.245,359.245
441.849,145.364,359.245,359.245
432.803,134.799,370.13,370.13
437.469,139.59,359.245,359.245
428.538,129.227,370.13,370.13
433.506,133.504,359.245,359.245
424.461,123.529,370.13,370.13
425.105,123.819,366.466,366.466
427.701,126.094,359.245,359.245
418.543,116.394,370.13,370.13
423.81,120.898,359.245,359.245
414.997,111.802,370.13,370.13
420.012,116.033,359.245,359.245
412.032,107.326,370.13,370.13
404.513,100.336,381.346,381.346
401.111,98.1364,385.159,385.159
400.505,97.6255,385.159,385.159
401.307,98.613,381.346,381.346
398.174,96.5841,385.159,385.159
395.904,95.0352,389.011,389.011
395.174,95.711,389.011,389.011
396.846,97.7782,385.159,385.159
400.405,101.412,377.57,377.57
396.121,98.139,385.159,385.159
394.413,97.6196,389.011,389.011
393.984,98.5291,389.011,389.011
394.818,101.415,385.159,385.159
393.271,101.61,389.011,389.011
394.135,103.67,389.011,389.011
394.785,105.636,389.011,389.011
397.222,110.715,385.159,385.159
396.493,112.306,389.011,389.011
399.229,118.072,385.159,385.159
399.697,120.085,389.011,389.011
401.656,124.746,389.011,389.011
406.069,131.25,385.159,385.159
408.669,136.313,385.159,385.159
410.575,141.774,385.159,385.159
411.107,145.28,389.011,389.011
414.389,151.184,389.011,389.011
417.225,157.262,389.011,389.011
419.853,162.837,389.011,389.011
422.379,167.891,389.011,389.011
425.386,172.606,389.011,389.011
428.336,178.076,389.011,389.011
430.523,182.682,389.011,389.011
432.3,187.295,389.011,389.011
430.733,188.815,400.798,400.798
426.291,187.642,408.854,408.854
427.228,189.675,408.854,408.854
426.063,189.998,412.943,412.943
429.127,193.512,408.854,408.854
428.322,191.883,421.243,421.243
432.828,197.455,412.943,412.943
432.823,198.548,412.943,412.943
431.559,197.764,425.455,425.455
428.279,195.089,438.347,438.347
425.489,193.825,447.158,447.158
427.199,189.944,456.146,456.146
