643.008,522.019,110,132
642.978,522.034,110,132
642.949,522.049,110,132
642.978,522.09,110,132
642.879,522.109,110,132
642.84,522.003,110,132
642.838,521.807,110,132
642.727,521.516,110,132
642.785,521.09,110,132
642.783,520.426,110,132
643.292,520.566,108.911,130.693
642.716,519.221,110,132
642.522,518.426,110,132
642.072,517.016,111.1,133.32
642.512,517.098,110,132
643.072,517.176,108.911,130.693
642.92,516.801,108.911,130.693
642.001,515.185,110,132
641.369,513.601,111.1,133.32
642.401,514.352,108.911,130.693
641.728,513.117,110,132
643.423,514.472,106.765,128.118
641.646,511.84,110,132
641.549,510.943,110,132
643.251,512.218,106.765,128.118
641.408,509.175,110,132
641.091,508.093,110,132
641.017,507.269,110,132
641.459,506.926,108.911,130.693
640.796,505.159,110,132
640.857,504.125,110,132
640.617,503.138,110,132
639.404,500.6,113.333,136
640.67,501.549,110,132
640.596,500.577,110,132
640.655,499.676,110,132
640.527,498.668,110,132
642.22,499.941,106.765,128.118
640.318,496.743,110,132
639.809,495.723,110,132
639.255,494.101,111.1,133.32
639.77,493.864,110,132
639.567,492.986,110,132
638.588,490.606,112.211,134.653
639.666,491.121,110,132
639.626,490.123,110,132
639.087,488.418,111.1,133.32
639.566,488.167,110,132
639.46,487.293,110,132
638.996,486.336,110,132
639.018,485.602,110,132
638.886,485.125,110,132
638.866,484.173,110,132
638.312,482.626,111.1,133.32
638.666,482.472,110,132
638.637,481.689,110,132
639.27,481.985,108.911,130.693
638.657,480.354,110,132
638.037,478.802,111.1,133.32
637.976,477.844,111.1,133.32
637.858,477.439,111.1,133.32
638.039,477.364,110,132
637.979,476.53,110,132
640.032,478.279,106.765,128.118
637.973,475.159,110,132
637.941,474.21,110,132
637.92,473.495,110,132
637.377,471.774,111.1,133.32
637.348,471.014,111.1,133.32
637.841,471.28,110,132
637.841,470.257,110,132
637.814,469.373,110,132
637.749,468.318,110,132
637.775,467.403,110,132
637.618,466.369,110,132
637.682,465.54,110,132
637.668,465.157,110,132
637.511,464.301,110,132
637.384,463.497,110,132
636.403,462.057,111.1,133.32
636.392,461.812,111.1,133.32
636.999,461.908,110,132
636.935,461.729,110,132
636.851,461.547,110,132
636.787,461.348,110,132
636.754,460.816,110,132
636.7,460.643,110,132
636.659,460.525,110,132
636.69,460.362,110,132
636.636,459.932,110,132
636.049,459.185,111.1,133.32
636.441,459.585,110,132
636.038,459.413,110,132
635.899,458.88,110,132
635.868,458.683,110,132
635.798,458.583,110,132
635.735,458.391,110,132
635.657,457.88,110,132
635.062,457.009,111.1,133.32
634.91,456.809,111.1,133.32
635.135,456.978,110,132
634.469,456.056,111.1,133.32
634.943,456.671,110,132
634.914,456.542,110,132
634.67,456.336,110,132
634.579,455.95,110,132
634.547,455.77,110,132
634.359,455.711,110,132
633.444,454.779,111.1,133.32
634.004,455.061,110,132
633.834,454.911,110,132
633.7,454.795,110,132
633.732,454.797,110,132
633.096,453.982,111.1,133.32
633.046,453.939,111.1,133.32
633.55,454.515,110,132
633.509,454.444,110,132
633.585,453.945,110,132
633.563,453.891,110,132
632.919,453.029,111.1,133.32
633.025,453.505,110,132
632.469,452.793,111.1,133.32
632.4,452.258,111.1,133.32
632.384,452.083,111.1,133.32
632.363,452.028,111.1,133.32
632.358,451.815,111.1,133.32
632.938,452.087,110,132
632.341,451.254,111.1,133.32
632.825,451.703,110,132
632.269,450.804,111.1,133.32
632.355,450.317,111.1,133.32
632.819,450.934,110,132
632.2,450.072,111.1,133.32
632.086,450.011,111.1,133.32
632.052,449.872,111.1,133.32
631.877,449.658,111.1,133.32
631.729,449.13,111.1,133.32
630.237,447.153,114.466,137.36
630.238,447.092,114.466,137.36
630.231,446.896,114.466,137.36
630.221,446.8,114.466,137.36
630.225,446.129,114.466,137.36
630.242,446.061,114.466,137.36
630.073,445.847,114.466,137.36
630.029,445.727,114.466,137.36
630.133,445.159,114.466,137.36
630.105,445.013,114.466,137.36
630.013,444.858,114.466,137.36
630.134,444.803,114.466,137.36
630.101,444.129,114.466,137.36
631.675,445.82,111.1,133.32
631.72,445.323,111.1,133.32
630.238,443.579,114.466,137.36
629.501,442.659,115.611,138.733
629.488,442.623,115.611,138.733
629.485,442.482,115.611,138.733
630.176,443.136,114.466,137.36
629.535,442.202,115.611,138.733
630.2,442.948,114.466,137.36
630.201,442.877,114.466,137.36
630.162,442.722,114.466,137.36
630.363,442.238,114.466,137.36
630.697,442.164,114.466,137.36
630.616,442.052,114.466,137.36
630.088,441.201,115.611,138.733
630.663,441.808,114.466,137.36
630.757,441.286,114.466,137.36
630.703,441.099,114.466,137.36
630.72,441.048,114.466,137.36
630.833,440.91,114.466,137.36
630.91,440.782,114.466,137.36
630.991,440.253,114.466,137.36
631.096,440.146,114.466,137.36
631.096,440.086,114.466,137.36
630.418,439.103,115.611,138.733
631.291,439.41,114.466,137.36
631.057,438.522,115.611,138.733
631.171,438.479,115.611,138.733
631.188,438.303,115.611,138.733
631.934,438.941,114.466,137.36
631.965,438.941,114.466,137.36
631.992,438.815,114.466,137.36
631.448,437.604,115.611,138.733
632.143,438.276,114.466,137.36
632.307,438.286,114.466,137.36
630.921,435.994,117.935,141.522
632.16,437.426,115.611,138.733
632.919,438.042,114.466,137.36
632.195,437.177,115.611,138.733
633.054,437.851,114.466,137.36
633.131,437.722,114.466,137.36
633.29,437.256,114.466,137.36
631.703,434.881,117.935,141.522
629.851,432.541,120.305,144.366
630.202,432.954,119.114,142.937
629.608,431.664,120.305,144.366
630.26,432.268,119.114,142.937
630.358,432.186,119.114,142.937
629.804,431.335,120.305,144.366
630.473,432.07,119.114,142.937
633.394,434.794,115.611,138.733
630.843,431.926,119.114,142.937
629.907,430.533,120.305,144.366
630.699,431.188,119.114,142.937
633.603,434.109,115.611,138.733
631.103,431.144,119.114,142.937
633.354,433.044,116.767,140.121
633.713,432.969,116.767,140.121
634.314,433.541,115.611,138.733
633.773,432.722,116.767,140.121
633.831,432.652,116.767,140.121
631.006,429.589,120.305,144.366
630.656,429.09,120.305,144.366
630.744,428.529,120.305,144.366
630.803,428.483,120.305,144.366
633.785,431.211,116.767,140.121
634.603,431.903,115.611,138.733
633.334,430.116,117.935,141.522
633.34,430.074,117.935,141.522
634.035,430.839,116.767,140.121
633.314,429.97,117.935,141.522
633.35,429.914,117.935,141.522
633.298,429.812,117.935,141.522
633.905,430.595,116.767,140.121
631.049,427.548,120.305,144.366
633.589,429.915,116.767,140.121
633.659,429.791,116.767,140.121
630.876,426.826,120.305,144.366
632.885,428.23,117.935,141.522
630.861,426.181,120.305,144.366
630.578,425.719,120.305,144.366
630.554,425.752,120.305,144.366
632.634,427.526,117.935,141.522
630.852,425.583,120.305,144.367
632.724,427.491,117.935,141.522
630.775,425.323,120.305,144.367
632.555,427.281,117.935,141.522
630.718,425.168,120.305,144.367
631.05,425.527,119.114,142.937
630.346,424.614,120.305,144.367
630.628,425.309,119.114,142.937
630.492,425.241,119.114,142.937
631.959,426.333,117.935,141.522
629.989,424.219,120.305,144.367
629.703,423.764,120.305,144.367
628.822,422.597,122.724,147.268
630.309,424.401,119.114,142.937
630.208,424.246,119.114,142.937
630.06,424.212,119.114,142.937
628.535,422.167,122.724,147.268
628.566,422.184,122.724,147.268
628.496,422.12,122.724,147.268
628.325,421.999,122.724,147.268
628.595,422.309,121.508,145.81
628.663,422.492,120.305,144.367
628.568,422.47,120.305,144.367
628.392,422.402,120.305,144.367
628.352,422.264,120.305,144.367
627.418,420.857,122.724,147.268
628.271,421.759,120.305,144.367
627.915,421.637,120.305,144.367
626.797,420.466,122.724,147.268
626.707,420.388,122.724,147.268
627.569,421.369,120.305,144.367
626.548,420.234,122.724,147.268
626.418,420.224,122.724,147.268
626.249,420.077,122.724,147.268
626.191,420.018,122.724,147.268
627.039,421.014,120.305,144.367
624.95,418.557,123.951,148.741
625.496,419.181,122.724,147.268
625.418,419.098,122.724,147.268
625.286,418.923,122.724,147.268
622.528,415.924,126.442,151.731
623.976,417.553,123.951,148.741
624.49,418.362,122.724,147.268
623.861,417.398,123.951,148.741
623.701,417.323,123.951,148.741
624.315,418.026,122.724,147.268
624.156,417.889,122.724,147.268
623.995,417.938,122.724,147.268
622.291,416.24,125.19,150.228
623.412,417.346,122.724,147.268
622.563,416.494,123.951,148.741
622.52,416.505,123.951,148.741
621.965,416.352,123.951,148.741
622.64,417.092,122.724,147.268
622.61,417.077,122.724,147.268
621.25,415.438,125.19,150.228
621.678,416.177,123.951,148.741
621.533,416.032,123.951,148.741
618.826,412.803,127.707,153.248
618.955,412.982,126.442,151.731
618.49,413.031,126.442,151.731
620.361,415.115,123.951,148.741
620.275,415.11,123.951,148.741
620.028,415.01,123.951,148.741
619.845,415.065,123.951,148.741
619.67,414.951,123.951,148.741
619.578,414.97,123.951,148.741
616.703,411.962,127.707,153.248
618.782,414.851,123.951,148.741
618.641,414.846,123.951,148.741
618.347,414.828,123.951,148.741
617.997,414.908,123.951,148.741
618.435,415.574,122.724,147.268
615.661,412.777,126.442,151.731
616.88,414.691,123.951,148.741
616.766,414.678,123.951,148.741
613.896,411.792,127.707,153.248
613.371,411.389,127.707,153.248
612.707,411.286,127.707,153.248
612.587,411.358,127.707,153.248
612.725,412.084,126.442,151.731
611.699,411.179,127.707,153.248
611.648,411.115,127.707,153.248
611.309,411.055,127.707,153.248
611.528,411.72,126.442,151.731
610.568,410.788,127.707,153.248
610.127,410.279,127.707,153.248
610.635,411.064,126.442,151.731
609.776,410.23,127.707,153.248
609.557,410.139,127.707,153.248
608.993,410.033,127.707,153.248
609.545,410.793,126.442,151.731
607.637,408.737,130.274,156.328
608.48,409.853,127.707,153.248
607.897,409.317,127.707,153.248
606.882,408.207,130.274,156.328
606.675,408.238,130.274,156.328
607.446,409.233,127.707,153.248
606.809,408.993,127.707,153.248
606.732,408.917,127.707,153.248
605.532,407.776,130.274,156.328
605.347,407.549,130.274,156.328
605.994,408.651,127.707,153.248
605.815,408.113,127.707,153.248
604.559,406.976,130.274,156.328
604.517,406.944,130.274,156.328
602.229,404.287,134.221,161.065
603.703,406.841,130.274,156.328
603.563,406.819,130.274,156.328
603.536,406.744,130.274,156.328
602.403,405.479,131.576,157.892
603.817,407.332,127.707,153.248
602.607,406.2,130.274,156.328
602.473,406.052,130.274,156.328
602.385,406.102,130.274,156.328
602.196,406.068,130.274,156.328
601.617,405.97,130.274,156.328
601.539,405.946,130.274,156.328
599.335,403.351,134.221,161.065
598.901,403.682,132.892,159.47
599.216,404.157,131.576,157.892
598.223,403.174,132.892,159.47
595.617,400.3,136.919,164.303
597.621,402.634,132.892,159.47
597.556,402.563,132.892,159.47
597.405,402.632,132.892,159.47
597.233,402.535,132.892,159.47
597.042,402.449,132.892,159.47
596.492,402.447,132.892,159.47
596.228,402.333,132.892,159.47
596.16,402.408,132.892,159.47
595.958,402.293,132.892,159.47
595.406,402.227,132.892,159.47
595.343,402.161,132.892,159.47
595.11,402.164,132.892,159.47
594.932,402.198,132.892,159.47
593.346,400.686,135.563,162.676
594.109,401.921,132.892,159.47
595.853,404.012,130.274,156.328
593.606,401.834,132.892,159.47
592.697,401.348,134.221,161.065
592.42,401.41,134.221,161.065
591.929,401.187,134.221,161.065
590.924,401.087,134.221,161.065
590.14,401.063,134.221,161.065
589.201,401.119,134.221,161.065
588.229,400.99,134.221,161.065
587.327,400.97,134.221,161.065
586.207,400.92,134.221,161.065
585.26,400.408,134.221,161.065
584.238,400.397,134.221,161.065
583.241,400.307,134.221,161.065
582.389,400.212,134.221,161.065
581.465,400.348,134.221,161.065
581.122,400.319,134.221,161.065
580.218,400.669,132.892,159.47
578.148,399.195,135.563,162.676
576.91,399.685,135.563,162.676
576.605,401.054,132.892,159.47
574.137,399.992,135.563,162.676
573.081,400.179,135.563,162.676
572.577,401.796,134.221,161.065
569.222,399.818,136.919,164.303
569.073,401.234,135.563,162.676
568.727,403.184,132.892,159.47
565.002,400.764,136.919,164.303
563.375,401.091,136.919,164.303
562.223,401.315,136.919,164.303
561.17,401.618,136.919,164.303
561.157,403.755,135.563,162.676
558.73,403.093,136.919,164.303
557.063,403.356,136.919,164.303
555.746,404.216,136.919,164.303
553.97,404.644,136.919,164.303
552.139,405.283,136.919,164.303
550.731,405.605,136.919,164.303
549.14,406.347,136.919,164.303
548.08,406.603,136.919,164.303
546.956,407.425,136.919,164.303
545.504,408.259,136.919,164.303
544.503,408.363,136.919,164.303
543.404,409.204,136.919,164.303
542.354,409.292,136.919,164.303
541.204,409.644,136.919,164.303
540.006,410.442,136.919,164.303
539.536,412.691,135.563,162.676
535.806,410.839,139.671,167.605
534.571,411.563,139.671,167.605
532.923,411.71,139.671,167.605
531.506,412.454,139.671,167.605
529.899,412.741,139.671,167.605
528.591,413.414,139.671,167.605
526.957,413.747,139.671,167.605
525.579,414.379,139.671,167.605
522.454,413.038,142.478,170.974
522.421,415.331,139.671,167.605
519.475,414.098,142.478,170.974
519.472,416.366,139.671,167.605
517.837,416.631,139.671,167.605
515.226,415.24,142.478,170.974
513.439,415.893,142.478,170.974
512.313,416.177,142.478,170.974
511.013,416.914,142.478,170.974
510.48,418.963,139.671,167.605
507.541,417.991,142.478,170.974
506.383,418.243,142.478,170.974
505.043,418.885,142.478,170.974
505.59,421.922,138.288,165.946
501.963,419.863,142.478,170.974
499.576,419.203,143.903,172.684
500.148,422.579,139.671,167.605
497.388,421.109,142.478,170.974
497.256,423.556,139.671,167.605
494.394,422.131,142.478,170.974
495.495,425.471,138.288,165.946
493.193,424.912,139.671,167.605
491.365,425.35,139.671,167.605
488.623,424.105,142.478,170.974
488.616,426.365,139.671,167.605
485.929,425.21,142.478,170.974
484.75,425.926,142.478,170.974
483.341,426.267,142.478,170.974
482.203,426.975,142.478,170.974
480.478,427.293,142.478,170.974
478.602,427.304,143.903,172.684
479.213,430.472,139.671,167.605
477.824,430.777,139.671,167.605
474.574,428.972,143.903,172.684
472.701,428.328,145.342,174.41
470.329,428.233,146.795,176.155
470.075,429.387,145.342,174.41
468.9,430.033,145.342,174.41
467.09,429.367,146.795,176.155
464.737,428.708,148.263,177.916
464.534,430.552,146.795,176.155
464.172,432.176,145.342,174.41
462.255,431.341,146.795,176.155
461.15,431.738,146.795,176.155
460.047,432.316,146.795,176.155
458.499,432.904,146.795,176.155
460.102,436.409,142.478,170.974
457.219,435.278,145.342,174.41
457.121,436.334,143.903,172.684
455.105,436.143,145.342,174.41
454.201,436.131,145.342,174.41
453.241,436.399,145.342,174.41
451.298,436.178,146.795,176.155
449.472,435.253,148.263,177.916
449.818,437.273,145.342,174.41
449.309,438.577,143.903,172.684
449.118,440.079,142.478,170.974
445.644,437.914,146.795,176.155
447.049,440.829,142.478,170.974
445.092,440.059,143.903,172.684
443.266,439.304,145.342,174.41
441.323,439.037,146.795,176.155
439.493,438.177,148.263,177.916
439.204,439.237,146.795,176.155
439.14,440.524,145.342,174.41
438.039,440.884,145.342,174.41
436.313,440.068,146.795,176.155
436.167,441.128,145.342,174.41
434.417,440.378,146.795,176.155
433.503,440.552,146.795,176.155
431.745,440.046,148.263,177.916
431.623,441.11,146.795,176.155
429.88,440.396,148.263,177.916
430.632,442.452,145.342,174.41
429.597,443.251,145.342,174.41
427.85,442.293,146.795,176.155
427.828,443.527,145.342,174.41
426.783,444.106,145.342,174.41
425.854,444.195,145.342,174.41
425.245,444.396,145.342,174.41
423.554,443.861,146.795,176.155
421.914,443.007,148.263,177.916
421.076,443.111,148.263,177.916
420.877,444.193,146.795,176.155
419.972,444.402,146.795,176.155
419.099,444.605,146.795,176.155
417.946,445.183,146.795,176.155
418.034,446.397,145.342,174.41
416.608,445.858,146.795,176.155
414.954,445.013,148.263,177.916
414.917,446.241,146.795,176.155
414.116,446.414,146.795,176.155
411.023,443.968,149.746,179.695
411.525,445.903,148.263,177.916
411.828,447.2,146.795,176.155
410.933,447.413,146.795,176.155
410.765,448.515,145.342,174.41
408.243,447.297,148.263,177.916
408.195,448.408,146.795,176.155
406.962,447.287,148.263,177.916
404.303,445.838,149.746,179.695
405.745,448.966,146.795,176.155
405.081,449.143,146.795,176.155
403.306,448.414,148.263,177.916
402.499,448.711,148.263,177.916
402.014,449.007,148.263,177.916
401.087,449.166,148.263,177.916
401.268,450.328,146.795,176.155
400.734,450.305,146.795,176.155
401.49,452.302,143.903,172.684
398.798,451.035,146.795,176.155
397.94,451.245,146.795,176.155
397.113,451.384,146.795,176.155
395.91,450.551,148.263,177.916
395.792,452.011,146.795,176.155
394.98,452.231,146.795,176.155
393.346,451.356,148.263,177.916
392.685,451.689,148.263,177.916
392.148,452.039,148.263,177.916
391.41,452.212,148.263,177.916
391.072,452.346,148.263,177.916
390.31,452.613,148.263,177.916
389.31,453.268,148.263,177.916
388.703,453.405,148.263,177.916
388.391,453.399,148.263,177.916
389.042,454.339,146.795,176.155
388.371,454.176,146.795,176.155
388.269,454.251,146.795,176.155
387.207,453.288,148.263,177.916
386.807,453.406,148.263,177.916
386.54,453.286,148.263,177.916
386.207,453.182,148.263,177.916
385.572,453.19,148.263,177.916
385.372,452.995,148.263,177.916
385.202,453.016,148.263,177.916
384.52,453.003,148.263,177.916
384.35,453.014,148.263,177.916
383.841,453.115,148.263,177.916
383.587,453.043,148.263,177.916
384.275,453.907,146.795,176.155
383.353,452.849,148.263,177.916
382.696,453.045,148.263,177.916
382.489,452.99,148.263,177.916
382.196,452.765,148.263,177.916
381.636,452.941,148.263,177.916
381.507,452.818,148.263,177.916
381.271,452.735,148.263,177.916
380.715,452.896,148.263,177.916
380.582,452.848,148.263,177.916
380.53,452.856,148.263,177.916
380.181,452.692,148.263,177.916
379.635,452.882,148.263,177.916
379.378,452.682,148.263,177.916
379.276,452.651,148.263,177.916
378.674,452.697,148.263,177.916
378.51,452.577,148.263,177.916
378.296,452.544,148.263,177.916
377.626,452.609,148.263,177.916
377.467,452.515,148.263,177.916
377.251,451.857,148.263,177.916
376.787,452.051,148.263,177.916
376.452,451.978,148.263,177.916
376.427,451.853,148.263,177.916
376.073,451.846,148.263,177.916
375.635,451.841,148.263,177.916
375.29,451.82,148.263,177.916
374.848,451.929,148.263,177.916
374.706,451.911,148.263,177.916
374.658,451.878,148.263,177.916
374.958,451.984,148.263,177.916
375.083,451.901,148.263,177.916
376.208,452.839,146.795,176.155
375.949,451.818,148.263,177.916
376.072,451.866,148.263,177.916
376.551,451.672,148.263,177.916
378.381,452.542,146.795,176.155
378.448,451.528,148.263,177.916
379.182,451.017,148.263,177.916
380.328,451.748,146.795,176.155
380.772,451.879,146.795,176.155
380.191,450.915,148.263,177.916
380.405,450.853,148.263,177.916
381.129,450.819,148.263,177.916
382.328,451.698,146.795,176.155
381.925,450.7,148.263,177.916
382.205,450.675,148.263,177.916
383.394,451.473,146.795,176.155
383.039,450.496,148.263,177.916
383.228,450.026,148.263,177.916
383.219,449.851,148.263,177.916
383.284,449.778,148.263,177.916
383.303,449.688,148.263,177.916
383.28,449.717,148.263,177.916
384.162,450.556,146.795,176.155
383.723,449.509,148.263,177.916
383.925,448.984,148.263,177.916
383.966,448.923,148.263,177.916
384.813,449.809,146.795,176.155
383.961,448.825,148.263,177.916
384.119,448.771,148.263,177.916
384.159,448.681,148.263,177.916
384.105,448.653,148.263,177.916
386.107,450.524,145.342,174.41
384.952,448.6,148.263,177.916
385.134,448.547,148.263,177.916
385.3,448.562,148.263,177.916
385.286,448.449,148.263,177.916
386.372,448.836,146.795,176.155
385.99,447.946,148.263,177.916
386.056,447.913,148.263,177.916
386.269,447.869,148.263,177.916
386.563,447.774,148.263,177.916
387.296,447.7,148.263,177.916
389.327,449.699,145.342,174.41
388.116,447.68,148.263,177.916
388.353,447.641,148.263,177.916
389.754,448.595,146.795,176.155
389.447,447.821,148.263,177.916
390.115,447.79,148.263,177.916
390.516,447.826,148.263,177.916
391.127,447.944,148.263,177.916
392.283,448.789,146.795,176.155
391.983,447.963,148.263,177.916
392.399,447.883,148.263,177.916
393.048,447.903,148.263,177.916
393.356,447.943,148.263,177.916
394.715,448.752,146.795,176.155
395.218,448.844,146.795,176.155
394.95,447.953,148.263,177.916
396.01,448.873,146.795,176.155
396.53,448.977,146.795,176.155
396.181,448.079,148.263,177.916
397.388,449.006,146.795,176.155
397.95,449.038,146.795,176.155
398.376,449.059,146.795,176.155
398.008,448.1,148.263,177.916
399.171,448.965,146.795,176.155
399.05,448.149,148.263,177.916
400.105,449.112,146.795,176.155
400.833,449.029,146.795,176.155
400.187,448.11,148.263,177.916
402.195,449.872,145.342,174.41
401.289,448.22,148.263,177.916
403.291,449.935,145.342,174.41
402.188,448.228,148.263,177.916
403.496,449.074,146.795,176.155
404.07,449.158,146.795,176.155
404.282,449.185,146.795,176.155
404.032,448.348,148.263,177.916
404.408,448.257,148.263,177.916
405.999,449.155,146.795,176.155
405.491,448.273,148.263,177.916
406.163,448.385,148.263,177.916
408.243,450.333,145.342,174.41
407.256,449.053,148.263,177.916
408.503,449.878,146.795,176.155
409.108,449.994,146.795,176.155
409.924,450.215,146.795,176.155
410.913,451.047,145.342,174.41
411.59,451.182,145.342,174.41
413.74,453.572,141.068,169.281
412.19,451.13,145.342,174.41
411.232,449.344,148.263,177.916
412.361,450.389,146.795,176.155
412.141,449.537,148.263,177.916
412.5,449.48,148.263,177.916
413.249,449.569,148.263,177.916
413.253,450.107,148.263,177.916
413.488,450.167,148.263,177.916
415.745,452.009,145.342,174.41
415.285,451.043,146.795,176.155
415.148,450.209,148.263,177.916
415.358,450.292,148.263,177.916
415.585,450.234,148.263,177.916
416.948,451.214,146.795,176.155
417.279,451.24,146.795,176.155
416.978,450.37,148.263,177.916
417.295,450.424,148.263,177.916
418.367,451.393,146.795,176.155
417.962,450.559,148.263,177.916
418.06,451.078,148.263,177.916
418.238,451.171,148.263,177.916
418.545,451.135,148.263,177.916
419.124,451.227,148.263,177.916
420.261,452.205,146.795,176.155
420.913,452.406,146.795,176.155
420.196,451.553,148.263,177.916
421.176,452.96,146.795,176.155
421.056,452.188,148.263,177.916
422.225,453.236,146.795,176.155
422.779,453.512,146.795,176.155
422.789,454.04,146.795,176.155
424.838,455.959,143.903,172.684
423.744,454.5,146.795,176.155
423.01,453.908,148.263,177.916
423.334,454.012,148.263,177.916
424.448,455.097,146.795,176.155
424.133,454.281,148.263,177.916
424.246,454.244,148.263,177.916
426.353,456.197,145.342,174.411
425.16,454.455,148.263,177.916
425.377,454.599,148.263,177.916
426.788,456.166,146.796,176.155
427.021,456.228,146.796,176.155
427.347,456.18,146.796,176.155
428.863,457.614,145.342,174.411
427.572,456.258,148.263,177.916
427.838,456.407,148.263,177.916
428.136,456.559,148.263,177.916
429.087,458.027,146.796,176.155
430.275,459.138,145.342,174.411
429.217,457.598,148.263,177.916
429.405,458.037,148.263,177.916
432.636,461.221,143.903,172.684
430.494,459.096,148.263,177.916
430.711,459.428,148.263,177.916
431.225,459.619,148.263,177.916
433,462.011,145.342,174.411
431.985,460.487,148.263,177.916
433.221,461.593,146.796,176.155
432.785,461.485,148.263,177.916
433.305,461.433,148.263,177.916
436.086,464.45,143.903,172.684
434.683,463.221,146.796,176.155
435.032,463.451,146.796,176.155
434.437,463.091,148.263,177.916
435.959,464.288,146.796,176.155
437.894,466.251,143.903,172.684
435.898,464.23,148.263,177.916
436.206,464.353,148.263,177.916
437.391,465.354,146.796,176.155
437.044,464.817,148.263,177.916
437.269,465.245,148.263,177.916
439.271,467.306,145.342,174.411
439.842,467.891,145.342,174.411
439.535,467.157,146.796,176.155
439.846,467.154,146.796,176.155
441.189,468.122,145.342,174.411
440.771,467.399,146.796,176.155
441.854,468.258,145.342,174.411
440.891,466.552,148.263,177.916
441.189,466.918,148.263,177.916
442.439,467.86,146.796,176.155
442.218,466.926,148.263,177.916
443.4,467.902,146.796,176.155
443.994,468.058,146.796,176.155
444.456,468.019,146.796,176.155
445.214,468.06,146.796,176.155
444.93,467.259,148.263,177.916
446.31,468.066,146.796,176.155
445.967,467.319,148.263,177.916
446.195,467.138,148.263,177.916
446.396,467.165,148.263,177.916
447.12,467.252,148.263,177.916
448.259,468.11,146.796,176.155
448.176,467.156,148.263,177.916
449.357,468.025,146.796,176.155
450.129,468.127,146.796,176.155
449.968,467.345,148.263,177.916
450.217,467.323,148.263,177.916
451.632,468.232,146.796,176.155
452.382,468.106,146.796,176.155
453.013,468.266,146.796,176.155
453.5,468.204,146.796,176.155
455.16,469.152,145.342,174.411
454.003,467.434,148.263,177.916
455.266,468.146,146.796,176.155
457.836,470.169,143.903,172.684
455.678,468.021,148.263,177.916
456.163,467.831,148.263,177.916
457.395,468.75,146.796,176.155
457.273,467.961,148.263,177.916
