607.509,343.998,17,8
607.215,344.116,17,8
606.729,344.12,17,8
605.994,344.136,17,8
604.889,344.175,17,8
604.465,344.869,16.5,7.76472
604.074,345.059,16.5,7.76472
603.443,345.179,16.5,7.76472
602.068,344.827,17,8
601.391,344.815,17,8
600.666,344.846,17,8
599.855,344.905,17,8
599.188,344.904,17,8
598.715,344.992,17,8
598.111,345.002,17,8
598.03,345.035,17,8
598.049,345.078,17,8
598.125,345.126,17,8
598.415,345.091,17,8
598.741,345.017,17,8
599.074,345.07,17,8
599.556,345.112,17,8
599.903,345.105,17,8
600.282,345.024,17,8
600.678,345.033,17,8
601.263,345.078,17,8
601.647,345.13,17,8
601.874,345.191,17,8
602.755,345.832,16.5,7.76472
603.38,346.096,16.5,7.76472
603.869,346.208,16.5,7.76472
604.028,346.196,16.5,7.76472
604.081,345.908,16.1749,7.61173
604.569,346.23,16.5,7.76472
604.447,345.934,17,8
604.658,345.908,17,8
604.745,345.926,17,8
604.896,345.974,17,8
605.575,345.879,17,8
605.878,345.819,17,8
606.768,346.228,16.5,7.76472
607.061,346.16,16.5,7.76472
607.44,346.089,16.5,7.76472
607.871,346.078,16.5,7.76472
607.992,346.024,16.5,7.76472
608.323,345.899,16.5,7.76472
608.762,345.774,16.5,7.76472
608.479,345.221,17,8
608.459,344.93,17,8
608.761,344.829,17,8
609.075,344.753,17.3417,8.1608
609.437,344.481,17.6903,8.32483
608.854,343.725,18.0458,8.49216
609.58,343.696,17.6903,8.32483
609.059,342.935,18.0458,8.49216
609.859,342.707,17.6903,8.32483
610.081,342.454,17.6903,8.32483
610.2,342.106,17.6903,8.32483
610.312,341.678,17.6903,8.32483
609.91,340.918,18.0458,8.49216
610.579,340.75,17.6903,8.32483
610.629,340.445,17.6903,8.32483
610.303,339.732,17.8672,8.40808
610.807,339.655,17.6903,8.32483
610.42,338.845,18.0458,8.49216
610.364,338.184,18.0458,8.49216
610.384,337.69,18.0458,8.49216
610.961,337.848,17.6903,8.32483
611.04,337.608,17.6903,8.32483
610.692,336.765,18.0458,8.49216
610.688,336.485,18.4086,8.66286
610.521,335.88,17.8672,8.40808
610.222,335.568,18.4086,8.66286
610.061,334.907,17.8672,8.40808
610.012,334.589,18.4086,8.66286
609.858,333.913,18.0459,8.49216
610.219,333.795,17.6903,8.32483
610.035,333.439,17.6903,8.32483
609.461,332.664,18.0459,8.49216
608.932,332.144,18.0459,8.49216
609.001,331.471,18.0459,8.49216
608.778,331.128,18.0459,8.49216
609.143,331.037,17.6903,8.32483
609.139,330.914,17.6903,8.32483
608.98,330.683,17.6903,8.32483
608.359,329.986,18.0459,8.49216
608.004,329.688,18.0459,8.49216
607.984,329.791,18.4086,8.66286
608.077,329.739,18.4086,8.66286
607.898,329.535,18.4086,8.66286
607.903,329.31,18.4086,8.66286
607.671,328.88,18.0459,8.49216
607.784,328.85,18.4086,8.66286
607.712,328.77,18.4086,8.66286
607.774,328.732,18.4086,8.66286
607.596,328.781,18.4086,8.66286
606.804,328.428,18.7786,8.83698
606.57,328.433,18.7786,8.83698
606.671,328.453,18.7786,8.83698
606.622,328.489,18.7786,8.83698
606.862,328.531,18.7786,8.83698
607.126,328.571,18.7786,8.83698
607.625,328.608,18.7786,8.83698
607.966,328.637,18.7786,8.83698
608.305,328.631,18.7786,8.83698
608.789,328.575,18.7786,8.83698
609.04,328.68,18.7786,8.83698
609.308,328.72,18.7786,8.83698
609.726,328.772,18.7786,8.83698
609.979,328.747,18.7786,8.83698
610.585,328.817,18.7786,8.83698
610.971,328.845,18.7786,8.83698
611.188,328.866,18.7786,8.83698
611.666,328.846,18.7786,8.83698
611.964,328.87,18.7786,8.83698
612.858,329.457,18.4086,8.66286
613.429,329.623,18.4086,8.66286
614.043,329.611,18.4086,8.66286
614.331,329.614,18.4086,8.66286
614.938,329.567,18.4086,8.66286
614.74,329.082,18.7786,8.83698
615.286,329.372,19.156,9.0146
615.886,329.331,19.156,9.0146
616.14,329.279,19.156,9.0146
616.776,329.232,19.156,9.0146
617.229,329.208,19.156,9.0146
617.765,328.776,18.7786,8.83698
618.034,328.478,18.7786,8.83698
618.402,328.436,18.7786,8.83698
618.857,328.423,18.7786,8.83698
619.52,328.571,19.156,9.0146
619.88,328.33,18.7786,8.83698
620.857,328.752,18.4086,8.66286
621.206,328.691,18.4086,8.66286
621.581,328.66,18.4086,8.66286
622.365,328.597,18.4086,8.66286
622.758,328.591,18.4086,8.66286
623.092,328.559,18.4086,8.66286
623.54,328.486,18.4086,8.66286
624.131,328.383,18.4086,8.66286
624.75,328.332,18.4086,8.66286
624.69,327.726,18.7786,8.83698
624.863,327.521,18.7786,8.83698
625.309,327.426,18.7786,8.83698
626.119,327.613,19.156,9.0146
626.616,327.556,19.156,9.0146
627.007,327.521,19.156,9.0146
627.596,327.372,19.156,9.0146
627.895,327.327,19.156,9.0146
628.239,327.306,19.156,9.0146
628.379,326.643,19.5411,9.1958
628.707,326.336,19.5411,9.1958
629.497,326.479,18.9664,8.92535
630.094,326.442,18.7786,8.83698
630.645,326.717,19.156,9.0146
630.876,326.27,19.5411,9.1958
631.699,326.349,18.9664,8.92535
632.466,326.618,19.156,9.0146
633.167,326.569,19.156,9.0146
633.599,326.503,19.156,9.0146
634.263,326.489,19.156,9.0146
634.856,326.44,19.156,9.0146
635.243,326.442,19.156,9.0146
635.706,326.454,19.156,9.0146
636.194,326.426,19.156,9.0146
636.826,326.384,19.156,9.0146
637.3,326.451,19.156,9.0146
637.915,326.399,19.156,9.0146
638.271,326.346,19.156,9.0146
638.299,325.84,19.5411,9.1958
638.739,325.576,19.5411,9.1958
639.352,325.542,19.5411,9.1958
639.646,325.504,19.5411,9.1958
639.945,325.465,19.5411,9.1958
640.606,325.436,19.5411,9.1958
641.056,325.411,19.5411,9.1958
641.483,325.359,19.5411,9.1958
641.767,325.349,19.5411,9.1958
642.313,325.349,19.5411,9.1958
642.548,325.25,19.5411,9.1958
643.174,325.377,19.9338,9.38063
643.612,325.369,19.9338,9.38063
644.021,325.358,19.9338,9.38063
644.269,325.343,19.9338,9.38063
644.612,325.339,19.9338,9.38063
645.177,325.274,19.9338,9.38063
645.251,325.262,19.9338,9.38063
645.56,325.204,19.9338,9.38063
645.992,325.178,19.9338,9.38063
646.171,325.126,19.9338,9.38063
646.334,325.093,19.9338,9.38063
646.621,325.049,19.9338,9.38063
646.533,324.463,20.3345,9.56918
646.864,324.42,19.7365,9.28776
647.385,324.446,19.5411,9.1958
647.886,324.573,19.9338,9.38063
647.694,324.126,20.3345,9.56918
647.993,324.165,20.3345,9.56918
648.155,324.125,20.3345,9.56918
648.347,324.145,20.3345,9.56918
649.057,324.123,20.3345,9.56918
649.194,324.04,20.3345,9.56918
649.472,324.042,20.3345,9.56918
650.003,324.099,20.3345,9.56918
651.055,324.462,19.9338,9.38063
650.967,324.112,20.3345,9.56918
651.483,324.326,20.7432,9.76152
651.655,324.184,20.3345,9.56918
652.11,324.215,20.3345,9.56918
652.377,324.268,20.3345,9.56918
653.104,324.352,20.3345,9.56918
653.312,324.474,20.3345,9.56918
653.507,324.522,20.3345,9.56918
654.131,324.695,20.3345,9.56918
654.454,325.163,20.7432,9.76153
654.629,325.24,20.3345,9.56918
654.686,325.323,20.3345,9.56918
654.697,325.352,20.3345,9.56918
654.738,325.442,20.3345,9.56918
655.237,326.233,19.9338,9.38063
654.574,326.109,20.3345,9.56918
654.462,326.234,20.3345,9.56918
654.433,326.325,20.3345,9.56918
654.319,326.317,20.3345,9.56918
654.167,326.282,20.3345,9.56918
653.867,326.362,20.3345,9.56918
653.759,326.351,20.3345,9.56918
653.693,326.334,20.3345,9.56918
653.548,326.365,20.3345,9.56918
653.267,326.37,20.3345,9.56918
652.457,326.391,20.3345,9.56918
652.148,326.43,20.3345,9.56918
651.619,326.436,20.3345,9.56918
651.475,326.542,20.3345,9.56918
651.292,327.054,20.7432,9.76153
650.821,327.267,20.7432,9.76153
649.54,326.956,21.1602,9.95773
649.005,327.007,21.1602,9.95773
648.684,327.091,21.1602,9.95773
647.899,327.115,21.1602,9.95773
647.162,327.194,21.1602,9.95773
646.741,327.233,21.1602,9.95773
646.17,327.292,21.1602,9.95773
645.747,327.26,21.1602,9.95773
645.122,327.238,21.1602,9.95773
644.353,327.27,21.1602,9.95773
643.768,327.274,21.1602,9.95773
643.147,327.282,21.1602,9.95773
642.789,327.356,21.1602,9.95773
642.137,327.346,21.1602,9.95773
641.447,327.45,21.1602,9.95773
640.875,327.835,21.5855,10.1579
640.471,328.029,21.5855,10.1579
639.908,328.092,21.5855,10.1579
639.698,328.13,21.5855,10.1579
637.958,327.787,22.0194,10.3621
637.484,327.812,22.0194,10.3621
636.859,327.826,22.0194,10.3621
636.512,327.877,22.0194,10.3621
636.13,327.852,22.0194,10.3621
635.339,327.792,22.0194,10.3621
634.811,327.84,22.0194,10.3621
634.435,327.778,22.0194,10.3621
633.746,327.745,22.0194,10.3621
633.493,327.773,22.0194,10.3621
632.804,327.656,22.0194,10.3621
632.4,327.725,22.462,10.5703
631.898,327.545,22.0194,10.3621
631.884,327.902,21.5855,10.1579
631.424,327.892,21.5855,10.1579
630.713,327.851,21.5855,10.1579
630.194,327.828,21.5855,10.1579
629.651,327.757,21.5855,10.1579
629.029,327.733,21.5855,10.1579
628.631,327.707,21.5855,10.1579
628.035,327.675,21.5855,10.1579
627.625,327.64,21.5855,10.1579
626.929,327.715,21.5855,10.1579
626.597,327.786,21.5855,10.1579
625.946,327.812,21.5855,10.1579
625.516,327.882,21.5855,10.1579
624.924,327.927,21.5855,10.1579
624.538,327.978,21.5855,10.1579
623.892,328.039,21.5855,10.1579
622.88,327.703,22.0194,10.3621
622.929,328.129,21.5855,10.1579
621.851,327.871,22.0194,10.3621
621.445,327.927,22.0194,10.3621
620.856,327.95,22.0194,10.3621
620.552,328.059,22.0194,10.3621
620.063,328.224,22.0194,10.3621
619.531,328.711,22.462,10.5703
618.461,328.576,23.1426,10.8906
617.513,328.562,23.8438,11.2206
616.695,328.606,24.0823,11.3328
616.834,329.418,23.6077,11.1095
616.537,329.686,23.6077,11.1095
615.39,329.413,24.0823,11.3328
614.675,329.475,24.0823,11.3328
613.928,329.364,24.812,11.6762
613.514,329.621,24.0823,11.3328
612.862,329.463,24.812,11.6762
612.627,329.66,24.0823,11.3328
611.641,329.513,24.812,11.6762
611.465,329.698,24.0823,11.3328
610.487,329.482,24.812,11.6762
610.017,329.602,24.0823,11.3328
609.059,329.399,24.812,11.6762
608.108,329.414,24.812,11.6762
607.589,329.411,24.812,11.6762
606.798,329.402,24.812,11.6762
606.094,329.354,24.812,11.6762
605.997,329.546,24.0823,11.3328
604.799,329.292,24.812,11.6762
604.209,329.287,24.812,11.6762
603.312,329.279,24.812,11.6762
602.734,329.231,24.812,11.6762
602.004,329.221,24.812,11.6762
601.307,329.226,24.812,11.6762
600.843,329.288,24.812,11.6762
600.014,329.346,24.812,11.6762
598.919,329.199,25.5638,12.03
598.505,329.239,25.5638,12.03
598.438,329.446,24.812,11.6762
597.727,329.317,25.5638,12.03
597.726,329.567,24.812,11.6762
597.216,329.605,24.812,11.6762
597.205,329.663,24.812,11.6762
596.877,329.903,25.5638,12.03
596.871,329.915,25.5638,12.03
596.859,329.955,25.5638,12.03
596.542,329.78,26.3384,12.3945
596.527,329.818,26.3384,12.3945
596.587,329.88,26.3384,12.3945
597.062,330.07,25.5638,12.03
597.046,330.139,25.5638,12.03
596.732,329.942,26.3384,12.3945
597.375,330.143,25.5638,12.03
597.312,330.149,25.5638,12.03
597.095,329.97,26.3384,12.3945
597.41,329.947,26.3384,12.3945
597.713,329.945,26.3384,12.3945
597.818,329.931,26.3384,12.3945
597.967,329.949,26.3384,12.3945
597.827,329.994,26.3384,12.3945
598.025,329.986,26.3384,12.3945
598.112,330.062,26.3384,12.3945
598.253,330.074,26.3384,12.3945
598.193,330.12,26.3384,12.3945
598.325,330.139,26.3384,12.3945
598.304,330.173,26.3384,12.3945
597.881,329.972,27.1365,12.7701
598.44,330.15,26.3384,12.3945
598.647,330.106,26.3384,12.3945
598.608,330.085,26.3384,12.3945
598.135,329.882,27.1365,12.7701
598.166,329.848,27.1365,12.7701
598.103,329.776,27.1365,12.7701
598.262,329.693,27.1365,12.7701
598.258,329.683,27.1365,12.7701
598.278,329.642,27.1365,12.7701
598.226,329.662,27.1365,12.7701
598.278,329.647,27.1365,12.7701
598.379,329.648,27.1365,12.7701
598.359,329.669,27.1365,12.7701
598.372,329.715,27.1365,12.7701
598.532,329.745,27.1365,12.7701
598.707,329.706,27.1365,12.7701
598.97,329.781,27.1365,12.7701
599.42,329.763,27.1365,12.7701
599.61,329.8,27.1365,12.7701
599.713,329.739,27.1365,12.7701
600.008,329.799,27.1365,12.7701
600.278,329.817,27.1365,12.7701
600.538,329.803,27.1365,12.7701
600.857,329.849,27.1365,12.7701
600.898,329.873,27.1365,12.7701
601.182,330.105,27.9587,13.1571
600.983,330.24,28.8059,13.5557
601.023,330.067,29.3849,13.8282
601.272,329.897,29.094,13.6913
601.7,330.141,29.3849,13.8282
601.718,329.929,29.094,13.6913
601.729,329.973,29.094,13.6913
602.39,330.158,29.3849,13.8282
601.932,329.811,29.9756,14.1061
602.469,330.061,29.094,13.6913
602.101,329.85,29.9756,14.1061
602.161,329.867,29.9756,14.1061
602.292,329.879,29.9756,14.1061
602.371,329.937,29.9756,14.1061
602.931,330.122,30.2753,14.2472
602.751,329.995,29.9756,14.1061
602.832,330.048,29.9756,14.1061
602.968,330.135,29.9756,14.1061
603.176,330.139,29.9756,14.1061
602.947,329.962,30.5781,14.3897
603.233,330.14,29.9756,14.1061
602.971,329.978,30.5781,14.3897
602.932,330.018,30.5781,14.3897
602.977,330.078,30.5781,14.3897
603.136,330.117,30.5781,14.3897
602.935,329.93,31.5046,14.8257
603.704,330.184,30.5781,14.3897
603.658,330.211,30.5781,14.3897
603.781,330.332,30.5781,14.3897
603.358,330.629,31.5046,14.8257
603.301,330.695,31.5046,14.8257
603.461,330.758,31.5046,14.8257
603.663,330.845,31.5046,14.8257
603.854,331.032,31.5046,14.8257
604.277,331.126,31.5046,14.8257
604.274,331.614,31.5046,14.8257
604.244,331.523,32.4592,15.2749
604.459,331.559,32.4592,15.2749
604.313,331.297,33.4428,15.7378
604.472,331.327,33.4428,15.7378
604.572,331.311,33.4428,15.7378
604.883,331.3,33.4428,15.7378
605.216,331.27,33.4428,15.7378
605.365,331.29,33.4428,15.7378
605.421,331.307,33.4428,15.7378
605.261,331.168,34.115,16.0541
605.39,331.228,34.115,16.0541
605.781,331.463,33.4428,15.7378
605.974,331.337,34.115,16.0541
606.179,331.424,34.115,16.0541
606.302,331.437,34.115,16.0541
606.558,331.474,34.115,16.0541
606.932,331.942,34.115,16.0541
606.825,331.753,35.1487,16.5406
607.326,332.075,34.115,16.0541
607.727,332.179,34.115,16.0541
608.319,332.27,34.115,16.0541
608.183,332.078,35.1487,16.5406
608.552,332.115,35.1487,16.5406
608.812,332.158,35.1487,16.5406
609.01,332.243,35.1487,16.5406
609.298,332.627,35.1487,16.5406
609.038,332.586,35.8552,16.873
609.453,332.64,35.8552,16.873
609.57,332.672,35.8552,16.873
609.788,332.723,35.8552,16.873
610.155,332.756,35.8552,16.873
610.547,332.831,35.8552,16.873
610.522,332.72,36.5759,17.2122
611.142,332.924,35.8552,16.873
611.486,332.953,35.8552,16.873
611.723,332.944,35.8552,16.873
612.225,333.006,35.8552,16.873
612.623,333.04,35.8552,16.873
612.801,332.91,36.5759,17.2122
612.9,333.347,36.5759,17.2122
613.242,333.417,36.5759,17.2122
613.884,333.571,36.5759,17.2122
614.195,333.571,36.5759,17.2122
614.643,333.639,36.5759,17.2122
615.025,333.784,36.5759,17.2122
615.342,333.869,36.5759,17.2122
615.933,333.984,36.5759,17.2122
615.742,334.285,37.6842,17.7337
616.173,334.396,37.6842,17.7337
616.965,334.695,36.5759,17.2122
617.05,334.812,36.5759,17.2122
617.699,335.095,36.5759,17.2122
617.876,335.518,36.5759,17.2122
617.64,335.464,37.6842,17.7337
618.014,335.638,37.6842,17.7337
618.004,335.834,38.4416,18.0902
618.206,335.923,38.4416,18.0902
619.027,336.151,38.826,18.2711
619.12,336.135,38.4416,18.0902
618.932,335.981,39.2143,18.4538
619.514,336.042,39.2143,18.4538
619.824,336.123,39.2143,18.4538
620.122,335.901,40.0025,18.8247
620.904,336.263,39.2143,18.4538
621.474,336.272,39.2143,18.4538
621.774,336.333,39.2143,18.4538
622.416,337.086,38.4416,18.0902
622.549,336.892,39.2143,18.4538
622.76,336.684,40.0025,18.8247
623.852,337.034,39.2143,18.4538
623.68,336.85,40.0025,18.8247
624.759,337.064,39.2143,18.4538
625.36,337.199,39.2143,18.4538
625.922,337.231,39.2143,18.4538
626.082,337.006,40.0025,18.8247
626.2,337.09,40.0025,18.8247
626.367,337.536,40.0025,18.8247
626.737,337.58,40.0025,18.8247
627.463,337.878,39.2143,18.4538
627.683,337.994,39.2143,18.4538
628.197,337.918,40.4025,19.013
627.968,337.538,40.8066,19.2031
628.072,337.131,42.043,19.785
628.425,337.351,42.043,19.785
629.32,337.73,40.8066,19.2031
629.545,337.535,42.043,19.785
630.598,337.939,40.8066,19.2031
631.146,338.745,40.0025,18.8247
631.222,338.82,40.8066,19.2031
631.808,338.985,40.8066,19.2031
632.095,339.511,40.8066,19.2031
633.092,339.821,41.2146,19.3951
633.544,340.374,42.4635,19.9828
633.957,340.395,42.4635,19.9828
633.755,340.292,43.317,20.3845
633.807,340.299,42.8881,20.1826
633.936,340.401,42.8881,20.1826
633.881,340.622,42.8881,20.1826
634.13,341.297,42.8881,20.1826
634.877,341.661,42.043,19.785
634.832,342.059,42.043,19.785
634.747,342.24,42.043,19.785
634.925,342.514,42.043,19.785
635.406,343.003,40.8066,19.2031
634.789,343.281,42.043,19.785
635.284,343.72,40.8066,19.2031
635.771,344.074,40.0025,18.8247
635.877,344.367,40.0025,18.8247
635.544,344.705,40.8066,19.2031
634.892,344.64,42.043,19.785
634.952,345.122,42.043,19.785
634.146,345.079,42.8881,20.1826
633.923,345.193,42.8881,20.1826
633.011,345.205,43.7502,20.5883
632.608,345.261,43.7502,20.5883
632.765,346.124,42.8881,20.1826
632.298,346.251,42.8881,20.1826
632.474,346.723,42.043,19.785
631.752,347.315,42.043,19.785
631.54,347.561,42.043,19.785
631.555,347.664,42.043,19.785
631.256,348.333,42.043,19.785
630.467,348.478,42.043,19.785
629.923,348.721,42.043,19.785
629.681,349.232,42.043,19.785
629.616,349.401,42.043,19.785
628.811,349.397,42.8881,20.1826
628.504,350.125,42.043,19.785
628.35,350.46,42.043,19.785
627.712,350.523,42.043,19.785
626.795,351.19,43.317,20.3845
626.486,351.083,42.043,19.785
626.434,351.626,42.043,19.785
625.011,351.617,42.8881,20.1826
621.509,353.892,44.1877,20.7942
619.143,353.819,45.5266,21.4243
617.064,354.152,46.9061,22.0735
616.069,354.308,46.9061,22.0735
616.547,353.963,46.9061,22.0735
614.195,354.398,47.8489,22.5171
611.987,354.946,48.8107,22.9697
610.437,354.816,50.2897,23.6657
610.35,354.929,51.3005,24.1414
609.01,355.892,50.2897,23.6657
607.425,356.459,51.3005,24.1414
606.393,357.293,51.3005,24.1414
605.04,357.164,52.855,24.8729
603.483,358.008,52.855,24.8729
601.549,357.928,53.9173,25.3729
600.915,358.711,53.9173,25.3729
599.521,359.188,53.9173,25.3729
598.108,359.777,54.4565,25.6266
597.103,360.575,54.4565,25.6266
596.4,361.23,52.855,24.8729
595.254,361.453,54.4565,25.6266
593.665,361.29,55.5511,26.1417
592.041,361.29,57.2343,26.9338
591.779,362.069,57.2343,26.9338
590.616,362.671,57.2343,26.9338
589.722,362.863,57.2343,26.9338
588.714,363.192,57.2343,26.9338
586.134,364.258,57.2343,26.9338
583.865,365.185,57.2343,26.9338
582.081,365.797,57.2343,26.9338
580.855,366.227,57.2343,26.9338
579.054,366.871,57.2343,26.9338
578.552,367.9,55.5511,26.1417
575.747,368.345,57.2343,26.9338
574.045,368.922,57.2343,26.9338
572.877,369.619,57.2343,26.9338
570.959,370.232,57.2343,26.9338
569.764,371.012,57.2343,26.9338
567.645,372.25,57.2343,26.9338
565.79,372.869,57.2343,26.9338
563.772,373.224,57.2343,26.9338
562.09,374.091,57.2343,26.9338
560.816,374.892,57.2343,26.9338
558.329,375.499,58.9686,27.7499
556.502,375.557,60.7554,28.5908
555.329,376.4,60.7554,28.5908
554.091,377.237,60.7554,28.5908
552.514,378.299,60.7554,28.5908
551.239,379.437,60.7554,28.5908
549.664,380.422,60.7554,28.5908
547.948,381.465,60.7554,28.5908
546.342,382.376,60.7554,28.5908
545.252,383.57,60.7554,28.5908
543.617,385.286,60.7554,28.5908
541.652,386.273,60.7554,28.5908
539.384,386.944,61.363,28.8767
537.797,388.553,60.7554,28.5908
536.024,389.469,60.7554,28.5908
535.137,391.84,59.5583,28.0274
532.951,392.026,60.7554,28.5908
530.85,393.093,61.9766,29.1655
528.528,393.114,63.8545,30.0492
525.931,393.782,65.7894,30.9597
524.939,395.809,65.138,30.6532
522.66,396.63,65.7894,30.9597
519.433,397.729,67.7829,31.8978
515.96,397.921,69.8368,32.8644
512.74,398.396,71.9529,33.8602
508.801,399.173,74.1331,34.8862
506.346,401.163,73.3991,34.5408
503.132,402.051,74.1331,34.8862
500.958,403.725,72.6724,34.1988
498.087,405.143,73.3991,34.5408
495.298,406.68,73.3991,34.5408
492.159,408.485,74.1331,34.8862
490.906,411.358,71.9529,33.8602
488.809,413.452,71.2405,33.5249
484.732,413.687,73.3991,34.5408
482.279,417.289,71.2405,33.5249
477.954,417.302,73.3991,34.5408
473.811,418.514,75.6232,35.5874
469.07,418.823,77.9147,36.6657
467.353,421.592,76.3794,35.9433
461.787,422.954,78.6938,37.0324
458.962,425.641,77.1432,36.3027
453.839,425.89,79.4807,37.4027
448.99,426.521,81.8891,38.536
444.986,428.575,81.8891,38.536
439.536,430.66,82.708,38.9214
433.452,431.202,85.2141,40.1008
427.609,432.179,87.7962,41.3158
422.599,433.408,90.4565,42.5678
418.384,435.203,92.2747,43.4234
413.251,437.225,95.0707,44.7391
408.762,439.219,96.0214,45.1865
404.759,441.331,96.0214,45.1865
400.037,442.88,97.9514,46.0948
394.34,444,99.9202,47.0213
387.859,445.459,102.948,48.4461
382.721,446.502,106.067,49.914
379.804,448.303,105.017,49.4198
374.118,450.005,106.067,49.914
369.025,451.65,106.067,49.914
361.51,453.492,105.017,49.4198
354.536,454.404,108.199,50.9173
350.909,455.367,108.199,50.9173
344.462,455.709,110.374,51.9407
338.221,456.047,112.593,52.9848
330.763,456.948,114.856,54.0497
328.232,457.327,114.856,54.0497
321.167,458.46,116.004,54.5902
313.274,458.537,119.519,56.2444
309.535,460.923,116.004,54.5902
302.035,463.049,117.164,55.1361
293.058,463.546,119.519,56.2444
287.214,466.318,118.336,55.6875
279.626,468,118.336,55.6875
270.775,468.902,121.922,57.3749
260.212,471.5,119.519,56.2444
253.458,474.936,117.164,55.1362
245.314,477.483,114.856,54.0498
236.024,479.801,114.856,54.0498
226.938,481.832,114.856,54.0498
215.625,486.53,111.478,52.4602
206.651,490.156,109.281,51.4265
195.543,492.811,109.281,51.4265
186.21,497.044,106.067,49.914
173.702,498.673,109.281,51.4265
158.88,501.024,110.374,51.9408
145.134,502.28,113.719,53.5146
132.02,504.668,117.164,55.1362
119.311,506.978,118.336,55.6875
105.139,509.21,121.922,57.3749
87.1985,511.817,125.616,59.1134
72.3137,513.732,126.872,59.7046
58.6173,513.805,130.717,61.5137
43.6101,513.14,134.677,63.3776
30.6663,513.893,136.024,64.0114
