392.491,327.578,155,319
390.794,323.344,158.116,325.412
392.275,325.53,155,319
391.548,322.585,156.55,322.19
393.816,326.891,151.946,312.714
391.965,322.123,155,319
390.496,319.45,156.55,322.19
390.057,317.993,156.55,322.19
391.167,319.904,153.465,315.842
390.921,318.903,153.465,315.842
390.388,317.808,153.465,315.842
390.605,318.508,151.946,312.714
389.563,315.375,153.465,315.842
390.583,317.937,150.441,309.618
391.684,319.913,147.477,303.518
389.662,315.663,150.441,309.618
386.802,309.305,155,319
387.429,311.345,151.946,312.714
388.498,314.256,148.952,306.553
388.603,313.452,148.952,306.553
391.564,318.82,144.571,297.537
388.118,311.33,148.952,306.553
387.397,310.29,148.952,306.553
386.124,307.595,150.441,309.618
386.748,309.064,147.477,303.518
389.105,314.664,143.14,294.591
389.46,314.109,143.14,294.591
386.413,306.36,147.477,303.518
386.404,306.613,146.017,300.512
388.37,311.002,143.14,294.591
387.935,308.85,144.571,297.537
386.337,304.26,146.017,300.512
384.165,297.905,150.441,309.618
385.496,300.582,147.477,303.518
386.294,302.245,146.017,300.512
386.233,301.715,146.017,300.512
389.39,308.414,141.723,291.674
389.885,308.379,141.723,291.674
390.264,308.973,141.723,291.674
390.016,308.186,141.723,291.674
387.042,302.091,146.017,300.512
389.061,307.237,143.14,294.591
389.91,308.965,141.723,291.674
387.071,302.525,146.017,300.512
386.273,301.751,146.017,300.512
389.311,308.264,141.723,291.674
386.228,302.02,146.017,300.512
388.399,306.935,143.14,294.591
385.823,302.156,146.017,300.513
389.098,308.521,141.723,291.674
389.877,311.231,138.93,285.927
388.847,308.79,141.723,291.674
385.682,303.083,146.017,300.513
385.237,302.269,146.017,300.513
387.498,307.601,143.14,294.591
387.971,307.548,143.14,294.591
387.457,305.701,144.571,297.537
385.68,301.499,146.017,300.513
388.961,307.562,141.723,291.674
390.904,311.053,137.555,283.096
389.757,306.977,141.723,291.674
389.124,304.595,143.14,294.591
390.624,306.796,140.32,288.787
393.3,312.727,136.193,280.293
390.219,306.155,140.32,288.787
393.166,311.455,136.193,280.293
390.637,304.993,140.32,288.787
391.191,305.768,138.93,285.927
391.365,305.359,138.93,285.927
393.7,309.456,136.193,280.293
391.215,303.42,140.32,288.787
392.231,305.926,137.555,283.096
394.807,311.424,133.509,274.771
392.732,305.442,137.555,283.096
393.137,304.468,137.555,283.096
393.136,304.461,137.555,283.096
393.523,303.59,137.555,283.096
393.242,303.296,137.555,283.096
396.5,308.925,133.509,274.771
397.482,310.705,130.879,269.357
396.686,306.341,134.844,277.518
394.739,301.557,137.555,283.096
394.473,298.549,138.93,285.927
394.606,297.803,138.93,285.927
398.056,303.164,134.844,277.518
399.756,305.663,132.187,272.05
399.853,302.048,134.844,277.518
401.599,304.617,132.187,272.05
402.712,305.085,130.879,269.357
402.742,302.869,132.187,272.05
404.896,304.453,129.583,266.69
404.422,299.233,133.509,274.771
405.823,301.035,130.879,269.357
405.288,297.274,133.509,274.771
406.556,298.13,132.187,272.05
407.987,298.253,130.879,269.357
409.946,301.551,127.029,261.435
410.38,300.687,127.029,261.435
411.089,299.467,127.029,261.435
410.704,294.373,130.879,269.357
413.024,297.604,127.029,261.435
413.036,293.872,129.583,266.69
415.107,295.92,127.029,261.435
414.019,290.889,130.879,269.357
414.612,290.124,130.879,269.357
416.056,290.595,129.583,266.69
416.526,288.275,130.879,269.357
418.018,288.579,129.583,266.69
419.368,289.247,128.3,264.049
421.898,291.397,125.772,258.846
421.978,289.506,127.029,261.435
422.365,288.685,127.029,261.435
422.505,284.846,129.583,266.69
423.774,285.075,128.3,264.049
424.041,281.031,130.879,269.357
426.559,284.794,127.029,261.435
429.939,288.814,123.294,253.746
433.407,293.371,119.667,246.283
433.532,291.842,120.864,248.746
433,285.569,124.526,256.284
434.142,285.655,123.294,253.746
437.418,290.087,119.667,246.283
436.611,284.346,123.294,253.746
439.314,288.804,119.667,246.283
440.14,286.88,120.864,248.746
441.219,285.338,120.864,248.746
442.313,284.695,120.864,248.746
443.257,283.594,120.864,248.746
444.822,284.107,119.667,246.283
445.15,282.034,120.864,248.746
445.519,279.472,122.073,251.234
447.448,280.287,120.864,248.746
447.546,278.117,122.073,251.234
449.478,279.2,120.864,248.746
450.353,278.737,120.864,248.746
451.486,277.802,120.864,248.746
454.411,280.167,118.483,243.845
455.482,279.478,118.483,243.845
454.731,276.395,120.864,248.746
455.116,276.016,120.864,248.746
458.587,279.709,117.31,241.431
459.278,279.11,117.31,241.431
457.824,274.701,120.864,248.746
458.72,274.276,120.864,248.746
462.222,278.546,117.31,241.431
463.224,277.988,117.31,241.431
464.286,277.78,117.31,241.431
465.425,277.641,117.31,241.431
465.76,276.04,118.483,243.845
465.651,274.318,119.667,246.283
467.982,277.426,116.148,239.04
469.03,277.467,116.148,239.04
470.09,277.526,116.148,239.04
471.903,280.188,113.86,234.33
472.536,278.999,114.998,236.674
474.173,280.356,113.86,234.33
475.775,283.239,111.616,229.713
475.696,279.8,114.998,236.674
477.913,284.074,111.616,229.713
477.622,280.96,114.998,236.674
480.309,285.419,111.616,229.713
481.686,287.227,110.511,227.439
482.246,286.717,111.616,229.713
483.831,288.722,110.511,227.439
484.92,288.655,110.511,227.439
486.159,289.045,110.511,227.439
487.973,291.992,108.333,222.957
490.889,294.874,107.261,220.75
490.491,291.338,110.511,227.439
491.538,291.542,110.511,227.439
492.444,291.467,110.511,227.439
493.041,291.737,110.511,227.439
494.377,293.593,109.417,225.187
493.927,291.823,111.616,229.713
496.037,294.764,109.417,225.187
497.506,296.408,108.333,222.957
497.409,294.906,110.511,227.439
498.019,293.667,112.732,232.01
499.342,296.379,110.511,227.439
500.515,296.726,110.511,227.439
501.441,296.682,110.511,227.439
503.611,298.838,108.333,222.957
504.364,298.508,108.333,222.957
505.014,296.804,109.417,225.187
505.845,296.58,109.417,225.187
506.399,294.745,110.511,227.439
508.326,296.636,108.333,222.957
508.853,296.167,108.333,222.957
509.842,295.608,108.333,222.957
510.707,295.163,108.333,222.957
511.844,294.715,108.333,222.957
513.17,294.506,108.333,222.957
514.375,293.843,108.333,222.957
515.121,291.147,110.511,227.439
516.519,291.685,109.417,225.187
519.105,294.275,107.261,220.75
519.878,291.888,108.333,222.957
522.097,292.511,107.261,220.75
521.473,287.35,110.511,227.439
524.763,290.758,107.261,220.75
526.542,290.269,107.261,220.75
528.807,292.279,105.147,216.4
529.552,288.659,107.261,220.75
529.685,284.445,109.417,225.187
532.601,286.6,107.261,220.75
534.673,286.118,107.261,220.75
537.436,287.658,105.147,216.4
540.292,288.716,104.106,214.258
540.73,286.655,105.147,216.4
542.794,287.743,103.076,212.136
545.474,288.032,102.055,210.036
546.899,285.858,103.076,212.136
547.567,283.103,105.147,216.4
549.826,284.292,103.076,212.136
551.182,283.513,103.076,212.136
554.238,286.618,100.044,205.897
555.111,284.707,101.045,207.956
556.871,285.256,100.044,205.897
557.092,281.995,102.055,210.036
557.4,279.532,103.076,212.136
560.495,283.09,100.044,205.897
561.999,282.485,100.044,205.897
561.457,277.478,103.076,212.136
563.164,276.997,103.076,212.136
564.669,276.253,103.076,212.136
566.103,275.629,103.076,212.136
569.597,278.925,100.044,205.897
570.897,278.265,100.044,205.897
572.583,277.551,100.044,205.897
574.763,278.941,98.0729,201.84
574.581,275.293,101.045,207.956
575.948,274.74,101.045,207.956
577.526,276.941,98.0729,201.84
577.114,273.311,101.045,207.956
578.076,273.674,100.044,205.897
578.634,274.895,98.0729,201.84
578.71,274.281,98.0729,201.84
578.881,273.467,98.0729,201.84
580.006,275.712,96.1404,197.863
578.852,273.054,98.0729,201.84
577.978,270.204,100.044,205.897
577.865,269.105,100.044,205.897
579.945,272.409,97.1019,199.842
578.207,268.34,100.044,205.897
578.881,269.244,98.0729,201.84
578.359,266.672,100.044,205.897
579.21,268.069,98.0729,201.84
578.402,265.307,100.044,205.897
579.149,266.533,98.0729,201.84
578.564,263.743,100.044,205.897
580.745,266.944,97.1019,199.842
580.621,266.498,97.1019,199.842
580.732,265.94,97.1019,199.842
580.902,265.511,97.1019,199.842
580.777,264.6,97.1019,199.842
581.174,265.145,96.1404,197.863
580.993,263.735,97.1019,199.842
581.482,263.285,97.1019,199.842
581.47,262.246,97.1019,199.842
581.794,261.467,97.1019,199.842
581.607,260.682,97.1019,199.842
581.73,260.22,97.1019,199.842
582.262,261.056,95.1886,195.904
581.854,258.516,97.1019,199.842
582.601,259.31,95.1886,195.904
583.359,259.885,94.2461,193.965
582.21,256.635,97.1019,199.842
582.745,257.032,96.1404,197.863
583.884,258.83,93.313,192.044
582.927,255.237,96.1404,197.863
584.138,256.431,94.2461,193.965
584.791,257.746,92.3891,190.143
584.351,255.835,93.313,192.044
584.412,255.071,93.313,192.044
584.546,254.407,93.313,192.044
583.72,251.357,95.1886,195.904
583.822,250.559,95.1886,195.904
584.976,252.147,93.313,192.044
585.379,251.61,93.313,192.044
585.597,251.094,93.313,192.044
585.7,250.159,93.313,192.044
585.932,249.49,93.313,192.044
586.208,248.121,94.2461,193.965
586.363,248.226,93.313,192.044
586.614,247.628,93.313,192.044
586.799,246.973,93.313,192.044
587.025,246.403,93.313,192.044
587.596,245.921,93.313,192.044
587.63,245.383,93.313,192.044
587.861,244.647,93.313,192.044
588.399,244.046,93.313,192.044
588.472,243.704,93.313,192.044
588.631,243.179,93.313,192.044
588.932,242.418,93.313,192.044
589.396,241.932,93.313,192.044
588.501,239.222,95.1886,195.904
589.849,240.559,93.313,192.044
590.159,240.3,93.313,192.044
590.409,239.759,93.313,192.044
590.482,239.565,93.313,192.044
590.55,238.906,93.313,192.044
590.714,238.362,93.313,192.044
590.977,237.499,93.313,192.044
591.352,236.348,94.2461,193.965
591.537,236.777,93.313,192.044
591.692,236.442,93.313,192.044
591.766,235.787,93.313,192.044
591.862,235.641,93.313,192.044
592.285,235.361,93.313,192.044
592.429,234.84,93.313,192.044
592.604,234.688,93.313,192.044
592.663,234.526,93.313,192.044
592.7,234.4,93.313,192.044
592.977,233.706,93.313,192.044
594.752,236.424,91.4743,188.26
595.119,238.006,89.6719,184.551
595.255,237.538,89.6719,184.551
595.42,237.329,89.6719,184.551
596.545,239.269,87.9051,180.914
596.905,239.955,87.0347,179.123
596.906,239.624,87.0347,179.123
597.471,240.23,86.173,177.35
597.672,239.141,87.0347,179.123
597.109,237.287,88.7841,182.723
598.182,238.383,87.9051,180.914
598.506,239.338,87.0347,179.123
598.471,239.386,87.0347,179.123
598.58,239.788,87.0347,179.123
597.998,238.035,88.7841,182.723
597.434,236.989,89.6719,184.551
598.914,240.212,87.0347,179.123
598.966,240.529,87.0347,179.123
599.08,240.511,87.0347,179.123
600.049,241.74,86.173,177.35
599.62,240.844,87.0347,179.123
598.645,237.448,89.6719,184.551
598.779,237.489,89.6719,184.551
600.354,240.665,87.0347,179.123
600.528,240.604,87.0347,179.123
601.035,241.493,86.173,177.35
600.74,240.314,87.0347,179.123
601.236,240.975,86.173,177.35
600.306,238.011,88.7841,182.723
601.291,239.302,87.0347,179.123
601.198,237.934,87.9051,180.914
601.808,239.357,86.173,177.35
601.556,238.182,87.0347,179.123
601.05,236.079,88.7841,182.723
602.116,238.28,86.173,177.35
601.078,235.211,88.7841,182.723
601.872,237.063,87.0347,179.123
601.953,237.02,87.0347,179.123
602.086,236.981,87.0347,179.123
602.569,237.291,87.0347,179.123
602.753,237.524,87.0347,179.123
602.736,238.009,87.0347,179.123
603.453,239.671,86.173,177.35
603.774,240.523,86.173,177.35
603.895,241.229,86.173,177.35
603.928,242.035,86.173,177.35
604.829,244.142,85.3198,175.594
604.14,243.626,86.173,177.35
604.353,243.857,86.173,177.35
604.97,245.941,85.3198,175.594
604.47,244.528,87.0347,179.123
604.949,245.671,86.173,177.35
605.015,245.834,86.173,177.35
605.317,246.412,86.173,177.35
605.248,246.633,86.173,177.35
605.311,246.746,86.173,177.35
605.391,246.909,86.173,177.35
605.508,247.586,86.173,177.35
605.805,247.776,86.173,177.35
606.78,249.613,85.3198,175.594
606.078,248.614,86.173,177.35
606.204,248.71,86.173,177.35
606.274,248.768,86.173,177.35
605.712,248.041,87.0347,179.123
606.415,249.197,86.173,177.35
606.89,249.306,86.173,177.35
607.063,249.423,86.173,177.35
607.1,249.265,86.173,177.35
607.141,249.046,86.173,177.35
607.187,249.117,86.173,177.35
606.81,248.081,87.0347,179.123
607.302,249,86.173,177.35
607.372,248.826,86.173,177.35
607.43,248.72,86.173,177.35
607.881,248.199,86.173,177.35
607.976,248.146,86.173,177.35
608.683,249.466,85.3198,175.594
608.068,247.964,86.173,177.35
608.095,247.821,86.173,177.35
608.182,247.326,86.173,177.35
608.206,247.294,86.173,177.35
608.17,247.265,86.173,177.35
608.224,247.147,86.173,177.35
608.359,247.106,86.173,177.35
608.449,246.994,86.173,177.35
608.976,246.735,86.173,177.35
608.941,246.168,86.173,177.35
609.13,246.094,86.173,177.35
610.259,248.116,84.475,173.855
610.871,249.381,82.8105,170.429
611.116,249.256,82.8105,170.429
612.276,250.568,81.1789,167.071
611.407,248.432,82.8105,170.429
611.485,248.298,82.8105,170.429
613.013,251.074,80.3751,165.417
613.084,250.873,80.3751,165.417
612.529,249.251,81.1788,167.071
612.172,247.826,81.9906,168.742
612.151,247.146,81.9906,168.742
611.655,245.356,83.6386,172.134
612.211,246.314,81.9906,168.742
611.769,245.297,82.8105,170.429
613.322,248.061,80.3751,165.417
613.796,248.003,80.3751,165.417
614.211,248.693,79.5793,163.779
613.847,247.397,80.3751,165.417
613.941,246.954,80.3751,165.417
613.938,246.607,80.3751,165.417
613.974,246.068,80.3751,165.417
614.466,246.757,79.5793,163.779
614.091,245.637,80.3751,165.417
614.563,245.715,79.5793,163.779
614.171,244.655,80.3751,165.417
613.079,242.095,81.9906,168.742
613.417,242.363,81.1788,167.071
614.091,243.282,80.3751,165.417
614.23,243.04,80.3751,165.417
615.092,244.477,78.7914,162.158
614.628,243.376,79.5793,163.779
613.296,239.762,81.9906,168.742
614.366,241.37,80.3751,165.417
614.887,241.415,80.3751,165.417
614.889,240.856,80.3751,165.417
615.4,241.657,79.5793,163.779
615.768,242.558,78.7914,162.158
615.825,242.295,78.7914,162.158
615.469,240.642,79.5793,163.779
615.018,239.222,80.3751,165.417
615.909,240.326,78.7914,162.158
614.55,236.238,81.1789,167.071
615.58,237.603,79.5793,163.779
615.577,236.772,79.5793,163.779
615.564,236.523,79.5793,163.779
615.215,234.966,80.3751,165.417
615.237,234.767,80.3751,165.417
615.293,234.243,80.3751,165.417
615.836,235.176,79.5793,163.779
616.192,234.891,79.5793,163.779
615.798,233.8,80.3751,165.417
616.323,234.67,79.5793,163.779
616.77,235.626,78.7914,162.158
616.682,235.333,78.7914,162.158
616.387,233.826,79.5793,163.779
616.439,233.773,79.5793,163.779
616.4,233.385,79.5793,163.779
616.374,232.978,79.5793,163.779
616.406,232.985,79.5793,163.779
616.076,231.654,80.3751,165.417
616.116,231.223,80.3751,165.417
616.127,231.286,80.3751,165.417
616.101,231.054,80.3751,165.417
616.135,230.81,80.3751,165.417
616.637,231.5,79.5793,163.779
616.322,230.102,80.3751,165.417
616.501,229.866,80.3751,165.417
616.923,230.428,79.5793,163.779
616.61,229.226,80.3751,165.417
616.89,229.648,79.5793,163.779
617.495,230.386,78.7914,162.158
616.958,228.6,79.5793,163.779
616.702,227.572,80.3751,165.417
617.187,227.715,79.5793,163.779
617.227,227.387,79.5793,163.779
617.553,227.451,79.5793,163.779
617.153,226.207,80.3751,165.417
617.11,226.009,80.3751,165.417
617.402,226.761,79.5793,163.779
617.93,227.445,78.7914,162.158
617.61,226.355,79.5793,163.779
617.786,226.489,79.5793,163.779
617.661,225.158,80.3751,165.417
617.778,224.756,80.3751,165.417
619.013,227.441,78.0113,160.552
618.384,226.05,79.5793,163.779
618.491,226.289,79.5793,163.779
618.182,225.651,80.3751,165.417
618.576,226.693,79.5793,163.779
618.703,226.985,79.5793,163.779
619.514,229.135,78.0113,160.552
619.128,227.65,79.5793,163.779
618.884,227.295,80.3751,165.417
618.88,227.599,80.3751,165.417
619.79,229.831,78.7914,162.158
619.93,230.612,78.7914,162.158
620.056,231.305,78.7914,162.158
619.155,229.82,80.3751,165.417
619.669,231.628,79.5793,163.779
619.66,232.52,79.5793,163.779
620.49,235.058,78.0113,160.552
620.306,235.358,78.7914,162.158
619.981,234.473,80.3751,165.417
620.823,237.557,78.7914,162.158
621.323,239.741,78.0113,160.552
621.045,240.164,78.7914,162.158
621.241,241.254,78.7914,162.158
620.792,240.339,80.3751,165.417
621.666,243.373,78.7914,162.158
620.913,242.744,80.3751,165.417
622.216,246.601,78.0113,160.552
622.599,248.081,78.0113,160.552
622.606,248.221,78.7914,162.158
621.256,246.247,81.1789,167.071
622.047,248.701,80.3751,165.417
623.097,252.665,78.0113,160.552
622.958,253.076,78.7914,162.158
622.301,252.35,80.3751,165.417
623.549,256.431,78.0113,160.552
623.768,257.051,78.7914,162.158
623.595,257.214,79.5793,163.779
623.075,257.203,80.3751,165.417
623.15,258.739,80.3751,165.417
623.458,259.608,80.3751,165.417
625.273,263.602,78.0113,160.552
624.684,263.227,79.5793,163.779
624.246,263.282,80.3751,165.417
624.811,265.504,79.5793,163.779
625.028,265.575,80.3751,165.417
625.111,266.755,80.3751,165.417
626.306,270.732,78.0113,160.552
626.055,271.724,78.7914,162.158
626.961,275.92,77.2389,158.963
626.907,275.852,78.7914,162.158
627.416,279.038,78.0113,160.552
627.537,281.583,78.0113,160.552
628.316,283.922,78.0113,160.552
628.022,285.191,78.7914,162.158
628.504,288.255,78.0113,160.552
628.841,289.851,78.7914,162.158
628.79,291.658,78.7914,162.158
629.281,294.769,78.0113,160.552
628.852,295.717,78.7914,162.158
628.906,297.791,78.7914,162.158
628.673,297.811,80.3751,165.417
629.582,300.673,79.5793,163.779
630.578,304.793,78.0113,160.552
630.795,305.592,78.7914,162.158
631.08,307.573,78.7914,162.158
631.251,309.246,78.7914,162.158
632.238,311.784,78.0113,160.552
632.024,312.347,78.7914,162.158
632.101,313.681,78.7914,162.158
631.468,313.56,80.3751,165.417
633.492,317.7,78.0113,160.552
632.478,316.363,80.3751,165.417
633.989,320.062,78.0113,160.552
633.234,318.351,80.3751,165.417
634.017,321.065,78.7914,162.158
634.242,322.237,78.7914,162.158
634.805,323.148,78.7914,162.158
634.275,322.228,80.3751,165.417
635.273,325.108,78.7914,162.158
636.015,326.992,78.0113,160.552
635.027,325.261,80.3751,165.417
635.333,326.256,80.3751,165.417
636.582,329.059,78.7914,162.158
637.105,331.043,78.0113,160.552
636.169,329.458,80.3751,165.417
636.772,331.702,79.5793,163.779
636.301,330.861,81.1789,167.071
637.952,334.862,78.7914,162.158
638.16,336.675,78.7914,162.158
639.068,339.21,78.0113,160.552
639.285,340.451,78.0113,160.552
639.036,340.768,78.7914,162.158
639.572,342.992,78.0113,160.552
640.325,345.316,77.2389,158.963
639.687,344.045,79.5793,163.779
640.54,347.032,78.0113,160.552
640.47,347.275,78.7914,162.158
641.075,349.518,78.0113,160.552
641.435,350.968,78.0113,160.552
640.871,350.141,79.5793,163.779
642.046,353.325,78.0113,160.552
642.054,354.008,78.7914,162.158
642.217,355.204,78.7914,162.158
642.966,357.424,78.0113,160.552
643.332,358.892,78.0113,160.552
642.44,357.536,80.3751,165.417
643.166,359.59,79.5793,163.779
643.936,362.665,78.0113,160.552
643.753,362.466,79.5793,163.779
643.771,362.669,80.3751,165.417
644.676,365.592,78.7914,162.158
644.124,365.193,80.3751,165.417
644.635,367.556,79.5793,163.779
644.736,368.497,79.5793,163.779
645.397,370.567,78.7914,162.158
645.392,371.102,79.5793,163.779
645.931,373.199,78.7914,162.158
645.193,372.565,80.3751,165.417
645.799,374.62,79.5793,163.779
646.322,375.939,79.5793,163.779
646.236,376.216,80.3751,165.417
646.309,377.286,80.3751,165.417
647.132,380.006,78.7914,162.158
647.649,381.13,78.7914,162.158
647.405,381.454,79.5793,163.779
647.856,383.215,78.7914,162.158
647.506,383.512,79.5793,163.779
647.591,384.517,79.5793,163.779
648.276,386.476,78.7914,162.158
648.759,387.847,78.7914,162.158
648.577,387.786,79.5793,163.779
648.318,387.903,80.3751,165.417
649.768,391.828,78.0113,160.552
649.147,391.06,79.5793,163.779
649.807,394.137,78.0113,160.552
649.526,394.261,78.7914,162.158
649.368,394.49,79.5794,163.779
649.836,396.459,78.7914,162.158
650.468,398.807,78.0113,160.552
650.357,398.915,78.7914,162.158
651.091,400.995,78.0113,160.552
650.818,401.114,78.7914,162.158
650.763,402.34,78.7914,162.158
650.617,402.536,79.5794,163.779
651.499,405.605,78.0113,160.552
651.623,405.898,78.7914,162.158
651.877,406.996,78.7914,162.158
651.552,407.449,79.5794,163.779
651.6,408.551,79.5794,163.779
652.066,410.405,78.7914,162.158
652.251,411.526,78.7914,162.158
652.904,413.001,78.7914,162.158
653.196,413.953,78.7914,162.158
653.132,414.291,79.5794,163.779
653.287,415.463,79.5794,163.779
653.624,417.454,78.7914,162.158
653.65,417.884,79.5794,163.779
654.134,420.042,78.7914,162.158
654.982,421.85,78.0113,160.552
655.063,423.159,78.0113,160.552
655.217,424.177,78.0113,160.552
655.086,425.278,78.0113,160.552
655.595,426.718,78.0113,160.552
656.167,427.619,78.0113,160.552
655.538,427.263,79.5794,163.779
655.176,427.65,80.3752,165.417
655.648,429.618,79.5794,163.779
656.326,432.035,78.7914,162.158
656.831,433.045,78.7914,162.158
656.585,433.583,79.5794,163.779
656.303,433.682,80.3752,165.417
656.492,434.732,80.3752,165.417
657.9,438.352,78.0113,160.552
657.77,438.96,78.7915,162.158
657.996,439.983,78.7915,162.158
658.033,441.183,78.7915,162.158
658.815,444.21,77.2389,158.963
658.663,444.623,78.0113,160.552
659.175,444.639,78.7915,162.158
659.244,444.93,79.5794,163.779
660.062,447.74,78.0113,160.552
660.085,448.988,78.0113,160.552
659.64,449.136,78.7915,162.158
660.323,451.064,78.0113,160.552
660.729,453.241,77.239,158.963
660.17,452.609,78.7915,162.158
661.193,454.482,78.0113,160.552
660.947,454.603,78.7915,162.158
661.44,456.661,78.0113,160.552
660.895,455.98,79.5794,163.779
662.107,458.731,78.0114,160.552
661.497,457.969,79.5794,163.779
661.993,460.015,78.7915,162.158
661.974,461.117,78.7915,162.158
661.636,461.045,79.5794,163.779
661.741,461.796,79.5794,163.779
663.49,465.463,77.239,158.963
662.526,463.808,79.5794,163.779
662.829,465.589,78.7915,162.158
662.992,466.583,78.7915,162.158
663.09,467.589,78.7915,162.158
663.504,469.198,78.0114,160.552
663.631,468.777,78.7915,162.158
663.746,469.675,78.7915,162.158
664.185,471.504,78.0114,160.552
664.379,472.515,78.0114,160.552
664.12,472.372,78.7915,162.158
665.221,474.928,77.239,158.963
664.912,474.754,78.0114,160.552
665.068,475.651,78.0114,160.552
664.759,475.514,78.7915,162.158
664.829,476.547,78.7915,162.158
665.251,478.245,78.0114,160.552
664.718,477.096,79.5794,163.779
665.829,479.443,78.0114,160.552
665.312,479.35,78.7915,162.158
666.298,481.298,77.239,158.963
665.606,480.521,78.7915,162.158
665.656,481.402,78.7915,162.158
666.525,483.562,77.239,158.963
665.718,482.804,78.7915,162.158
665.776,483.531,78.7915,162.158
665.813,484.499,78.7915,162.158
665.571,484.316,79.5794,163.78
665.552,484.733,79.5794,163.78
665.344,484.461,80.3752,165.417
666.449,486.88,78.7915,162.158
666.819,488.58,78.0114,160.552
666.879,489.284,78.0114,160.552
666.611,489.309,78.7915,162.158
666.846,490.666,78.0114,160.552
666.615,490.513,78.7915,162.158
666.597,491.373,78.7915,162.158
666.543,491.64,78.7915,162.158
667.482,494.136,77.239,158.963
666.721,493.021,78.7915,162.158
667.047,494.312,78.0114,160.552
666.806,494.14,78.7915,162.158
666.86,494.361,78.7915,162.158
666.88,494.449,78.7915,162.158
667.196,495.981,78.0114,160.552
666.628,495.219,78.7915,162.158
667.24,496.424,78.0114,160.552
666.686,496.007,78.7915,162.158
666.763,496.263,78.7915,162.158
666.749,496.39,78.7915,162.158
666.773,496.394,78.7915,162.158
666.293,494.64,80.3752,165.417
667.408,497.285,78.0114,160.552
667.949,498.578,77.239,158.963
668.537,498.64,77.239,158.963
668.117,497.885,78.0114,160.552
668.162,497.861,78.0114,160.552
668.607,498.67,77.239,158.963
668.175,497.783,78.0114,160.552
668.258,497.869,78.0114,160.552
668.279,497.816,78.0114,160.552
668.84,498.65,77.239,158.963
668.422,497.807,78.0114,160.552
668.92,498.854,77.239,158.963
668.957,498.17,78.0114,160.552
668.658,497.348,78.7915,162.158
669.294,498.399,78.0114,160.552
668.64,498.153,78.7915,162.158
668.638,498.457,78.7915,162.158
669.136,499.824,78.0114,160.552
668.748,499.039,78.7915,162.158
669.16,500.208,78.0114,160.552
669.266,500.621,78.0114,160.552
669.185,500.965,78.0114,160.552
669.42,501.124,78.0114,160.552
669.675,501.367,78.0114,160.552
669.518,501.051,78.7915,162.158
669.663,501.347,78.7915,162.158
670.15,502.399,78.0114,160.552
670.078,503,78.0114,160.552
670.708,504.089,77.239,158.963
670.274,503.914,78.0114,160.552
670.739,504.872,77.239,158.963
670.688,504.196,78.0114,160.552
671.501,505.251,77.239,158.963
671.012,505.077,78.0114,160.552
671.495,506.249,77.239,158.963
671.133,505.949,78.0114,160.552
671.752,506.767,77.239,158.963
671.169,506.091,78.0114,160.552
671.731,506.973,77.239,158.963
671.479,506.086,78.0114,160.552
672.059,507.264,77.239,158.963
670.958,504.95,79.5794,163.78
671.55,506.195,78.7915,162.158
672.438,507.899,77.239,158.963
672.448,507.941,77.239,158.963
672.438,507.921,77.239,158.963
672.395,507.957,77.239,158.963
672.216,507.194,78.0114,160.552
672.341,507.235,78.0114,160.552
672.268,507.652,78.0114,160.552
671.969,506.727,78.7915,162.158
672.235,507.612,78.0114,160.552
672.279,507.738,78.0114,160.552
672.416,507.69,78.0114,160.552
672.384,507.788,78.0114,160.552
672.583,507.766,78.0114,160.552
672.9,507.584,78.0114,160.552
672.883,507.622,78.0114,160.552
673.083,507.611,78.0114,160.552
673.119,507.724,78.0114,160.552
673.562,508.531,77.239,158.963
673.531,508.57,77.239,158.963
673.524,508.582,77.239,158.963
673.161,507.702,78.0114,160.552
673.198,507.942,78.0114,160.552
673.542,509.04,77.239,158.963
673.757,509.569,77.239,158.963
673.709,509.99,77.239,158.963
673.364,509.245,78.0114,160.552
674.063,510.357,77.239,158.963
673.916,509.842,78.0114,160.552
674.162,510.905,77.239,158.963
674.474,510.845,77.239,158.963
673.814,510.349,78.0114,160.552
674.163,510.762,78.0114,160.552
674.641,511.842,77.239,158.963
674.623,511.932,77.239,158.963
674.567,512.053,77.239,158.963
674.826,512.706,77.239,158.963
674.796,512.804,77.239,158.963
674.834,512.874,77.239,158.963
674.489,512.178,78.0114,160.552
675.005,513.229,77.239,158.963
675.533,513.416,77.239,158.963
675.521,513.538,77.239,158.963
674.622,511.794,78.7915,162.158
675.639,513.606,77.239,158.963
674.625,511.913,78.7915,162.158
675.758,513.443,77.239,158.963
675.795,513.628,77.239,158.963
675.796,513.616,77.239,158.963
675.657,513.403,77.239,158.963
675.721,513.345,77.239,158.963
675.803,513.221,77.239,158.963
676.782,515.496,74.9674,154.288
677.277,516.514,73.4903,151.248
676.929,516.515,73.4903,151.248
677.114,516.443,73.4903,151.248
677.152,516.306,73.4903,151.248
677.41,515.707,74.2252,152.76
677.836,516.113,73.4903,151.248
677.88,516.166,73.4903,151.248
677.981,516.106,73.4903,151.248
677.996,515.88,73.4903,151.248
678.144,515.807,73.4903,151.248
677.977,515.356,73.4903,151.248
679.356,517.506,72.0422,148.268
678.306,515.635,73.4903,151.248
679.528,516.793,72.7626,149.75
678.748,515.451,73.4903,151.248
677.735,512.757,75.7171,155.831
678.856,514.843,73.4903,151.248
678.544,513.162,74.9674,154.288
678.513,512.851,74.9674,154.288
677.803,510.649,77.239,158.963
677.944,510.659,77.239,158.963
678.881,511.9,75.7171,155.831
679.591,514.103,73.4903,151.248
679.201,514.068,73.4903,151.248
678.545,511.679,75.7171,155.831
679.305,513.803,73.4903,151.248
679.43,513.603,73.4903,151.248
679.368,513.243,73.4903,151.248
679.303,513.415,73.4903,151.248
679.08,511.823,74.9674,154.288
681.069,514.429,72.7626,149.75
679.95,513.189,73.4903,151.248
680.008,513.206,73.4903,151.248
681.32,514.988,72.0422,148.268
681.357,514.898,72.0422,148.268
681.412,514.798,72.0422,148.268
681.47,514.869,72.0422,148.268
679.931,512.498,73.4903,151.248
680.012,512.185,73.4903,151.248
680.032,511.539,74.2252,152.76
680.098,511.984,73.4903,151.248
680.12,511.423,74.2252,152.76
680.145,511.737,73.4903,151.248
681.401,512.649,72.7626,149.75
680.325,511.247,73.4903,151.248
681.534,513.089,72.0422,148.268
681.942,512.92,72.0422,148.268
681.898,512.875,72.0422,148.268
681.849,512.843,72.0422,148.268
681.826,512.797,72.0422,148.268
681.817,512.49,72.0422,148.268
681.798,512.411,72.0422,148.268
682.18,513.122,71.3289,146.8
680.561,509.849,73.4903,151.248
681.424,510.662,72.7626,149.75
681.862,511.738,72.0422,148.268
680.714,509.202,73.4903,151.248
681.798,510.98,72.0422,148.268
682.02,510.81,72.0422,148.268
682.347,511.492,71.3289,146.8
682.314,511.259,71.3289,146.8
682.271,511.173,71.3289,146.8
682.236,510.946,71.3289,146.8
682.124,509.965,72.0422,148.268
680.748,507.548,73.4903,151.248
681.846,509.15,72.0422,148.268
682.05,509.103,72.0422,148.268
682.032,508.981,72.0422,148.268
682.011,508.952,72.0422,148.268
681.975,508.945,72.0422,148.268
682.289,509.593,71.3289,146.8
682.263,509.332,71.3289,146.8
