0.858921 49.2514
0.858921 49.1425
0.858921 48.883
0.858921 48.459
0.858921 49.3705
0.72973 49.232
0.72973 49.7166
0.72973 49.9975
0.617329 49.2732
0.72973 49.2781
0.858921 49.4731
0.858921 49.7785
0.858921 50.0726
0.858921 50.0651
0.858921 49.8107
0.858921 49.9027
0.858921 49.6376
0.858921 50.0075
0.858921 49.9625
0.858921 49.9201
0.858921 50.045
0.858921 50.163
0.72973 50.158
0.72973 50.025
0.617329 49.95
0.72973 50.2487
0.617329 49.96
0.518644 49.7834
0.43131 49.9376
0.353474 49.98
0.518644 50.0826
0.617329 49.7339
0.641026 49.7562
0.617329 49.1884
0.72973 49.6426
0.858921 49.6623
0.858921 49.412
0.858921 49.8629
0.858921 49.9052
0.72973 50.025
0.858921 49.8405
0.858921 49.7958
0.858921 50.01
0.72973 49.6204
0.858921 49.8033
0.858921 46.5311
0.858921 49.9127
0.858921 49.4854
0.72973 49.6919
0.72973 49.8107
0.858921 50.0125
0.858921 49.6845
0.858921 49.554
0.72973 49.7934
0.72973 49.6007
0.858921 49.4584
0.72973 49.6253
0.858921 49.6327
0.617329 49.5368
0.72973 49.581
0.72973 49.8629
0.72973 49.7735
0.72973 49.7067
0.858921 48.4355
0.617329 49.7537
0.858921 49.7315
0.72973 49.5614
0.747724 49.554
0.72973 49.6746
0.72973 49.6401
0.72973 49.034
0.72973 49.6327
0.546605 47.9386
0.72973 49.1111
0.858921 49.0244
0.858921 47.1165
0.72973 49.5368
0.72973 49.4022
0.72973 49.4438
0.617329 49.5638
0.72973 49.6007
0.72973 49.4193
0.72973 49.6056
0.72973 49.3657
0.617329 49.1787
0.72973 49.5565
0.72973 49.4413
0.858921 49.6771
0.353474 49.4193
0.43131 49.4291
0.386997 49.2756
0.283668 49.4389
0.283668 49.4805
0.283668 49.5197
0.220708 49.505
0.220708 49.7141
0.163636 49.6771
0.064133 49.5884
0 49.4486
0.858921 49.186
0.747724 48.9764
0.858921 48.5531
0.72973 49.3852
0.72973 49.1135
0.72973 48.8854
0.747724 49.4193
0.641026 49.2999
0.72973 48.8974
0.641026 49.2078
0.72973 49.4854
0.688073 49.186
0.59379 49.5761
0.640167 49.0004
0.640167 49.373
0.627907 49.0244
0.566434 49.2174
0.55102 49.0196
0.439783 49.4854
0.375171 49.249
0.375171 49.4364
0.356125 49.4878
0.269978 49.2805
0 49.3267
0.766562 39.96
0.509434 40.0529
0.317647 40.0368
0.317647 40.3616
0.169102 40.1349
0.144828 40.334
0.0440252 40.4809
0.546067 40.0898
0.555556 39.8422
0.525292 39.6699
0.525292 39.9265
0.5 39.7425
0.428571 39.5679
0.5 37.6011
0.5 38.6802
0.5 39.6212
0.45 39.8391
0.45 40.0336
0.5 39.9313
0.428571 39.8708
0.5 39.7346
0.304348 39.9122
0.291667 39.8708
0.192308 39.8168
0.377049 40.008
0.423729 39.3515
0.365854 40.0032
0.365854 40.0048
0.292308 39.9106
0.292308 39.8264
0.292308 39.9074
0.255605 39.9138
0.188119 39.5179
0 40.295
0.811475 40.1978
0.811475 40.2236
0.811475 40.0641
0.696737 40.1043
0.696737 39
0.696737 40.2139
0.505963 40.1155
0.696737 39.8565
0.505963 39.3902
0.696737 39.9138
0.505963 40.0048
0.71223 39.6008
0.616299 40.0721
0.634615 40.1188
0.634615 40.0946
0.634615 40.1994
0.634615 39.9377
0.634615 39.9904
0.634615 39.6197
0.634615 40.1155
0.634615 40.1929
0.634615 39.96
0.634615 40.0673
0.634615 39.8979
0.634615 38.7612
0.634615 39.9313
0.634615 38.101
0.634615 39.8676
0.634615 40.008
0.634615 40.0834
0.634615 39.8676
0.634615 39.8406
0.634615 40.0882
0.552511 40.1284
0.574074 40.0818
0.634615 39.9664
0.552511 40.0834
0.634615 40.0497
0.574074 39.8105
0.634615 40.0144
0.634615 39.8057
0.552511 40.0834
0.572254 39.9936
0.572254 39.6605
0.572254 38.8712
0.572254 37.0576
0.572254 39.8232
0.572254 38.7327
0.572254 39.7788
0.572254 40.0577
0.572254 39.968
0.634615 39.8026
0.634615 40.1171
0.574074 39.8613
0.574074 40.0112
0.502209 40.0048
0.574074 40.0721
0.634615 39.5554
0.634615 39.9186
0.552511 38.8229
0.634615 40.0625
0.552511 40.0064
0.552511 40.1962
0.574074 40.0352
0.502209 39.976
0.574074 39.744
0.502209 40.1574
0.574074 39.82
0.502209 40.0978
0.517857 39.9648
0.517857 39.7504
0.517857 39.9297
0.574074 40.04
0.574074 39.3763
0.574074 40.1027
0.517857 40.1671
0.517857 40.1671
0.517857 39.7978
0.517857 40.1445
0.517857 40.0096
0.517857 38.8078
0.54717 39.9393
0.54717 40.13
0.607843 39.8804
0.578313 40.0641
0.550296 39.8995
0.578313 39.8168
0.550296 39.6479
0.578313 40.024
0.578313 40.0513
0.578313 39.8947
0.578313 39.5601
0.578313 38.0127
0.578313 39.9553
0.578313 39.992
0.578313 40.0416
0.550296 39.8279
0.578313 39.8549
0.550296 39.9473
0.578313 39.9712
0.578313 39.8518
0.550296 40.04
0.550296 39.9074
0.550296 40.0112
0.550296 40.0032
0.555556 40.1155
0.555556 40.0513
0.555556 37.5192
0.527273 39.6684
0.555556 39.8979
0.527273 39.9074
0.365854 40.13
0.174825 40.13
0.168019 40.0432
0.0306748 40.0705
0.0296221 40.0641
0 39.8645
0.848998 42.9923
0.848998 43.0867
0.848998 43.4009
0.848998 43.1481
0.746725 43.3821
0.848998 43.3351
0.697313 43.518
0.848998 43.109
0.848998 43.3294
0.848998 43.2713
0.848998 43.07
0.746725 43.3351
0.697313 43.4802
0.848998 43.2358
0.619433 43.4084
0.848998 43.3332
0.619433 43.3896
0.848998 43.3614
0.697313 43.1854
0.697313 43.3971
0.848998 43.3125
0.697313 43.4424
0.848998 43.0942
0.848998 42.9849
0.848998 43.262
0.848998 43.2676
0.697313 43.4197
0.619433 41.9428
0.746725 43.3539
0.619433 43.3313
0.697313 43.1667
0.674009 43.1537
0.761978 43.2507
0.753247 43.3163
0.753247 43.2152
0.419185 43.4292
0.536273 43.1872
0.290323 43.2994
0.198738 40.7315
0.0826211 43.3614
0 43.4707
0.839864 48.4684
0.839864 47.1676
0.536273 48.4825
0.37931 48.391
0.290323 48.7972
0.318681 48.7424
0.231471 48.8735
0.142857 48.7234
0.0810811 48.6216
0.0810811 48.6523
0 48.377
0.839864 48.1209
0.839864 47.84
0.73913 46.2299
0.6 46.4576
0.839864 47.3171
0.674419 47.7852
0.839864 48.1533
0.839864 48.1186
0.839864 48.384
0.536273 48.3162
0.536273 48.3699
0.6 47.735
0.674419 48.3068
0.839864 48.0215
0.839864 48.0492
0.674419 47.9846
0.531915 48.2649
0.6 48.5296
0.6 45.9242
0.536273 45.1182
0.388551 47.6713
0.296928 47.5421
0.388551 48.1812
0.245902 48.2114
0.198738 48.5084
0.134328 48.5484
0.0261026 48.4215
0.0261026 48.452
0 48.4801
0.848998 42.8449
0.573034 43.0942
0.527273 42.3998
0.596131 42.328
0.716515 42.5007
0.716515 42.8229
0.635688 42.4574
0.716515 42.7972
0.716515 41.3428
0.491525 43.5388
0.290323 43.7694
0.152838 43.7044
0.138913 43.7082
0.077551 43.3651
0.104603 43.5199
0 43.8231
0.862872 42.996
0.732852 42.3944
0.732852 43.2208
0.619798 39.5804
0.732852 42.4088
0.732852 43.2115
0.80072 43.4216
0.683502 43.1593
0.519757 43.4443
0.580611 43.3539
0.580611 43.5161
0.580611 41.0661
0.580611 43.4934
0.683502 43.6319
0.580611 43.2676
0.683502 43.4499
0.580611 43.5142
0.580611 43.5313
0.80072 43.4235
0.683502 43.4537
0.865672 43.592
0.800464 40.5712
0.753672 41.8585
0.645811 42.1923
0.645811 43.2957
0.753672 43.5369
0.645811 43.0163
0.55045 43.1947
0.645811 43.07
0.575635 43.367
0.702648 43.4443
0.604607 43.4839
0.604607 43.3445
0.702648 43.3877
0.663682 43.4518
0.756303 43.3426
0.702648 43.0793
0.702648 43.4235
0.702648 43.096
0.604607 43.0404
0.702648 43.0942
0.702648 43.3708
0.705882 43.1332
0.666667 43.4972
0.621622 43.3764
0.705882 43.1891
0.621622 43.4934
0.705882 43.3764
0.538462 43.3576
0.657143 43.4047
0.705882 43.3463
0.657143 43.4802
0.705882 43.3971
0.666667 43.2133
0.567568 43.4122
0.705882 43.3821
0.657143 43.4556
0.657143 43.1984
0.621622 43.1127
0.567568 43.1965
0.705882 42.9424
0.705882 43.2507
0.705882 43.2601
0.657143 43.2938
0.657143 43.3896
0.705882 43.3821
0.705882 43.3689
0.705882 43.2414
0.657143 43.399
0.657143 43.0608
0.657143 43.2807
0.657143 42.7515
0.705882 43.4707
0.621622 43.3032
0.666667 43.5066
0.666667 43.4556
0.666667 43.4915
0.666667 43.5332
0.625 43.2788
0.625 43.3877
0.625 43.1835
0.625 43.3708
0.625 43.5104
0.583756 43.482
0.625 43.2489
0.583756 42.4448
0.583756 42.8596
0.583756 43.0367
0.625 43.0663
0.583756 43.2208
0.625 43.712
0.625 43.3821
0.625 43.4179
0.588235 43.29
0.588235 43.5483
0.588235 43.096
0.588235 43.4348
0.588235 43.5047
0.588235 43.3689
0.588235 40.3861
0.588235 43.1928
0.588235 42.3783
0.588235 43.0997
0.588235 43.5578
0.588235 43.7216
0.588235 41.4921
0.588235 43.3915
0.588235 41.9375
0.588235 43.501
0.550239 43.4575
0.588235 43.4292
0.550239 43.3651
0.588235 43.232
0.588235 43.6719
0.526316 43.4443
0.526316 43.4953
0.526316 43.2825
0.526316 42.8211
0.526316 43.4348
0.526316 43.4009
0.526316 43.518
0.526316 43.6034
0.526316 43.5388
0.526316 43.1686
0.526316 43.465
0.526316 43.4103
0.473684 42.1941
0.473684 43.4537
0.473684 43.2807
0.473684 43.5483
0.473684 43.4518
0.473684 43.0867
0.473684 43.3426
0.473684 43.3332
0.473684 41.587
0.473684 43.3388
0.473684 43.0719
0.473684 43.3013
0.473684 43.2339
0.473684 43.4348
0.473684 43.4047
0.469388 43.2133
0.5 41.971
0.473684 43.3294
0.473684 43.1984
0.45 43.3501
0.183673 43.4953
0.0780669 43.4613
0.0780669 43.6967
0.0521542 41.029
0.0474041 43.0719
0.034329 43.3351
0.0197802 43.448
0.00407793 43.465
0.0095672 44.1189
0.00389442 43.5635
0 43.8462
0.821286 37.5516
0.905896 37.3804
0.905896 37.4237
0.821286 37.3678
0.78552 37.6648
0.780057 37.8401
0.818393 37.9003
0.78552 38.0315
0.712794 37.8215
0.652393 38.0474
0.652393 37.8544
0.716379 37.7415
0.743869 37.9435
0.743869 37.9104
0.783813 37.5488
