0.865724 46.7574
0.865724 48.2602
0.865724 47.9226
0.865724 48.3349
0.865724 48.3068
0.723613 48.3022
0.723613 48.2998
0.723613 48.4262
0.723613 48.3232
0.601618 48.0515
0.723613 48.1649
0.723613 48.1788
0.865724 48.3349
0.601618 48.3746
0.723613 48.2765
0.655172 48.3302
0.655172 48.3302
0.59196 48.3933
0.59196 48.1325
0.548387 48.3582
0.655172 48.2789
0.777778 48.384
0.777778 48.3489
0.655172 48.3092
0.655172 48.3606
0.865724 48.3465
0.723613 48.23
0.723613 48.3723
0.777778 48.3325
0.655172 48.4943
0.777778 48.3863
0.723613 48.1997
0.865724 48.1696
0.723613 48.3582
0.723613 48.2625
0.723613 48.4097
0.865724 48.3162
0.601618 48.398
0.723613 48.2369
0.865724 48.3465
0.723613 48.4121
0.723613 45.84
0.865724 46.307
0.723613 47.4158
0.865724 47.644
0.723613 47.3979
0.723613 47.524
0.723613 47.1565
0.723613 47.5715
0.655172 47.3462
0.655172 47.288
0.708475 47.8309
0.785124 47.3889
0.704142 47.6894
0.777778 46.8801
0.702128 47.4563
0.702128 47.6417
0.520591 47.7031
0.520591 47.4406
0.476923 47.5217
0.632653 47.5873
0.577218 47.6781
0.577218 47.4969
0.702128 47.576
0.476923 47.4293
0.632653 47.3216
0.638225 47.5511
0.638225 47.3799
0.52381 47.2657
0.52381 47.3306
0.52381 47.5828
0.52381 47.4676
0.638225 47.9157
0.638225 48.0169
0.638225 47.9846
0.638225 47.8377
0.704142 47.9294
0.704142 47.9731
0.704142 47.735
0.638225 47.8698
0.702128 47.5624
0.702128 47.8309
0.702128 47.8492
0.702128 47.98
0.57377 48.0307
0.704142 48.0469
0.704142 48.1
0.688889 47.9662
0.347594 47.8583
0.213483 47.6349
0.241379 48.0769
0.189189 47.9893
0.241379 47.7669
0.241379 47.9065
0.167483 48.0839
0.167483 47.8813
0.158879 48.04
0.119358 47.5511
0.0770812 48.0123
0.111347 47.5964
0.111347 48.1047
0.111347 45.7792
0.0495868 47.7874
0.0143737 47.9754
0 48.1394
0.740933 49.8306
0.740933 48.4496
0.534247 42.983
0.371429 49.6081
0.740933 50.1128
0.417722 50.0425
0.740933 50.5945
0.562791 50.6791
0.371429 46.1446
0.562791 50.5102
0.297297 49.7117
0.534247 50.4337
0.534247 50.4236
0.740933 50.4719
0.647059 50.5766
0.361194 50.2563
0.456869 50.015
0.456869 50.3195
0.345133 50.2058
0.361194 50.3626
0.44 48.6736
0.589333 50.3018
0.62212 49.8853
0.567929 50.1002
0.62212 50.4617
0.497872 50.2008
0.62212 50.2386
0.571429 50.0325
0.517241 50.3322
0.571429 50.4898
0.489209 49.7117
0.393939 50.1756
0.483871 50.3778
0.364086 50.3677
0.483871 50.1253
0.533333 50.449
0.393939 50.2664
0.483871 50.317
0.3789 50.2134
0.410334 50.477
0.35248 50.2614
0.363636 50.2361
0.321564 50.4465
0.306122 50.2841
0.333333 50.6022
0.333333 50.2689
0.330073 50.5331
0.306122 50
0.330073 49.848
0.330073 50.2689
0.36 50.0325
0.330073 50.4337
0.36 50.2563
0.36 49.8281
0.36 50.025
0.36 50.2968
0.36 50.3728
0.36 47.2434
0.36 50.2336
0.36 50.4617
0.36 50.0475
0.36 50.3474
0.274005 50.2311
0.330073 50.2285
0.330073 49.2368
0.333333 47.9432
0.330073 49.8182
0.306122 49.8157
0.306122 50.1153
0.333333 50.2336
0.306122 50.2285
0.36 50.3728
0.306122 50.3601
0.306122 50.1932
0.330073 50.2563
0.260718 50.2993
0.306122 50.0851
0.306122 50.2285
0.330073 50.0801
0.306122 50.2664
0.306122 49.4486
0.306122 50.0801
0.306122 50.3347
0.254902 50.1555
0.333333 50.317
0.306122 50.355
0.254902 49.985
0.333333 50.2008
0.254902 50.3246
0.317757 50.2614
0.265306 50.421
0.306122 48.676
0.319149 49.9725
0.257276 50.0651
0.26853 50.1958
0.274725 50.1756
0.323194 50.3677
0.348837 50.2538
0.26853 50.1781
0.352332 50.1882
0.26853 50.3499
0.323194 50.0977
0.26853 49.975
0.288889 50.3626
0.234043 49.96
0.323194 50.2033
0.288889 50.1404
0.288889 50.2538
0.348837 50.1932
0.323194 49.6475
0.348837 50.3043
0.348837 50.04
0.288889 50.1329
0.288889 50.2563
0.323194 49.8778
0.348837 49.7488
0.26853 50.0275
0.26853 47.9157
0.288889 49.9575
0.26853 49.7141
0.348837 50.0025
0.348837 50.0851
0.234043 50.1681
0.282828 49.9251
0.282828 50.1655
0.270531 49.2927
0.270531 50.2084
0.259259 49.4878
0.259259 49.8977
0.259259 48.5791
0.254902 49.7785
0.306122 50.3145
0.306122 44.338
0.306122 45.5913
0.306122 49.7834
0.333333 49.843
0.333333 50.0425
0.306122 50.0676
0.288 50.355
0.288 50.1128
0.288 50.158
0.265226 50.3119
0.265226 50.4515
0.288 48.8281
0.288 47.9409
0.265226 48.1139
0.288 49.6944
0.265226 49.7018
0.222011 48.8782
0.265226 50.3956
0.265226 49.2684
0.265226 50.3702
0.288 50.449
0.288 50.1027
0.288 50.3221
0.288 50.3956
0.288 50.4083
0.265226 50.4185
0.288 50.3449
0.265226 49.9226
0.288 50.4592
0.288 50.2134
0.288 50.2588
0.288 50.1379
0.288 50.1555
0.265226 50.5663
0.265226 50.3499
0.255198 50.477
0.251748 50.3956
0.242424 50.6329
0.214286 48.7567
0.214286 50.3728
0.190981 49.776
0.190981 50.1983
0.190981 50.2892
0.190981 50.221
0.190981 50.4923
0.190981 49.8878
0.190981 50.1832
0.197802 50.5894
0.214286 50.3702
0.222222 50.4821
0.222222 50.2361
0.251748 48.3115
0.251748 50.1128
0.251748 50.6278
0.251748 50.4058
0.251748 50.421
0.232358 50.3575
0.195326 50.5127
0.251748 48.5178
0.251748 50.2639
0.276923 49.9451
0.255198 50.6047
0.255198 50.5357
0.255198 50.4439
0.255198 50.3347
0.276923 50.3525
0.276923 50.4515
0.276923 50.0225
0.276923 50.2437
0.276923 50.1479
0.276923 49.8902
0.255198 50.1907
0.255198 50.388
0.276923 50.3677
0.276923 50.6124
0.276923 49.995
0.213894 50.1832
0.276923 50.3195
0.229111 50.0927
0.266667 50.4083
0.266667 50.1932
0.233766 50.4007
0.233766 50.3195
0.206897 50.2892
0.206897 49.98
0.184615 50.2336
0.184615 50.1505
0.17866 50.4261
0.17866 50.5382
0.17866 50.0977
0.165899 50.1555
0.165899 50.153
0.165899 48.2859
0.160714 50.4872
0.160714 49.955
0.160714 50.3753
0.160714 50.6303
0.160714 50.158
0.160714 50.317
0.160714 50.274
0.160714 50.2614
0.160714 50.4134
0.155844 49.687
0.155844 50.2993
0.155844 50.3575
0.151261 48.4943
0.151261 50.2866
0.151261 49.169
0.146939 50.0952
0.146939 50.2361
0.146939 50.2765
0.146939 50.5919
0.146939 49.6796
0.146939 47.7874
0.137143 47.4473
0.137143 47.9455
0.137143 50.0501
0.137143 50.4388
0.137143 50.0075
0.125 50.1228
0.121622 50.4032
0.111455 50.0025
0.111455 50.0425
0.111455 49.6155
0.111455 49.5393
0.108597 50.158
0.108597 50.2816
0.105882 50.2487
0.105882 50.3525
0.105882 50
0.105882 50.2235
0.1033 49.6524
0.097561 49.3316
0.0952381 49.9176
0.0952381 50.1882
0.0930233 49.6672
0.0930233 50.4312
0.0861244 50.2892
0.0861244 50.2639
0.08 50.4032
0.08 50.1203
0.08 50.2185
0.08 50.4337
0.08 49.7909
0.08 48.7686
0.08 50.0977
0.08 50.2058
0.08 49.995
0.08 50.4465
0.08 50.2109
0.08 50.221
0.08 50.1958
0.0765957 50.2084
0.0699708 50.2109
0.0672269 50.0375
0.0672269 50.5153
0.0641711 50.2462
0.0641711 50.015
0.0602007 49.8728
0.0602007 49.6993
0.0566038 50.0375
0.0566038 50.0651
0.0566038 50.3575
0.0566038 50.4108
0.0566038 49.8058
0.0566038 50.2765
0.0566038 50.1731
0.0566038 50.1505
0.0566038 50.3981
0.0566038 50.2841
0.0566038 50.477
0.0566038 50.3474
0.0566038 50.1882
0.0545455 49.8902
0.0535714 50.1479
0.0517241 49.9476
0.0488136 49.9251
0.0451977 50.0275
0.0428571 50.3246
0.040701 50.5204
0.040701 50.5408
0.0387097 50.2058
0.0387097 50.4236
0.0387097 49.8554
0.0387097 49.9077
0.0380952 50.3221
0.0380952 50.4363
0.0375 50.574
0.0369231 50.0952
0.0346654 50.1655
0.0341556 50.005
0.0341556 50.1857
0.0341556 50.421
0.0341556 50.1756
