0.974468 38.3642
0.974468 29.2492
0.974468 29.5107
0.941564 37.4209
0.896247 38.3436
0.926675 39.3561
0.889036 39.7298
0.841405 39.5648
0.876502 39.3902
0.800432 39.5335
0.839914 39.4711
0.827657 39.3747
0.909057 39.4602
0.911098 39.6008
0.840346 38.9302
0.808367 39.0427
0.800423 40.1962
0.757612 40.0561
0.776241 40.2075
0.795072 40.0689
0.756284 39.9856
0.795527 39.9249
0.828957 40.0818
0.821162 39.7931
0.781818 40.0834
0.805321 40.0866
0.832825 39.8248
0.843525 39.7204
0.8375 39.9425
0.842648 39.7962
0.825704 39.8835
0.798906 39.2943
0.83096 39.7709
0.825229 39.6967
0.803827 39.7741
0.798395 39.7251
0.778922 39.6605
0.769538 39.6479
0.751431 39.6526
0.729229 39.4027
0.716136 39.1696
0.695585 39.6432
0.678949 39.2927
0.651572 39.4337
0.63648 39.6699
0.643324 39.6259
0.688704 38.4675
0.741271 39.0778
0.684372 39.1803
0.7131 39.4228
0.701184 38.1316
0.721017 39.2372
0.743177 39.1665
0.752663 38.997
0.763898 38.8455
0.75371 38.5312
0.735347 38.7102
0.713604 38.2015
0.699127 38.6668
0.67897 38.3171
0.667059 38.4867
0.691822 38.549
0.680097 38.5267
0.665046 38.3818
0.655906 38.5045
0.641696 38.2673
0.638444 38.5728
0.639041 38.4468
0.636323 38.4911
0.63021 38.4763
0.620733 38.4793
0.58283 38.5386
0.576829 38.7267
0.571933 38.6458
0.563899 38.2746
0.568945 38.4084
0.553023 38.6503
0.524288 38.7567
0.536627 38.8455
0.543689 38.7507
0.551253 38.9211
0.526226 38.8727
0.544041 38.6967
0.545611 38.7597
0.534863 38.5862
0.517869 38.915
0.508093 38.7702
0.546955 38.6593
0.541491 38.625
0.539609 38.3215
0.52197 38.5669
0.498781 38.7807
0.494792 38.8063
0.4914 38.7222
0.489689 38.619
0.486232 38.7777
0.474512 38.9681
0.467182 38.9848
0.461154 39.061
0.454281 39.1206
0.454514 39.1711
0.453882 38.8455
0.43834 38.9636
0.436772 39.0961
0.432612 39.1389
0.435191 39.3468
0.433598 39.3221
0.436189 38.7582
0.440442 39.3887
0.449128 39.2588
0.453562 38.5223
0.45559 39.0305
0.452237 39.0092
0.44024 39.2943
0.42813 39.3283
0.448625 39.1543
0.440989 39.3298
0.443698 39.3283
0.447931 39.2019
0.451202 39.3918
0.472056 38.7883
0.467565 38.8818
0.460249 38.4039
0.46189 37.635
0.435827 38.7582
0.482254 38.9894
0.486653 39.2065
0.447099 39.2819
0.439765 39.3933
0.438112 39.5085
0.457599 39.3314
0.450797 39.2896
0.453078 39.5273
0.462044 39.4758
0.459064 39.4976
0.482973 39.4027
0.479144 39.4151
0.476138 39.4758
0.47158 39.2203
0.468163 39.4337
0.491789 39.3035
0.492146 39.3902
0.502886 39.2588
0.503177 39.1512
0.495596 39.1988
0.528 39.4571
0.527784 39.4166
0.53324 39.6102
0.549219 39.6715
0.540849 39.6259
0.563388 39.5601
0.589916 39.6983
0.54524 39.4104
0.573726 39.9345
0.54891 39.6165
0.578424 39.9744
0.548451 40.0416
0.570639 39.8153
0.508102 39.801
0.487545 40.2414
0.497893 40.3616
0.501315 39.1236
0.501315 40.295
0.507386 40.2836
0.536953 40.3096
0.566116 40.2885
0.523573 40.3437
0.565526 40.2479
0.560521 40.3616
0.576908 39.9313
0.571648 40.1171
0.59996 40.2868
0.62552 39.7804
0.647939 40.2107
0.677143 40.0432
0.649339 40.3633
0.668821 40.2658
0.634878 40.2674
0.598026 40.4269
0.63299 40.5894
0.583714 40.3616
0.55399 40.873
0.568521 40.2253
0.588344 40.2107
0.624364 40.7199
0.572274 40.4024
0.592641 40.4809
0.582921 40.4924
0.572901 40.6901
0.597964 40.71
0.591956 40.8113
0.629089 40.7349
0.634588 40.2366
0.56979 40.8948
0.590505 39.7156
0.564317 39.9345
0.573922 40.0721
0.589484 40.0416
0.611194 39.8533
0.621622 40.0016
0.599404 39.901
0.556314 40.1929
0.587189 40.1107
0.561926 39.0503
0.578541 40.662
0.595713 39.7599
0.554247 36.5872
0.516539 38.6817
0.548659 40.1639
0.544458 40.3242
0.555828 40.2771
0.565543 40.818
0.577358 40.6686
0.587708 40.7731
0.55722 40.6984
0.591715 40.5795
0.604288 40.0882
0.573813 40.6669
0.586028 40.6901
0.587708 40.7714
0.6 40.803
0.565543 40.3779
0.586028 40.7017
0.615164 40.7515
0.639403 40.619
0.631799 40.7266
0.70134 40.5564
0.693143 40.404
0.61003 40.3145
0.583944 40.7166
0.617426 40.808
0.63704 40.7498
0.664781 40.7232
0.702048 40.6884
0.69327 40.4711
0.700483 40.7764
0.692251 40.9048
0.685848 40.8197
0.685848 40.1606
0.679411 39.6668
0.694348 40.334
0.701727 41.2235
0.701841 41.2082
0.702326 41.1167
0.666553 41.1032
0.654492 41.1913
0.625123 39.8232
0.645022 41.2882
0.658321 41.0088
0.687405 41.3257
0.742441 41.1862
0.725197 40.7
0.749903 41.1387
0.700341 41.2899
0.75912 41.0155
0.717858 41.2643
0.744843 41.3787
0.744843 41.3394
0.763211 41.3206
0.781339 41.3018
0.694019 41.3035
0.696109 41.3343
0.785338 41.3343
0.8181 41.0139
0.770659 41.0071
0.812003 41.2746
0.680301 41.2831
0.753001 41.4044
0.711023 41.1506
0.772614 41.3702
0.758403 40.7714
0.82385 41.2303
0.767384 41.0324
0.767384 41.0492
0.767384 41.1506
0.767384 40.5745
0.71452 41.0863
0.768041 41.2609
0.730859 41.3805
0.776042 41.3411
0.729541 41.1269
0.715939 41.3479
0.751808 41.3736
0.729292 41.4336
0.71295 41.3531
0.730834 41.2848
0.741503 41.3001
0.723249 41.336
0.712715 41.3377
0.748843 40.778
0.775231 40.7481
0.786265 41.4989
0.769145 41.2967
0.779404 41.4817
0.722544 41.4216
0.801277 41.5041
0.782861 41.4388
0.726011 41.3531
0.77967 41.4938
0.759918 41.5007
0.780947 41.3428
0.762922 41.377
0.725061 41.0593
0.681798 41.307
0.715956 41.4062
0.686671 41.3582
0.730799 41.4319
0.699248 41.2048
0.653834 41.4731
0.669772 41.5334
0.669772 41.3274
0.68602 41.6372
0.680297 41.4319
0.579631 41.3479
0.674197 41.5835
0.662777 41.6337
0.695067 41.4731
0.682508 41.5697
0.672364 41.4147
0.672364 41.4852
0.66029 39.1911
0.680013 40.235
0.670761 41.3976
0.660135 41.4989
0.676289 41.4439
0.676289 41.4388
0.657606 41.4216
0.615666 41.4456
0.660605 41.198
0.672924 41.3685
0.633505 41.2797
0.631102 41.5939
0.539914 41.5386
0.544965 41.4921
0.631768 41.1421
0.695067 41.6112
0.693239 41.6372
0.682148 41.0711
0.645349 41.4594
0.720631 41.2252
0.699068 41.5939
0.699575 41.6441
0.573811 41.6216
0.547981 41.4388
0.58536 41.5628
0.579454 41.4662
0.627215 41.3805
0.620762 41.5921
0.635806 41.4542
0.682148 41.5248
0.738925 41.5162
0.738925 41.413
0.770747 41.5196
0.751598 41.468
0.77197 41.5593
0.821945 41.4113
0.735741 41.5231
0.626936 41.5887
0.667156 41.0914
0.771519 41.2252
0.771519 41.5248
0.7805 41.2048
0.7805 41.5731
0.77134 41.5248
0.752137 41.4439
0.706806 41.5489
0.73262 41.4113
0.733333 41.1777
0.743556 41.5489
0.755193 41.413
0.775889 41.3497
0.710147 41.2269
0.658288 40.4122
0.595955 41.2014
0.679166 41.3993
0.634092 41.6268
0.714509 41.542
0.648248 41.6753
0.67344 41.6823
0.692761 41.5369
0.636006 40.3649
0.609978 41.5852
0.674007 41.632
0.559178 41.5576
0.609495 41.4817
0.629298 41.3001
0.68699 41.0105
0.555317 41.4559
0.591982 41.587
0.605273 41.425
0.605944 41.5887
0.669923 41.401
0.666744 41.6302
0.68256 41.5265
0.653299 41.5835
0.604666 41.6302
0.625978 41.6493
0.620005 41.658
0.591401 41.5679
0.580247 41.4559
0.669869 41.5749
0.613979 41.5714
0.662666 41.738
0.648316 41.632
0.648316 41.6684
0.566998 41.7833
0.675077 41.6753
0.631113 41.6719
0.62898 41.5714
0.610059 41.5317
0.576317 41.7293
0.638427 41.5179
0.632909 41.389
0.604409 41.3805
0.590687 41.5265
0.582688 41.3104
0.642245 41.1167
0.614792 41.4714
0.636934 41.1066
0.627484 41.437
0.6456 41.5334
0.612108 41.511
0.612108 41.4353
0.641819 41.4353
0.587497 41.0796
0.61691 41.2031
0.633646 41.4697
0.596438 41.5386
0.612243 41.4697
0.525276 41.4955
0.589126 40.9534
0.598679 40.5482
0.684604 41.0004
0.697794 41.3138
0.651121 41.4199
0.54179 41.4182
0.615161 41.437
0.513897 41.2814
0.651443 41.468
0.511987 41.4302
0.521995 41.2609
0.590689 41.5007
0.5724 41.2694
0.646245 41.3565
0.52353 41.0711
0.486772 41.0122
0.569665 40.9182
0.63671 40.7315
0.749253 40.8647
0.637852 40.8864
0.632177 40.8047
0.583174 40.987
0.648475 40.8647
0.628458 40.9065
0.50098 40.843
0.53964 40.7897
0.585049 40.8881
0.508097 40.8814
0.519727 40.6174
0.418615 40.9115
0.395593 40.8413
0.486147 40.858
0.478046 40.8463
0.563462 40.8948
0.473583 40.6769
0.479423 40.9567
0.484867 40.8147
0.519291 40.9802
0.632458 40.5581
0.541349 40.9015
0.590268 40.6835
0.65021 40.6603
0.625099 40.6108
0.607387 40.7847
0.545958 41.0223
0.591018 40.9433
0.62588 41.0189
0.712265 40.8413
0.721107 40.9534
0.666197 40.783
0.678479 40.5663
0.649489 40.8063
0.670886 39.8819
0.703133 40.4531
0.64168 40.6042
0.594096 40.6273
0.678547 40.6339
0.659981 40.6686
0.671077 40.8013
0.594179 40.6355
0.629247 40.7067
0.642174 40.9115
0.698791 40.8163
0.763809 40.7681
0.687993 39.9984
0.699833 40.4662
0.758358 40.7183
0.745173 40.6355
0.664263 40.7415
0.677371 40.7764
0.758975 40.6223
0.812345 40.3616
0.813074 40.6653
0.731135 40.6454
0.774898 40.5943
0.72044 40.624
0.789102 40.6223
0.863374 40.5137
0.784615 40.5844
0.78627 40.5927
0.753101 40.5894
0.84004 40.3275
0.741346 40.282
0.671804 40.4645
0.593676 40.4875
0.691771 40.36
0.671901 40.3763
0.640233 40.2495
0.59384 39.5085
0.606474 40.2382
0.534999 40.3242
0.571745 40.5154
0.526734 40.2172
0.53501 40.1155
0.623755 40.3486
0.600667 40.2059
0.62469 40.2042
0.536029 40.0705
0.494351 40.4155
0.550942 40.0416
0.52556 40.334
0.596467 40.2156
0.553405 39.9616
0.536734 40.3747
0.582663 40.2495
0.523981 40.2236
0.455682 40.3258
0.536567 40.2755
0.555869 40.3405
0.545549 40.3275
0.519954 40.2901
0.578942 40.282
0.537812 40.2917
0.518418 40.122
0.579359 39.9186
0.529973 40.2123
0.579069 40.2447
0.55982 39.6055
0.560215 40.1236
0.550388 40.4433
0.499935 40.808
0.51423 40.7614
0.5469 40.6901
0.515958 40.4563
0.449862 40.7034
0.430837 40.5976
0.555653 40.5959
0.475885 40.4678
0.461536 38.6967
0.542567 39.6873
0.527677 40.3796
0.531277 40.4171
0.512212 40.5186
0.515658 40.6339
0.528563 40.6785
0.590475 40.6488
0.518804 40.568
0.477609 40.5976
0.475562 40.4744
0.511516 40.6306
0.460977 40.5976
0.515827 40.5268
0.476939 40.7415
0.506595 40.5285
0.522218 40.6918
0.557999 40.7664
0.51425 40.8697
0.461663 40.798
0.485679 40.5927
0.553369 40.8697
0.611021 40.858
0.578424 40.9165
0.522954 40.9216
0.50073 40.6339
0.471816 40.9903
0.505528 40.9098
0.485652 39.7504
0.520289 40.9383
0.534757 40.8898
0.588865 40.8747
0.593653 40.9216
0.574977 40.935
0.588501 40.987
0.570119 40.6322
0.56191 40.7349
0.569528 40.9031
0.529063 40.997
0.59767 40.8814
0.57137 40.6686
0.562294 40.8781
0.556844 40.5548
0.53596 40.4973
0.57243 40.7647
0.576556 40.8931
0.569606 40.7731
0.539711 40.9383
0.619575 40.8898
0.596168 40.8647
0.596168 40.7847
0.590414 40.9098
0.642095 40.6405
0.624139 40.9048
0.613673 40.7598
0.613673 40.868
0.620513 40.8313
0.61482 40.7864
0.588163 40.9383
0.566855 40.863
0.556826 40.6488
0.561602 40.7947
0.572176 40.6322
0.570771 40.8163
0.585708 40.3926
0.584888 40.5597
0.579661 40.6388
0.57 40.8163
0.56495 40.8447
0.569024 40.7664
0.553016 40.833
0.556659 40.8047
0.509426 40.8313
0.501283 40.7614
0.481513 40.992
0.481513 40.7282
0.529554 40.9115
0.520028 40.7581
0.608574 40.833
0.576416 40.6289
0.580088 40.2156
0.600423 40.6157
0.606083 40.7116
0.627563 40.71
0.5251 40.5663
0.484135 40.222
0.569232 40.6603
0.543849 40.7681
0.531059 40.7814
0.535839 40.5236
0.478567 40.6686
0.497177 40.6454
0.516262 40.6702
0.51189 40.2544
0.514258 40.5976
0.4561 40.8147
0.45217 40.591
0.456032 40.6306
0.469405 40.6918
0.523727 40.5088
0.484225 40.7249
0.502186 40.6934
0.46278 40.5433
0.491362 40.5531
0.469428 40.3535
0.418842 40.6884
0.427956 40.715
0.496259 40.7614
0.457238 40.5696
0.630581 40.7
0.566231 40.7282
0.54273 40.9249
0.586628 40.6669
0.629407 40.7199
0.575733 40.778
0.58455 40.823
0.591097 40.843
0.595269 40.858
0.595082 40.7166
0.599064 40.7349
0.619772 40.7681
0.612379 40.619
0.63454 40.8714
0.652302 40.5614
0.651154 40.4204
0.669602 40.4711
0.663757 40.8097
0.6467 40.8213
0.641835 39.2172
0.637624 40.3763
0.603516 40.4106
0.563823 40.6207
0.598715 40.9098
0.548924 40.7315
0.537889 40.6405
0.542988 40.5581
0.539724 40.9065
0.544948 40.7897
0.553482 40.8363
0.571379 40.8463
0.580769 40.7897
0.635558 40.5762
0.616738 40.5581
0.612704 40.8047
0.616005 40.8497
0.602076 40.8063
0.615562 40.7415
0.613084 40.7
0.62505 40.7897
0.609333 40.7315
0.632742 40.6405
0.616261 40.788
0.616261 40.5252
0.650874 40.6322
0.668736 40.6653
0.607271 40.7067
0.687341 40.705
0.649886 40.3193
0.655851 40.6636
0.661675 40.0112
0.619488 40.5186
0.650073 40.6075
0.662253 40.6636
0.655507 40.6554
0.66833 40.6736
0.584681 40.4106
0.631122 40.5614
0.649634 40.4662
0.690304 40.7598
0.719721 40.7249
0.719721 40.5367
0.684966 40.6141
0.656211 40.517
0.623593 40.3763
0.656211 40.5663
0.643381 40.6719
0.705109 40.5318
0.682096 40.5301
0.696381 40.4613
0.687153 40.6934
0.687153 40.7133
0.681337 40.5976
0.626598 40.5006
0.660542 40.6058
0.652087 40.7864
0.657768 40.5976
0.643129 40.8447
0.623981 40.6388
0.609913 40.7116
0.609913 40.7083
0.643129 40.7216
0.643129 40.7647
0.657246 39.44
0.647489 40.4744
0.661553 40.6207
0.661553 40.517
0.671608 40.7349
0.671608 40.6223
0.625994 40.1606
0.724162 40.8647
0.660256 40.8297
0.69063 40.71
0.699777 40.7764
0.699877 40.7664
0.731454 40.9618
0.740916 40.7116
0.741018 40.9149
0.658656 40.7249
0.616405 40.9383
0.694152 40.9618
0.679025 40.997
0.663205 40.7598
0.645137 41.0408
0.609093 40.9668
0.610098 40.8898
0.629887 40.997
0.652936 40.9635
0.650697 40.94
0.631199 40.7116
0.631199 40.8097
0.615009 40.803
0.615009 40.9031
0.628453 40.7349
0.573406 40.8931
0.585949 40.9567
0.620129 40.4891
0.656354 41.0661
0.694823 40.8347
0.682856 40.5712
0.650098 39.8153
0.583971 40.715
0.624842 40.9719
0.635408 40.8013
0.676072 40.9249
0.621165 41.0021
0.642216 40.9836
0.632184 41.0442
0.632184 40.7997
0.652565 40.9853
0.652565 40.9735
0.670567 41.0694
0.688569 41.0155
0.6617 40.9769
0.678144 40.94
0.68527 40.2787
0.701263 40.8647
0.724112 40.8013
0.64077 40.7465
0.676879 40.8097
0.606838 40.5301
0.648705 40.9316
0.647729 40.8831
0.672854 41.0105
0.682135 40.8881
0.707793 41.0897
0.724041 40.8447
0.747588 40.5795
0.711266 40.9551
0.666808 41.0038
0.703663 40.9534
0.674569 40.8497
0.697412 40.8881
0.735854 41.0206
0.765332 40.9618
0.756822 40.9065
0.792746 41.0694
0.787754 40.7681
0.872646 40.9333
0.822102 40.7299
0.858347 40.8697
0.888815 40.1413
0.888815 40.5055
0.859291 40.715
0.786417 40.8013
0.902408 40.6769
0.865843 40.8981
0.891794 40.8948
0.879733 40.7548
0.866203 40.8497
0.791421 40.662
0.866203 40.7747
0.866203 40.6554
0.801568 40.7481
0.781753 40.7332
0.843584 40.7764
0.853299 40.5762
0.710878 40.6521
0.76729 40.6951
0.777457 40.5416
0.733711 40.6339
0.800214 40.5318
0.79314 40.843
0.764602 40.7365
0.743577 40.7797
0.756662 40.7764
0.780619 40.863
0.746611 40.6736
0.742914 40.7481
0.699952 40.6339
0.772582 40.6669
0.808807 40.4187
0.755815 40.7017
0.680997 40.6802
0.680997 40.7764
0.733026 40.858
0.820094 40.6157
0.761468 40.5762
0.754088 40.6818
0.746851 40.6884
0.794409 40.6504
0.785921 40.6025
0.850763 40.5071
0.780908 40.7017
0.757848 39.9058
0.70982 40.5482
0.701643 40.2885
0.688912 40.5285
0.680672 40.7631
0.702056 40.5992
0.757848 40.6736
0.689867 39.3949
0.578932 40.4367
0.72973 40.4629
0.692675 40.6339
0.715042 40.5252
0.708148 40.7332
0.661572 40.6273
0.696119 40.7216
0.727462 40.8647
0.72037 40.8247
0.700117 40.8013
0.678804 39.9984
0.702083 40.5861
0.69487 40.7914
0.672605 40.7282
0.751697 40.563
0.673918 40.6091
0.650147 40.715
0.631534 40.7
0.602994 40.6009
0.620966 40.591
0.593654 40.5548
0.601235 40.6669
0.644836 40.6769
0.639743 40.5203
0.662584 40.7681
0.622714 40.5071
0.674528 40.7415
0.659281 40.619
0.646126 40.8247
0.658094 40.6603
0.584488 40.4924
0.601851 40.6984
0.730912 40.4809
0.702719 40.6306
0.623811 40.6669
0.602784 40.6868
0.697709 40.3845
0.640067 40.6306
0.656461 40.5383
0.648251 40.5268
0.606816 40.624
0.629692 40.6306
0.591956 40.3161
0.615369 40.6702
0.631705 40.5729
0.651193 40.5433
0.638752 40.5285
0.546959 40.5564
0.613734 40.4826
0.699958 40.4285
0.631257 40.4171
0.6423 40.4204
0.615738 40.3096
0.62719 39.2357
0.595223 40.2641
0.678662 40.4563
0.681508 40.5203
0.667895 40.6289
0.685856 40.4858
0.714716 40.2836
0.693309 40.3845
0.692645 40.6438
0.729144 40.5154
0.681977 38.7342
0.559397 39.3453
0.634652 40.5334
0.702652 40.568
0.696625 40.7647
0.684426 40.6454
0.629306 40.2301
0.614777 40.7415
0.659103 40.6322
0.619353 40.818
0.577107 40.7864
0.52916 40.256
0.578767 40.4302
0.542088 40.7448
0.524765 40.6075
0.529339 40.7697
0.580823 40.7349
0.587007 40.6322
0.578191 40.7017
0.606571 40.8847
0.597398 40.7398
0.594984 40.6256
0.592531 40.5778
0.590038 40.71
0.679096 40.5219
0.621821 40.7166
0.612705 40.6289
0.591719 40.6636
0.629169 40.0818
0.586713 40.4498
0.581889 40.568
0.581889 40.5301
0.577035 40.4008
0.585368 40.4285
0.569796 40.5581
0.557873 40.5252
0.529781 39.9457
0.473832 40.4253
0.493385 40.3861
0.493385 40.4334
0.482598 40.6719
0.482598 40.6207
0.477736 40.54
0.521348 40.5811
0.507473 40.624
0.496568 40.6653
0.496568 40.5219
0.486008 40.4793
0.517475 40.3991
0.542542 40.3128
0.533737 40.3714
0.520072 40.1784
0.515206 40.4253
0.535855 40.3291
0.568985 40.1687
0.5524 40.1671
