0.957663 39.2449
0.957663 39.3437
0.980868 27.4108
0.980868 34.7705
0.943908 37.7858
0.943908 38.5015
0.932817 39.029
0.930046 38.9605
0.898047 39.2141
0.933817 39.1099
0.871898 39.1129
0.878248 39.0351
0.883245 39.1037
0.883245 38.8651
0.883245 39.1942
0.868334 38.8863
0.883245 39.0594
0.883245 39.0579
0.883245 39.0107
0.890021 39.1083
0.837074 39.0762
0.837074 38.7868
0.837074 38.6877
0.837074 38.5193
0.832031 38.8969
0.826989 38.6997
0.821946 38.1374
0.810369 38.9575
0.810369 38.9605
0.798793 38.9636
0.785666 38.9211
0.798793 38.7597
0.798793 38.9393
0.787216 38.7898
0.751746 38.6593
0.752486 38.8893
0.752486 38.7222
0.752486 39.0092
0.752486 38.7852
0.752486 38.6668
0.752486 37.9636
0.752486 38.7387
0.740434 38.8274
0.740434 38.9621
0.74845 38.8939
0.74845 38.7642
0.752486 38.9241
0.752486 38.7237
0.72462 36.3319
0.687979 38.7207
0.713853 38.7342
0.713853 38.7087
0.713853 38.7042
0.695291 38.4704
0.710108 38.2409
0.710108 38.3303
0.713853 38.5728
0.713853 36.7593
0.713853 38.7012
0.713853 38.7432
0.702667 38.3951
0.710108 38.6264
0.713853 38.5535
0.673542 38.6892
0.702667 38.6354
0.710108 38.7492
0.70287 38.6653
0.684709 38.6175
0.688305 38.7537
0.691888 38.7057
0.691888 38.6982
0.691888 38.5996
0.660177 38.7747
0.671303 38.5416
0.678323 38.7883
0.689619 38.506
0.700377 38.5
0.665734 38.6011
0.676837 38.4986
0.681002 38.5238
0.692216 38.1374
0.706491 38.6997
0.66437 38.6264
0.641596 38.6683
0.665122 38.4956
0.675748 38.6175
0.679734 36.2332
0.68984 37.7929
0.649444 38.3112
0.662492 38.4615
0.662492 38.5981
0.669093 38.4586
0.675748 38.401
0.629541 38.298
0.65043 38.3289
0.665444 38.3686
0.633098 38.4305
0.609883 38.2219
0.631344 38.3406
0.658482 38.2643
0.693273 37.7972
0.728189 38.2804
0.721168 38.3907
0.673571 38.0807
0.721168 38.4039
0.680209 38.3039
0.680209 38.3951
0.645895 38.238
0.677296 38.046
0.653301 38.0793
0.681903 38.1811
0.694548 38.133
0.65799 38.0923
0.698044 38.2936
0.635901 38.0894
0.663477 38.0691
0.661061 38.046
0.670788 38.1592
0.590132 38.1403
0.629669 37.9694
0.659051 37.652
0.680904 38.0084
0.703613 37.9622
0.59599 37.886
0.651097 37.6209
0.663618 37.8272
0.640157 37.8344
0.667044 37.8115
0.643748 37.8515
0.6407 37.7729
0.637506 37.6378
0.575299 37.7515
0.628529 37.2842
0.656841 37.6194
0.60681 37.5389
0.631107 37.4364
0.663213 37.5066
0.628955 37.6336
0.663947 37.442
0.611508 37.5545
0.621464 37.5813
0.64669 37.5672
0.590294 37.4799
0.621415 37.2828
0.589693 37.5615
0.617767 37.4097
0.635098 37.4742
0.635665 37.3566
0.675013 37.372
0.672013 37.3385
0.631082 36.7945
0.65412 36.8378
0.680846 37.0879
0.583387 37.037
0.66564 37.2926
0.64404 37.2162
0.673639 37.1209
0.622588 37.1706
0.682026 37.1526
0.671623 36.9372
0.654813 37.1416
0.682641 36.9604
0.674999 36.959
0.658065 37.1388
0.620014 36.9836
0.678542 36.7836
0.679423 36.4392
0.695882 36.6972
0.702732 36.6502
0.702732 36.5457
0.702732 36.5123
0.684278 36.7863
0.712295 36.7782
0.693585 36.8922
0.683474 36.6233
0.676368 36.6408
0.671284 36.5203
0.729153 36.8134
0.719978 36.7215
0.676321 36.2398
0.670993 36.665
0.669267 36.8256
0.723196 37.1471
0.676503 37.2578
0.730551 37.3009
0.705151 37.3818
0.772312 37.2759
0.723951 37.3972
0.73277 37.165
0.703941 37.1568
0.741625 37.2648
0.807308 37.4364
0.723938 37.4756
0.692793 37.3594
0.762146 37.652
0.79572 37.5756
0.771766 37.5446
0.78374 37.3483
0.760187 37.442
0.772964 37.5996
0.772964 37.4266
0.769612 37.5009
0.760891 37.2814
0.714385 37.0727
0.723644 37.2537
0.691447 37.1374
0.670952 37.2259
0.802585 37.4939
0.771838 37.5164
0.745697 37.3539
0.699372 36.8528
0.753177 37.6534
0.706623 37.6776
0.772545 37.6903
0.796049 35.9971
0.746202 36.929
0.713449 37.4266
0.795524 37.7373
0.760944 37.3065
0.719503 37.5164
0.671642 37.5912
0.744989 37.7686
0.726426 37.5474
0.726426 37.669
0.708323 37.706
0.687038 37.2606
0.683411 37.6251
0.662846 37.3469
0.647925 37.3636
0.623934 37.2648
0.754436 37.7401
0.731908 37.8286
0.717208 36.6999
0.702756 37.652
0.674569 37.3371
0.793683 37.8659
0.730182 37.8086
0.703192 37.6053
0.680967 37.5164
0.655695 37.3874
0.737457 37.7644
0.722599 37.4827
0.689562 37.219
0.654092 37.7872
0.776263 37.3246
0.728428 37.7358
0.699134 37.5897
0.62578 37.8301
0.699134 37.7415
0.623226 37.8129
0.607732 37.6676
0.707912 37.4266
0.717927 37.9334
0.661463 38.0706
0.597428 36.4193
0.597428 37.8989
0.689223 37.991
0.647922 38.0445
0.639772 37.78
0.589818 37.8401
0.606662 37.9363
0.547723 37.1885
0.520134 37.011
0.569975 37.1058
0.619428 37.3176
0.56014 37.515
0.501731 37.2912
0.602863 37.3525
0.595436 37.4223
0.667467 37.8086
0.640266 37.7415
0.626996 37.6039
0.579133 37.7287
0.66805 37.7829
0.639262 37.7958
0.586787 38.1272
0.578306 38.017
0.566141 37.9896
0.55775 37.4139
0.524935 37.4532
0.532094 37.7344
0.610045 37.2412
0.487389 34.632
0.486826 36.5457
0.543942 36.0568
0.536877 37.1637
0.529813 37.5714
0.555895 37.8401
0.568205 37.8344
0.535788 38.0358
0.5125 37.9564
0.523576 37.8587
0.496213 37.9377
0.517273 37.9824
0.499681 37.2773
0.492692 37.8072
0.448439 37.5855
0.518678 37.652
0.518678 37.6577
0.509024 37.5799
0.497852 37.5996
0.475864 37.6279
0.465048 37.6776
0.494433 37.6209
0.502069 37.9248
0.491296 38.0474
0.486972 37.8243
0.512439 38.2146
0.496797 38.1548
0.492382 38.1359
0.483541 38.117
0.539205 37.9406
0.539205 37.81
0.582137 38.2292
0.551212 38.2848
0.546064 38.3039
0.535762 38.2966
0.530608 38.1942
0.542216 37.978
0.573067 38.3127
0.475098 38.2395
0.485875 38.3627
0.524201 38.3186
0.541239 38.6757
0.559048 38.5431
0.58828 38.8274
0.574142 38.9135
0.573946 38.85
0.579099 38.841
0.57879 38.9575
0.593085 38.9651
0.523544 39.1681
0.549503 38.9666
0.593085 39.1435
0.523544 39.1053
0.57879 39.1313
0.614374 39.2157
0.648966 39
0.555087 39.3267
0.555123 39.3252
0.648966 39.4726
0.524085 38.7252
0.608491 36.5872
0.617714 38.2658
0.522293 38.9848
0.590802 39.0472
0.504587 39.0854
0.57065 38.9666
0.524917 39.1942
0.488596 39.248
0.521481 39.1037
0.534493 39.2819
0.483738 39.2603
0.522949 39.2896
0.504579 39.3221
0.517669 39.1988
0.512379 39.4322
0.512379 39.353
0.507077 39.2927
0.574155 39.2372
0.567875 39.1589
0.567875 39.0747
0.561588 39.2341
0.546684 39.426
0.540481 39.398
0.525857 39.4493
0.531969 39.2249
0.524947 39.2588
0.530845 38.9454
0.524947 39.1451
0.52748 37.7074
0.521469 39.4929
0.521469 39.4322
0.484316 39.3499
0.484316 39.3066
0.484316 39.165
0.484316 39.557
0.484316 39.3949
0.484316 39.3871
0.484316 39.1803
0.484316 39.2619
0.478861 39.3685
0.478861 38.9408
0.473396 39.3422
0.528004 39.1619
0.521563 39.2495
0.515117 39.3577
0.508665 39.0229
0.502206 39.4555
0.495742 39.3964
0.494505 39.319
0.454155 38.997
0.463722 39.2819
0.458032 39.4368
0.446621 38.9272
0.415682 39.2881
0.430436 39.188
0.439899 39.1696
0.445622 39.1114
0.445622 39.1282
0.435999 39.0732
0.435999 39.1282
0.435999 39.0305
0.438921 39.09
0.438921 38.9181
0.427639 39.1236
0.421986 37.3051
0.410658 38.5862
0.410658 38.8078
0.401869 38.906
0.401869 38.7852
0.401869 38.9742
0.401869 38.1577
0.401869 39.0533
0.401869 39.1512
0.401869 39.2019
0.401869 39.1206
0.426477 39.0671
0.426477 39.1053
0.426477 39.3267
0.450387 39.4104
0.42375 38.9045
0.437064 39.2557
0.426407 39.4836
0.437064 39.3747
0.437064 39.3283
0.447881 39.2218
0.4682 39.1773
0.4682 39.1573
0.4682 39.744
0.4682 39.7646
0.4682 39.5398
0.471413 39.336
0.471413 39.8756
0.471413 39.7772
0.471413 39.6699
0.471413 39.7504
0.471413 39.8184
0.471413 39.8502
0.471413 39.8454
0.471413 39.7125
0.471413 39.5757
0.471413 39.9281
0.4682 39.5961
0.462159 39.8105
0.458292 39.7109
0.456098 39.8851
0.445995 39.8804
0.445995 39.7551
0.439823 39.8042
0.445995 39.5288
0.44679 39.7535
0.442041 39.2927
0.452834 39.3546
0.452834 39.4104
0.458292 39.5116
0.458292 39.4353
0.452834 39.5632
0.452834 39.0366
0.452834 39.5194
0.442041 39.5632
0.442041 39.5538
0.447881 39.6715
0.464874 39.6401
0.470869 39.5366
0.464874 39.4726
0.464874 39.482
0.433962 39.6951
0.444322 38.8969
0.433962 39.5664
0.433962 39.1788
0.444322 39.3499
0.444322 39.3561
0.454833 39.7093
0.420627 39.5757
0.430411 39.1328
0.420627 39.3082
0.420627 39.4322
0.420627 39.3159
0.420627 39.4337
0.420627 39.4586
0.430411 39.3407
0.430411 39.2696
0.430411 39.4042
0.430411 39.3345
0.430411 38.613
0.44196 39.3329
0.453461 39.4322
0.464914 39.4244
0.459194 39.1236
0.447717 39.4555
0.44196 39.268
0.447717 39.2866
0.459194 39.2157
0.464914 39.2788
0.459194 39.4322
0.453461 39.4633
0.447717 39.468
0.469994 39.4275
0.487658 39.4042
0.511263 39.3716
0.499171 39.2881
0.481781 39.426
0.469994 39.412
0.464084 39.3066
0.464084 39.4166
0.458162 39.3623
0.447717 39.3654
0.447717 39.2034
0.43742 39.4477
0.43742 39.5054
0.43742 39.4182
0.43742 39.0625
0.459194 39.4617
0.50311 39.2065
0.515047 39.4462
0.520996 39.3794
0.526932 39.4882
0.532855 39.6354
0.539417 39.6841
0.539417 39.5288
0.539417 39.521
0.540745 39.3964
0.531619 39.5148
0.53277 39.5632
0.538353 39.6102
0.543921 39.6197
0.549474 39.5554
0.549474 39.5382
0.549474 39.6275
0.549474 39.3314
0.55501 39.5319
0.560532 39.5898
0.566038 39.4353
