0.984874 32.5542
0.984874 32.5341
0.984874 32.2997
0.970229 32.6968
0.905149 32.0523
0.886914 32.4939
0.955799 32.6755
0.970229 32.8343
0.984874 32.8591
0.809132 32.668
0.927446 32.6669
0.920367 32.4834
0.948064 32.8655
0.96998 32.7912
0.831525 32.6595
0.920367 32.4939
0.920367 32.5256
0.920367 32.4233
0.933906 32.9283
0.948176 32.9413
0.89358 32.4023
0.920367 32.6137
0.920367 32.7439
0.919952 32.7118
0.948176 32.8904
0.948176 32.8202
0.89358 32.8742
0.920367 32.5415
0.920367 32.7247
0.920367 32.8267
0.93487 31.5796
0.93523 32.7579
0.928826 32.8472
0.928826 32.8095
0.928826 32.8009
0.928826 32.7407
0.928826 32.8764
0.928826 32.9392
0.90883 32.8947
0.858972 32.9023
0.902954 31.9163
0.902954 32.619
0.923404 32.7429
0.930269 32.6318
0.944249 32.7386
0.944249 32.7697
0.944249 32.6424
0.944249 32.6563
0.944249 32.6605
0.944249 32.5478
0.944249 32.8267
0.944249 32.5998
0.944249 32.7182
0.924062 32.6552
0.937473 32.7397
0.944249 32.6691
0.944249 32.4023
0.944249 32.5468
0.944249 32.041
0.937473 32.5553
0.892717 32.684
0.917828 32.5066
0.917828 31.8471
0.931507 32.3677
0.926208 32.5161
0.920653 32.6073
0.920653 32.7268
0.920653 32.2186
0.9006 32.6275
0.907154 32.5098
0.866676 32.112
0.896891 32.5235
0.896891 32.636
0.896891 32.5616
0.896891 32.6915
0.89722 32.6616
0.86529 32.5797
0.855812 32.7311
0.885456 32.3687
0.885456 31.6006
0.885456 32.4686
0.880413 32.496
0.874949 32.1585
0.864224 32.3436
0.864224 32.3646
0.864224 32.515
0.864224 32.3908
0.864573 32.5256
0.864841 32.5489
0.859327 32.3102
0.859327 32.3332
0.812467 32.4707
0.861216 32.2904
0.856113 31.9775
0.851071 31.9275
0.846087 32.1099
0.851662 32.2414
0.851662 32.1285
0.851662 32.2321
0.841774 32.3133
0.827364 32.2435
0.818029 32.2508
0.82267 31.9203
0.832112 32.1161
0.836915 32.0729
0.836915 31.9806
0.836915 31.9448
0.836915 32.3029
0.836915 32.1419
0.836915 32.0852
0.836915 32.2549
0.827364 32.1595
0.82267 32.2633
0.81344 32.3321
0.81344 32.0574
0.81344 32.33
0.81344 32.2051
0.808902 32.1999
0.799977 32.173
0.795587 32.0143
0.795587 32.3185
0.795587 32.1399
0.795587 32.2362
0.800358 32.2186
0.809867 32.2956
0.814607 32.2134
0.814607 32.1481
0.814607 32.143
0.814607 32.2904
0.805556 32.1007
0.801105 32.3144
0.79235 32.2695
0.79235 32.2924
0.788043 32.3373
0.788043 32.2706
0.783784 32.2196
0.779685 32.3708
0.775515 32.3824
0.775515 31.9295
0.775515 32.3708
0.775515 32.3876
0.775515 32.2643
0.775515 32.307
0.775515 32.2497
0.771389 32.2549
0.77632 32.3436
0.772323 32.174
0.776627 32.1554
0.776627 31.7813
0.78092 32.2165
0.78092 32.2061
0.78092 32.0893
0.78092 32.3144
0.78092 32.1141
0.78092 32.2695
0.78092 32.3866
0.78092 32.2601
0.78092 32.2862
0.77996 31.7702
0.772139 31.7904
0.760697 31.9928
0.756461 31.9499
0.756461 31.7299
0.756461 31.9468
0.753255 31.8512
0.753255 32.0431
0.753255 32.1378
0.753255 32.1182
0.728131 32.1038
0.741935 32.1616
0.743391 32.0554
0.751076 31.9836
0.754902 32.1616
0.762521 31.9918
0.746959 32.0544
0.727707 32.2373
0.729308 31.8299
0.729308 32.2726
0.729308 32.3279
0.729308 32.2612
0.722466 31.7834
0.71575 32.2747
0.714001 31.9275
0.710329 31.6766
0.706646 31.953
0.702951 31.745
0.706646 31.9591
0.710329 32.1326
0.714001 31.9244
0.714001 32.0636
0.714001 32.1636
0.714001 31.8157
0.714001 32
0.714001 31.9959
0.714001 32.0051
0.714001 32.0862
0.714001 32.0749
0.714001 32.0174
0.714001 32.1543
0.714001 32.1337
0.714001 32.2113
0.714001 31.7844
0.714001 31.9908
0.714001 32.2425
0.701402 31.8908
0.68924 31.7702
0.677493 31.7048
0.677493 31.8066
0.677493 31.741
0.677493 31.9377
0.674186 31.8016
0.670867 31.6756
0.667537 31.2783
0.667537 31.5866
0.667537 31.8157
0.667537 31.7935
0.667537 31.8542
0.667537 31.8593
0.667537 31.7824
0.655974 31.8552
0.650605 31.7219
0.639575 31.7632
0.639575 30.2197
0.639575 31.6797
0.639575 31.7995
0.642716 31.8603
0.648962 31.8684
0.652067 31.7763
0.646762 31.8127
0.644142 31.837
0.638965 31.8431
0.638965 31.7531
0.638965 31.7128
0.638965 31.6456
0.638965 31.2324
0.638965 31.8969
0.635481 31.8107
0.630425 31.5199
0.62299 31.838
0.621482 31.7219
0.621482 31.7682
0.621482 31.6256
0.621482 31.3411
0.614279 30.1214
0.609569 31.8066
0.602638 31.6486
0.602638 31.6897
0.602638 31.8613
0.602638 31.8654
0.602638 31.8532
0.602638 31.6206
0.602638 31.7632
0.602638 31.8908
0.602638 31.9132
0.602638 31.8097
0.599985 31.7561
0.599985 31.8198
0.59732 31.8705
0.59732 31.4723
0.59732 31.7753
0.59732 31.7138
0.59732 31.8766
0.59732 31.8056
0.594103 31.8198
0.589681 31.7864
0.583171 31.7723
0.57891 31.9244
0.57891 31.7138
0.57891 31.8674
0.57891 31.9438
0.572634 31.8756
0.55851 31.4149
0.552627 30.5241
0.556136 31.8745
0.556136 31.8695
0.556717 31.7601
0.556717 31.5836
0.556717 31.7914
0.556717 31.6817
0.556717 31.8878
0.556717 31.8279
0.556717 31.8421
0.556717 31.8248
0.556717 31.5159
0.556717 31.84
0.552846 31.8056
0.55093 31.0713
0.547139 31.5946
0.544829 31.7662
0.542508 31.8674
0.540174 31.8644
0.540174 31.744
0.540174 31.8117
0.540174 31.7068
0.540174 31.8157
0.540174 31.8127
0.540174 31.8228
0.540174 31.8674
0.540174 31.7884
0.540174 31.8107
0.540174 31.7985
0.540174 31.8481
0.540174 31.9438
0.540174 31.8939
0.540174 31.7712
0.540174 31.8644
0.536528 31.7773
0.534724 31.742
0.531151 31.6546
0.525387 31.8097
0.518023 31.5846
0.512478 31.7955
0.512478 31.7692
0.512478 31.8908
0.512478 31.7138
0.512478 31.6656
0.512478 31.7955
0.512478 31.5159
0.510274 31.4703
0.505829 31.6076
0.503586 31.8878
0.503586 31.8552
0.503586 31.8827
0.503586 31.4743
0.503586 31.8076
0.503586 31.6706
0.503586 31.8167
0.503586 31.8167
0.503586 31.7894
0.503586 31.7925
0.500417 31.7289
0.497286 31.7904
0.494195 31.8309
0.494195 31.8117
0.494195 30.7711
0.494195 31.0241
0.492023 31.746
0.489838 31.8806
0.48764 31.7945
0.484667 31.7339
0.483194 31.7652
0.480275 31.8431
0.47813 31.7914
0.47813 31.839
0.475972 31.7884
0.478839 31.7259
0.480285 31.5956
0.483204 31.744
0.480285 31.4406
0.478839 31.6596
0.475972 31.3156
0.475972 31.8542
0.475972 31.8593
0.475972 31.7501
0.475972 31.7068
0.475972 31.8441
0.475972 31.6036
0.475972 31.9163
0.475972 31.7128
0.475972 31.744
0.471615 31.7975
0.469416 31.7028
0.464977 31.8776
0.464977 31.7935
0.464977 31.8441
0.464977 31.9591
0.464977 31.6756
0.464977 31.9051
0.464977 31.9254
0.460933 31.9142
0.456959 31.7168
0.453053 30.5764
0.453053 31.8522
0.453053 31.7511
0.453053 31.839
0.453053 31.7743
0.453053 31.7239
0.453053 31.8117
0.453053 31.7128
0.453053 31.7622
0.453053 31.6176
0.453053 31.8928
0.453053 31.8451
0.453053 31.7945
0.454348 31.5378
0.456959 31.7168
0.458276 31.8218
0.458276 31.6586
0.458276 31.4535
0.458276 31.6476
0.453909 31.6997
0.449486 31.5308
0.445004 31.6246
0.445004 31.74
0.445004 31.746
0.445004 31.5557
0.445004 31.4891
0.446253 31.6716
0.446253 31.7007
0.447509 31.736
0.447509 31.744
0.448772 31.7824
0.447509 31.8878
0.447509 31.7289
0.446253 31.6066
0.445004 31.6847
0.443762 31.8613
0.442527 31.7803
0.445004 31.5786
0.448772 31.7904
0.45132 31.6606
0.434233 31.1798
0.439514 31.8289
0.44076 31.736
0.44076 30.6598
0.44076 31.6606
0.44076 31.8654
0.450042 31.8461
0.443762 31.6967
0.438863 31.84
0.436662 31.7632
0.436662 31.5239
0.434446 31.9213
0.434446 31.9734
0.434446 31.052
0.434446 31.6787
0.434446 31.7793
0.435637 31.7793
0.435637 31.8036
0.431136 31.741
0.42427 31.6686
0.419615 31.8928
0.419615 31.4752
0.419615 31.7239
0.419615 31.9458
0.416319 31.7733
0.41415 31.6586
0.410939 31.8908
0.410939 31.7874
0.410939 31.7329
0.410939 31.7279
0.410939 31.7925
0.408683 31.7632
0.408683 31.8593
0.408683 31.7591
0.408683 31.6586
0.40569 31.8827
0.404313 32.3761
0.404313 32.3719
0.404313 32.5637
0.404313 32.3646
0.404313 32.3646
0.404313 32.2539
0.404313 32.3813
0.404313 32.3258
0.404313 32.2622
0.404313 32.2716
0.404313 32.353
0.404313 32.4412
0.404313 32.2134
0.404313 32.4412
0.404313 32.4244
0.404313 32.1512
0.404313 31.8076
0.404313 32.2622
0.400119 32.4486
0.397996 32.3206
0.393701 32.3227
0.393701 32.2082
0.393701 32.3384
0.394669 32.1357
0.394669 32.0143
0.394669 32.1058
0.394669 31.6046
0.393661 32.3478
0.392657 32.4034
0.391658 32.2414
0.391658 32.2414
0.391658 32.1141
0.391658 32.0369
0.394206 32.3133
0.394206 32.1657
0.394206 32.0102
0.394206 32.2518
0.394206 32.1419
0.394206 31.5686
0.394206 32.0461
0.394206 31.2793
0.394206 32.1264
0.394206 32.3206
0.394206 32.0133
0.394206 32.202
0.394206 32.1585
0.394206 32.002
0.395823 32.112
0.395823 31.7904
0.395823 31.0241
0.395853 31.8806
0.395853 31.8421
0.395853 31.4951
0.395853 31.955
0.390874 31.9275
0.38836 31.9132
0.383282 31.9438
0.383282 31.8593
0.383282 31.9152
0.383674 32.0698
0.382432 32.0338
0.382432 32.1885
0.382432 32.2123
0.382432 32.2082
0.382432 32.1616
0.382432 32.2862
0.384281 31.9918
0.385212 32.0492
0.387087 32.1771
0.387087 32.257
0.387087 32.0976
0.387087 32.0873
0.387087 32.2758
0.387087 32.256
0.387087 32.3112
0.387087 32.1657
0.387087 32.0605
0.387087 32.1978
0.387087 32.0893
0.387087 32.2082
0.387087 32.0801
0.387087 32.2747
0.387087 32.1833
0.387087 32.1595
0.387087 32.2622
0.387087 32.1812
0.387087 32.1885
0.387087 32.0965
0.387087 32.2591
0.387087 31.9673
0.387087 32.1481
0.387087 32.1481
0.387087 32.1523
0.383057 32.1337
0.381455 32.1937
0.377238 31.7612
0.378135 30.9473
0.379037 31.9
0.379943 31.9519
0.382556 31.9622
0.385151 32.1409
0.387728 32.0349
0.385151 32.0133
0.382556 31.9234
0.379943 31.953
0.379943 32.1523
0.379943 32.1038
0.378296 31.8979
0.378296 31.9754
0.378296 32.1058
0.378296 32.0626
0.378296 32.2248
0.378296 32.1781
0.378296 31.9244
0.383661 31.9826
0.385722 32.1203
0.391225 32.1958
0.393854 31.8715
0.400146 32.1585
0.402682 32.3509
0.404799 32.145
0.404348 32.1916
0.406483 32.1833
0.406483 32.3123
0.406483 32.229
0.397039 32.3373
0.411556 32.3855
0.396704 32.3981
0.401379 32.1636
0.404729 32.3238
0.404196 31.9775
0.407616 32.3091
0.407616 32.4023
0.407616 32.5341
0.407616 32.4971
0.40031 32.3018
0.390314 32.3887
0.382621 32.4139
0.386292 32.2914
0.386235 32.514
0.38995 32.3855
0.38995 32.3646
0.38995 32.4602
0.403268 32.4475
0.397438 32.2914
0.397438 32.4296
0.397438 32.3468
0.399652 32.4675
0.400768 32.416
0.403019 32.3876
0.403019 32.5002
0.403019 32.4507
0.403019 32.1357
0.40568 32.329
0.410943 32.3677
0.413545 32.3929
0.408321 32.569
0.40568 32.4939
0.400338 32.5076
0.403019 31.3627
0.409665 32.2352
0.41234 32.457
0.417941 32.3876
0.422816 32.4749
0.416133 32.1017
0.426468 32.2914
0.424314 32.7579
0.424314 32.7257
0.424314 32.6339
0.424314 32.602
0.424314 32.7536
0.415254 32.619
0.434351 32.7225
0.427308 32.7998
0.422918 32.6318
0.418554 32.8116
0.414218 32.7161
0.414218 32.5362
0.438402 32.7697
0.438402 32.8634
0.443196 32.8796
0.436888 32.7075
0.430227 31.5487
0.427424 32.6627
0.421759 32.7022
0.434687 32.7236
0.441624 32.7998
0.434687 32.8969
0.42554 32.9957
0.419165 32.7837
0.409603 32.9305
0.403227 32.9261
0.442952 32.9446
0.442952 32.8558
0.445937 32.7043
0.439306 32.7708
0.432675 32.9663
0.426044 32.533
0.426044 32.8861
0.426044 32.7097
0.459927 32.8299
0.442081 32.8181
0.424321 32.8958
0.40719 32.9077
0.408795 32.8742
0.411696 32.8159
0.413211 32.5935
0.454632 32.7976
0.454632 32.8267
0.4578 32.9218
0.447512 32.7279
0.433795 32.8213
0.423508 32.7482
0.440397 32.9761
0.466546 32.7289
0.466546 32.8764
0.457623 32.8947
0.44516 32.9946
0.454084 32.9565
0.439587 32.2456
0.435877 33.1884
0.470348 32.9489
0.460649 33.0786
0.447401 32.8666
0.437221 32.8149
0.437221 33.0469
0.437221 32.2883
0.437221 32.9489
0.43014 33.1565
0.455592 33.095
0.448331 33.1323
0.451608 33.1972
0.454745 33.117
0.457143 33.0797
0.458633 33.0513
0.467156 32.175
0.488253 33.1642
0.468085 33.2094
0.464032 33.2116
0.492212 33.1829
0.492212 33.0994
0.492212 33.3645
0.492212 33.2712
0.479918 33.2381
0.473846 33.2038
0.461851 33.1642
0.461851 33.3589
0.51203 33.2204
0.517316 33.1939
0.508658 33.227
0.504329 33.493
0.495671 33.3645
0.465583 33.379
0.452641 33.2425
0.43719 33.3045
0.474195 33.3344
0.474195 33.4706
0.474195 33.2403
0.474195 33.34
0.493222 33.456
0.48001 33.5976
0.473491 33.2668
0.486587 33.2889
0.48001 33.5717
0.48001 33.4325
0.520367 33.5076
0.520367 33.5255
0.502189 33.484
0.48401 33.3812
0.465831 33.4292
0.463724 33.3056
0.511594 33.117
0.509215 33.5177
0.508219 33.3745
0.518077 33.6349
0.514786 33.8203
0.498758 33.6973
0.528618 33.8834
0.518771 33.6984
0.523892 33.8685
0.512863 33.8238
0.501212 33.8719
0.491996 33.9639
0.544946 33.6632
0.535066 33.8432
0.530177 33.857
0.525288 33.8604
0.520398 33.4997
0.572468 33.4057
0.577349 33.7781
0.577349 33.9029
0.56602 33.9547
0.545001 33.8834
0.517887 33.7861
0.550977 33.9455
0.545001 33.987
0.536277 34.0101
0.536277 34.167
0.536277 33.6395
0.536277 33.888
0.513687 34.0101
0.460896 34.0994
0.48328 34.089
0.48328 34.0599
0.48328 34.0263
0.48328 34.0495
0.48328 34.1974
0.48328 33.9939
0.48328 33.9374
0.468924 34.0507
0.503663 33.9755
0.481952 34.0599
0.49266 34.0762
0.48555 34.0044
0.486 34.0055
0.505031 34.1939
0.475433 34.002
0.453981 34.1064
0.456792 34.0495
0.505325 34.1623
0.501564 34.0925
0.494038 34.2266
0.494038 34.2513
0.494038 34.2349
0.520036 34.089
0.522067 34.5018
0.505077 34.4329
0.481452 34.3903
0.490255 34.6164
0.473925 34.4056
0.482441 34.3914
0.544387 34.0483
0.554283 34.2724
0.523961 34.1997
0.50906 34.4092
0.524638 34.4994
0.524638 33.539
0.524638 33.7986
0.486351 34.6021
0.52627 34.6356
0.509699 34.5841
0.498628 34.6105
0.498628 34.3136
0.543104 34.6033
0.543104 34.3808
0.516107 33.9202
0.507631 34.4697
0.534649 34.4709
0.516531 34.4281
0.507631 34.7102
0.484053 34.4507
0.510544 34.2983
0.50168 34.3053
0.49292 34.6188
0.484262 34.5758
0.529141 34.6212
0.520168 34.6596
0.508403 34.395
0.49662 34.497
0.531516 34.427
0.521943 34.6009
0.521943 34.4661
0.512488 34.5746
0.534795 34.3395
0.525488 34.5901
0.506299 34.5602
0.494204 34.6873
0.530081 34.6416
0.517895 34.6789
0.505553 34.8044
0.499369 35.2014
0.486977 35.3057
0.537218 35.2435
0.537218 34.9785
0.537218 34.8202
0.530834 35.1259
0.526768 35.3357
0.520133 35.1766
0.509108 34.859
0.530019 35.2821
0.518594 35.2958
0.508096 35.3895
0.497743 35.21
0.48753 35.1284
0.48753 35.3332
0.48753 35.0668
0.529239 35.241
0.529239 35.3594
0.529239 35.417
0.529239 35.0582
0.529239 35.3357
0.529239 35.2597
0.584784 35.2212
0.573355 35.1099
0.562089 35.2634
0.550983 35.2647
0.537459 35.3544
0.530684 35.1593
0.517107 35.2311
0.573212 35.412
0.573212 35.0545
0.573212 35.1952
0.561662 35.3357
0.539062 35.2435
0.528006 35.3719
0.584935 35.3307
0.584935 35.3807
0.584935 35.1296
0.561662 35.1828
0.550279 35.3544
0.528006 35.3632
0.573212 35.1753
0.561662 35.4258
0.550279 35.2075
0.532925 35.0312
0.544121 35.0816
0.526762 35.2808
0.526762 34.6717
0.584318 35.3419
0.584318 35.2373
0.560782 35.2473
0.549275 35.1667
0.526762 35.1309
0.559043 35.2212
0.551965 35.1099
0.527702 35.2274
0.527702 35.3657
0.527702 35.2249
0.5854 35.2783
0.572782 35.2709
0.549274 35.3757
0.536384 35.4195
0.521461 35.1964
0.567629 35.2609
0.548835 35.2584
0.548835 35.1877
0.548835 35.2212
0.548835 35.1074
0.537508 35.4572
0.571997 35.2373
0.56033 35.3757
0.551672 34.9577
0.536303 35.1605
0.528261 35.2908
0.528261 35.1161
0.528261 35.1296
0.572873 35.2883
0.565812 35.2572
0.551672 35.3294
0.544593 35.2671
0.537508 35.1568
0.530418 35.1037
0.523321 35.0594
