0.99052 31.2559
0.99052 33.3823
0.99052 33.1334
0.974919 32.5055
0.8959 32.8774
0.884077 32.8591
0.884077 32.788
0.884077 32.9121
0.884077 32.7869
0.917387 33.2082
0.919559 33.3211
0.916365 33.5166
0.907257 33.3868
0.901106 33.3812
0.892059 33.2469
0.892059 33.2381
0.892059 33.1796
0.892059 33.2502
0.861182 33.3122
0.866461 32.9587
0.819604 33.4896
0.890541 33.6496
0.901702 33.8123
0.874788 32.7429
0.931383 33.3667
0.937702 34.0576
0.931003 34.0483
0.927246 33.9443
0.911598 34.1565
0.890587 33.9905
0.890587 33.6791
0.890587 34.2395
0.890587 34.6009
0.890587 34.577
0.890587 34.5304
0.890587 34.662
0.890587 34.1087
0.890587 34.5662
0.890587 34.6093
0.871822 34.6536
0.854114 34.5197
0.835774 34.4626
0.835774 34.4661
0.835774 34.6993
0.835774 34.4566
0.831915 34.5746
0.830371 34.4685
0.826368 34.5363
0.823514 34.7198
0.820659 34.6476
0.817805 34.4092
0.805152 34.6572
0.798824 34.2888
0.786166 34.6656
0.773504 34.0391
0.767171 34.5495
0.754503 34.7138
0.754503 34.7138
0.754503 34.8359
0.754945 34.915
0.785647 34.6284
0.790041 34.7548
0.794196 35.0238
0.794196 35.0668
0.794196 34.3124
0.794196 34.6488
0.780735 35.0779
0.774004 34.6957
0.760543 35.0067
0.760543 34.4424
0.760543 34.9345
0.760543 34.9345
0.741784 34.7439
0.727225 34.8724
0.708847 34.8602
0.689253 35.0643
0.689253 34.9724
0.689253 34.721
0.692784 35.0508
0.694563 34.5841
0.699163 35.0914
0.722186 35.3719
0.722186 35.4007
0.725105 35.5013
0.731179 35.7283
0.724423 35.5631
0.710905 35.2734
0.709854 35.6595
0.703855 35.7667
0.721812 35.7207
0.75068 35.9131
0.779525 35.8912
0.746692 35.8153
0.73754 35.5038
0.724246 35.4083
0.736714 34.954
0.74003 35.4862
0.766816 35.3369
0.769249 35.5644
0.767346 35.317
0.764974 35.2026
0.765429 35.5948
0.784437 35.6303
0.784437 35.7232
0.790127 35.759
0.759085 35.4434
0.751579 35.9131
0.750561 35.61
0.764494 35.2684
0.791717 35.6748
0.825665 35.5467
0.826895 35.791
0.818304 35.791
0.819156 34.4935
0.812005 35.4359
0.806713 35.736
0.823494 35.6189
0.816208 35.9492
0.758675 35.859
0.752114 35.9803
0.77178 35.713
0.797921 35.8102
0.817465 35.979
0.824291 36.0464
0.827886 35.8307
0.828192 35.85
0.84631 36.0244
0.861489 35.759
0.880583 35.4283
0.803062 35.9337
0.912542 36.0802
0.851116 36.2371
0.860326 36.2634
0.872922 36.2135
0.882613 36.3359
0.876165 36.3346
0.855942 36.1063
0.817235 36.3135
0.817235 36.1795
0.84332 36.3227
0.84332 36.2424
0.823219 36.2766
0.911789 36.2963
0.897407 36.1507
0.904671 36.2568
0.897804 36.0529
0.905011 36.2937
0.877273 36.2476
0.870166 36.4418
0.79632 36.3848
0.834655 35.9725
0.802543 36.5484
0.889381 35.8783
0.889381 35.75
0.889265 35.5126
0.87531 35.5151
0.85101 35.7782
0.834168 35.8064
0.810796 36.0062
0.794712 36.4937
0.880454 36.2753
0.883552 36.1389
0.883423 36.4471
0.862556 36.4087
0.855505 35.4221
0.821546 34.4839
0.805098 36.2884
0.767038 36.3108
0.820127 36.6878
0.807848 36.618
0.790103 36.618
0.848447 36.708
0.851309 36.5257
0.850502 36.5698
0.856685 36.827
0.835066 36.5591
0.820634 36.5417
0.808221 36.6919
0.790291 36.8175
0.778772 36.8473
0.810284 36.8623
0.806826 36.9481
0.799904 36.8908
0.786194 36.9631
0.851141 36.7647
0.864265 36.9563
0.858147 36.8039
0.84149 36.4246
0.770502 36.7796
0.796809 36.8378
0.783829 36.6515
0.771034 37.0824
0.854094 37.1499
0.864638 36.491
0.798551 36.9454
0.833617 37.1816
0.823666 37.0178
0.809705 37.2745
0.805707 37.1264
0.812871 37.1526
0.79736 37.1733
0.784139 37.2148
0.84639 37.0206
0.804594 37.2592
0.833306 37.4756
0.826325 37.2898
0.798924 37.3469
0.847981 37.237
0.82545 37.3051
0.756582 37.2065
0.783366 37.2329
0.770222 37.2287
0.83095 37.2162
0.83095 37.2842
0.83095 36.673
0.83095 37.219
0.784041 36.8229
0.793303 37.3009
0.791418 37.3204
0.786007 37.3483
0.775643 37.1016
0.78843 37.0975
0.797893 37.2995
0.748477 37.372
0.784646 37.3958
0.797068 37.326
0.809889 37.3134
0.802137 37.4083
0.796316 37.4223
0.749406 37.546
0.830914 37.3511
0.815039 37.4378
0.828125 37.4209
0.768923 37.4504
0.772273 37.294
0.775653 37.4266
0.779063 37.2689
0.779063 37.5784
0.779063 37
0.779063 37.3065
0.786684 37.3706
0.801614 36.9167
0.809241 37.1388
0.820079 37.6124
0.788658 37.5305
0.814238 37.6989
0.814238 37.7088
0.814238 37.5235
0.814238 37.7031
0.76956 37.4658
0.76956 37.7031
0.76956 36.5177
0.79162 37.5601
0.813186 37.6378
0.829032 37.6847
0.829032 37.5404
0.777658 37.3427
0.807199 37.9478
0.813993 37.0343
0.80664 38.088
0.753858 38.3171
0.764367 38.2395
0.771538 38.2643
0.78255 38.2219
0.78255 38.3995
0.78255 38.3406
0.736269 38.4113
0.772576 37.896
0.776379 37.6449
0.784097 38.0416
0.762959 38.1461
0.748016 38.3318
0.770527 38.4039
0.770527 38.37
0.770527 38.2775
0.770527 38.3333
0.770527 38.4423
0.770527 38.2059
0.729892 37.9752
0.807446 37.873
0.790564 38.2673
0.804511 38.1257
0.804511 38.0445
0.742048 38.2307
0.742048 38.1898
0.75378 38.1927
0.721195 38.2248
0.754694 38.0503
0.776826 38.4231
0.788168 38.4556
0.795927 37.9463
0.795927 38.149
0.744997 38.549
0.783836 38.4261
0.775315 38.5654
0.773984 38.4349
0.718829 38.4556
0.772965 38.6041
0.842341 38.2453
0.767976 37.9968
0.767976 38.1592
0.767976 37.4714
0.767976 38.3068
0.768818 38.0489
0.776783 38.1359
0.777185 38.2555
0.730927 38.4394
0.776638 38.373
0.780643 38.3347
0.780643 38.5075
0.780643 38.0865
0.733296 38.5238
0.755133 38.7057
0.728914 38.6294
0.711385 38.616
0.720154 38.6354
0.728914 38.3318
0.699725 38.6593
0.730052 38.6294
0.730052 38.6115
0.730052 38.2234
0.730052 38.4675
0.730052 38.7928
0.804625 38.9272
0.809 38.8591
0.813423 38.8984
0.817895 39.0046
0.86196 38.8682
0.84343 38.3098
0.84343 38.6698
0.834302 38.4675
0.825448 38.6608
0.799365 38.2922
0.799365 38.466
0.799365 38.5594
0.799365 38.6041
0.799365 38.6235
0.799365 38.6533
0.799365 38.5624
0.790329 38.4645
0.781283 38.5817
0.732511 38.7012
0.757143 38.9332
0.757143 38.9469
0.749558 38.9105
0.761147 38.8485
0.769283 38.8772
0.781311 38.7687
0.781311 38.9666
0.756286 38.9196
0.756286 38.9347
0.743841 38.8304
0.715511 38.8546
0.703443 38.8939
0.703443 38.8984
0.657516 38.9651
0.694319 39.1711
0.659838 37.7131
0.727935 39.0762
0.73202 39.2372
0.73202 39.3113
0.73202 39.2943
0.73202 39.3252
0.728273 39.2943
0.863548 38.9681
0.78086 38.8893
0.776595 38.8742
0.776601 38.8954
0.772303 38.7762
0.772303 38.8531
0.772303 38.8244
0.763743 38.9742
0.792593 39.1742
0.782232 38.8802
0.761511 38.7612
0.757355 39
0.749101 39.1267
0.732825 39.1865
0.75808 39.0351
0.75808 39.0305
0.784396 39.0915
0.784396 39.061
0.784396 39.2665
0.784396 38.3054
0.724252 36.9031
0.740787 38.9363
0.72318 39.1727
0.72318 39.384
0.72318 39.2218
0.72318 39.1405
0.72318 39.1865
0.72318 39.248
0.72318 39.0396
0.72318 39.319
0.72318 39.3608
0.72318 39.319
0.72318 39.3778
0.72318 39.3499
0.682548 39.4586
0.723418 39.3701
0.723418 39.5304
0.70722 39.3577
0.70722 39.4446
0.70722 39.2557
0.70722 39.3871
0.715229 39.5507
0.731746 39.507
0.740267 39.5226
0.690699 39.5257
0.654816 39.5757
0.68678 39.5319
0.694892 39.5023
0.711351 39.4524
0.719702 39.5132
0.719702 39.6197
0.719702 39.1972
0.719702 39.6936
0.719702 39.4431
0.719702 39.6385
0.719702 39.412
0.70972 39.7172
0.682288 39.6385
0.672379 39.5554
0.672379 39.5914
0.672379 39.3654
0.581158 39.5617
0.726406 39.6574
0.707707 39.5257
0.682183 39.4431
0.682183 39.4804
0.682183 39.4431
0.682183 39.3747
0.690218 39.2526
0.698331 39.1926
0.706521 39.4228
0.706521 39.3453
0.706521 39.5194
0.669759 39.6511
0.711491 39.6464
0.711491 39.4649
0.719902 39.6448
0.678657 39.4213
0.678657 39.5366
0.686747 39.4695
0.694915 39.6873
0.703163 39.5116
0.711491 39.6684
0.711491 39.4042
0.711491 39.336
0.711491 39.3902
0.711491 39.4275
0.711491 39.6511
0.711491 39.6134
0.719902 39.7519
0.719902 39.6322
0.728395 39.4244
0.728395 39.6511
0.694915 39.6542
0.694915 39.3267
0.694915 39.7078
0.694915 39.7393
0.694915 39.6558
0.694915 39.5804
0.694915 39.5429
0.694915 39.6841
0.7006 39.5444
0.698455 39.3515
0.703815 39.7725
0.703815 39.7678
0.703815 39.5335
0.703815 39.4462
0.71204 39.6888
0.671691 39.5429
0.679608 39.703
0.679608 39.4571
0.679608 39.7014
0.679608 39.5664
0.679608 39.7125
0.679608 39.7235
0.679608 39.468
0.687278 39.6637
0.691179 39.6244
0.699114 39.0808
0.699114 39.5601
0.699114 39.5382
0.699114 39.5241
0.699114 39.6888
0.699114 39.604
0.699114 39.5695
0.699114 39.5116
0.699114 39.398
0.699114 39.5695
0.699114 39.4602
0.647332 39.4633
0.738461 39.8264
0.726832 39.8343
0.715202 39.8026
0.703573 39.8073
0.691263 39.8549
0.675125 39.6841
0.651486 39.6841
0.651486 39.6731
0.69945 39.8105
0.69945 39.3996
0.675664 39.7646
0.664216 39.6668
0.606106 39.8311
0.808022 39.8438
0.777403 39.7725
0.754013 39.7488
0.744781 39.7362
0.726605 39.8295
0.763344 39.426
0.744781 39.5132
0.735646 39.3856
0.717659 39.5742
0.772774 39.6857
0.772774 39.6558
0.730488 39.7535
0.750311 39.744
0.741013 39.7994
0.778809 40.0064
0.730886 39.9138
0.713689 40.0416
0.670779 39.8804
0.617458 40.0352
0.686527 40.0561
0.669972 40.2366
0.653738 40.1768
0.645739 40.3015
0.678209 40.1027
0.661815 40.1752
0.653738 39.9616
0.653738 40.1043
0.686527 40.1752
0.661815 40.085
0.607993 40.2285
0.798924 40.016
0.725178 39.7251
0.679393 39.692
0.671311 39.5085
0.663307 39.6747
0.704114 39.3902
0.687553 39.6416
0.663307 39.5554
0.687553 39.6904
0.671311 39.8692
0.647526 39.5194
0.641749 39.3763
0.658781 39.8359
0.650814 39.8804
0.683151 39.412
0.666826 39.7014
0.658781 39.9265
0.606209 39.4477
0.798924 39.9968
0.730117 39.9824
0.711329 39.8947
0.698319 39.847
0.734225 39.7093
0.720803 39.7346
0.708164 39.9058
0.691419 39.901
0.679525 39.8756
0.671265 39.976
0.696291 39.8979
0.687866 39.9345
0.671515 39.9186
0.659259 39.9281
0.643063 39.6668
0.728829 38.6967
0.697442 39.6841
0.697442 39.7393
0.663494 39.7235
0.679825 39.8279
0.752243 39.7852
0.73314 38.9045
0.761952 39.1313
0.742639 39.507
0.73314 39.6542
0.723744 39.557
0.761952 39.5491
0.742639 39.6479
0.73314 39.4867
0.675136 39.9313
0.739096 39.9808
0.70236 39.8327
0.6761 39.909
0.659417 39.9281
0.651199 39.9648
0.684568 39.8931
0.6761 39.9457
0.667717 39.9154
0.62192 39.8295
0.720193 39.9872
0.6761 39.6542
0.676293 39.398
0.664812 39.6684
0.696493 39.4773
0.684586 39.6951
0.668096 39.7219
0.643659 39.8438
0.592421 40.0256
0.747552 39.9808
0.719706 39.3051
0.701629 39.7772
0.704841 39.1099
0.716887 39.6936
0.702426 39.8708
0.697857 39.6369
0.747811 39.9265
0.742855 39.8645
0.724489 39.5695
0.71545 39.6888
0.697654 39.6275
0.688894 39.8137
0.71545 39.7535
0.706506 39.496
0.693346 39.7409
0.689028 39.7662
0.72973 39.7425
0.712672 39.8438
0.703711 39.7678
0.687423 39.8089
0.678778 39.9026
0.713898 39.7836
0.704981 39.8168
0.691962 39.6259
0.683238 39.8454
0.670415 39.5804
0.705262 39.8137
0.687367 39.7014
0.669843 39.9473
0.637025 40.1027
0.578829 40.1719
0.742216 40.1075
0.696562 39.9026
0.679041 39.8788
0.670415 40.1332
0.714453 40.1606
0.705461 39.4415
0.696562 39.6448
0.687756 39.6338
0.679041 39.6165
0.723541 40.0705
0.697976 40.0416
0.68921 39.9632
0.665 40.0449
0.649936 39.7757
0.68492 39.8502
0.669561 39.8026
0.653103 40.0818
0.644994 40.093
0.677914 40.0064
0.676446 40.0208
0.658379 39.9249
0.656931 39.8867
0.632827 40.0064
0.656746 39.7947
0.682012 39.9138
0.673462 39.8327
0.665 40.0882
0.656622 39.8724
0.681948 39.9616
0.673525 39.9952
0.648695 39.9297
0.640723 39.9026
0.625007 39.9808
0.664875 39.3066
0.648695 40.1171
0.640723 39.7393
0.625007 40.1429
0.617261 40.1139
0.648695 39.9345
0.640723 39.8708
0.626475 40.1429
0.577594 40.2495
0.660865 40.1784
0.662112 39.9042
0.657732 40.0657
0.64262 40.0994
0.635412 39.9584
0.631788 39.188
0.624502 40.0048
0.588968 40.269
0.697931 40.1881
0.664324 40.0577
0.611477 38.9408
0.619122 40.2512
0.603903 40.2123
0.596401 40.2852
0.642499 40.3145
0.634632 40.1091
0.62684 40.0336
0.619122 40.0288
0.611477 40.2139
0.611477 40.2107
0.611477 40.3535
0.611477 39.6197
0.72429 40.0016
0.685835 39.8406
0.677468 39.8026
0.645332 39.3437
0.637476 39.6165
0.60739 39.4914
0.6 39.4649
0.637647 39.7757
0.629977 39.6165
0.625937 39.7899
0.619996 39.6228
0.616041 39.8089
0.624934 39.5679
0.624934 39.7962
0.633821 39.9441
0.649366 38.2599
0.633821 40.0224
0.626158 39.8756
0.626158 39.681
0.618566 39.8597
0.618566 39.5273
0.65725 39.7362
0.641557 39.8979
0.633821 40.0352
0.633821 40.0352
0.633821 39.8026
0.633821 39.7852
0.633821 39.681
0.633821 39.8819
0.633821 39.9186
0.626158 40.0449
0.626158 39.7062
0.618566 39.8963
0.618566 38.959
0.618566 39.5946
0.618566 39.9233
0.618566 39.9313
0.618566 39.8121
0.618566 39.8089
0.618566 39.8406
0.618566 39.8153
0.618566 39.7235
0.618566 39.763
0.618566 39.7409
0.618566 39.6055
0.618566 39.5288
0.618566 39.6684
0.618566 39.6825
0.618566 39.9249
0.584238 39.8692
0.613086 39.744
0.613086 40.0914
0.651888 39.6338
0.651888 40.0368
0.651888 39.8327
0.651888 39.9297
0.651888 39.8867
0.636145 39.9521
0.628386 39.7931
0.613086 39.7741
0.598776 39.733
0.591474 39.7646
0.57765 39.9186
0.564064 39.6322
0.564064 39.4415
0.518895 39.6637
0.54161 39.6904
0.690081 40.0561
0.664176 39.6008
0.644992 38.3745
0.644992 39.3685
0.644992 39.3082
0.637312 39.384
0.637312 39.5101
0.629703 39.5054
0.629703 39.5319
0.629703 39.3468
0.629703 39.5241
0.629703 39.5116
0.629703 39.3561
0.629703 39.44
0.583544 39.6306
0.619595 39.6102
0.619595 39.8724
0.619595 39.5273
0.619595 39.7283
0.619595 39.6432
0.622628 39.5648
0.609478 39.7599
0.612431 39.4011
0.612431 39.8454
0.612431 39.9106
0.612431 39.9537
0.612431 39.8248
0.612431 39.8375
0.612431 39.8819
0.612431 39.8279
0.612431 39.9106
0.612431 39.8502
0.612431 39.3933
0.612431 39.7915
0.612431 39.3608
0.605012 39.3732
0.605012 38.9211
0.597661 39.1926
0.597661 39.5664
0.597661 39.6338
0.597661 39.557
0.590378 39.7583
0.590378 39.6652
0.58316 39.6857
0.572193 39.546
0.600107 39.5632
0.58621 39.6574
0.58621 39.7931
0.579171 39.7377
0.579171 39.6699
0.579171 39.2727
0.579171 39.7109
0.579171 39.4228
0.579171 39.7188
0.579171 39.208
0.579171 39.4586
0.579171 39.7693
0.579171 39.6181
0.579171 39.6762
0.579171 39.7362
0.58621 39.5507
0.58621 39.7314
0.58621 39.6857
0.58621 39.6385
0.58621 39.5757
0.58621 39.5726
0.58621 37.2148
0.58621 39.2989
0.58621 39.1435
0.58621 39.7093
0.58621 39.3561
0.58621 39.7994
0.58621 39.8232
0.58621 39.8089
0.58621 39.7377
0.58621 39.8438
0.552816 39.9042
0.591212 40.1252
0.57719 40.0898
0.588226 39.8422
0.588226 40.2172
0.588226 40.1671
0.581153 40.1349
0.581153 40.1155
0.581153 40.2885
0.581153 40.3015
0.575829 39.9856
0.575829 40.1381
0.570601 40.1091
0.570601 40.0882
0.570601 40.0432
0.570601 39.7788
0.570601 39.9505
0.570601 39.7298
0.570601 40.0032
0.570601 40.1655
0.570601 39.9489
0.570601 39.968
0.585587 40.1284
0.568613 40.1188
0.583745 40.1494
0.583745 39.8819
0.583745 40.032
0.583745 40.1397
0.583745 40.1752
0.583745 40.1027
0.583745 40.0946
0.583745 40.1284
0.583745 40.1897
0.583745 39.7093
0.583745 39.9106
0.583745 39.992
0.583745 39.9632
0.583745 39.909
0.583745 40.0112
0.583745 40.2382
0.583745 39.901
0.583745 40.2269
0.583745 40.1703
0.583745 40.2658
0.548837 39.8375
0.548837 39.7314
0.548837 40.1204
0.548837 40.0561
0.548837 40.2156
0.548837 40.1784
0.555695 39.4929
0.555695 40.222
0.555695 40.0866
0.555695 39.8867
0.555695 39.4586
0.555695 38.7522
0.555695 39.6181
0.555695 39.5993
