0.848787 42.5894
0.848787 37.0604
0.848787 39.7251
0.848787 40.945
0.763265 41.4405
0.848787 42.4719
0.848787 42.0186
0.680934 42.2208
0.848787 42.4538
0.731857 42.3603
0.594564 42.4845
0.668122 42.328
0.587364 42.3944
0.65587 42.389
0.582255 42.3998
0.582255 42.2905
0.582255 42.1479
0.531306 42.3657
0.531306 42.4719
0.483536 42.3316
0.483536 42.5206
0.483536 42.244
0.483536 42.4791
0.438655 42.1603
0.396411 42.3173
0.396411 42.3263
0.396411 42.2779
0.54386 42.328
0.601618 42.2529
0.615894 42.1923
0.562433 42.2761
0.615894 42.3137
0.562433 42.1425
0.621262 42.0468
0.621262 42.1336
0.621262 42.3191
0.621262 42.0946
0.601618 42.0964
0.601618 41.9974
0.601618 42.2708
0.660377 42.3783
0.601618 42.3998
0.633262 42.3567
0.633262 42.2744
0.637168 42.0645
0.637168 42.4394
0.637168 42.3567
0.637168 42.3513
0.637168 42.2315
0.637168 42.3747
0.605206 42.2458
0.637168 42.4304
0.637168 42.2511
0.605206 42.3998
0.605206 42.1745
0.605206 42.1852
0.605206 42.061
0.637168 42.2976
0.605206 42.1745
0.552991 42.1248
0.605206 42.1141
0.605206 42.3998
0.605206 42.2672
0.605206 42.3227
0.605206 38.432
0.605206 41.48
0.65035 41.8725
0.620126 42.1603
0.551331 42.2565
0.6 42.4665
0.6 42.3549
0.6 42.2619
0.674419 42.2815
0.674419 42.0681
0.756098 42.3639
0.674419 42.3783
0.709352 42.1461
0.709352 42.3765
0.709352 42.3298
0.752212 42.2958
0.752212 42.1941
0.709352 42.2119
0.709352 42.2833
0.709352 42.2262
0.756098 42.3101
0.764384 42.2404
0.731421 42.2351
0.809264 42.3298
0.647643 42.3083
0.724675 42.4178
0.647643 42.3675
0.647643 42.219
0.590419 42.2619
0.647643 42.3227
0.590419 42.452
0.647643 42.2262
0.665871 42.2619
0.671856 42.398
0.65237 42.1834
0.65237 42.0964
0.671856 42.1265
0.671856 42.1159
0.706601 42.3227
0.770667 42.1994
0.731421 42.1727
0.770667 42.3048
0.731421 42.303
0.731421 42.155
0.731421 42.1727
0.657928 42.1816
0.770667 42.2994
0.770667 42.2404
0.770667 41.9305
0.770667 42.3567
0.770667 41.9024
0.770667 41.9393
0.770667 41.9939
0.731421 42.0875
0.594238 42.2869
0.538818 42.2601
0.538818 42.3406
0.731421 42.3711
0.731421 42.303
0.731421 42.346
0.769728 42.1941
0.695167 42.3531
0.695167 42.3406
0.853659 42.4845
0.769728 41.2677
0.853659 41.8971
0.769728 42.1053
0.853659 42.2636
0.853659 42.3513
0.740648 42.5206
0.780612 42.3406
0.740648 42.3801
0.714286 42.4142
0.647059 42.389
0.714286 42.4466
0.714286 41.4938
0.714286 42.4142
0.714286 42.3711
0.647059 42.4412
0.648855 42.508
0.714286 42.2887
0.714286 42.1745
0.714286 42.2172
0.714286 42.203
0.714286 42.3424
0.647059 42.2726
0.714286 42.4394
0.648855 42.4232
0.589905 42.1177
0.648855 42.3442
0.589905 42.5659
0.531915 42.187
0.648855 42.219
0.571566 42.4016
0.65587 42.3567
0.65587 42.3083
0.65587 42.2244
0.65587 42.3263
0.65587 42.3747
0.626243 42.1994
0.65587 42.0539
0.626243 42.2708
0.65587 42.1283
0.626243 41.9182
0.65587 42.1692
0.65587 42.3442
0.626243 42.5044
0.65587 41.6112
0.65587 42.1408
0.65587 42.3855
0.65587 42.0716
0.65587 42.2583
0.65587 42.4971
0.65587 42.0557
0.65587 42.3442
0.65587 42.1195
0.65587 42.3137
0.65587 42.1621
0.626243 42.2958
0.65587 42.1425
0.6 42.1656
0.660377 42.2547
0.660377 42.0256
0.660377 42.337
0.660377 42.398
0.660377 42.4052
0.660377 42.4124
0.660377 41.9921
0.660377 40.4563
0.660377 41.8008
0.660377 42.0345
0.660377 42.1248
0.65587 42.3819
0.626243 42.139
0.626243 42.1336
0.623077 42.4646
0.623077 42.2958
0.623077 42.0663
0.623077 42.303
0.623077 42.4484
0.623077 42.3334
0.623077 42.337
0.623077 42.4268
0.595463 42.4034
0.623077 42.4791
0.623077 42.4286
0.623077 42.269
0.623077 42.2351
0.623077 42.3227
0.623077 42.2601
0.623077 42.461
0.623077 42.3012
0.623077 42.443
0.623077 42.4773
0.623077 41.8008
0.568773 42.1017
0.623077 42.4016
0.623077 42.4376
0.623077 42.0946
0.623077 42.2404
0.623077 42.3012
0.623077 42.0769
0.623077 42.3693
0.623077 42.4124
0.623077 42.1479
0.623077 42.3603
0.623077 42.3855
0.623077 42.3944
0.623077 42.1336
0.568773 41.9041
0.623077 42.2887
0.568773 42.3066
0.568773 42.3227
0.568773 41.9974
0.623077 42.0787
0.623077 42.4088
0.623077 42.389
0.623077 42.0964
0.623077 42.3855
0.65587 42.1656
0.65587 41.7746
0.660377 42.3388
0.660377 41.9921
0.626243 41.4439
0.626243 42.2404
0.626243 42.3316
0.595463 42.1994
0.623077 42.1496
0.568773 42.1816
0.623077 42.3478
0.623077 42.1354
0.595463 42.0433
0.544373 41.4972
0.544373 41.8603
0.544373 41.5731
0.595463 42.2976
0.623077 42.3747
0.623077 42.4124
0.623077 42.1159
0.623077 42.2066
0.595463 42.4538
0.568773 42.3729
0.623077 42.5152
0.623077 42.5858
0.568773 42.4556
0.544373 41.9024
0.568773 42.4592
0.623077 42.2547
0.623077 42.4863
0.623077 42.4412
0.595463 42.4448
0.623077 42.219
0.623077 42.3406
0.623077 42.2386
0.623077 42.4628
0.595463 42.3621
0.595463 42.3621
0.595463 42.3998
0.544373 42.4827
0.432099 42.4106
0.432099 42.2262
0.45 42.4466
0.542553 42.1959
0.542553 42.0893
0.542553 42.1567
0.504951 42.508
0.504951 42.219
0.504951 42.3083
0.55102 42.1763
0.55102 42.4052
0.55102 42.1834
0.55102 42.2351
0.55102 42.5279
0.55102 42.3388
0.525974 42.3837
0.525974 42.2654
0.525974 42.4845
0.525974 42.3513
0.525974 42.1816
0.525974 42.4556
0.525974 42.0734
0.525974 42.5116
0.525974 42.0045
0.503106 42.3944
0.503106 42.4863
0.503106 42.3711
0.462236 42.187
0.462236 42.434
0.462236 42.425
0.443478 42.2155
0.443478 42.3263
0.443478 42.1372
0.443478 42.389
0.443478 42.4917
0.443478 42.1248
0.443478 42.389
0.443478 40.1332
0.443478 41.468
0.443478 42.0575
0.443478 42.2922
0.443478 42.2422
0.482143 42.4268
0.482143 42.4412
0.443478 42.407
0.443478 42.155
0.371901 42.2851
0.443478 42.3298
0.45 42.5026
0.45 42.4448
0.45 41.1896
0.45 42.244
0.45 42.2262
0.45 42.139
0.432099 42.2422
0.45 42.1159
0.45 42.3119
0.45 42.1408
0.45 42.2315
0.45 42.2333
0.432 42.3567
0.432 42.2833
0.432 42.389
0.432 42.3191
0.432 42.2779
0.432 42.244
0.432 41.9375
0.432 42.2476
0.432 42.0292
0.45 42.2083
0.45 41.9886
0.45 42.1159
0.45 42.1195
0.45 42.0716
0.45 42.0734
0.45 41.8515
0.45 42.3352
0.45 42.3693
0.45 41.876
0.45 42.0345
0.45 42.084
0.45 42.0362
0.45 42.2905
0.45 42.0805
0.421875 42.2761
0.421875 42.3083
0.421875 42.3137
0.421875 42.219
0.421875 42.3316
0.405 42.3191
0.405 42.2583
0.389423 42.155
0.389423 42.155
0.389423 42.3729
0.389423 42.337
0.389423 42.2369
0.389423 42.2476
0.389423 42.346
0.389423 42.1674
0.389423 42.3478
0.389423 42.1336
0.389423 39.6699
0.389423 40.8497
0.389423 41.8655
0.389423 42.0504
0.389423 42.0893
0.389423 42.1053
0.389423 42.1408
0.389423 41.9445
0.389423 42.0221
0.389423 42.3513
0.405 42.2119
0.405 42.1852
0.405 42.2351
0.405 42.0186
0.405 42.2779
0.405 42.1888
0.389423 42.5224
0.389423 42.3066
0.389423 42.061
0.352941 42.3908
0.352941 42.2958
0.352941 42.294
0.352941 41.6216
0.352941 42.2458
0.352941 42.0929
0.321429 42.2422
0.321429 42.3747
0.321429 42.2547
0.321429 42.1745
0.321429 42.3801
0.321429 42.2583
0.321429 42.3765
0.321429 42.0911
0.321429 42.3513
0.321429 42.3191
0.321429 41.8953
0.310345 42.0929
0.310345 42.2315
0.3 42.1017
0.3 42.328
0.3 42.2869
0.3 42.0999
0.3 42.2511
0.3 42.1621
0.3 42.4899
0.3 42.1141
0.284211 42.0822
0.284211 42.1656
0.284211 42.3048
0.275042 42.3711
0.275042 42.3962
0.275042 42.2244
0.275042 42.2869
0.275042 42.2672
0.275042 42.4142
0.275042 42.3639
0.275042 42.4556
0.266447 41.9956
0.258373 42.2155
0.250774 42.2226
0.258373 42.2601
0.258373 42.269
0.266447 42.3424
0.253125 42.1585
0.253125 41.8253
0.241071 41.8445
0.233766 41.9305
0.233766 42.1106
0.226891 42.4827
0.226891 42.3334
0.220408 42.3155
0.220408 42.4358
0.204545 42.2851
0.204545 41.9445
0.190364 42.3316
0.190364 42.2922
0.195652 42.407
0.195652 42.5641
0.195652 41.651
0.21039 41.8078
0.21039 42.3209
0.21039 42.2619
0.21039 42.3406
0.21039 42.2529
0.21039 42.4124
0.21039 42.1372
0.21039 42.3567
0.21039 42.3442
0.21039 42.2583
0.21039 42.3245
0.21039 42.3352
0.21039 42.2815
0.21039 42.1567
0.21039 41.8533
0.21039 42.3066
0.21039 42.3801
0.21039 41.9217
0.21039 42.1212
0.21039 42.3137
0.216578 42.2494
0.216578 42.1461
0.22314 42.0964
0.22314 42.3083
0.22314 42.1852
0.22314 42.2654
0.22314 42.3066
0.22314 42.3621
0.22314 42.3173
0.22314 42.3173
0.22314 42.2869
0.22314 42.4322
0.22314 41.8585
0.22314 42.3388
0.22314 42.3012
0.22314 42.4358
0.22314 42.1781
0.22314 42.2226
0.208163 42.3119
0.208163 42.3567
0.208163 42.4755
0.22314 42.4574
0.22314 42.3137
0.22314 42.2048
0.22314 42.1621
0.213439 42.0504
0.213439 42.3549
0.204545 42.3209
0.204545 42.1763
0.196364 40.1687
0.188811 41.6181
0.188811 41.4662
0.181818 41.3001
0.1875 42.0097
0.1875 42.0822
0.193548 42.328
0.193548 42.2262
0.193548 42.2833
0.193548 42.0415
0.193548 42.0592
0.19337 42.2494
0.19337 42.1567
0.19337 42.1888
0.19337 42.4196
0.19337 42.2994
0.180328 42.2797
0.186501 42.3245
0.173989 42.2619
0.173989 42.2529
0.174322 42.3119
0.1802 42.1443
0.1802 42.0045
0.168539 42.2101
0.174194 42.1834
0.174194 42.061
0.174194 42.139
0.174194 42.1106
0.174194 42.2833
0.174194 41.9798
0.174194 42.2529
0.174194 42.1763
0.174194 42.2922
0.174194 42.2851
0.174194 42.2012
0.174194 42.2583
0.174194 42.2726
0.174194 42.2386
0.174194 42.219
0.168539 42.2244
0.168539 42.2476
0.168539 42.2369
0.135725 42.2476
0.146457 42.2994
0.146457 41.9727
0.157393 42.244
0.146457 42.2744
0.146457 42.1816
0.146457 42.2672
0.146457 42.0521
0.157393 42.1283
0.168539 42.2547
0.14184 42.4646
0.14184 42.2529
0.127504 42.2369
0.133429 42.3711
0.123755 42.1585
0.129587 42.3657
0.11101 42.2922
0.125619 42.434
0.11657 42.1621
0.11333 42.3585
0.104696 42.4701
0.118774 42.3334
0.110266 39.6448
0.104696 41.5662
0.096195 41.9234
0.0933997 42.0362
0.0907624 41.1573
0.0882699 41.3839
0.0882699 40.5006
0.083612 41.58
0.083612 41.9234
0.076412 42.0787
0.0909091 42.416
0.083612 42.3101
0.0744337 41.8358
0.077293 42.5062
0.0689311 42.443
0.0753769 42.4845
0.0753769 42.1177
0.0753769 42.3819
0.0595276 41.9639
0.0609361 42.3693
0.052808 42.2654
0.062069 42.2458
0.0504943 42.4214
0.0543735 42.1905
0.0532271 42.3855
0.0555967 42.434
0.0498915 41.9006
0.047795 42.2869
0.0521679 42.389
0.0500111 42.2797
0.0449511 42.2994
0.0408825 42.5514
0.0441082 42.294
0.0393832 42.461
0.0348624 42.2922
0.0342479 42.107
0.0329289 42.4376
0.0384687 42.2779
0.037037 42.4701
0.0364116 42.1035
0.0345173 42.4394
0.0339623 42.4052
0.0351617 42.1888
0.0312831 42.1035
0.0324535 42.3191
0.0297799 42.3137
0.0293492 42.2119
0.0267289 42.3334
0.0246704 42.389
0.0258718 42.4358
0.0261294 42.3191
0.0253464 42.4737
0.0270812 42.3352
0.0262845 42.3424
0.0252101 42.508
0.0261654 42.2672
0.0251372 42.1603
0.0254632 42.1159
0.0253262 42.407
0.0262816 42.3729
0.0237809 41.8901
0.0247272 42.2315
0.0230393 42.1319
0.0220147 42.2619
0.0222631 40.0721
0.0219393 41.3514
0.0213242 41.927
0.0209329 42.0168
0.0197951 42.0893
0.0203008 42.1425
0.0207161 42.2351
0.0206659 42.2208
0.0187024 41.7746
0.016653 42.187
0.0152256 42.2208
0.0144205 42.2636
0.0135815 42.2511
0.0129022 42.1354
0.0128144 42.2155
0.0127278 42.3585
0.0126424 42.2815
0.0119752 42.398
0.0113604 42.2226
0.0107928 42.4484
0.0101415 42.3012
0.00964286 42.3209
0.00909142 42.4574
0.00885052 42.398
0.00849057 42.3747
0.00827333 41.971
0.00787555 42.1799
0.00757292 42.2994
0.00722408 42.1372
0.00688863 42.416
0.00663228 42.443
0.00633803 40.8831
0.0059867 42.4719
0.006 42.6294
0.00538564 42.6676
0.00515661 42.7661
0.00492701 42.7936
0.00472813 42.8816
0.00432173 42.8192
0.00421348 42.8504
0.00387913 43.0367
0.00371917 42.8302
0.00419147 42.7753
0.00344675 42.7661
