0.977846 40.7299
0.977846 42.6858
0.977846 42.5604
0.926449 42.6567
0.946881 42.5949
0.887701 42.5677
0.918561 42.2422
0.92919 42.3765
0.864869 42.3388
0.87511 42.2333
0.885463 42.4376
0.852589 42.4899
0.887122 42.2994
0.903928 42.244
0.772036 42.2654
0.772036 41.9745
0.772036 42.3585
0.772036 42.2529
0.81578 42.6167
0.868827 42.3567
0.764507 42.6348
0.764507 42.3998
0.764507 42.4142
0.764507 42.6476
0.764507 42.508
0.764507 42.4809
0.764507 42.5459
0.764507 42.4484
0.764507 42.4971
0.764507 41.9639
0.724643 42.6148
0.729354 42.1852
0.772036 42.2851
0.785312 42.3908
0.84876 42.0521
0.872605 42.2208
0.857386 42.0787
0.842413 42.0911
0.82768 41.9815
0.798908 42.0539
0.792244 42.5206
0.764426 42.1017
0.786445 42.3352
0.80155 42.3048
0.824879 42.0433
0.832598 42.0239
0.840312 41.9992
0.848021 42.3998
0.848021 42.3496
0.848021 42.2529
0.786321 42.2779
0.767023 42.1088
0.786321 42.3567
0.786321 42.1372
0.786321 42.5369
0.786321 42.203
0.779841 42.2208
0.779841 41.9445
0.779841 42.187
0.779841 42.3298
0.789744 42.3083
0.807208 42.0716
0.792801 42.2976
0.792801 42.2511
0.792801 42.1656
0.792801 41.9921
0.792801 42.3245
0.792801 42.155
0.792801 42.3334
0.792801 42.3872
0.792801 42.3209
0.792801 42.0645
0.792801 42.1834
0.792801 42.038
0.792801 42.1977
0.792801 42.123
0.806879 42.061
0.834159 42.0982
0.834159 42.0787
0.834159 41.9217
0.834159 42.0256
0.841108 42.1603
0.841108 41.876
0.834159 42.0203
0.820417 42.2048
0.813874 42.2851
0.793016 42.1852
0.834455 42.0292
0.842681 41.799
0.85107 41.9234
0.85107 39.0274
0.85107 40.8881
0.85107 41.876
0.830713 42.1159
0.831053 42.123
0.818224 41.934
0.805785 42.0982
0.787819 41.9147
0.776281 42.0822
0.776281 41.9745
0.776281 41.8708
0.776281 42.1656
0.770637 42.0557
0.770637 42.2083
0.759013 41.658
0.759593 41.8515
0.754189 42.1248
0.748861 42.1106
0.754189 41.6736
0.754189 41.8183
0.759593 41.9657
0.767235 42.1053
0.782989 41.7833
0.791112 41.9498
0.791112 42.0133
0.791112 42.1834
0.791112 41.3479
0.791112 41.9921
0.791112 41.9393
0.798931 41.8603
0.806487 41.6181
0.806487 41.4302
0.806487 41.927
0.795332 41.9076
0.779166 41.8305
0.768749 41.5818
0.768749 41.8708
0.769356 41.7676
0.769356 41.4405
0.769356 41.3223
0.769356 41.7571
0.769356 41.7798
0.769356 41.7014
0.747167 41.4422
0.774911 41.5593
0.774911 41.5749
0.774911 41.3633
0.774911 40.8881
0.77002 41.365
0.77002 41.2729
0.76519 41.5058
0.766997 41.4319
0.762205 41.3394
0.763864 41.4508
0.760627 41.3104
0.754669 41.3702
0.744304 41.4817
0.722582 41.295
0.722582 41.6771
0.722582 41.5887
0.722582 41.9305
0.722582 41.4852
0.722582 41.8918
0.73866 41.658
0.739461 40.813
0.733756 41.3343
0.733756 41.5679
0.714652 41.5317
0.735409 41.4731
0.74212 41.5058
0.743449 41.5334
0.738259 41.3428
0.729387 41.5248
0.725031 41.5351
0.716473 41.5162
0.723952 40.9769
0.723952 41.3479
0.723952 41.3633
0.723952 40.8463
0.723952 41.2099
0.723952 41.3309
0.723952 41.2797
0.723952 40.8781
0.723952 41.1455
0.723952 41.3104
0.723952 41.0965
0.723952 41.3719
0.723952 41.3138
0.723952 41.0122
0.723952 41.266
0.723952 40.9685
0.723952 41.2831
0.723952 41.115
0.723952 41.154
0.723952 40.6289
0.723952 40.7432
0.723952 40.7017
0.723952 40.8697
0.723952 40.6587
0.715662 40.873
0.711588 40.7581
0.703578 40.7548
0.703578 40.7847
0.684273 40.833
0.653693 40.6223
0.68678 41.1133
0.680606 41.1845
0.672674 41.1946
0.676738 41.1879
0.67343 40.4809
0.67158 40.5351
0.67158 40.7349
0.654121 40.7166
0.671663 39.3685
0.671663 40.5301
0.671663 40.5531
0.671663 40.6438
0.671663 40.662
0.671663 40.8013
0.671663 40.5301
0.671663 40.5022
0.67158 40.6967
0.67158 40.563
0.675127 40.1897
0.675127 40.0914
0.67158 40.4727
0.67158 40.2982
0.67158 41.11
0.67158 40.6009
0.675575 40.7564
0.682759 40.5383
0.68599 41.0728
0.68599 41.1387
0.68599 41.1624
0.68599 41.0644
0.684319 41.1523
0.68599 41.2507
0.68599 41.0004
0.682361 40.9651
0.682361 41.1286
0.678771 40.8714
0.678771 41.2916
0.678771 40.9618
0.678771 41.2235
0.678771 41.1913
0.678771 41.0357
0.678771 40.7216
0.680211 41.0021
0.690123 41.132
0.691318 40.6901
0.667692 40.6587
0.664204 40.9383
0.657337 40.8463
0.657337 41.1523
0.657337 41.056
0.657337 40.8463
0.657337 40.8931
0.657337 40.7133
0.657337 40.7415
0.657337 40.8797
0.657337 41.0458
0.657337 41.0004
0.657337 40.9316
0.657337 40.8047
0.657337 41.1083
0.657337 41.132
0.657337 41.0391
0.657337 40.9199
0.664018 41.1353
0.659351 41.0914
0.64994 41.0678
0.659351 40.8463
0.664018 40.5861
0.646878 41.2218
0.675218 40.8197
0.672055 41.0931
0.670636 41.0206
0.656974 40.0753
0.64066 40.9618
0.628181 41.0189
0.628181 41.11
0.628181 41.1573
0.628181 41.1167
0.625137 41.1303
0.619136 40.8197
0.616179 41.0172
0.625958 41.2984
0.630807 41.1421
0.640426 40.808
0.640426 41.0931
0.640426 41.1049
0.640426 40.8513
0.640426 39.2003
0.640426 40.7963
0.640426 40.8113
0.634129 40.945
0.631027 40.4694
0.624914 41.2303
0.624914 40.5581
0.624914 40.5992
0.624914 41.0122
0.624914 40.0625
0.624914 41.0038
0.624914 40.9769
0.615752 40.94
0.61113 40.9232
0.601806 41.029
0.61113 40.9752
0.621901 41.0307
0.630869 40.9299
0.630869 40.5828
0.635313 41.159
0.635313 41.0475
0.630869 40.813
0.626398 41.0223
0.621901 41.132
0.621901 41.2065
0.621901 41.2201
0.621901 41.2286
0.621901 40.6851
0.621901 40.7282
0.621901 40.9115
0.621901 41.1303
0.621901 40.6421
0.621901 41.0965
0.626398 41.0678
0.630869 41.0711
0.635313 41.0155
0.635313 40.8563
0.620028 40.7564
0.635313 40.9769
0.614036 41.154
0.611083 41.0965
0.605263 40.9551
0.607263 41.0576
0.589843 40.935
0.576487 41.2167
0.573922 40.8113
0.573922 41.1066
0.57138 40.6636
0.57138 40.9299
0.57138 41.0105
0.57138 41.0155
0.57138 41.1641
0.57138 41.2116
0.57138 41.2082
0.57138 41.1777
0.57138 40.9316
0.57138 40.8714
0.57138 40.9836
0.57138 40.6421
0.57138 41.1083
0.57138 41.1336
0.57138 41.266
0.57138 41.1675
0.57138 41.0425
0.57138 39.9648
0.57138 40.6157
0.57138 41.0155
0.57138 40.9702
0.57138 41.0088
0.57138 40.9048
0.57138 40.868
0.57138 39.7283
0.57138 40.9165
0.57138 41.1235
0.57138 41.1963
0.57138 41.0088
0.57138 41.1913
0.57138 40.705
0.57138 41.0122
0.57138 41.2031
0.57138 40.7116
0.57138 41.154
0.57138 41.1845
0.57138 40.8263
0.57138 41.2201
0.57138 41.2065
0.57138 41.0004
0.57138 40.9786
0.57138 41.0931
0.57138 41.2882
0.57138 40.9668
0.57138 40.7498
0.57138 40.8647
0.56886 41.2592
0.566363 40.9601
0.563887 41.2814
0.561433 41.0273
0.556588 41.2048
0.554197 40.9115
0.545831 41.0442
0.537346 41.1692
0.52874 40.9433
0.526581 41.232
0.52444 41.0357
0.522317 41.2184
0.522317 41.2048
0.522317 41.3565
0.522317 40.803
0.522317 40.8614
0.522317 41.1845
0.522317 41.0829
0.522317 41.3274
0.522317 40.9651
0.522317 41.0745
0.522317 41.0948
0.522317 40.9048
0.522317 41.0442
0.520211 41.1624
0.520211 40.7365
0.518121 40.9735
0.518121 41.0543
0.518121 41.0442
0.518121 41.2048
0.518121 41.2405
0.518121 41.1032
0.518121 41.0931
0.518121 41.2031
0.518121 41.249
0.518121 40.1994
0.522317 40.3861
0.52874 41.0324
0.53311 41.1794
0.5375 41.1879
0.54186 41.2439
0.546189 41.1675
0.5375 41.3223
0.524236 41.0593
0.515237 41.1624
0.515237 41.2031
0.515237 41.232
0.515237 41.2354
0.515237 41.1743
0.515237 40.6141
0.515237 41.198
0.509136 40.9216
0.505149 41.2831
0.502214 41.3822
0.502214 39.7014
0.502214 40.9769
0.502214 41.2456
0.510994 40.9735
0.523934 41.0088
0.532411 40.8965
0.534551 40.7864
0.536708 41.1083
0.538883 41.0442
0.534551 41.1455
0.528295 40.9752
0.524003 41.2882
0.524003 41.2865
0.524003 40.3275
0.524003 41.0762
0.524003 41.0341
0.524003 41.0846
0.524003 41.2099
0.524003 41.0055
0.524003 41.1438
0.524003 41.0914
0.524003 41.1438
0.524003 41.4388
0.524003 41.2643
0.524003 41.1218
0.524003 41.1387
0.524003 41.0105
0.516 41.2422
0.511953 41.0998
0.503764 40.8948
0.503764 41.3633
0.503764 41.0576
0.503764 41.2797
0.503764 41.1726
0.507097 40.992
0.507097 40.5959
0.507097 41.1845
0.507097 40.9283
0.507097 40.9937
0.50326 41.0846
0.501363 40.4465
0.497611 40.6554
0.497611 41.0711
0.497611 41.0745
0.497611 40.95
0.497611 40.2285
0.497611 40.6405
0.497611 40.7498
0.497611 40.9115
0.497611 41.0694
0.497611 40.9567
0.493915 41.1946
0.492088 41.137
0.488473 40.9668
0.484474 41.2252
0.484474 40.935
0.480444 41.0256
0.488473 40.9567
0.492441 40.9786
0.500284 41.1523
0.496378 40.8197
0.492441 41.0661
0.488473 40.8998
0.488473 40.9467
0.488473 41.0576
0.488473 41.0981
0.488473 41.0155
0.488473 40.9048
0.488473 41.0998
0.488473 40.6967
0.488473 41.1997
0.488473 40.5745
0.488473 40.4318
0.488473 40.373
0.488473 40.8497
0.486685 40.5762
0.486685 40.6488
0.484911 40.5154
0.484911 40.0802
0.483149 40.4678
0.479425 41.0055
0.479425 41.0004
0.479425 41.1658
0.479425 41.154
0.479425 41.2746
0.479425 41.2507
0.483149 41.154
0.47623 40.9283
0.469505 40.6554
0.462968 40.7415
0.462968 41.0661
0.462968 41.0206
0.462968 40.8213
0.462968 40.9065
0.462968 40.7764
0.462968 40.5828
0.462968 40.8547
0.46635 40.8163
0.466497 40.7017
0.469604 40.6868
0.474343 40.4155
0.477557 40.2982
0.475945 40.4367
0.472753 40.4727
0.471173 40.4285
0.471173 40.5268
0.469604 40.4008
0.469604 40.4793
0.470336 40.0818
0.472557 39.8438
0.472452 40.2334
0.472452 40.3991
0.468876 40.5696
0.468876 40.5894
0.467277 40.6289
0.467614 40.8263
0.466023 40.4629
0.468402 40.7681
0.471535 40.422
0.473117 40.7315
0.470105 40.1768
0.465576 40.1897
0.462606 40.4302
