0.983641 36.2858
0.983641 35.6341
0.983641 36.2582
0.983641 36.2266
0.983641 36.846
0.983641 36.8067
0.983641 34.9822
0.983641 36.6811
0.983641 36.7647
0.969024 37.0178
0.940426 37.048
0.983641 36.9672
0.983641 37.0247
0.969024 36.944
0.95462 36.9686
0.95462 36.739
0.95462 36.9795
0.95462 36.7674
0.95462 36.9795
0.95462 36.9004
0.95462 37.022
0.95462 36.9658
0.969024 36.9905
0.983641 37.0261
0.951906 36.8868
0.951906 36.8202
0.921421 36.8324
0.90795 37.1044
0.894666 36.2043
0.948943 36.4884
0.935084 37.0521
0.921421 37.0782
0.936627 37.0247
0.871912 37.1374
0.871912 37.1968
0.889331 36.8786
0.935084 35.5897
0.921421 36.7269
0.90795 37.0631
0.936627 35.0018
0.871912 35.4962
0.885008 37.0055
0.871912 37.1058
0.871912 37.0384
0.918564 36.9358
0.875375 36.8827
0.933799 36.9891
0.919029 36.9836
0.932905 37.0069
0.893774 37.0824
0.886193 36.5751
0.873274 37.1955
0.87156 36.8609
0.943118 36.9836
0.936149 37.1002
0.922359 36.8623
0.869073 36.6488
0.910028 36.7134
0.910028 36.6811
0.910028 36.7202
0.924859 34.4685
0.924859 34.9272
0.925164 35.3457
0.925164 35.1853
0.925164 36.6972
0.925164 36.3346
0.925164 36.7134
0.904984 36.1729
0.91839 36.6905
0.911491 36.7471
0.90465 36.7269
0.890956 36.5992
0.890956 36.8161
0.890956 36.7539
0.890956 36.5283
0.904261 36.8433
0.917002 36.7755
0.929179 36.626
0.929179 36.7525
0.929179 36.539
0.929179 36.5283
0.916188 36.8161
0.909684 36.7458
0.89666 36.7107
0.89666 36.7458
0.89666 36.5283
0.89666 36.7444
0.89666 36.7148
0.89666 36.5243
0.89666 36.8067
0.89666 36.4724
0.89666 36.8854
0.89666 36.7958
0.89666 36.6999
0.89666 36.6502
0.89666 36.708
0.903127 36.7918
0.896591 36.6287
0.896546 36.7931
0.889419 36.8121
0.875147 36.7796
0.868326 36.5444
0.868326 36.7377
0.868326 36.7525
0.899445 36.7972
0.893333 36.7053
0.881087 36.7215
0.874952 36.7566
0.874952 36.7661
0.874952 36.6797
0.874952 36.6865
0.860609 36.669
0.840537 36.7566
0.815266 36.5163
0.815266 36.7863
0.815266 36.2371
0.815266 36.4511
0.815266 36.7579
0.815266 36.4352
0.815266 35.9583
0.815266 35.2547
0.815266 36.4431
0.815266 36.3332
0.815266 36.7715
0.815266 36.4924
0.815266 36.531
0.815266 36.762
0.815266 36.6744
0.826766 36.7661
0.815175 36.7485
0.809501 36.7336
0.798386 36.6287
0.798386 36.7188
0.798386 36.7945
0.798386 36.6676
0.798386 36.7958
0.83787 36.4365
0.83787 36.739
0.83787 34.1099
0.83787 36.8216
0.83787 36.7688
0.826407 36.6086
0.826407 36.762
0.815086 36.6946
0.80896 36.762
0.7979 36.6113
0.791984 36.7229
0.791984 36.5845
0.791984 36.483
0.791984 36.7525
0.791984 36.4844
0.791984 36.6865
0.791984 36.6771
0.791984 36.495
0.791984 36.762
0.791984 36.7431
0.791984 36.6932
0.791984 36.6771
0.791984 36.5604
0.791984 36.6824
0.825215 36.6892
0.825215 36.014
0.819439 36.6959
0.802755 36.7566
0.797247 36.3663
0.793421 36.7607
0.77546 36.6865
0.771543 36.5778
0.771543 36.6394
0.771543 36.6488
0.771543 36.7836
0.771543 36.8283
0.771543 36.6488
0.771543 36.5444
0.771543 36.4631
0.771543 36.523
0.771543 36.2279
0.771543 36.299
0.771543 36.7215
0.771543 36.4524
0.771543 36.3293
0.771543 36.6059
0.771543 36.1729
0.784913 36.5364
0.813084 36.6878
0.801433 36.6113
0.801433 36.5992
0.801433 36.499
0.801433 36.406
0.801433 36.527
0.790437 36.5979
0.790437 36.808
0.790437 36.5657
0.790437 36.6569
0.790437 36.5083
0.790437 36.7444
0.790437 36.7309
0.790437 36.3954
0.779575 36.5885
0.758242 36.8487
0.747766 36.7918
0.747766 36.708
0.747766 36.495
0.747766 36.6797
0.747766 36.4246
0.747766 36.7121
0.747766 36.6005
0.747766 36.6703
0.747766 36.8053
0.747766 36.762
0.747766 36.4737
0.823834 36.7309
0.823834 36.5457
0.812053 36.6247
0.806288 36.6314
0.795 36.6139
0.784294 36.527
0.773715 36.5885
0.763261 36.7148
0.763261 36.6046
0.763261 36.6448
0.763261 36.6046
0.758049 36.4339
0.747834 36.7999
0.74283 36.135
0.74283 36.245
0.74283 35.2398
0.74283 36.5257
0.74283 36.527
0.74283 36.5283
0.74283 36.7471
0.74283 36.4392
0.74283 36.539
0.74283 36.5631
0.74283 36.6946
0.74283 36.5551
0.74283 36.6811
0.737523 36.5698
0.744724 36.6019
0.759669 36.5738
0.759669 36.3465
0.759669 36.515
0.759669 36.483
0.749562 36.4924
0.73957 36.2976
0.729692 36.0542
0.729692 36.6878
0.724982 31.6026
0.724982 34.3065
0.715742 37.3093
0.71121 37.4742
0.702316 37.4111
0.702316 37.8243
0.702316 37.919
0.702316 37.9809
0.702316 38.0141
0.702316 37.7886
0.702316 37.8415
0.702316 38.0214
0.702316 37.5375
0.702316 37.4953
0.697502 37.8874
0.692754 37.9133
0.68807 38.0156
0.68807 37.6648
0.68807 38.0315
0.68807 37.9118
0.683449 37.8172
0.733851 38.0981
0.72883 37.9535
0.724141 38.1199
0.724141 37.9665
0.719512 38.1825
0.719512 38.1913
0.719512 37.6322
0.719512 38.117
0.706475 38.1781
0.702222 37.9248
0.68942 38.0923
0.68942 38.1709
0.68942 38.0026
0.68942 37.9478
0.68942 38.2029
0.68942 37.9507
0.68942 38.004
0.681063 38.165
0.676959 37.9003
0.668899 38.0055
0.668899 38.1316
0.668899 38.0648
0.668899 38.2731
0.668899 38.0387
0.668899 38.184
0.668899 38.1796
0.668899 38.2219
0.668899 38.2629
0.668899 37.7358
0.660372 38.0604
0.655863 38.1083
0.647588 36.8677
0.659232 38.1665
0.66723 37.8015
0.679597 38.2541
0.679597 38.1388
0.679597 37.0563
0.679597 36.3332
0.679597 36.4418
0.679597 36.4365
0.679597 36.5177
0.671302 36.5043
0.669245 36.406
0.678409 36.3544
0.678409 36.4445
0.678409 36.4126
0.678409 36.1781
0.673903 36.3293
0.669457 35.8153
0.66507 36.0594
0.66507 35.6455
0.66507 34.6993
0.66507 34.65
0.66507 36.0555
0.66507 36.3399
0.66507 36.4418
0.66507 36.4232
0.66507 36.5497
0.66507 36.2779
0.66507 36.5003
0.66507 36.3901
0.66507 36.4711
0.660739 35.2995
0.648298 36.2161
0.644151 36.3742
0.644151 36.515
0.644151 36.2188
0.644151 36.361
0.644151 36.3755
0.644151 36.41
0.644151 36.5952
0.640366 35.4045
0.636626 36.3742
0.632928 36.3029
0.632928 36.3082
0.632928 36.3332
0.632928 36.0581
0.632928 36.4312
0.625106 36.4299
0.625106 36.2384
0.625106 36.2937
0.632928 36.3742
0.632928 35.9648
0.632928 36.2122
0.632928 35.8603
0.632928 36.398
0.632928 36.2424
0.632928 36.0088
0.632928 36.1912
0.632928 36.5484
0.632928 36.0607
0.632928 36.4219
0.629116 36.3941
0.625292 36.3478
0.621455 36.4365
0.621455 36.0451
0.621455 36.1272
0.621455 36.2529
0.617748 36.2135
0.610337 36.41
0.606709 35.9751
0.606709 36.2476
0.606709 36.1978
0.606709 35.8783
0.660756 36.2083
0.660756 36.2608
0.660756 36.2871
0.660756 36.2542
0.660756 36.2582
0.660756 35.9428
0.653078 36.1233
0.649306 36.3372
0.646767 35.1914
0.65818 35.466
0.654008 35.8089
0.649889 35.979
0.649889 35.9673
0.649889 35.8744
0.649889 35.7859
0.649889 35.9596
0.649889 35.7322
0.649889 36.1363
0.649889 36.1246
0.649889 36.0451
0.649889 35.548
0.654008 35.9855
0.661903 35.7564
0.673119 35.7884
0.68559 35.6405
0.620445 35.9299
0.602371 35.9415
0.613226 35.9286
0.619782 36.049
0.649146 35.7436
0.672666 35.7232
0.680655 35.4761
0.685497 35.7449
0.669546 35.7628
0.662143 35.9105
0.646732 35.6875
0.647167 34.8396
0.651173 35.0521
0.600354 35.2597
0.610392 35.6214
0.628354 35.4988
0.631711 35.7615
0.639242 35.8783
0.658128 35.5644
0.665876 35.7935
0.662253 35.7961
0.65867 35.9118
0.655126 35.7935
0.655126 35.713
0.655126 35.868
0.655126 35.8539
0.655126 35.6646
0.596411 35.8886
0.596411 35.5859
0.610696 35.886
0.617934 35.9118
0.636058 35.7296
0.655308 35.6672
0.651905 35.6265
0.648536 35.6646
0.656073 34.4341
0.66368 35.6773
0.667348 35.5278
0.644717 35.9079
0.644717 35.4736
0.644717 35.2945
0.644717 35.5518
0.615481 35.6761
0.615481 35.7449
0.622692 35.4396
0.629968 35.823
0.637309 35.8243
0.637309 35.302
0.637309 35.5758
0.637309 35.5669
0.648741 34.3159
0.660237 34.7971
0.63454 35.3157
0.631529 35.5454
0.628346 35.2622
0.625354 35.4208
0.625354 34.7427
0.625354 35.184
0.625354 34.6777
0.625354 35.2088
0.625354 35.0976
0.625354 35.7718
0.642915 35.7015
0.664833 35.6722
0.683039 35.5783
0.624819 35.6697
0.624819 35.4874
0.624819 35.713
0.624819 35.7577
0.624819 35.736
0.624819 35.7897
0.624819 35.5859
0.624819 35.412
0.624819 35.5809
0.638993 35.5556
0.660724 35.5139
0.675534 35.4836
0.668096 35.3332
0.653417 35.5581
0.646173 35.1976
0.653417 35.7105
0.653417 35.6748
0.660724 35.5593
0.638993 35.5948
0.646173 35.671
0.653417 35.466
0.646783 35.4308
0.637082 35.553
0.630775 35.6684
0.630775 35.5063
0.630775 35.6761
0.630775 35.7194
0.630775 35.7015
0.630775 35.5745
0.630775 35.2088
0.640026 35.0877
0.643066 35.4824
0.657203 35.61
0.62247 36.1703
0.62247 36.2371
0.62247 36.5404
0.6293 36.2805
0.6293 36.495
0.636187 36.6744
0.636187 36.2924
0.636187 36.4445
0.636187 36.3148
0.636187 36.543
0.636187 36.5057
0.636187 36.4631
0.643133 36.4977
0.643133 36.2161
0.650138 36.1141
0.650138 36.0282
0.650138 36.2266
0.650138 36.4339
0.657203 36.3082
0.664328 36.398
0.671516 36.0036
0.671516 36.1873
0.671516 36.3108
0.671516 36.0581
0.671516 36.4591
0.671516 36.5885
0.671516 36.543
0.671516 36.5818
0.671516 36.4737
0.671516 36.6972
0.668146 36.5564
0.609752 36.4378
0.606823 36.3742
0.613461 36.4392
0.620153 36.5003
0.626902 36.6113
0.626902 36.5043
0.626902 36.4618
0.626902 36.479
0.626902 36.6448
0.626902 36.4697
0.626902 36.5751
0.626902 36.1834
0.626902 36.6341
0.626902 36.5912
0.626902 36.1978
0.626902 36.5337
0.626902 36.4153
0.627576 36.5163
0.63806 36.5337
0.638671 36.4312
0.638671 36.4857
0.638671 36.361
0.638671 36.4232
0.638671 36.3901
0.638671 36.4711
0.638671 35.7999
0.638671 36.4671
0.638671 36.5283
0.638671 35.6481
0.638671 35.8835
0.638671 36.5017
0.638671 36.5177
0.638671 36.4551
0.638671 36.4857
0.638671 36.5457
0.638671 36.4431
0.638671 36.4418
0.638671 36.5872
0.638671 36.2766
0.638671 36.523
0.638671 36.3003
0.631925 35.9699
0.631925 36.2674
0.625234 36.3214
0.625234 36.5337
0.625234 36.5898
0.625234 36.3623
0.625234 36.2595
0.625234 36.4737
0.625234 36.4007
0.625234 36.6032
0.625234 36.4246
0.625234 36.3967
0.625234 36.3465
0.625234 36.5764
0.625234 36.4431
0.622254 36.5377
0.622254 36.6072
0.619303 36.4644
0.619303 36.6099
0.619303 36.3491
0.619303 36.5163
0.619303 36.6287
0.619303 36.6394
0.619303 36.4153
0.619303 36.3412
0.619303 36.3994
0.619303 36.2897
0.619303 36.4751
0.619303 36.4964
0.619303 36.4684
0.619303 36.5163
0.619303 36.1167
0.619303 36.5791
0.619303 36.0776
0.619303 36.3967
0.619303 36.5751
0.619303 36.5257
0.619303 36.5283
0.619303 36.5337
0.619303 36.5444
0.619303 36.5283
0.619303 36.3636
0.619303 36.4524
0.619303 36.4684
0.619303 36.5057
0.619303 36.5017
0.619303 36.4538
0.619303 36.6153
0.619303 36.3742
0.619303 36.4219
0.619303 36.4498
0.619303 36.5631
0.619303 36.6126
0.619303 36.618
0.619303 36.7134
0.619303 36.6153
0.619303 36.6327
0.619303 36.5017
0.619303 36.6703
0.619303 36.6959
0.619303 36.6502
0.619303 36.6354
0.619303 36.5938
0.612728 36.7363
0.606256 36.3148
0.599885 36.4964
0.602706 36.535
0.605553 36.6932
0.608428 36.7161
0.608428 35.1902
0.608428 36.4232
0.608428 36.6838
0.608428 36.6905
0.608428 36.5577
0.608428 36.6784
0.608428 36.88
0.608428 36.7823
0.608428 36.7296
0.608428 36.519
0.608428 36.6609
0.608428 36.6811
0.608428 36.7202
0.608428 36.8677
0.608428 36.6623
0.608428 35.7731
0.608428 36.5484
0.608428 36.8094
0.608428 36.6972
0.608428 36.1402
0.608428 36.6986
0.608428 36.5337
0.608428 36.4857
0.608428 36.5764
0.608428 36.5657
0.608428 36.4219
0.608428 36.5097
0.608428 36.7121
0.608428 36.4312
0.608428 36.41
0.61133 36.1141
0.614259 36.3954
0.617217 36.3742
0.617217 36.5631
0.617217 36.5818
0.617217 36.203
0.617217 36.3755
0.617217 36.523
0.617217 36.7404
0.617217 36.6381
0.623789 36.6932
0.623789 36.7701
0.623789 36.7796
0.623789 36.487
0.623789 36.6919
0.623789 36.3941
0.623789 36.8473
0.623789 36.7661
0.623789 36.5858
0.623789 36.8718
0.623789 36.8039
0.623789 36.8026
0.623789 36.6072
0.623789 36.245
0.623789 36.5364
0.623789 36.4817
0.623789 36.665
0.623789 36.7404
0.623789 36.4458
0.623789 36.5123
0.623789 36.0231
0.623789 36.5497
0.623789 36.6542
0.623789 36.3108
0.623789 36.3095
0.623789 36.295
0.623789 36.503
0.623789 36.0711
0.623789 36.6502
0.630415 36.7688
0.630415 36.5885
0.637095 36.6932
0.637095 36.414
0.637095 36.2516
0.637095 36.3372
0.637095 36.4551
0.637095 36.3253
0.637095 36.5203
0.637095 36.3742
0.637095 36.503
0.637095 36.5631
0.64383 36.4392
0.64383 36.4657
0.65062 36.3135
0.65062 36.2148
0.65062 36.4179
0.65062 35.957
0.653834 35.8976
0.660357 34.9601
0.649764 36.1102
0.64655 35.7411
0.653425 36.324
0.650195 36.4007
0.654083 36.3689
0.654083 35.8732
0.658017 36.2424
0.658017 36.1912
0.658017 36.1925
0.658017 36.2083
0.604062 36.152
0.604062 36.3412
0.604062 36.266
0.617219 36.41
0.623878 36.2753
0.637364 36.2568
0.637364 36.2083
0.637364 36.2227
0.637364 36.4007
0.637364 36.4777
0.637364 36.3372
0.637364 36.2792
0.644191 36.1141
0.651075 36.1703
0.658017 36.1781
0.658017 36.2818
0.658017 36.2411
0.658017 36.2963
0.658017 36.4844
0.658017 36.4711
0.658017 36.1925
0.665018 36.105
0.610613 36.1637
0.617219 35.8732
0.623878 35.9415
0.623878 35.3082
0.630593 35.529
0.630593 36.1324
0.630593 36.0127
0.630593 35.1506
0.630593 35.8179
0.630593 35.8796
0.630593 35.8873
0.630593 36.0672
0.630593 35.7232
0.630593 35.9997
0.630593 36.0881
0.630593 35.9441
0.630593 36.0282
0.630593 36.0269
0.630593 35.7385
0.630593 36.1219
0.6336 35.7488
0.6336 35.9131
0.636596 35.877
0.62988 35.9725
0.62988 35.3457
0.62322 36.062
0.62322 36.152
0.62322 36.0763
0.62322 36.0412
0.62322 35.9299
0.62322 35.85
0.62322 35.9454
0.62988 35.9855
0.62988 35.8796
0.636596 36.0347
0.636596 35.9751
0.636596 35.832
0.636596 36.0386
0.639732 36.0023
0.639732 35.2113
0.642899 36.1651
