0.910687 44.3341
0.910687 48.1301
0.910687 43.5844
0.910687 45.8526
0.910687 45.9053
0.910687 46.3951
0.910687 46.1084
0.807025 46.0024
0.833935 45.8905
0.807025 45.5187
0.86194 45.7164
0.833716 46.1979
0.769504 46.0702
0.833935 45.9517
0.766169 45.7226
0.766169 45.8379
0.766169 46.0024
0.766169 46.0745
0.807692 46.1425
0.745704 46.1255
0.786232 46.1063
0.785352 45.8947
0.721137 45.8821
0.720741 46.1723
0.745518 46.066
0.833716 46.1744
0.665415 46.0914
0.810747 45.92
0.676794 46.1318
0.720741 45.7059
0.676794 45.9559
0.631788 45.8169
0.655997 46.2942
0.655997 46.117
0.770606 45.977
0.770606 46.0893
0.747146 44.1657
0.721519 45.66
0.679012 45.9432
0.681088 46.0405
0.771404 46.1659
0.772425 45.92
0.771404 45.3104
0.771674 45.8463
0.770606 46.0469
0.770606 46.0257
0.733878 46.049
0.712213 45.7268
0.733878 45.9791
0.723992 45.6142
0.770606 45.9179
0.770606 46.0066
0.748412 45.9284
0.748412 45.6809
0.748412 45.9791
0.712213 46.1723
0.712213 45.7687
0.712213 46.0172
0.820051 45.7143
0.771218 45.7268
0.734243 45.7226
0.811125 45.8064
0.726264 45.5789
0.726264 46.0384
0.771674 45.9876
0.771674 45.8968
0.748412 46.0469
0.771674 45.9221
0.703673 46.134
0.771674 45.5726
0.703673 45.775
0.703673 45.9517
0.703673 45.6871
0.692127 45.7415
0.652008 45.7771
0.673143 46.032
0.71277 45.2755
0.791115 45.708
0.791115 45.8905
0.790099 45.8463
0.815261 45.9242
0.734459 45.6433
0.704307 45.8484
0.693138 45.8505
0.655172 45.8379
0.680685 45.8589
0.700301 45.5042
0.842513 45.9306
0.65035 45.8884
0.801527 45.1875
0.65035 45.9495
0.75804 45.8169
0.75804 45.798
0.75804 45.84
0.728223 45.3063
0.797101 45.4773
0.728223 45.9411
0.714286 45.8463
0.77354 45.5892
0.797101 45.7792
0.77354 45.8631
0.77354 45.3474
0.797101 45.5789
0.736106 45.6329
0.842697 45.6142
0.817174 45.403
0.702128 45.8043
0.702128 45.8884
0.722628 45.7938
0.742005 45.6496
0.764192 45.9432
0.742005 45.9074
0.764192 45.6308
0.764192 45.7875
0.702128 45.4318
0.736607 45.708
0.676856 45.8169
0.716353 45.469
0.682759 45.6767
0.652174 45.88
0.652174 45.88
0.670732 45.6454
0.670732 44.7547
0.670732 45.405
0.682759 45.4504
0.682759 45.4773
0.755396 45.7415
0.755396 45.4153
0.755396 45.731
0.755396 45.7603
0.682759 45.6246
0.682759 45.6871
0.682759 45.9053
0.634615 45.8505
0.634615 45.8758
0.634615 45.8316
0.574074 45.6517
0.7 45.9918
0.574074 45.6371
0.734694 45.8547
0.634615 45.6621
0.734694 45.9664
0.629538 45.583
0.629538 45.5
0.629538 45.7645
0.664421 45.5083
0.664421 45.2448
0.730108 45.608
0.730108 45.7038
0.730108 45.8589
0.730108 45.5332
0.730108 45.8085
0.730108 45.7813
0.730108 45.66
0.664421 45.4669
0.664421 45.92
0.664421 45.6454
0.664421 45.7519
0.664421 45.8043
0.666767 45.7038
0.666767 45.7729
0.684597 45.7247
0.764935 45.6288
0.664421 45.6246
0.764935 45.335
0.646774 45.294
0.743425 45.5996
0.730108 45.7561
0.730108 45.8526
0.730108 45.7122
0.730108 45.819
0.664421 45.7896
0.730108 45.7834
0.664421 45.7687
0.664421 45.8463
0.664421 45.8989
0.664421 45.7059
0.710217 44.9035
0.679905 44.8069
0.692127 44.7487
0.692127 42.7826
0.661858 44.5613
0.692127 45.4918
0.682814 45.3762
0.714454 45.583
0.622914 45.4133
0.692127 44.8511
0.661858 45.1896
0.661858 43.6987
0.661858 45.4752
0.661858 45.7624
0.661858 45.7938
0.692127 45.7143
0.714454 45.5955
0.714454 45.3289
0.714454 45.6976
0.682814 45.6913
0.682814 45.7624
0.682814 45.3721
0.682814 45.3289
0.682814 45.5063
0.682814 45.3906
0.682814 45.7771
0.682814 45.4009
0.682814 45.7373
0.682814 45.5913
0.682814 45.7477
0.719723 45.3124
0.719723 45.5809
0.586592 45.6454
0.700599 45.7185
0.682814 45.6934
0.682814 45.7792
0.682814 45.7813
0.682814 45.7038
0.682814 45.7457
0.682814 45.1896
0.714454 45.5394
0.714454 45.4215
0.695652 45.5125
0.665169 44.4622
0.648412 40.3031
0.683461 42.9719
0.626455 43.9309
0.626455 44.4227
0.626455 45.255
0.626455 45.1549
0.626455 44.8591
0.626455 45.1651
0.626455 45.2858
0.626455 45.4401
0.626455 45.4153
0.626455 45.37
0.626455 45.7854
0.626455 45.5519
0.573183 45.66
0.573183 45.3474
0.683461 45.6038
0.573183 45.731
0.683461 45.4856
0.573183 45.6413
0.683461 45.3515
0.683461 45.7645
0.683461 45.335
0.683461 45.4442
0.683461 45.5685
0.683461 45.5872
0.683461 44.4306
0.704434 45.2878
0.704434 45.2304
0.717791 42.5514
0.717791 44.9297
0.687133 44.6229
0.687133 45.4545
0.658986 45.2407
0.643178 45.4277
0.643178 45.5498
0.654762 45.6204
0.628111 45.2223
0.654762 45.3803
0.577305 45.683
0.654762 45.6163
0.577305 45.6538
0.654762 45.6997
0.577305 45.5892
0.654762 45.4504
0.654762 45.6308
0.654762 45.6558
0.628111 45.731
0.628111 45.7813
0.628111 45.4773
0.628111 45.4442
0.628111 45.0572
0.696304 45.3248
0.64058 45.4112
0.655786 45.3803
0.74375 45.3206
0.655786 45.3412
0.74375 45.2837
0.655786 45.4794
0.713408 45.6663
0.713408 45.104
0.685349 45.2653
0.668906 45.2735
0.643583 45.5
0.628494 45.212
0.614097 45.2407
0.600345 45.5643
0.600345 44.154
0.600345 44.9458
0.600345 44.4701
0.600345 41.927
0.600345 44.7267
0.647869 45.1264
0.673077 45.0471
0.599666 45.1365
0.673077 45.3494
0.673077 45.3823
0.647869 45.4298
0.647869 45.3721
0.647869 45.4794
0.662704 45.4525
0.662704 45.5083
0.662704 45.2468
0.662704 44.9458
0.662704 45.3659
0.662704 45.7561
0.662704 45.4401
0.662704 45.5934
0.662704 45.556
0.662704 45.5602
0.662704 45.5456
0.662704 45.6663
0.612986 45.4794
0.612986 43.0126
0.612986 43.735
0.612986 44.8229
0.68873 45.0877
0.646357 45.2427
0.711538 45.2243
0.632347 44.7007
0.673077 45.2653
0.633745 43.8059
0.633745 45.0025
0.619968 45.2223
0.680602 45.0349
0.666121 45.1732
0.666121 45.1264
0.64145 45.212
0.64145 45.4628
0.655395 45.5083
0.669959 45.4401
0.685185 45.2243
0.660714 45.3371
0.67608 45.2755
0.652767 45.4463
0.637931 45.4587
0.623755 45.3721
0.610195 44.603
0.610195 44.7608
0.610195 45.3782
0.58817 44.5573
0.58817 45.3248
0.610195 45.2653
0.610195 45.3968
0.610195 45.5768
0.610195 45.335
0.610195 45.0552
0.631988 45.3762
0.631988 45.4814
0.703704 45.3906
0.688731 45.1182
0.650298 45.253
0.637026 45.4318
0.637026 44.3951
0.637026 43.2732
0.637026 43.8116
0.637026 43.32
0.637026 44.4188
0.637026 45.1325
0.624286 44.9924
0.624286 44.9055
0.612045 45.1712
0.624286 44.9782
0.637026 45.3309
0.650298 45.0187
0.650298 45.255
0.650298 45.3391
0.650298 45.1386
0.650298 45.2325
0.650298 45.0999
0.650298 44.3912
0.696429 44.9055
0.625668 45.106
0.625668 45.0471
0.625668 45.0268
0.672167 45.4731
0.672167 45.3453
0.672167 44.3715
0.672167 43.8174
0.672167 44.2282
0.672167 45.0491
0.625668 44.8873
0.625668 45.161
0.625668 45.0086
0.649309 44.9802
0.649309 45.3535
0.652325 44.5196
0.652325 44.9661
0.639456 45.0714
0.627085 45.0471
0.627085 45.1223
0.636605 45.3844
0.649087 45.4938
0.662069 45.253
0.675581 45.1528
0.721323 44.8049
0.696844 45.1427
0.696844 45.2694
0.683101 44.9802
0.627451 45.2489
0.615385 45.335
0.615385 45.2776
0.615385 45.5
0.615385 45.3494
0.615385 44.8551
0.615385 45.1875
0.635558 43.3351
0.635558 44.8129
0.657051 44.7688
0.657051 44.401
0.657051 45.1304
0.635558 45.1243
0.635558 44.1423
0.594203 42.2922
0.594203 42.0964
0.554887 43.6281
0.554887 43.8289
0.594203 43.712
0.594203 44.9075
0.634011 45.1467
0.664638 45.0126
0.664638 45.1141
0.643868 45.0674
0.65625 45.1202
0.636364 45.1284
0.636364 45.0593
0.648841 44.9924
0.648841 45.1488
0.605993 45.1264
0.577778 44.964
0.541667 44.9216
0.541667 44.9924
0.541667 45.039
0.541667 45.2223
0.541667 44.8612
0.541667 44.7768
0.541667 44.8612
0.541667 45.2264
0.541667 45.0369
0.541667 44.9196
0.522988 45.0836
0.514124 42.8816
0.520947 44.1755
0.553995 44.4563
0.563547 44.615
0.60084 44.9095
0.611765 45.0552
0.641975 44.8712
0.654088 44.5951
0.654088 45.1162
0.654088 45.3206
0.654088 45.0857
0.611765 45.0025
0.60084 45.043
0.563547 45.0735
0.563547 44.9196
0.563547 44.7908
0.563547 45.0146
0.563547 44.8853
0.563547 45.0653
0.563547 45.0187
0.563547 44.9539
0.563547 45.2018
0.563547 44.9802
0.598522 45.0146
0.580999 45.0146
0.598522 45.0593
0.598522 44.9196
0.598522 44.9802
0.598522 44.9479
0.598522 44.8551
0.634483 45.0329
0.634483 45.043
0.634483 45.0227
0.634483 44.8934
0.580999 44.7828
0.598522 44.7087
0.598522 44.7788
0.598522 44.833
0.634483 44.7708
0.634483 44.7247
0.634483 45.0045
0.634483 44.964
0.634483 44.7327
0.634483 44.7968
0.634483 44.962
0.685714 44.2145
0.685714 44.8129
0.655367 44.9135
0.655367 44.9196
0.627027 44.609
0.644019 44.6309
0.644019 44.4781
0.608895 44.8129
0.608895 44.8209
0.672795 44.4365
0.672795 44.6847
0.672795 44.4405
0.635495 44.617
0.635495 44.6907
0.69209 44.2713
0.69209 44.403
0.69209 44.3184
0.69209 44.5931
0.672795 44.841
0.672795 41.1624
0.672795 43.8481
0.672795 43.8212
0.672795 44.3341
0.69209 44.3282
0.672795 44.7427
0.69209 44.5375
0.654813 44.7107
0.662162 44.7628
0.644737 44.5951
0.60794 44.6668
0.627381 43.9715
0.593246 41.2592
0.593246 41.9217
0.551595 44.4563
0.593246 44.3715
0.593246 44.5454
0.593246 44.6389
0.593246 44.5851
0.593246 44.9075
0.593246 44.8049
0.593246 44.6389
0.593246 44.8169
0.593246 44.619
0.593246 44.5772
0.593246 44.7688
0.62439 44.7427
0.62439 44.6449
0.62439 44.7147
0.62439 44.7147
0.62439 44.7327
0.62439 44.5117
0.62439 44.8229
0.62439 44.6349
0.651932 44.4425
0.608696 44.5395
0.619446 44.827
0.668668 44.4682
0.608696 44.2909
0.608696 44.7567
0.608696 44.5454
0.668668 43.4745
0.668668 44.2243
0.651932 44.2419
0.651932 44.3007
0.668668 44.5018
0.668668 44.5553
0.651932 44.4267
0.668668 44.6429
0.658915 44.2654
0.634328 44.4109
0.597826 44.5613
0.597826 44.285
0.597826 44.3262
0.597826 44.3361
0.597826 44.4741
0.597826 44.4129
0.597826 44.5951
0.637788 44.6608
0.637788 44.2988
0.637788 44.2556
0.637788 44.4682
0.637788 44.4109
0.679028 44.2752
0.679028 42.6257
0.663341 42.3639
0.663341 43.7292
0.640031 43.985
0.623239 44.1716
0.629252 44.1209
0.602041 44.3007
0.629252 44.018
0.629252 44.2478
0.629252 44.1482
0.629252 44.3636
0.629252 44.1267
0.629252 44.2341
0.629252 44.1287
0.629252 44.2282
0.629252 44.0859
0.629252 44.0762
0.629252 44.1112
0.580392 44.0762
0.580868 44.0548
0.538637 43.9213
0.538637 43.9367
0.538637 43.691
0.538637 43.9039
0.5488 43.9367
0.581412 43.8116
0.592593 44.0742
0.592593 43.8231
0.592593 43.8596
0.592593 43.7254
0.592593 44.1112
0.604212 44.1404
0.604212 43.8962
0.604212 43.9252
0.63907 44.0083
0.63907 44.0723
0.63907 44.0083
0.63907 43.958
0.63907 43.8193
0.63907 44.1053
0.63907 43.5085
0.674897 43.8385
0.674897 43.2563
0.674897 43.5388
0.674897 43.7044
0.671575 43.5275
0.639881 43.5445
0.59322 43.6853
0.59322 43.9213
0.59322 43.8347
0.59322 43.2526
0.59322 43.8327
0.59322 43.611
0.59322 43.8366
0.59322 43.7943
0.59322 43.7752
0.59322 43.852
0.624359 43.4197
0.624359 43.4802
0.624359 43.8481
0.624359 43.5066
0.624359 43.5692
0.624359 43.6281
0.624359 43.8616
0.624359 41.4662
0.624359 42.434
0.6 43.1574
0.60348 43.4896
0.580848 43.3276
0.580848 43.5559
0.580848 43.4518
0.580848 43.5844
0.556856 43.4839
0.528739 43.7178
0.508009 43.756
0.508009 43.5901
0.508009 43.7331
0.508009 43.6034
0.51548 43.3276
0.549254 43.6605
0.557576 43.29
0.604785 43.3557
0.633014 43.367
0.633014 42.1834
0.62642 43.4518
0.613636 43.3821
0.607438 43.4631
0.607438 43.3858
0.607438 43.4047
0.607438 43.4179
0.583676 43.3595
0.569522 43.3708
0.548053 42.7936
0.548053 42.9056
0.548053 43.2788
0.548053 43.2115
0.57767 43.5218
0.591534 43.2171
0.577927 42.1977
0.601351 43.0979
0.582545 43.1537
0.564615 42.6076
0.564615 43.1295
0.564615 42.9019
0.564615 42.8706
0.535786 42.8761
0.50911 43.0775
0.504435 42.8302
0.543785 42.8101
0.575287 42.389
0.66783 42.5858
0.66783 43.2788
0.658555 38.9848
0.658555 42.1994
0.638237 42.6421
0.632735 42.425
0.655405 43.1351
0.646667 42.6276
0.632795 42.7241
0.624577 42.7168
0.611432 42.7625
0.641026 42.7077
0.627766 42.6221
0.614919 42.6876
0.597688 42.5496
0.613213 42.3837
0.651431 42.633
0.651431 42.1674
0.651431 41.6528
0.646341 42.0592
0.638554 42.1727
0.633604 42.3137
0.62873 42.3855
0.62873 42.3406
0.623931 42.1994
0.643931 42.4052
0.624262 42.0539
0.608012 42.0734
0.596715 42.1141
0.590011 42.3603
0.579227 42.1106
0.608793 42.0468
0.641948 41.9516
0.637363 42.1124
0.614872 42.0115
0.637405 41.5697
0.615517 41.7659
0.611301 41.8025
0.611301 41.7032
0.607143 40.808
0.586769 41.7973
0.617098 41.58
0.596971 41.198
0.593095 41.6701
0.585491 41.6753
0.581762 41.606
0.568812 41.7484
0.583053 41.5472
0.57037 41.7101
0.594397 41.4921
0.587193 41.4869
0.578201 40.7947
0.61108 41.3514
0.652629 41.0105
0.652629 41.1472
0.67709 40.9635
0.66478 40.7847
0.701577 40.7
0.677069 40.9702
0.648187 40.9165
0.6264 40.4957
0.622881 40.8647
0.61596 40.3649
0.612557 40.7531
0.609192 40.5466
0.639831 40.3112
0.636372 40.3649
0.624275 40.5548
0.60746 40.6653
0.625268 40.4989
0.613758 40.4465
0.636718 40.2026
0.625252 39.0351
0.639535 39.9568
0.620464 39.0046
0.634328 39.6605
0.623576 39.5491
0.617637 39.3592
0.643382 39.3918
0.666101 39.3887
0.693618 38.8033
0.716096 38.8863
0.70464 38.219
0.688609 38.4911
0.723201 38.6444
0.711941 38.8621
0.70399 38.9105
0.693174 39.0533
0.663374 38.9529
0.63961 38.9803
0.647671 38.7042
0.662102 38.4335
0.637195 38.2614
0.651169 38.1636
0.6929 38.1883
0.6929 37.3497
0.688567 37.8072
0.654846 37.942
0.660939 38.0185
0.656496 37.7686
0.653743 37.57
0.678686 37.6081
0.664388 37.1168
0.676087 37.2592
0.647668 36.9645
0.660756 36.9672
0.672488 36.665
0.634992 36.4631
0.666284 35.5442
0.683873 35.736
0.661222 35.2373
0.640748 34.992
0.619182 35.302
0.629217 35.5391
0.64567 35.3195
0.667568 35.1593
0.654719 34.7427
0.641509 34.7657
0.640207 34.5614
0.617791 34.5173
0.626856 34.303
0.63674 33.9478
0.607568 33.3801
0.621462 33.3756
