0.95642 34.3808
0.911507 34.8396
0.869906 34.7078
0.869906 34.9736
0.874793 34.8651
0.874793 34.9016
0.874793 35.0116
0.874793 34.7572
0.874793 34.8931
0.882023 34.9614
0.882023 34.6945
0.889252 35.0349
0.822336 34.9357
0.812991 34.7983
0.798974 34.8712
0.798974 34.8214
0.798974 34.6548
0.798974 34.7887
0.785983 34.4448
0.779487 34.577
0.766496 34.632
0.75943 34.7451
0.747578 34.5937
0.740019 34.6248
0.786825 34.8675
0.819312 35.1259
0.842369 34.904
0.882864 35.297
0.889787 35.2113
0.882864 34.9113
0.866472 35.0435
0.795823 35.0976
0.786154 35.1692
0.792651 34.9162
0.792651 34.9846
0.799148 35.1148
0.788563 34.8554
0.735248 34.7464
0.725312 34.6669
0.714488 34.4436
0.714488 34.7234
0.703744 34.727
0.703744 34.4602
0.703744 34.6861
0.703744 34.7464
0.69397 34.4424
0.684196 34.6584
0.683485 34.3643
0.708231 34.5256
0.708231 34.8772
0.703076 33.6247
0.697241 34.5961
0.691407 34.3218
0.685572 34.8105
0.674754 34.8784
0.674754 34.887
0.664021 34.8626
0.65534 34.8943
0.650454 34.7126
0.64198 34.565
0.63163 34.8384
0.626114 34.7114
0.615889 34.887
0.615889 33.9156
0.615889 34.709
0.615889 34.9736
0.615889 34.7524
0.611179 34.9138
0.611179 34.7887
0.601758 34.8432
0.597045 34.6476
0.587617 34.8493
0.587617 34.9186
0.587617 34.8809
0.587617 34.8323
0.585938 34.9223
0.576406 34.6141
0.574558 34.785
0.574558 35.0116
0.574558 34.8189
0.609812 34.5817
0.595741 34.8578
0.593951 34.7391
0.592856 34.9174
0.592856 34.7234
0.592856 34.8541
0.592856 34.6009
0.619942 34.9565
0.596083 34.8882
0.590942 34.8882
0.627312 35.0091
0.610315 34.9235
0.638797 35.322
0.627287 35.4233
0.501625 35.2262
0.526012 34.9895
0.521002 34.7536
0.555008 35.0865
0.549672 35.3407
0.58722 35.2709
0.592866 35.3932
0.598512 35.2286
0.528964 35.2014
0.536974 35.2622
0.545068 35.1111
0.54797 35.1655
0.577098 35.2497
0.571456 35.3594
0.570064 35.402
0.598101 35.5278
0.587584 35.6176
0.561248 35.553
0.569929 35.2771
0.569929 35.6176
0.578707 34.6188
0.59206 35.5631
0.59206 35.1543
0.59206 35.3569
0.624469 35.4484
0.619653 35.7015
0.619653 35.7168
0.552663 35.572
0.561248 35.3519
0.561248 35.3157
0.561248 35.3544
0.561248 35.6278
0.555631 35.7296
0.555631 35.85
0.550011 35.7309
0.550011 35.8899
0.550011 35.5897
0.550011 35.5454
0.550011 35.4648
0.550011 35.8038
0.550011 35.7168
0.550011 35.6952
0.519541 35.6519
0.535258 35.5783
0.524607 35.5139
0.519127 35.4233
0.508635 35.4484
0.508635 35.5353
0.508635 35.5872
0.508635 35.524
0.510696 35.6786
0.510696 35.4246
0.508877 35.5657
0.508877 35.4711
0.508877 35.5872
0.539298 35.6075
0.562568 35.5935
0.556318 35.6201
0.586057 36.0347
0.492976 36.0815
0.487745 35.8989
0.484082 35.0828
0.487833 35.6913
0.476746 35.4459
0.473335 35.8012
0.480039 35.5644
0.475489 35.6913
0.478853 35.4271
0.478853 35.7769
0.50748 35.6926
0.503846 35.8064
0.50748 35.8963
0.50748 36.0399
0.531356 36.0257
0.535259 36.1664
0.535259 36.0114
0.535259 35.9997
0.531356 35.7156
0.531356 36.0972
0.523609 35.9984
0.517422 35.5669
0.511234 36.0698
0.505045 36.1272
0.498855 35.8719
0.492664 35.4371
0.486472 35.9337
0.480278 36.0841
0.467888 35.9492
0.461691 36.075
0.461691 35.7756
0.461691 36.2161
0.461691 36.0802
0.449295 35.4258
0.443094 36.0218
0.430691 35.841
0.430691 36.0088
0.430691 35.9208
0.430691 36.1481
0.430691 36.1311
0.430691 35.9479
0.430691 36.1415
0.430691 35.6481
0.430691 35.9402
0.430691 35.8899
0.413724 35.886
0.396165 35.9531
0.373892 35.9467
0.373892 35.9868
0.373892 35.9583
0.373892 35.9686
0.373892 35.8886
0.373892 35.6443
0.373892 35.9157
0.381296 36.0179
0.384998 35.9131
0.384713 35.9066
0.382328 35.9376
0.378687 36.0153
0.368795 35.9635
0.368795 35.9105
0.368795 35.9092
0.368795 35.9131
0.381296 36.014
0.387547 36.0646
0.400049 35.9247
0.400049 36.0633
0.419904 36.092
0.414111 36.1572
0.419904 36.0464
0.419904 35.9609
0.419759 36.2411
0.36 36.2674
0.361026 35.7897
0.365933 35.8847
0.367257 35.6926
0.373076 35.8282
0.371922 35.7897
0.387342 35.8783
0.393211 35.327
0.431302 35.7194
0.427115 35.6659
0.45532 35.8153
0.454095 36.0347
0.460676 35.9583
0.483106 36.1611
0.497176 36.2713
0.489733 35.9415
0.489733 36.0295
0.456177 35.7079
0.43159 35.6837
0.453574 35.7564
0.487001 35.8141
0.483424 36.2017
0.487001 35.9648
0.483424 35.9131
0.443281 35.9622
0.459704 35.7207
0.465833 36.0386
0.491518 35.8783
0.490259 35.9816
0.485307 36.0529
0.44202 35.9002
0.428539 35.4409
0.428539 35.7117
0.428539 35.8256
0.451997 35.6722
0.451997 35.9622
0.425422 35.5126
0.428539 35.8397
0.428539 35.2199
0.435328 35.713
0.447411 35.417
0.453682 35.7041
0.478517 35.5556
0.478517 35.9919
0.478517 35.8346
0.490047 35.7807
0.495813 35.5986
0.507343 35.9195
0.507343 35.7449
0.507343 36.0633
0.481013 35.7692
0.481013 35.7309
0.481013 35.7232
0.481013 35.6011
0.481013 35.7577
0.481013 35.6075
0.481013 35.6722
0.481013 35.6939
0.481013 35.8038
0.481013 35.3732
0.481013 35.7603
0.481013 35.4534
0.481013 35.736
0.491945 35.7207
0.50817 35.8153
0.519217 35.7207
0.519217 35.7411
0.519217 35.6532
0.519217 35.8706
0.519217 35.5025
0.519217 35.9183
0.519217 35.6392
0.519217 35.9092
0.519217 35.8333
0.519217 35.6786
0.519217 35.8102
0.519217 35.7731
0.519217 35.8384
0.519217 35.6824
0.519217 35.868
0.519217 35.8038
0.489929 34.4923
0.489929 35.4195
0.489929 35.5328
0.500353 35.5353
0.515989 35.5518
0.526413 35.6964
0.526413 35.6875
0.520929 35.7756
0.520929 35.7449
0.520929 35.6252
0.520929 35.7156
0.520929 35.327
0.520929 35.6252
0.520929 35.7143
0.520929 35.6875
0.520929 35.2324
0.520929 35.4346
0.520929 35.6037
0.520929 35.529
0.520929 35.5897
0.520929 35.6748
0.520929 35.1716
0.520929 35.6672
0.520929 35.6557
0.520929 35.3857
0.520929 35.5088
0.520929 35.6494
0.520929 35.6595
0.520929 35.5202
0.520929 35.6265
0.492354 35.2622
0.492354 35.5771
0.492354 35.4673
0.462187 35.2373
0.462187 35.2933
0.462187 35.2187
0.466763 35.1617
0.471339 35.2783
0.475915 35.1111
0.475915 35.1358
0.475915 35.2783
0.475915 35.2075
0.475915 34.9369
0.475915 35.2212
0.475915 35.2995
0.480491 35.1469
0.489644 35.0705
0.49422 35.0914
0.49422 35.3607
0.49422 35.2609
0.49422 35.1309
0.49422 34.9711
0.468622 35.121
0.468622 35.0754
0.468622 35.1222
0.468622 35.1321
0.468622 35.0005
0.468622 34.8371
0.468622 35.158
0.468622 34.8967
0.436814 35.1877
0.436814 35.0116
0.432167 35.1284
0.432602 34.9614
0.426243 34.5638
0.437589 34.8226
0.437589 35.0988
0.437589 35.1222
0.437589 35.0557
0.437589 35.1346
0.434811 35.1593
0.418365 35.0705
0.418365 35.1185
0.418365 35.0471
0.418365 35.0545
0.388054 34.9357
0.398055 34.9333
0.437589 34.992
0.445334 35.0717
0.450271 34.9601
0.452387 34.9479
0.424801 35.0116
0.43257 34.9394
0.460824 34.9614
0.435803 35.1346
0.424956 35.0853
0.408989 35.1136
0.408989 35.0533
0.452387 34.9675
0.452387 35.0656
0.441289 34.9736
0.409514 35.0054
0.414573 34.8468
0.414573 34.8931
0.390203 34.5937
0.404437 34.7331
0.394915 34.632
0.359253 34.7017
0.363569 34.3784
0.386288 34.6308
0.420068 34.3513
0.420608 34.522
0.446877 34.9113
0.458952 34.943
0.442605 34.5316
0.437236 35.0951
0.40649 34.8857
0.392384 34.7427
0.39701 34.756
0.411074 34.6717
0.401667 34.8044
0.37039 34.6837
0.358205 34.4507
0.362254 34.33
0.358205 34.3631
0.354179 34.2454
0.370426 34.2138
0.366328 34.3619
0.358205 34.3501
0.335297 33.9524
0.346633 33.9674
0.342833 34.0878
0.32989 33.8845
0.338809 33.8857
0.337904 34.046
0.336108 33.9997
0.354097 34.031
0.376359 34.1006
0.385423 33.7883
0.364953 33.9963
0.352958 34.3136
0.38128 34.3654
0.38128 34.427
0.38128 34.4199
0.38128 34.2056
0.37604 34.3466
0.354938 34.2501
0.361564 34.2161
0.356743 33.9709
0.335203 33.9271
0.341358 33.919
0.341358 34.0044
0.341358 33.8891
0.322755 33.7382
0.32606 33.6576
0.319466 33.8398
0.309698 33.7895
0.309698 33.761
0.33272 33.7041
0.33272 33.7918
0.33272 33.7348
0.33272 33.728
0.33272 33.8432
0.330232 33.6327
0.330255 33.5177
0.327822 33.8593
0.310089 33.7712
0.319282 33.53
0.319282 33.4582
0.299903 33.3678
0.312685 33.3389
0.311421 33.3923
0.311421 33.3422
0.311421 33.024
0.311421 33.3467
0.309996 33.2248
0.310862 33.2292
0.309452 33.0961
0.309452 33.1049
0.309452 33.2105
0.309452 33.2469
0.291255 33.1763
0.302371 33.1389
0.286041 32.9413
0.295831 32.7557
0.295222 32.8915
0.297059 32.6926
0.297059 32.6392
0.280449 32.6307
0.290538 32.5447
0.290538 32.3834
0.290538 32.533
0.290538 32.4591
0.289967 32.4296
0.286873 32.5055
0.286312 32.3614
0.286312 32.668
0.30327 32.6787
0.292567 32.8149
0.29462 32.7332
0.291967 32.7011
0.277735 32.6467
0.291038 32.145
0.289909 32.2258
0.276963 32.0801
0.286369 31.957
0.289308 32.1264
0.289308 32.0595
