0.957504 35.5935
0.935499 33.6644
0.925266 31.9775
0.956284 32.5669
0.956044 34.222
0.944504 34.2255
0.881333 34.4471
0.829367 34.4756
0.8564 34.4756
0.833777 34.6909
0.81637 34.5554
0.795754 34.5519
0.834755 34.1763
0.787384 34.3336
0.743691 34.4246
0.783617 34.3265
0.800094 34.323
0.815354 34.6632
0.800094 34.6033
0.856036 34.6608
0.88078 34.5042
0.834914 34.6632
0.818881 34.6464
0.743188 34.8238
0.715412 34.7766
0.778191 35.0042
0.773114 34.9822
0.804648 34.9369
0.805946 35.0435
0.816055 35.1284
0.839695 35.189
0.837239 35.0902
0.813054 35.2336
0.81954 35.2373
0.837889 35.2497
0.78307 35.1198
0.809917 35.3394
0.791031 35.0189
0.895152 35.03
0.862799 35.2871
0.79501 35.2871
0.737921 35.4623
0.769716 35.2224
0.778135 35.2348
0.693816 35.4333
0.791288 35.0643
0.812124 35.2908
0.816359 35.1568
0.787723 35.3057
0.819672 35.2547
0.831713 34.9638
0.834059 35.3694
0.867169 35.3982
0.868349 35.4497
0.898305 35.3245
0.870341 35.3394
0.82681 35.4421
0.883985 35.4359
0.862208 35.5164
0.847587 35.4673
0.893805 35.3307
0.846419 35.4108
0.849101 35.3357
0.877597 35.327
0.873874 35.5025
0.842957 35.4748
0.809378 35.4635
0.821144 35.5707
0.773987 35.5139
0.812511 35.5695
0.755073 35.4572
0.71273 35.4333
0.71273 35.2746
0.766534 35.6773
0.766534 35.657
0.751355 35.5227
0.795118 35.657
0.826275 35.6646
0.883382 35.7219
0.923385 35.7168
0.926252 35.5657
0.838461 35.5404
0.871954 35.6659
0.851165 35.7105
0.754942 35.7066
0.766484 35.5783
0.747593 35.5847
0.789474 35.6862
0.800389 35.6544
0.780372 35.7603
0.780372 35.456
0.782161 35.7564
0.782161 35.7194
0.82038 35.6303
0.7603 35.8307
0.699036 35.713
0.825243 35.841
0.853791 35.7718
0.804598 35.7999
0.786629 35.8141
0.809152 35.7807
0.787724 35.759
0.839668 35.8269
0.858939 35.8295
0.855835 35.6761
0.780581 35.868
0.854653 35.8822
0.838308 35.8038
0.834532 35.759
0.849383 35.7974
0.808889 35.8307
0.771526 35.699
0.708019 35.4396
0.661174 35.7795
0.727686 35.9324
0.801047 35.8192
0.856464 35.832
0.892962 35.9092
0.85187 35.9118
0.809877 35.7385
0.82963 35.6557
0.845269 35.4246
0.86712 35.9118
0.865751 35.7564
0.823467 35.926
0.803383 35.9066
0.803383 35.7539
0.783298 35.629
0.80115 35.917
0.799557 35.917
0.758029 35.9441
0.737542 35.917
0.820598 35.9971
0.865242 35.7871
0.89011 35.7079
0.930506 35.9389
0.862069 35.9609
0.906152 36.0855
0.927711 35.8989
0.819507 35.9958
0.83808 35.671
0.83908 35.9015
0.798213 35.9945
0.79906 36.0815
0.815348 35.657
0.767756 36.1024
0.851105 36.0542
0.899408 35.9583
0.901267 35.759
0.858016 35.7232
0.88062 35.7436
0.902377 36.1076
0.837315 35.9868
0.860665 36.1611
0.836316 35.9725
0.88062 36.118
0.901267 36.1481
0.783133 35.9919
0.802741 36.5617
0.821629 36.4724
0.715319 36.495
0.672584 36.618
0.655823 36.2293
0.597569 35.5177
0.613807 35.7948
0.59492 36.6435
0.576034 36.6569
0.571992 36.704
0.602253 36.6703
0.661451 36.7485
0.661451 36.7188
0.678426 36.3994
0.672673 37.2245
0.652174 39.0793
0.699963 39.2542
0.747774 39.353
0.753623 39.1942
0.795252 39.2003
0.770686 39.2434
0.770686 38.9666
0.842342 39.1099
0.844329 39.1282
0.803811 39.2372
0.758218 38.9347
0.753623 39.1481
0.708379 38.9272
0.768018 38.994
0.835294 37.6067
0.765957 37.5333
0.763441 37.4995
0.785014 37.522
0.78254 37.4939
0.861111 37.6662
0.888889 37.3552
0.772719 37.47
0.863014 37.7188
0.758606 37.6563
0.682353 37.3916
0.680672 37.7045
0.639304 37.5897
0.676617 36.9973
0.748739 37.4223
0.755814 37.7074
0.806559 36.6663
0.776471 36.5257
0.752941 36.5577
0.684254 36.3161
0.650692 36.3702
0.709544 37.0672
0.692308 37.4406
0.702368 37.7287
0.713012 37.463
0.647059 37.1885
0.713012 37.2342
0.776408 37.6166
0.831209 37.7629
0.775401 37.7202
0.723708 37.8086
0.648841 37.6549
0.801248 37.706
0.859155 36.8351
0.837969 36.739
0.859155 36.9727
0.804457 36.9864
0.661017 36.7972
0.726402 37.237
0.767045 37.7701
0.795455 37.5277
0.768939 37.6861
0.719495 37.3636
0.693458 32.7794
0.690341 36.0257
0.664773 37.2814
0.640152 36.4431
0.715909 37.8143
0.792614 38.0633
0.850467 37.6294
0.875 37.8058
0.846774 37.7758
0.790323 37.8888
0.762097 37.5502
0.715909 37.7972
0.733871 37.6705
0.762097 37.7544
0.789315 37.6619
0.873118 37.6563
0.818548 37.9334
0.789315 37.9118
0.813658 37.7872
0.758218 37.9032
0.696774 37.9881
0.643011 37.9997
0.670968 37.9824
0.754839 37.5813
0.783871 37.919
0.812903 37.9651
0.782796 38.0156
0.78579 37.6251
0.782796 37.8043
0.752688 37.9607
0.725806 37.8817
0.670968 36.985
0.670968 37.8673
0.61828 37.8831
0.638889 37.6039
0.693333 37.5615
0.693333 37.843
0.693333 36.7485
0.72 36.6394
0.697368 36.8514
0.72 36.7918
0.69 37.407
0.69 38.0286
0.69 38.0185
0.72 38.0677
0.72 37.7401
0.75 37.8229
0.808889 37.4434
0.812808 37.843
0.84 37.9694
0.865636 37.8573
0.837237 37.7131
0.834721 37.9939
0.834721 38.0416
0.803805 38.0474
0.834721 37.9838
0.837237 38.0011
0.867682 37.7686
0.865636 38.0967
0.89893 38.0156
0.866825 37.8587
0.866825 38.088
0.803805 38.0532
0.803805 38.0677
0.803805 38.0923
0.834721 38.0373
0.834721 38.2365
0.834721 37.8458
0.805734 37.6946
0.806792 38.0358
0.803805 38.0503
0.802616 38.0127
0.770511 38.0416
0.741974 38.059
0.829082 37.978
0.768989 38.133
0.829082 38.1098
0.717073 38.0402
0.826531 37.9795
0.768844 38.0489
0.765306 37.7088
0.734694 37.9954
0.704082 38.1098
0.704082 38.0967
0.673469 38.1025
0.704082 38.0633
0.733418 38.1228
0.765306 37.7843
0.829082 37.7302
0.829082 37.8644
0.864492 38.0098
0.831764 37.7915
0.768844 36.1716
0.762755 37.3608
0.738693 37.4378
0.765306 37.618
0.737602 38.0807
0.765306 38.1272
0.765306 37.9478
0.765306 38.0836
0.829082 38.03
0.829082 38.1548
0.895408 38.1942
0.765306 38.0764
0.704082 38.1767
0.589286 37.9665
0.645408 37.9896
0.725652 38.1723
0.790123 37.8015
0.790123 38.1112
0.857339 37.8086
0.796352 37.8745
0.826028 38.1286
0.823045 38.1913
0.823045 37.9003
0.793522 38.165
0.825911 38.2161
0.825911 38.2132
0.792032 38.2438
0.820302 38.2205
0.784636 37.9305
0.760972 38.1913
0.760972 38.0113
0.790123 38.0923
0.757202 38.0822
0.725652 37.9795
0.694102 37.5446
0.694102 37.1637
0.757202 37.1968
0.757202 37.3218
0.702648 37.2842
0.820513 37.4056
0.820513 37.4742
0.786325 38.1388
0.819088 38.2717
0.783476 38.2351
0.752274 38.1752
0.755961 38.1971
0.726301 38.3054
0.72428 38.3083
0.689459 38.1127
0.65812 38.3068
0.689459 38.2409
0.65812 38.0156
0.688034 37.9046
0.688034 38.165
0.655271 37.8845
0.655271 38.4202
0.655271 38.2351
0.688034 37.8817
0.688034 38.1214
0.688034 38.4335
0.689459 38.2307
0.689459 37.5164
0.720798 37.154
0.688034 37.1002
0.717949 37.1885
0.717949 37.1623
0.720798 37.1333
0.720798 37.1927
0.688034 36.8936
0.717949 37.1775
0.683761 37.1168
0.717949 37.1237
0.717949 37.1858
0.752137 37.2024
0.752137 37.0975
0.752137 37.1968
0.752137 37.048
0.752137 37.059
0.747863 37.0124
0.747863 37.059
0.747863 37.0343
0.683761 37.1306
0.683761 36.9126
0.683761 36.7161
0.688034 37.0645
0.688034 37.165
0.715976 37.0851
0.715976 36.8473
0.714497 37.1913
0.683432 37.1485
0.715976 37.2606
0.683432 37.2523
0.683432 37.1002
0.748521 37.2315
0.748521 37.2564
0.748521 37.1554
0.683432 37.1099
0.683432 37.1802
0.683432 37.0892
0.621302 37.1885
0.621302 36.5564
0.683432 36.8514
0.683432 37.143
0.748521 37.1499
0.748521 37.2467
0.683432 37.2467
0.683432 37.358
0.683432 37.2439
0.683432 37.1802
0.683432 37.103
0.650888 36.9946
0.650888 37.1955
0.618343 37.2273
0.618343 37.2259
0.650888 37.0824
0.650888 37.2717
0.650888 37.2398
0.590237 37.2439
0.590237 37.2648
0.590237 37.2315
0.650888 36.8936
0.650888 37.0535
0.650888 37.2564
0.64645 37.2509
0.64645 37.326
0.64645 37.165
0.650888 37.1844
0.704 37.1154
0.704 37.1209
0.6688 37.1581
0.6688 37.1264
0.6688 37.3232
0.6048 37.3385
0.6048 36.8053
0.6688 37.165
0.6688 37.1526
0.736 37.3218
0.736 37.2689
0.6688 37.3288
0.6688 37.3176
0.704 37.294
0.672 37.3608
0.7056 37.3162
0.672 37.0549
0.608 37.2287
0.576 37.3944
0.608 36.7607
0.672 36.7013
0.7056 37.2148
0.7056 37.2564
0.704 37.1733
0.704 37.3622
0.704 37.3093
0.6384 37.2439
0.6384 37.1927
0.672 37.3093
0.704 37.3818
0.7392 37.3525
0.704 37.237
0.672 37.3664
0.6384 37.2329
0.608 37.0247
0.608 37.3274
0.5776 37.2453
0.5776 37.2606
0.64 37.1858
0.64 37.3176
0.608 37.287
0.6384 37.1554
0.6048 37.4251
0.6384 37.4014
0.672 37.386
0.7056 37.3566
0.7056 37.386
0.7056 37.2162
0.7056 36.9004
0.7056 37.2342
0.672 37.3399
0.672 37.3148
0.672 37.1802
0.672 37.2884
0.672 37.1581
0.64 37.1457
0.64 37.3093
0.608 37.326
0.64 37.237
0.64 37.3511
0.672 37.2592
0.64 37.1996
0.608 37.2967
0.576 37.2537
0.576 37.2107
0.5472 37.3497
0.5472 37.3162
0.5472 37.3469
0.5472 37.2176
0.5472 37.3706
0.576 37.1499
0.544 37.3218
0.5712 37.2273
0.5712 37.3399
0.6048 37.3232
0.6048 37.3441
0.6048 37.2828
0.576 37.1802
0.576 37.1126
0.576 37.2495
0.5776 37.2273
0.5776 37.1858
0.5776 37.2648
0.5184 35.9467
0.5184 36.7863
0.5472 37.1775
0.5472 37.1181
0.576 37.3065
0.576 37.2662
0.5776 37.2232
0.5776 37.2926
0.5472 37.2926
0.5184 37.3385
0.4896 37.2024
0.5168 37.2648
0.5168 37.1154
0.590278 37.2301
0.560764 37.3301
0.560764 37.3455
0.53125 37.1319
0.59375 37.3455
0.625 37.1554
0.692708 37.1195
0.659722 37.312
0.659722 37.1195
0.626736 37.2537
0.59375 37.3469
0.5 37.2481
0.46875 37.2204
0.5 37.3804
0.560764 37.4014
0.59375 36.6488
0.59375 37.0398
0.59375 37.2995
0.59375 37.2439
0.59375 37.1955
0.59375 37.3134
0.590278 37.3385
0.590278 37.287
0.560764 37.165
0.560764 37.3106
0.560764 37.262
0.560764 37.3051
0.560764 37.2481
0.560764 37.3455
0.59375 37.2787
0.59375 37.0934
0.59375 37.2828
0.59375 37.4223
0.619565 37.2024
0.619565 37.3246
0.653986 37.4167
0.653986 37.3246
0.619565 37.4014
0.586957 37.2356
0.554348 37.3204
0.554348 37.3776
0.554348 37.3818
0.554348 37.2787
0.554348 37.3357
0.619565 37.3218
0.619565 36.9959
0.619565 37.4097
0.619565 37.3148
0.619565 37.143
0.619565 37.1706
0.586957 37.3065
0.5625 36.7634
0.586957 36.6865
0.619565 37.1664
0.619565 37.2509
0.586957 37.1526
0.619565 37.1264
0.585145 37.1747
0.585145 37.2273
0.586957 37.3106
0.586957 37.0576
0.586957 37.3288
0.586957 37.1844
0.586957 37.3846
0.586957 37.154
0.554348 37.0892
0.554348 37.2481
0.586957 37.4097
0.586957 37.3874
0.619565 36.9467
0.619565 37.2398
0.554348 37.143
0.554348 37.3678
0.554348 37.3357
0.554348 37.3846
0.554348 37.4014
0.554348 37.3301
0.523551 37.3944
0.523551 37.2481
0.521739 37.1374
0.513889 37.4518
0.549598 37.3944
0.459057 37.2675
0.569444 37.1319
0.554054 37.3525
0.586207 37.3846
0.61809 37.4209
0.649708 37.4014
0.61809 37.4028
0.61809 37.3511
0.6329 37.3315
0.646739 37.4125
0.57971 37.1402
0.521739 37.4448
0.521739 37.1692
0.550725 37.4
0.550725 37.3246
0.57971 37.1471
0.57971 37.0604
0.608696 37.0631
0.614286 37.2731
0.652096 37.3204
0.6329 37.1927
0.586207 37.2814
0.668394 37.3539
0.668394 37.3246
0.668394 37.201
0.61809 37.1499
0.668394 37.2578
0.648241 37.3399
0.581543 37.2079
0.566228 37.1388
0.608592 37.0192
0.578475 37.28
0.578475 37.0261
0.537118 36.9604
0.5459 36.985
0.5459 37.0384
0.615551 37.172
0.548936 37.1471
0.53527 37.1872
0.512263 37.3622
0.53609 37.2953
0.528736 37.3552
0.511364 37.2731
0.496689 37.3246
0.513393 37.1223
0.474614 37.3441
0.52439 37.3525
0.5 37.4
0.52439 37.1416
0.597859 37.2967
0.582712 37.2051
0.562914 37.3218
0.548781 37.2912
0.548781 37.3539
0.511905 37.3469
0.452539 37.3301
0.485327 36.9426
0.511905 37.2453
0.465909 37.2051
0.524767 36.9167
0.524767 37.1581
0.523256 37.3037
0.523256 37.358
0.528736 37.2898
0.516854 36.3029
0.505495 37.2814
0.529093 37.0659
0.529093 36.9194
0.552 37.2856
0.552 37.0247
0.517196 36.8473
0.517196 37.3079
0.517196 37.2287
0.529093 37.1374
0.529093 37.0535
0.517196 37.2121
0.494624 37.2218
0.484211 37.3678
0.484211 37.2329
0.505821 37.2287
0.505821 37.2065
0.505821 37.3009
0.505821 37.0892
0.505821 37.2592
0.517196 37.2606
0.517196 37.4532
0.511706 37.1899
0.511706 37.3009
0.498069 37.2634
0.533597 37.2481
0.517196 37.2787
0.489443 37.0727
0.459184 37.1402
0.459184 37.2884
0.494937 37.2731
0.494937 37.2703
0.484211 37.1858
0.447917 35.407
0.436105 37.0714
0.407555 37.037
0.436105 37.3176
0.407555 37.1526
0.39961 36.2345
0.406208 37.1692
0.398676 37.2926
0.461847 37.4574
0.46875 37.0824
0.427345 37.3051
0.457733 36.9344
0.447917 37.3427
0.494624 37.1237
0.418367 37.407
0.39 37.2259
0.39 37.3818
0.382353 37.3525
0.41 37.0837
0.459184 37.3692
0.421569 36.8949
0.469037 37.2453
0.474515 37.2703
0.421569 37.442
0.421569 37.365
0.41109 37.1126
0.43 37.1595
0.401961 37.2287
0.418619 37.2495
0.39023 37.3357
0.438776 37.3916
0.41 37.3846
0.401961 37.3846
0.410241 37.3888
0.430253 37.0727
0.430253 37.4042
0.413462 37.47
0.386792 37.2898
0.386792 37.3469
0.430253 37.1319
0.430253 37.5122
0.459459 37.4097
0.413462 37.428
0.386792 37.2981
0.386792 37.2814
0.413462 37.2439
0.386792 37.1499
0.386792 37.4266
0.402193 37.3232
0.402193 37.3525
0.459459 37.3301
0.437288 37.2453
0.437288 37.3343
0.446367 37.3315
0.416949 37.4028
0.39661 37.0233
0.425606 37.3023
0.439039 37.3636
0.439039 37.4056
0.402193 37.2329
0.446367 37.2148
0.437288 37.2926
0.467128 37.3065
0.375212 36.9658
0.402193 37.8301
0.402193 38.2351
0.394454 38.1505
0.421812 38.3848
0.402193 38.432
0.413462 38.2892
0.394231 37.4784
0.394231 37.3776
0.370705 37.3958
0.395948 37.4995
0.370705 37.5263
0.386792 37.6039
0.413462 38.4763
0.386792 38.466
0.40566 38.257
0.37963 38.5802
0.37963 38.3289
0.40566 38.4202
0.432692 38.279
0.40566 38.3509
0.394454 38.3995
0.394454 38.3436
0.421812 38.5075
0.408638 38.373
0.437288 38.3156
0.408638 38.4364
0.400651 38.3245
0.428571 38.5416
0.428571 38.1767
0.441431 38.4246
0.441431 38.4704
0.457627 38.5743
0.437288 38.5669
0.452131 38.4645
0.496228 38.398
0.400651 38.4216
0.400651 38.5312
0.437288 38.5431
0.394454 38.4852
0.430253 38.1228
0.402193 38.5
0.421812 38.4882
0.421812 38.2219
0.421812 38.4172
0.432692 38.3671
0.40566 38.4438
0.40566 38.5267
0.413696 38.4113
0.413696 38.4867
0.441431 38.2205
0.40566 38.4394
0.40566 38.2892
0.40566 38.4837
0.40566 38.3642
0.37963 38.4216
0.432692 38.4039
0.421812 38.4039
0.450265 38.466
0.421812 38.4335
0.450265 38.3862
0.421812 38.5892
0.450265 38.2892
0.446367 38.3083
0.446367 38.4704
0.477032 37.679
0.402193 37.7487
0.430253 38.2073
0.439039 38.6085
0.439039 38.2117
0.448191 38.4039
0.418619 38.5045
0.479023 38.0503
0.418619 38.3671
0.43 38.5312
0.43 38.0532
0.41109 38.32
0.43 38.3745
0.43 38.4763
0.448191 38.373
0.448191 38.3803
0.410241 38.4202
0.469037 38.3539
0.448191 38.2234
0.418619 38.2234
0.489443 38.4556
0.457733 38.5416
0.489443 38.3892
0.457733 38.3715
0.457733 38.2775
0.457733 38.2321
0.457733 38.238
0.489443 38.2922
0.436443 38.3759
0.500327 38.3892
0.436443 38.1854
0.464151 38.5149
0.464151 38.4704
0.464151 38.4541
0.498069 38.4601
0.498069 38.4379
0.474903 38.3774
0.488963 38.3848
0.466221 38.32
0.500342 38.2658
0.486166 38.3671
0.486166 38.3833
0.522267 38.323
0.509881 38.1316
0.509881 38.2848
0.53527 38.3171
0.453799 38.3524
0.475951 38.3039
0.464611 38.238
0.485477 38.2629
0.510373 38.4084
0.485477 38.3539
0.519271 36.9263
0.533477 38.2424
0.533477 38.3759
0.57661 38.2775
0.57661 38.2117
0.593298 38.0532
0.548483 38.2482
0.564356 38.1476
0.535415 38.2936
0.511521 38.4261
0.483871 38.1942
0.456221 38.3156
0.477532 36.6905
0.537591 37.9651
0.537591 36.6113
0.469194 37.0425
0.512195 38.0315
0.469194 37.9925
0.521569 38.2088
0.521569 38.0113
0.477532 38.3421
0.512195 38.2497
0.557789 38.4172
0.537591 37.8888
0.554629 37.1941
0.581395 38.2936
0.530547 38.2438
0.476152 38.2614
0.600342 38.3494
0.577558 38.1345
0.577558 38.373
0.559787 38.279
0.578285 38.1621
0.6048 37.4042
0.54524 37.1568
0.5712 37.1512
0.5712 37.1085
0.5712 36.7674
0.5712 38.0662
0.544 38.1854
0.519685 38.2629
0.519685 38.3303
0.519685 38.2775
0.519685 38.2395
0.544 38.279
0.502959 38.2132
0.502959 38.1432
0.528107 38.3465
0.515789 38.2848
0.564103 38.0286
0.540783 38.1767
0.528107 38.2
0.528107 38.0373
0.559172 38.1752
0.559172 38.1417
0.590237 38.2278
0.565914 38.2161
0.539359 38.0822
0.56213 38.2702
0.56213 38.1432
0.535324 38.1811
0.559172 38.0996
0.540783 38.0315
0.560408 37.9708
0.591241 38.1854
0.524208 38.059
0.545263 38.2555
0.547753 38.059
0.505464 38.0329
0.487078 38.0967
0.553753 38.0648
0.510848 37.873
0.534121 37.9939
0.534121 38.1069
0.543246 37.9521
0.497121 37.9997
0.530241 35.8192
0.462158 37.8659
0.450549 37.7929
0.466667 37.5009
0.450549 37.9463
0.449148 37.955
0.419494 37.9147
0.449148 37.9824
0.450549 37.9867
0.419355 37.9983
0.472817 38.0431
0.462158 37.9853
0.483387 37.9507
0.483387 37.7843
0.492428 37.9262
0.512701 37.9391
0.468328 37.8989
0.471585 37.6549
