0.941832 39.4291
0.941832 40.0432
0.941832 40.3861
0.825283 40.1252
0.941832 40.0481
0.881755 39.9122
0.941832 40.1832
0.941832 40.4973
0.941832 40.6075
0.941832 40.391
0.941832 39.7346
0.941832 40.1284
0.941832 40.2998
0.941832 40.3877
0.881755 40.3486
0.885752 40.476
0.892987 40.1268
0.941832 40.1752
0.87812 40.1558
0.822831 40.2998
0.853448 40.2398
0.776298 40.0593
0.802703 39.5226
0.802703 40.1461
0.772973 40.0609
0.772973 40.8914
0.743243 40.2998
0.713513 40.1043
0.713513 40.1606
0.727012 38.9196
0.758621 40.2382
0.758621 40.3763
0.79023 40.2382
0.79023 40.1929
0.814176 40.2868
0.814176 40.3063
0.781609 39.353
0.781609 40.2739
0.749042 40.0497
0.749042 40.334
0.781609 39.8406
0.735135 40.0529
0.761364 39.7472
0.781609 40.1913
0.781609 39.6967
0.781609 40.3193
0.727012 39.7772
0.727012 39.8756
0.727012 40.2706
0.77449 39.9888
0.708195 38.9924
0.77449 40.3161
0.740816 39.5851
0.740816 40.0529
0.740816 39.5179
0.740816 38.7717
0.695402 38.8969
0.695402 39.2634
0.740816 39.7125
0.740816 40.4122
0.740816 39.3561
0.721493 40.1897
0.721493 39.6841
0.769645 40.4187
0.753908 40.0561
0.77449 40.1139
0.77449 39.7614
0.77449 40.4024
0.77449 39.8645
0.77449 40.0657
0.77449 39.847
0.77449 40.3258
0.753908 39.7915
0.753908 40.347
0.77449 39.5491
0.77449 40.1381
0.797959 39.6637
0.797959 40.2544
0.797959 39.7093
0.797959 40.3682
0.797959 40.1429
0.77449 40.2868
0.77449 39.9218
0.75102 40.0818
0.75102 39.782
0.718367 40.4416
0.718367 39.5351
0.718367 40.5416
0.664286 40.1945
0.664286 40.4155
0.664286 39.9568
0.664286 40.308
0.664286 39.4197
0.664286 40.235
0.664286 39.8947
0.664286 40.3356
0.664286 39.3716
0.664286 40.5104
0.664286 39.4477
0.783673 40.3551
0.84898 39.8883
0.768142 39.8915
0.716438 39.2989
0.667671 40.3665
0.621599 39.7772
0.687195 39.9377
0.677773 39.9457
0.698824 40.6504
0.647649 39.7614
0.528212 40.1027
0.636893 37.8215
0.689379 40.0432
0.805139 39.4275
0.836601 40.4089
0.836601 39.3716
0.836601 40.0609
0.805139 39.8867
0.779451 40.1236
0.766885 40
0.732026 40.0112
0.732026 40.1155
0.732026 40.4367
0.732026 40.4596
0.732026 40.4662
0.702355 40.6405
0.702355 40.7166
0.732026 40.798
0.70915 40.808
0.70915 40.4204
0.70915 40.4973
0.70915 40.7548
0.70915 40.5597
0.742919 40.4318
0.776688 40.4645
0.810458 40.3812
0.810458 40.2495
0.810458 40.4629
0.810458 40.7365
0.755314 40.2075
0.785571 40.4678
0.817635 40.5449
0.8394 40.2625
0.776688 39.9568
0.677026 40.4809
0.695847 40.8247
0.695847 40.4351
0.695847 40.5581
0.661055 40.5137
0.639731 40.6042
0.606061 40.7515
0.626263 40.833
0.643531 40.6025
0.664631 40.6686
0.664631 40.5039
0.664631 40.0946
0.664631 41.3531
0.664631 41.249
0.661055 41.0071
0.661055 41.0627
0.661055 41.2694
0.661055 41.2507
0.661055 41.2439
0.661055 41.132
0.661055 41.0644
0.661055 40.568
0.661055 41.2712
0.661055 41.0863
0.661055 41.1692
0.661055 40.9065
0.661055 40.9954
0.661055 41.1269
0.661055 40.7465
0.643531 40.9249
0.643531 40.7947
0.643531 40.7415
0.643531 40.6504
0.643531 40.8597
0.661055 40.94
0.622432 41.1777
0.639731 40.9551
0.622432 41.1607
0.639731 41.3343
0.639731 41.2507
0.639731 41.1997
0.639731 41.0846
0.639731 40.7415
0.639731 41.0139
0.639731 40.7465
0.639731 40.7515
0.639731 41.2558
0.639731 41.3565
0.639731 41.2065
0.639731 40.9098
0.639731 40.793
0.639731 40.9182
0.639731 41.0223
0.639731 40.9031
0.639731 40.9635
0.639731 40.9954
0.618406 40.945
0.618406 41.1523
0.618406 40.6603
0.639731 40.4498
0.639731 40.2868
0.639731 40.6951
0.639731 40.4465
0.639731 40.71
0.639731 40.9316
0.673401 40.6984
0.673401 40.9065
0.673401 40.7315
0.673401 40.6769
0.673401 40.5614
0.673401 40.7183
0.707071 40.3779
0.707071 40.6521
0.707071 40.5449
0.707071 40.7415
0.707071 40.0561
0.707071 40.3845
0.740741 39.546
0.740741 40.4204
0.740741 40.1832
0.740741 40.2998
0.740741 40.5696
0.740741 40.6504
0.740741 40.4875
0.793269 40.3031
0.793269 40.308
0.793269 40.6025
0.793269 40.3193
0.793269 41.0189
0.793269 40.2269
0.793269 41.0728
0.735462 40.1236
0.865385 40.6471
0.744212 40.3145
0.803877 40.7564
0.803877 40.4367
0.803877 40.6636
0.867769 41.0863
0.839338 40.1558
0.778412 41.1184
0.721393 40.6454
0.721393 41.3565
0.778412 40.6785
0.745288 41.0492
0.836538 40.6454
0.801683 41.3787
0.801683 40.7681
0.770821 41.0897
0.770821 40.2447
0.657269 40.9199
0.691396 40.2026
0.777119 41.0711
0.747595 40.1913
0.801683 41.0779
0.801683 40.1171
0.801683 40.8948
0.801683 40.5564
0.770821 39.6857
0.801683 40.1365
0.766827 40.6372
0.766827 40.6901
0.766827 40.8547
0.743772 40.9283
0.743772 41.4164
0.714786 39.0656
0.766827 40.7515
0.766827 40.6223
0.731971 41.0038
0.710386 41.0813
0.67696 41.4714
0.67696 41.2797
0.67696 41.4388
0.67696 41.4473
0.67696 40.9132
0.710386 41.4079
0.710386 41.2763
0.710386 41.3001
0.710386 41.3104
0.710386 41.2303
0.710386 41.4731
0.66879 41.389
0.66879 41.3121
0.66879 41.2473
0.66879 41.5076
0.66879 40.6223
0.66879 41.4834
0.710386 41.3462
0.731971 41.2626
0.710386 41.7084
0.731971 41.0813
0.66879 41.3907
0.731971 41.5024
0.66879 41.4336
0.731971 41.2967
0.66879 41.6528
0.731971 41.4611
0.66879 41.4027
0.731971 41.4852
0.66879 41.6771
0.731971 40.5564
0.66879 40.9149
0.731971 41.5818
0.710386 42.061
0.731971 41.3685
0.710386 41.4903
0.731971 40.9065
0.710386 40.5663
0.645917 40.8547
0.529318 41.4405
0.593145 41.4353
0.627789 41.4972
0.731971 41.468
0.710386 41.5524
0.793269 41.2848
0.76987 41.6354
0.761511 41.6545
0.76987 41.0088
0.793269 39.9952
0.739435 39.8979
0.793269 39.2511
0.761511 39.909
0.793269 40.1252
0.761511 40.3454
0.701254 40.1526
0.644983 40.1832
0.644983 40.6818
0.761511 40.5548
0.793269 40.7249
0.76987 41.4989
0.76987 41.5179
0.76987 41.1624
0.76987 40.8063
0.739435 41.2507
0.76987 41.4594
0.76987 41.3907
0.739435 41.4852
0.76987 41.6979
0.76987 41.5973
0.76987 41.3274
0.739435 41.0829
0.739435 41.2797
0.76987 41.1726
0.766827 41.4044
0.766827 40.3112
0.740385 41.3805
0.656751 40.9115
0.740385 41.1794
0.711584 40.7731
0.740385 41.2099
0.706731 40.7116
0.706731 40.9786
0.706731 41.3787
0.75871 41.295
0.727503 41.5196
0.727503 41.3087
0.70257 41.4473
0.762991 41.3206
0.762991 41.389
0.744681 40.6901
0.744681 41.3856
0.636364 40.778
0.636364 41.0341
0.587097 40.5778
0.688787 38.6967
0.688787 41.0172
0.774038 41.2388
0.774038 41.088
0.745288 40.4563
0.745288 41.2797
0.745288 40.9752
0.636851 41.1438
0.745288 41.0576
0.745288 41.0897
0.745288 40.9836
0.689331 41.0408
0.689331 41.1235
0.770821 41.4302
0.770821 41.1879
0.770821 41.0779
0.736562 40.7764
0.736562 41.3702
0.766827 40.4302
0.736562 41.5403
0.736562 40.7764
0.679041 41.2252
0.679041 41.0627
0.625207 41.1472
0.736562 40.657
0.624714 41.5403
0.75871 40.9819
0.722581 41.4594
0.700637 41.0948
0.620915 41.5144
0.639423 41.4439
0.620915 41.425
0.639423 41.0324
0.620915 41.0122
0.616587 41.3189
0.616587 40.987
0.616587 40.9551
0.616587 40.5351
0.616587 40.95
0.616587 40.9836
0.616587 40.9216
0.616587 40.6339
0.616587 41.2575
0.616587 41.0021
0.616587 41.2916
0.649038 39.8676
0.649038 41.4353
0.654642 40.3388
0.68149 41.1624
0.68149 40.5531
0.68149 41.4559
0.68149 41.3104
0.585325 41.278
0.634384 41.0931
0.634384 41.3291
0.634384 41.3189
0.686576 40.2447
0.634384 40.9719
0.686576 41.4233
0.686576 41.0088
0.634384 40.476
0.634384 41.1929
0.634384 40.9584
0.740385 41.2524
0.711584 40.1929
0.736562 41.0965
0.736562 41.3582
0.625207 40.5597
0.736562 41.1862
0.679041 40.9836
0.736562 41.5058
0.736562 40.6273
0.679041 41.4662
0.736562 40.9015
0.736562 41.3104
0.736562 41.48
0.736562 40.5203
0.714786 41.2371
0.793269 40.6108
0.739435 41.5921
0.764055 40.8297
0.764055 41.2984
0.644983 40.9802
0.793269 41.4662
0.793269 40.987
0.701254 41.5939
0.761511 41.295
0.731971 41.3411
0.697115 41.4611
0.639423 41.2814
0.639423 41.3052
0.605769 40.813
0.605769 41.5162
0.605769 40.3975
0.605769 41.3223
0.605769 40.0465
0.605769 41.425
0.616587 41.3787
0.616587 41.2865
0.616587 41.5351
0.629454 40.803
0.629454 41.1692
0.622708 40.4989
0.598336 41.5213
0.616587 40.8013
0.616587 41.5007
0.649038 40.935
0.649038 41.1913
0.649038 41.0846
0.649038 41.0711
0.649038 41.3787
0.649038 41.3223
0.555309 41.0678
0.654642 40.2091
0.603438 40.9433
0.634823 40.7598
0.603438 39.7409
0.603438 40.2042
0.686576 41.4611
0.686576 40.7067
0.654642 39.9728
0.68149 41.0914
0.649038 41.0846
0.649038 40.7398
0.629454 40.8914
0.649038 41.1336
0.629454 41.0021
0.572493 41.3001
0.629454 41.1336
0.649038 40.8563
0.649038 40.9316
0.649038 40.4138
0.649038 41.468
0.649038 40.9316
0.649038 41.159
0.649038 38.3553
0.525292 36.186
0.649038 39.9888
0.649038 41.4164
0.604209 40.4826
0.629454 41.4353
0.622708 40.5531
0.649038 41.1828
0.649038 40.935
0.649038 41.4233
0.649038 41.2575
0.649038 40.9316
0.649038 41.468
0.629454 41.2371
0.629454 41.3753
0.622708 41.1083
0.555997 41.2677
0.649038 40.9534
0.649038 40.8347
0.622708 40.6669
0.649038 41.401
0.622708 40.6934
0.649038 41.5783
0.649038 41.0948
0.649038 41.3993
0.629454 41.2116
0.604209 40.9333
0.629454 40.8113
0.629454 40.36
0.649038 41.2337
0.622708 40.997
0.626643 41.2746
0.653207 40.818
0.653207 41.2269
0.653207 40.4204
0.673077 41.2405
0.626643 39.9712
0.673077 41.2592
0.673077 40.3682
0.64539 41.1624
0.673077 41.024
0.64539 41.1472
0.673077 41.2371
0.673077 40.7299
0.673077 40.997
0.673077 41.2865
0.626643 41.3805
0.653207 40.863
0.626643 41.2933
0.620915 41.1015
0.620915 41.1201
0.620915 40.9903
0.643494 40.9584
0.643494 41.2235
0.66226 40.4514
0.627404 41.0374
0.627404 40.3828
0.627404 40.9216
0.627404 41.0914
0.627404 41.4285
0.599527 41.1235
0.66226 40.9149
0.66226 41.3428
0.66226 41.0088
0.643494 41.4199
0.643494 41.0948
0.66226 41.4422
0.607205 41.4508
0.66226 41.088
0.627404 41.377
0.588585 40.5482
0.556217 41.2865
0.556217 40.4694
0.556217 41.2235
0.572115 41.1658
0.605769 40.7847
0.579196 40.5268
0.639423 40.5564
0.639423 40.8147
0.639423 40.1978
0.612293 40.997
0.612293 40.2463
0.639423 40.5696
0.639423 40.9567
0.594855 41.3514
0.639423 40.8797
0.594855 40.9333
0.620915 41.1032
0.620915 40.7714
0.612293 41.2014
0.612293 40.6223
0.512195 41.3172
0.639423 41.1726
0.639423 41.0172
0.620915 40.6934
0.639423 40.9987
0.639423 40.868
0.620915 40.778
0.620915 41.0694
0.639423 40.9819
0.612293 40.8931
0.639423 40.9333
0.639423 41.0526
0.620915 41.137
0.620915 40.715
0.594855 41.1387
0.545171 40.3112
0.620915 41.2473
0.594855 40.4744
0.620915 41.0998
0.639423 40.997
0.545171 41.1743
0.639423 41.1607
0.612293 40.793
0.639423 41.2626
0.643494 40.803
0.616126 40.9283
0.643494 40.2026
0.643494 40.2771
0.616126 39.5351
0.66226 40.6157
0.564037 40.7548
0.643494 41.1777
0.643494 40.5877
0.643494 40.3747
0.643494 40.7116
0.616126 40.624
0.607205 39.5382
0.643494 40.6174
0.616126 40.3845
0.612332 40.54
0.612332 39.7788
0.638051 40.5696
0.612332 40.2609
0.649051 40.3226
0.595931 40.4875
0.546126 40.5137
0.595931 40.0593
0.595931 40.8948
0.592705 40.3226
0.592705 40.5647
0.592705 40.5022
0.638051 40.8247
0.638051 40.7631
0.612332 40.6174
0.577213 40.7199
0.649051 40.2998
0.600907 40.7249
0.649051 40.4891
0.600907 39.9792
0.595931 40.3405
0.595931 40.8898
0.595931 40.843
0.546126 40.783
0.595931 40.5039
0.649051 40.5351
0.649051 40.7531
0.697115 40.122
0.697115 40.843
0.668045 40.2706
0.668045 40.7398
0.668045 40.1687
0.67696 39.2465
0.649051 40.6223
0.563244 40.7814
0.612332 40.373
0.612332 40.1978
0.638051 40.5219
0.638051 40.0304
0.612332 40.7116
0.517056 40.3307
0.563244 40.657
0.563244 40.7
0.612332 40.6537
0.612332 40.4416
0.612332 40.3714
0.595931 39.9744
0.67696 40.7116
0.612332 40.3177
0.638051 40.7133
0.638051 40.4367
0.612332 40.4433
0.612332 40.6736
0.638051 40.5927
0.563244 40.7249
0.612332 38.4601
0.612332 40.5531
0.638051 40.6752
0.612332 39.9792
0.638051 40.4465
0.563244 40.8313
0.612332 40.5959
0.612332 40.8347
0.638051 40.9551
0.638051 40.4449
0.612332 40.7947
0.563244 39.8359
0.638051 40.863
0.612793 39.8073
0.563244 40.8147
0.612793 40.093
0.612332 40.7864
0.668045 40.3437
0.638051 40.6967
0.697115 40.7614
0.563244 40.7034
0.612793 40.4973
0.612793 40.7083
0.612793 40.8347
0.561083 40.4678
0.612793 40.6157
0.561083 39.5898
0.612793 41.0122
0.612793 40.3926
0.612793 40.7963
0.612793 40.5877
0.612793 40.0449
0.649051 40.6289
0.595931 39.9872
0.67696 40.5285
0.595931 40.3877
0.595931 40.4924
0.649051 40.2933
0.577018 40.6355
0.627789 40.0545
0.627789 40.3015
0.642633 40.3812
0.642633 40.7548
0.592705 40.2609
0.592705 40.7349
0.501433 39.7994
0.545723 40.6256
0.515646 40.2301
0.559102 40.8213
0.559102 40.5236
0.559102 40.7432
0.592705 40.4384
0.592705 40.4563
0.577018 40.6802
0.577018 40.5367
0.577018 40.6868
0.592705 40.3047
0.592705 40.5006
0.592705 40.5285
0.592705 40.0048
0.545723 40.13
0.545723 40.6256
0.545723 40.1075
0.545723 40.853
0.545723 40.4269
0.545723 40.2576
0.545723 40.828
0.545723 39.9313
0.545723 40.5499
0.545723 40.334
0.545723 40.6884
0.545723 39.9377
0.545723 40.798
0.545723 40.6669
0.545723 40.7747
0.545723 40.7581
0.545723 40.5268
0.592705 40.715
0.592705 40.3128
0.68729 40.6818
0.591386 39.8533
0.567808 40.8898
0.681938 39.6291
0.66879 40.7681
0.68729 40
0.591386 40.9685
0.642633 40.2804
0.592705 40.3779
0.592705 40.1381
0.577018 40.6785
0.627789 39.8788
0.577018 40.5877
0.595931 40.8864
0.595931 40.5712
0.595931 41.0088
0.643494 40.8647
0.643494 40.7548
0.577213 40.3861
0.615407 40.4842
0.611634 40.2495
0.586188 40.6868
0.542093 40.2139
0.500383 40.5844
0.542093 40.1332
0.529259 40.6752
0.574297 39.9393
0.529259 40.7166
0.574297 39.7188
0.622069 40.4973
0.672831 39.6951
0.699422 40.6736
0.672831 40.4645
0.672831 40.3682
0.714786 40.5268
0.648294 40.3372
0.657272 40.6174
0.672831 40.3535
0.672831 40.5581
0.672831 39.8518
0.622069 40.7531
0.574297 40.1816
0.529259 40.6223
0.588155 40.3519
0.637546 40.813
0.690108 40.5564
0.717675 40.7382
0.637546 40.6405
0.588155 38.9712
0.690108 40.0304
0.588155 38.373
0.637546 40.6207
0.558299 39.4244
0.658394 40.8931
0.606789 39.7188
0.64447 41.0206
0.619618 40.813
0.543665 40.8047
0.590403 40.3682
0.561087 40.6421
0.585125 40.7432
0.585125 40.5482
0.515135 40.7581
