0.916667 41.1133
0.964892 40.7034
0.940097 35.461
0.964892 38.9347
0.825632 37.7886
0.839357 39.9265
0.839357 37.9291
0.842102 39.8867
0.794592 39.9872
0.920022 33.1257
0.896907 39.7219
0.931793 37.1292
0.916667 39.7741
0.964892 38.2073
0.89337 40.4057
0.785518 40.3031
0.78969 40.2641
0.764995 39.9042
0.739192 40.3502
0.765114 40.1236
0.756388 40.1978
0.882215 40.4302
0.802803 40.0914
0.872835 40.1188
0.793087 40.3177
0.832094 35.4421
0.806617 40.1978
0.804067 40.5121
0.84333 40.4662
0.84333 40.5022
0.853414 40.5531
0.806617 40.563
0.835996 40.016
0.733326 38.6817
0.704196 39.7646
0.674346 39.8613
0.800492 39.7899
0.72744 39.7283
0.854786 39.5851
0.855759 39.6936
0.816649 39.6354
0.835996 39.801
0.855759 39.5726
0.893893 39.9122
0.904601 39.496
0.893893 39.7567
0.872835 39.6291
0.813436 40.0016
0.87319 39.0808
0.835055 39.744
0.864811 39.5601
0.82846 39.4773
0.82846 38.4911
0.757797 40
0.75985 39.1926
0.793499 40.2771
0.87319 39.8311
0.773243 39.9393
0.793499 38.9788
0.784648 39.8042
0.784648 39.1742
0.733326 40.0802
0.733326 39.1144
0.716868 40.3258
0.750102 39.7235
0.784648 39.9393
0.750102 39.7504
0.7277 39.8708
0.737778 39.1988
0.714067 39.6825
0.737778 39.4291
0.698615 38.7492
0.809348 38.5282
0.791113 38.6952
0.82846 38.61
0.864811 39.0061
0.835055 38.8154
0.81574 38.7447
0.81574 38.7537
0.778304 38.909
0.778304 38.6264
0.721708 38.9818
0.693023 38.1709
0.714133 38.3715
0.71102 38.8289
0.727072 38.9833
0.77561 38.1956
0.743428 38.9454
0.727072 38.7477
0.72987 38.401
0.768551 38.5966
0.743428 38.9241
0.741627 38.2424
0.769871 38.2804
0.785084 38.6205
0.814213 38.7297
0.814213 38.1156
0.870985 38.5564
0.870985 38.8651
0.851671 38.503
0.870985 38.7958
0.880795 38.4956
0.836401 38.9742
0.809589 38.0503
0.813145 38.7462
0.849606 38.432
0.863808 38.7267
0.893186 38.5564
0.844725 38.9788
0.897606 38.8289
0.918226 38.7237
0.794066 38.8999
0.806201 38.6907
0.794066 38.8169
0.806201 38.9529
0.801807 38.3054
0.794066 39.0472
0.806201 38.7868
0.801807 38.8138
0.714961 38.6907
0.734549 38.838
0.75295 37.9853
0.765632 37.9305
0.764361 38.7507
0.708835 37.9579
0.712611 38.7868
0.729898 38.4926
0.758745 38.9985
0.857096 38.4054
0.786867 39.5429
0.847813 38.3848
0.847813 38.5773
0.768079 38.5045
0.799132 37.9838
0.781586 38.5505
0.847994 38.1228
0.786867 38.4897
0.716239 37.7259
0.715083 38.1621
0.77468 38.1272
0.831296 38.1403
0.730859 38.2015
0.815751 38.3259
0.832737 38.429
0.752897 37.6761
0.752897 38.4497
0.737605 38.3774
0.783504 38.1243
0.738685 38.0098
0.7844 38.3642
0.800177 38.3848
0.815935 38.345
0.768897 38.1577
0.800177 38.219
0.753912 38.3465
0.7844 37.896
0.816235 38.3921
0.800177 37.7202
0.824373 38.4246
0.733807 38.1679
0.770089 38.3406
0.816235 38.5104
0.784313 37.9881
0.705835 37.0906
0.733728 38.1752
0.770089 38.1301
0.800177 38.5431
0.762712 38.1913
0.753409 38.6832
0.74814 38.1767
0.770089 37.5897
0.768982 37.919
0.824373 38.2248
0.74814 37.8931
0.770089 37.7843
0.770089 37.6194
0.762712 37.6294
0.770089 38.2629
0.733652 36.4259
0.770089 37.1706
0.770089 38.072
0.733652 37.9377
0.770089 37.7629
0.74814 38.3436
0.747899 38.4645
0.770089 38.5758
0.726767 38.5253
0.770089 38.5
0.726767 38.3465
0.719634 38.238
0.733652 38.5654
0.733652 38.616
0.733652 38.5089
0.733652 37.9391
0.733652 38.1723
0.733652 37.4967
0.770089 38.4335
0.71316 37.8186
0.733652 38.238
0.71316 37.8158
0.726767 38.6294
0.733652 38.4261
0.770089 38.6429
0.71316 38.619
0.719634 38.4216
0.733652 38.613
0.681649 38.4231
0.687936 38.5475
0.687936 38.622
0.687936 38.7792
0.687936 38.6802
0.687936 38.6384
0.733652 37.4083
0.681649 38.2658
0.687936 38.613
0.687936 38.6488
0.669214 38.6324
0.687936 38.1898
0.733652 38.6011
0.681649 38.1971
0.687936 38.4305
0.687936 38.3391
0.733652 38.4157
0.687936 38.2307
0.687936 38.3347
0.687936 38.3274
0.64637 38.3524
0.64637 38.2775
0.687936 38.2278
0.687936 38.5342
0.687936 38.3039
0.687936 38.5297
0.687936 38.5208
0.64637 38.4482
0.64637 38.117
0.64637 38.1752
0.64637 38.398
0.687936 38.4689
0.669214 38.4615
0.553591 38.2717
0.606857 38.0011
0.640607 38.3818
0.687936 38.2541
0.687936 37.7173
0.640607 38.2336
0.64637 37.5066
0.64637 37.7259
0.64637 38.2526
0.687936 38.4852
0.6292 38.5327
0.64637 38.2775
0.64637 38.4571
0.64637 38.1243
0.64637 38.0851
0.64637 38.5416
0.64637 38.4808
0.64637 38.4349
0.64637 38.2482
0.603164 38.3112
0.608466 38.3333
0.64637 37.6903
0.64637 38.2848
0.64637 38.3377
0.64637 38.5594
0.64637 38.4512
0.608466 38.2629
0.64637 38.3112
0.64637 37.9046
0.64637 38.5149
0.64637 38.3966
0.617952 38.4586
0.617952 38.4453
0.617952 38.2658
0.617952 38.0575
0.606857 38.3951
0.606857 38.2336
0.617952 38.2673
0.681649 38.5877
0.669214 38.4867
0.669214 38.3127
0.669214 38.5788
0.585118 38.2453
0.595914 38.3966
0.595914 38.5075
0.595914 38.323
0.595914 38.503
0.595914 38.4497
0.595914 38.3509
0.595914 38.4926
0.606857 38.4261
0.606857 38.323
0.572075 38.3347
0.582303 38.2922
0.582303 38.1112
0.582303 38.133
0.535462 38.2351
0.55427 38.1796
0.608466 38.0402
0.608466 37.9636
0.608466 38.298
0.608466 38.1039
0.608466 38.0228
0.535784 38.3274
0.597664 38.1883
0.608466 37.9032
0.568681 38.0026
0.608466 37.9752
0.608466 38.149
0.568681 38.0865
0.568681 37.9824
0.608466 38.3186
0.608466 38.3024
0.568681 38.2643
0.608466 38.0503
0.608466 38.3142
0.608466 38.3715
0.563848 38.1345
0.568681 37.7316
0.568681 38.088
0.568681 37.932
0.608466 38.4823
0.608466 38.3318
0.597664 38.3568
0.568681 38.3245
0.568681 38.2321
0.608466 38.3995
0.608466 38.4882
0.568681 38.3715
0.608466 38.3171
0.608466 38.3524
0.608466 38.4335
0.608466 38.4468
0.55427 37.991
0.635509 38.2438
0.656232 38.0909
0.684303 38.2629
0.623504 38.1563
0.63956 38.2614
0.634173 38.2073
0.612973 38.2365
0.602578 37.9766
0.655172 38.3612
0.612973 38.3083
0.684303 38.3186
0.684303 38.6071
0.684303 38.1505
0.634173 38.4675
0.684303 38.3759
0.634173 38.4601
0.646154 38.2497
0.630033 38.4379
0.691358 38.5594
0.609023 38.3774
0.691358 38.3612
0.685413 38.6802
0.685413 37.9651
0.640745 38.2717
0.679265 38.2292
0.691358 38.2482
0.673647 38.3465
0.650602 38.3597
0.685413 38.1869
0.662045 38.0633
0.691358 38.0561
0.691358 38.1476
0.685413 38.2059
0.650602 38.4187
0.673647 38.2614
0.639316 38.2526
0.639316 38.1869
0.639316 36.8922
0.691358 38.2541
0.673465 38.165
0.691358 38.1607
0.691358 38.4482
0.673647 38.3936
0.639316 38.0228
0.673647 37.7972
0.662045 37.79
0.639316 38.0981
0.673647 38.1403
0.662045 38.2892
0.639316 37.9118
0.685413 38.3671
0.685413 38.4556
0.673647 38.5178
0.734426 38.4793
0.727951 38.0416
0.662045 38.4675
0.650602 38.2
0.691358 38.2453
0.673647 37.81
0.734426 35.8732
0.715146 36.1611
0.702529 38.2234
0.689517 37.8888
0.69016 38.1577
0.650602 38.2088
0.734426 38.0561
0.702529 38.3568
0.639316 38.2512
0.689517 37.7259
0.678033 38.017
0.665954 38.0214
0.654418 38.0836
0.617201 38.3568
0.628356 38.2497
0.617598 38.2951
0.665954 38.1767
0.677843 38.4216
0.665767 38.2922
0.642432 38.2468
0.620628 38.3274
0.628183 37.8702
0.628183 38.2117
0.727951 37.9939
0.702529 37.7872
0.721258 37.9651
0.721258 37.7487
0.721258 37.9291
0.662045 37.6619
0.721258 38.0894
0.690096 38.3421
0.640855 38.0431
0.653556 36.8283
0.631457 36.5457
0.628183 37.7686
0.677653 37.7131
0.665767 38.1854
0.653863 38.1083
0.609125 38.1679
0.59882 38.3142
0.640855 38.1243
0.640855 38.2834
0.640855 36.511
0.654418 37.9983
0.715146 38.0967
0.677843 37.9219
0.689517 38.1403
0.677653 38.0257
0.665954 38.4202
0.714947 37.9262
0.702529 37.8401
0.727951 37.7672
0.702529 38.2146
0.690096 38.0575
0.628183 37.7658
0.689517 38.0764
0.702529 38.0243
0.690096 38.2059
0.715146 37.4532
0.690096 38.3245
0.727951 38.2336
0.702529 38.257
0.690096 38.1301
0.665767 38.1069
0.733269 38.466
0.665767 38.1898
0.69016 38.2205
0.690096 38.0532
0.665767 38.0735
0.715146 38.5178
0.702529 38.4882
0.690096 38.0546
0.677843 38.301
0.733269 38.1592
0.668534 38.1519
0.681091 38.5253
0.642129 37.9406
0.653863 38.257
0.715146 38.1913
0.690096 38.0431
0.665767 38.238
0.690096 38.2438
0.677843 38.2555
0.665767 38.3098
0.733339 38.5936
0.733269 38.373
0.733269 38.0243
0.733269 38.3156
0.669508 38.4335
0.631218 38.276
0.654294 38.0011
0.653863 38.32
0.653863 38.2351
0.690096 38.184
0.665767 37.5009
0.702529 38.0604
0.719923 34.6512
0.681091 38.165
0.681091 37.7458
0.733269 38.2292
0.719923 37.9881
0.694307 38.3995
0.693839 38.3892
0.733269 38.4453
0.706781 38.2922
0.746823 38.3362
0.733269 36.7674
0.707121 38.3671
0.694307 38.1723
0.72013 38.1869
0.707121 38.1883
0.681684 38.3362
0.669248 38.4113
0.746823 38.0503
0.733269 38.4793
0.733269 38.2468
0.719923 38.5579
0.620628 38.3391
0.654438 38.4453
0.656611 38.398
0.669508 38.1592
0.72013 38.5342
0.733269 38.3465
0.781655 38.2892
0.760591 38.1432
0.707121 38.2468
0.634763 38.2161
0.694441 38.3245
0.694441 38.3215
0.707121 38.4512
0.781655 38.5683
0.774578 38.5505
0.774578 38.1607
0.746823 38.1796
0.733269 38.398
0.760591 38.2555
0.746823 38.0503
0.733269 38.4202
0.774578 38.1679
0.746823 38.0344
0.719923 38.072
0.693839 38.2512
0.719923 38.3024
0.706781 38.2059
0.746823 37.78
0.733269 38.238
0.719923 38.2438
0.706781 38.1986
0.707121 38.2673
0.681684 38.1971
0.694307 38.2687
0.681684 38.2658
0.634389 38.348
0.669898 38.2365
0.681684 38.2585
0.693839 38.3245
0.681091 38.2599
0.719923 37.9708
0.693839 38.0561
0.668534 37.896
0.706781 38.1199
0.706781 38.1156
0.681684 38.2497
0.733269 38.1854
0.706781 38.0402
0.746823 38.3391
0.733269 38.3715
0.738042 38.373
0.723638 38.2205
0.751651 38.3377
0.737531 37.4406
0.709965 38.219
0.696508 38.1316
0.737531 38.1956
0.723638 37.9507
0.744641 38.2263
0.689924 38.4867
0.620522 38.2102
0.6378 38.1112
0.687515 38.2585
0.669248 38.1913
0.656995 38.4128
0.681684 38.345
0.669248 38.0691
0.656995 38.3083
0.693839 38.1388
0.681091 38.4084
0.668534 38.1767
0.733269 37.8401
0.719923 38.2409
0.693839 38.0272
0.668534 38.345
0.698387 38.2966
0.684288 38.4778
0.710743 38.3362
0.697412 38.4187
0.696508 38.2687
0.696508 38.165
0.751651 38.1694
0.737531 38.5253
0.709965 38.5015
0.696508 38.1942
0.737531 38.398
0.709965 38.2936
0.751651 38.4897
0.737531 38.3612
0.709965 38.5401
0.696508 38.5356
0.737531 38.2629
0.723638 38.398
0.709965 38.1257
0.696508 38.3862
0.723638 38.4453
0.64899 38.466
0.68566 38.348
0.661035 38.5922
0.64899 38.4645
0.672851 38.2775
0.71145 38.184
0.738042 38.2775
0.710743 38.5045
0.709965 38.3215
0.737531 37.9593
0.709965 38.1083
0.696508 38.398
0.737531 38.2453
0.657376 38.4187
0.709965 38.301
0.696508 38.4098
0.696508 37.991
0.709965 38.0228
0.709965 38.184
0.737531 38.3862
0.709965 38.2234
0.68326 37.4546
0.723638 38.0778
0.723638 38.1869
0.709965 38.3789
0.696508 38.4054
0.751651 38.3318
0.737531 38.348
0.723638 38.2351
0.709965 38.2673
0.751651 38.4704
0.723638 38.4734
0.709965 37.8458
0.68326 38.4911
0.723638 38.4956
0.723638 38.2775
0.709965 38.1825
0.751651 38.2702
0.737531 38.1723
0.710743 38.3509
0.697412 38.6399
0.671365 38.5446
0.710743 38.5475
0.697412 38.5713
0.671365 38.3509
0.658638 38.0185
0.737531 38.2321
0.723638 38.401
0.723638 38.4039
0.696508 38.552
0.670218 38.4956
0.684288 38.3039
0.68326 38.3833
0.657376 38.1869
0.644731 38.4423
0.675343 38.5327
0.667053 38.4793
0.646004 38.3347
0.646004 38.5342
0.683728 38.3759
0.683728 38.5371
0.683728 37.9176
0.787719 38.4601
0.77294 38.2936
0.728408 38.4054
0.722697 38.6205
0.687312 38.619
0.728408 38.4364
0.716115 38.2804
0.663464 38.4143
0.662962 38.2834
0.716191 38.4778
0.702567 38.5401
0.675957 38.3671
0.662962 38.5966
0.689157 38.4025
0.689157 38.5579
0.675957 38.7702
0.675957 38.61
0.650167 38.549
0.662962 38.5089
0.637567 38.3039
0.625158 38.3745
0.612936 38.5743
0.650167 38.4689
0.650167 38.401
0.637567 37.4897
0.637567 38.3465
0.612936 38.4069
0.625158 37.9478
0.600896 38.5713
0.593431 38.6235
0.642472 38.4986
0.634778 38.7237
0.629931 38.7447
0.61758 38.6518
0.662962 38.5892
0.638331 36.2148
0.626048 38.613
0.591983 38.466
0.56946 38.5401
0.613947 38.6444
0.590278 38.4749
0.578702 38.4113
0.578702 38.7132
0.613947 38.3715
0.602025 38.6294
0.602025 38.345
0.590278 38.2907
0.613947 38.6235
0.612936 38.5431
0.589034 38.4246
0.625158 38.5342
0.625158 38.2482
0.612936 38.429
0.650167 38.37
0.637567 38.5104
0.625158 38.5564
0.612936 38.6503
0.637567 38.7822
0.625158 38.6563
0.650167 38.4497
0.637567 38.4956
0.612936 38.3494
0.589034 38.4601
0.625158 38.3877
0.600896 38.4971
0.637567 38.2702
0.637567 38.6369
0.625158 38.5119
0.625158 38.5089
0.675957 38.3921
0.675957 38.5431
0.662962 38.1854
0.637567 38.4172
0.675957 38.5564
0.650167 38.5386
0.675957 38.7988
0.650167 38.4882
0.637567 38.6578
0.625158 38.6175
0.662962 38.7732
0.637567 38.8123
0.600896 38.5327
0.625158 38.0807
0.625158 38.6026
0.625158 38.6503
0.625158 38.6414
0.650167 38.4601
0.625158 38.2
0.600896 38.7402
0.625158 38.8425
0.589034 38.7222
0.565831 38.4867
0.612936 38.7717
0.600896 38.5253
0.600896 38.429
0.589034 38.6339
0.565831 38.7552
0.600896 38.2
0.612936 38.4556
0.612936 38.4468
0.625158 38.2599
0.650167 38.4586
0.612936 38.6937
0.589034 38.5862
0.589034 38.8033
0.577347 38.0807
0.577347 38.6832
0.612936 38.8048
0.600896 34.7741
0.589034 33.9386
0.577347 37.8258
0.612936 38.7402
0.600896 38.7132
0.600896 38.463
0.600896 38.6982
0.600896 38.5892
0.637567 38.6115
0.612936 38.549
0.600896 38.6294
