0.859516 44.1053
0.928042 44.1287
0.900469 18.2782
0.956396 34.9235
0.900484 40.8864
0.900469 41.2371
0.813648 41.0139
0.929457 44.0781
0.803017 44.195
0.903249 44.6728
0.913442 44.6468
0.887515 44.6887
0.88788 44.5196
0.942636 44.7868
0.851351 44.7527
0.889266 44.5772
0.883508 44.3931
0.82733 44.9297
0.854244 45.1101
0.854244 45.106
0.894156 45.0167
0.856066 45.0349
0.856959 45.039
0.836189 44.7948
0.838223 45.0167
0.810093 45.0897
0.838223 45.0613
0.836189 44.4444
0.848842 45.0187
0.846447 45.2386
0.846447 45.0897
0.848842 45.253
0.822174 45.3432
0.859735 45.1325
0.859735 45.2694
0.87091 45.1345
0.833156 45.208
0.87091 44.9802
0.87091 45.4009
0.87091 45.0653
0.88238 45.1937
0.854171 44.9822
0.870065 45.0308
0.842427 45.2325
0.846861 45.0369
0.870065 45.2735
0.870065 45.1467
0.871825 45.0613
0.854171 45.3227
0.884561 45.1304
0.884561 44.4464
0.88238 45.2039
0.870065 45.2694
0.820283 45.2018
0.870065 44.8934
0.870065 45.2489
0.854171 45.1937
0.88238 45.1447
0.88238 45.2366
0.88238 44.8571
0.88238 45.039
0.88238 44.5494
0.856251 45.1916
0.88238 45.2673
0.884561 44.8833
0.856251 45.3063
0.88238 44.1638
0.844105 44.6449
0.884561 45.043
0.844294 45.1284
0.872023 45.1365
0.820283 45.0227
0.748023 44.8129
0.870065 45.2243
0.839407 44.8893
0.819379 44.5752
0.858829 45.0552
0.858829 44.7928
0.858829 45.0248
0.858829 45.161
0.831706 44.9075
0.858829 44.9357
0.858829 45.2141
0.860198 45.2059
0.831706 45.2325
0.835129 45.1569
0.73885 45.1569
0.835129 44.9559
0.788636 44.8752
0.693478 44.96
0.777355 45.0755
0.83785 45.2509
0.812678 44.484
0.849372 44.9135
0.791805 45.1304
0.884561 44.9661
0.856836 45.2899
0.856251 45.1671
0.872023 45.1855
0.802641 44.5633
0.802641 45.3289
0.855772 45.294
0.856836 44.2537
0.885174 45.3042
0.885174 45.5104
0.844294 45.4773
0.769358 45.3494
0.870065 45.1732
0.842427 45.159
0.854171 45.2018
0.88238 44.8089
0.766491 45.104
0.88238 45.1141
0.800217 45.0857
0.854171 44.6349
0.88238 44.9782
0.88238 45.3309
0.88238 45.2899
0.854171 44.6269
0.88238 45.2386
0.88238 45.2653
0.88238 44.7167
0.870065 44.6329
0.871825 45.4463
0.800217 45.3576
0.842427 45.2899
0.846861 45.3391
0.871825 45.1345
0.846861 44.6249
0.860198 44.8893
0.861124 43.0274
0.82315 44.3636
0.849391 44.8129
0.821074 45.0227
0.798459 45.4504
0.874566 45.3001
0.795455 45.0714
0.795455 44.7267
0.795455 45.2141
0.748593 44.8994
0.795761 45.2325
0.751064 45.3022
0.820312 45.3268
0.767795 45.4236
0.806816 45.4856
0.84375 45.3494
0.779805 45.5519
0.815207 45.5104
0.818182 45.3371
0.832017 45.3968
0.804675 45.1365
0.757377 45.4938
0.832475 45.4236
0.734577 45.2735
0.711042 45.2304
0.80807 45.0613
0.85982 45.3823
0.85982 44.958
0.80807 45.045
0.860831 45.4835
0.888383 45.3391
0.807148 45.4112
0.888383 45.2243
0.85982 44.839
0.80807 45.5
0.860831 45.3453
0.85982 45.2981
0.85982 45.3988
0.85982 45.1243
0.757377 45.3124
0.757377 45.2776
0.807148 45.3803
0.830516 45.2284
0.757377 44.016
0.85982 45.4566
0.847214 45.2366
0.769658 45.6184
0.80394 45.4194
0.871921 45.0938
0.764855 45.3721
0.82766 45.0755
0.884368 45.5955
0.841689 45.0714
0.811594 45.7477
0.719457 44.9216
0.77802 44.9822
0.829787 45.4339
0.884368 44.9176
0.88466 45.4401
0.884368 45.3721
0.884368 45.4835
0.829787 45.3535
0.884368 45.2755
0.854589 45.2018
0.777778 42.461
0.884368 44.9075
0.884368 43.7369
0.82766 44.9822
0.803895 45.1284
0.801178 45.2325
0.776899 45.4422
0.789732 45.4483
0.818182 45.0653
0.832017 45.3885
0.790714 45.4752
0.75 45.529
0.855772 45.1182
0.855772 45.4504
0.760402 45.556
0.855772 45.4566
0.843727 45.1773
0.789852 45.529
0.777778 45.5394
0.763889 45.2714
0.8 45.6267
0.785714 45.731
0.827586 45.608
0.751852 45.1855
0.741553 45.2345
0.751852 45.6997
0.751852 45.4483
0.762441 45.6433
0.762441 45.5021
0.738768 45.529
0.762441 45.5063
0.762441 45.7164
0.709859 45.775
0.762441 45.1998
0.734337 45.4422
0.734337 45.3741
0.760563 45.2714
0.736111 45.1019
0.817641 45.6163
0.715622 44.8934
0.81593 45.1447
0.81593 45.3947
0.762441 45.2223
0.738768 45.5166
0.788732 45.5208
0.716216 45.5851
0.749178 45.2878
0.726027 45.6413
0.785714 45.2386
0.749178 45.469
0.72 45.6308
0.715247 44.6229
0.727599 44.9782
0.717631 45.5872
0.707934 45.3679
0.731532 45.0836
0.731532 44.9479
0.682613 44.285
0.709204 45.6433
0.638514 44.6708
0.619165 45.5726
0.665029 44.7788
0.674139 45.4194
0.627646 45.3885
0.64726 45.0958
0.64726 45.108
0.66814 45.2223
0.690411 45.3186
0.681081 45.5622
0.682613 45.5311
0.682613 45.5208
0.704567 45.5208
0.633686 45.4607
0.706667 45.3865
0.759162 45.2325
0.761673 45.5021
0.761673 45.1162
0.761494 45.5705
0.73717 45.3309
0.690154 45.3104
0.761673 45.2837
0.73717 44.9216
0.733333 45.1304
0.731532 45.5394
0.685811 44.7147
0.685811 45.4607
0.619165 45.1202
0.645488 45.5332
0.619165 45.5145
0.654225 45.7582
0.674139 45.2018
0.627646 45.3371
0.674139 45.5851
0.627646 45.37
0.627646 44.7227
0.617647 45.3762
0.573529 45.5187
0.617647 45.6142
0.573529 45.5456
0.617647 45.6392
0.617647 45.6871
0.581607 45.7603
0.626346 45.4504
0.617647 45.5602
0.600954 45.6204
0.592941 45.4318
0.558029 45.2612
0.558029 45.6433
0.565673 45.8337
0.565673 45.498
0.573529 44.8109
0.573529 45.901
0.573529 45.9348
0.590909 45.6809
0.590909 45.3988
0.590909 45.7624
0.541258 45.1569
0.617647 45.8211
0.663399 45.7708
0.6 45.5145
0.6 45.7854
0.644444 45.7687
0.6 45.5622
0.644444 45.7813
0.59976 43.9522
0.626346 45.683
0.581279 45.7477
0.635294 45.6538
0.589916 43.9232
0.635294 44.9035
0.654545 44.6808
0.598795 45.6017
0.617399 45.0572
0.665493 45.2366
0.636364 45.4938
0.627646 45.4525
0.601027 45.4277
0.620415 45.7185
0.641096 45.4752
0.641096 45.7164
0.641096 45.8295
0.605023 45.1467
0.65 45.7834
0.622066 45.798
0.668571 45.8926
0.668571 45.7854
0.630952 45.8568
0.668571 45.7666
0.630952 45.3371
0.697368 45.7561
0.72 45.7729
0.709859 45.7415
0.738768 45.1427
0.7 45.6371
0.65 45.583
0.7 45.7792
0.65 45.3741
0.677419 45.7226
0.629032 45.2899
0.65625 45.6642
0.65625 45.7059
0.609375 45.4938
0.65625 45.5
0.609375 45.21
0.609375 45.1957
0.609375 45.4525
0.65625 45.6454
0.609375 45.3576
0.575087 45.8253
0.609375 45.8695
0.590909 45.8085
0.55766 45.7582
0.590909 45.7519
0.590909 45.8716
0.55766 46.0087
0.55766 45.8737
0.590909 45.9601
0.55766 46.0681
0.55766 45.8442
0.590909 46.1446
0.590909 45.8337
0.609375 45.685
0.629032 45.8968
0.613426 45.8947
0.629032 45.6392
0.609375 45.5145
0.55766 45.7708
0.55766 45.9643
0.590909 45.6371
0.55766 45.6767
0.55766 45.996
0.55766 46.1958
0.590909 44.8511
0.55766 45.3248
0.55766 45.5498
0.55766 45.6642
0.55766 45.8274
0.55766 45.5125
0.55766 46.1723
0.590909 46.0999
0.590909 45.8842
0.590909 45.7457
0.590909 45.529
0.590909 46.0405
0.582252 45.8043
0.590909 45.2755
0.590909 45.7666
0.590909 45.4814
0.582814 45.9495
0.565673 45.84
0.55002 46.0999
0.52663 46.1106
0.506757 46.3049
0.52663 46.1553
0.52663 46.0045
0.52663 46.0808
0.52663 46.1042
0.600954 46.1531
0.558029 45.8169
0.600954 45.2878
0.600954 45.6392
0.558029 45.8463
0.600954 45.9327
0.558029 45.6871
0.558029 45.6809
0.558029 45.6475
0.558029 46.0914
0.558029 45.6059
0.558029 45.996
0.52663 45.7519
0.506757 46.0723
0.52663 45.8505
0.52663 45.8652
0.558029 46.0066
0.52663 46.0681
0.52663 46.0151
0.558029 45.9622
0.558029 45.9263
0.519608 46.0999
0.535354 46.0257
0.528309 46.2321
0.567273 45.9749
0.535354 46.2
0.522113 45.9855
0.550021 46.2856
0.549508 45.9369
0.519849 45.8358
0.549508 46.0957
0.545003 46.0787
0.567209 46.0363
0.558867 45.7289
0.537577 46.0469
0.567209 45.3371
0.545003 45.7687
0.557207 46.1531
0.548456 46.0554
0.53598 45.1753
0.55766 45.3001
0.529265 45.4133
0.550021 45.5228
0.550021 45.9474
0.529265 45.4649
0.550021 46.1212
0.529265 46.0532
0.529265 46.049
0.529265 45.9053
0.529265 44.3439
0.529265 45.3823
0.529265 45.8064
0.529265 46.2471
0.529265 46.2214
0.529265 46.1617
0.529265 45.9982
0.550021 46.2599
