0.942685 36.2227
0.942685 34.4626
0.942685 33.6882
0.942685 34.2947
0.885798 33.3934
0.885798 35.5644
0.885798 36.0933
0.851407 36.4777
0.864565 36.2306
0.839124 36.3689
0.806936 36.3465
0.818676 35.9105
0.783904 36.1873
0.783904 36.1781
0.783904 36.3451
0.806936 35.8847
0.806936 36.3478
0.783904 36.3623
0.913819 36.2437
0.913819 36.3319
0.913819 35.1025
0.913819 36.3095
0.942685 36.2976
0.885798 36.3029
0.885798 36.5243
0.913819 36.4564
0.913819 36.4857
0.942685 36.4073
0.942685 36.0568
0.885798 36.4405
0.942685 36.3875
0.913819 36.4299
0.913819 35.3882
0.913819 36.2582
0.826127 36.2779
0.851407 36.4631
0.877398 36.4007
0.890669 36.3425
0.770041 36.551
0.814368 36.6059
0.79027 36.4445
0.766804 36.3729
0.766804 34.2936
0.721669 35.4447
0.721669 36.3517
0.781466 36.5551
0.806452 36.5497
0.743945 36.4844
0.743945 36.6139
0.699956 36.4937
0.699956 36.5497
0.699956 36.1925
0.699956 36.4445
0.699956 36.3808
0.657166 36.3861
0.731549 36.1533
0.731549 36.2017
0.710491 36.539
0.637982 36.2595
0.688073 36.3755
0.688073 36.4033
0.688073 34.7005
0.688073 36.357
0.688073 36.2214
0.757162 36.535
0.806452 36.3359
0.832148 36.4272
0.885798 36.001
0.913819 36.5177
0.942685 36.3359
0.942685 36.3491
0.913819 35.8282
0.832148 36.5698
0.806452 36.4179
0.757162 36.5631
0.781466 36.3438
0.858586 36.3769
0.858586 36.5137
0.832148 36.414
0.781466 36.3583
0.757162 35.3394
0.858586 36.515
0.858586 36.3465
0.942685 36.5497
0.913819 36.6005
0.864565 36.5631
0.766804 36.3941
0.79027 36.6878
0.814368 36.6139
0.79027 36.4618
0.79027 36.2818
0.79027 36.361
0.79027 36.6972
0.79027 36.5657
0.858586 36.6367
0.858586 36.6555
0.858586 36.1821
0.806452 33.8685
0.806452 35.4849
0.806452 35.4635
0.806452 36.4153
0.806452 36.6153
0.743945 36.6596
0.699956 36.6663
0.646357 36.63
0.646357 36.6555
0.721669 36.6421
0.721669 36.6206
0.721669 36.4644
0.753141 36.6784
0.596035 36.6488
0.806452 36.4312
0.832148 36.5979
0.806452 36.531
0.806452 36.5778
0.806452 36.4299
0.806452 36.3795
0.806452 36.4884
0.806452 36.6341
0.757162 36.5965
0.757162 36.4511
0.757162 36.6126
0.757162 36.5564
0.757162 36.7121
0.806452 36.4405
0.806452 36.4498
0.806452 36.6233
0.858586 36.5604
0.858586 36.6166
0.942685 36.5644
0.942685 36.6139
0.864565 36.3928
0.839124 36.6019
0.748153 36.6582
0.726799 36.6019
0.748153 36.5337
0.839124 36.4964
0.864565 36.6878
0.864565 36.5617
0.942685 36.507
0.942685 36.4764
0.942685 36.5684
0.942685 35.7807
0.942685 36.5952
0.942685 36.5831
0.942685 36.6314
0.942685 36.5137
0.913819 36.6569
0.864565 36.2818
0.770041 36.0985
0.748153 36.5698
0.792485 36.6287
0.770041 36.5484
0.770041 36.5912
0.792485 36.4697
0.792485 36.527
0.792485 36.6247
0.792485 36.6019
0.858586 36.6636
0.770041 36.6274
0.942685 35.6875
0.770041 36.1572
0.913819 36.4977
0.770041 36.6838
0.913819 36.5845
0.913819 36.6166
0.913819 36.6435
0.839124 36.4937
0.864565 36.357
0.814368 36.4392
0.79027 36.4458
0.79027 36.5551
0.766804 36.5404
0.814368 36.6086
0.814368 36.5858
0.814368 36.543
0.864565 36.5123
0.839124 35.2311
0.726799 36.4272
0.748153 35.2187
0.748153 36.519
0.864565 36.2279
0.864565 36.5845
0.814368 36.2753
0.726799 36.6381
0.726799 36.6959
0.726799 36.3729
0.70596 36.6153
0.748153 36.6596
0.885798 36.4764
0.942685 36.5217
0.942685 36.5805
0.885798 36.535
0.885798 36.3412
0.832148 36.3967
0.885798 36.4618
0.79027 36.6797
0.766804 36.3928
0.79027 36.6435
0.942685 36.5872
0.942685 36.5617
0.913819 36.5872
0.864565 36.6193
0.814368 36.5992
0.839124 36.5979
0.839124 36.6206
0.814368 36.6113
0.864565 36.6609
0.770041 36.3676
0.792485 35.5872
0.792485 36.5577
0.79027 36.6086
0.79027 36.531
0.839124 36.5577
0.942685 36.5644
0.792485 36.4193
0.913819 36.5564
0.913819 36.4671
0.885798 36.6019
0.885798 36.3636
0.942685 36.4458
0.942685 36.5524
0.942685 36.4312
0.942685 36.5163
0.942685 35.9919
0.942685 36.2674
0.913819 36.4884
0.913819 36.5805
0.913819 36.5123
0.885798 36.5444
0.814368 36.3676
0.814368 36.5617
0.839124 36.5057
0.839124 36.5818
0.839124 36.4179
0.839124 36.4711
0.839124 36.2542
0.839124 36.3914
0.839124 36.2332
0.839124 36.3016
0.913819 36.2608
0.858586 36.499
0.858586 36.5617
0.858586 36.2924
0.858586 36.4897
0.858586 36.398
0.858586 36.4844
0.743945 36.406
0.685619 35.9868
0.685619 36.3451
0.685619 35.8654
0.685619 36.4551
0.685619 36.5003
0.685619 36.4405
0.627404 36.2227
0.646357 36.5297
0.646357 35.5404
0.781466 36.3795
0.685619 36.6435
0.806452 36.535
0.70596 36.3399
0.832148 36.4193
0.79027 36.4711
0.79027 36.1925
0.858586 36.402
0.79027 36.4764
0.79027 36.5952
0.79027 36.547
0.743945 36.4897
0.743945 36.3967
0.743945 36.5738
0.685619 36.4897
0.806452 36.5323
0.806452 36.479
0.832148 36.1507
0.832148 36.3928
0.858586 36.1808
0.743945 36.527
0.766804 36.4578
0.766804 36.5337
0.70596 36.5617
0.70596 35.2535
0.70596 36.5257
0.766804 36.4193
0.766804 36.5751
0.79027 36.511
0.79027 36.531
0.814368 36.3702
0.748153 35.966
0.748153 35.9764
0.6866 36.4485
0.6866 36.2503
0.70596 36.4285
0.913819 36.3332
0.70596 36.1454
0.913819 36.3187
0.913819 36.499
0.913819 36.266
0.913819 36.3055
0.858586 36.27
0.858586 36.5297
0.858586 36.2096
0.858586 36.3954
0.858586 36.5591
0.858586 36.41
0.858586 36.3385
0.79027 36.3623
0.667674 36.511
0.612463 36.5364
0.612463 36.3214
0.612463 36.4471
0.667674 36.483
0.667674 36.4564
0.667674 36.4418
0.667674 35.3607
0.667674 36.1768
0.667674 36.3822
0.667674 36.551
0.667674 36.519
0.667674 36.6072
0.667674 36.4631
0.667674 36.4604
0.79027 36.2832
0.79027 36.4126
0.79027 36.5537
0.79027 36.2924
0.79027 35.4711
0.79027 36.6448
0.839124 35.9842
0.839124 36.6448
0.839124 36.4751
0.839124 36.539
0.839124 36.3769
0.770041 36.1441
0.748153 36.543
0.6866 36.4604
0.72577 36.3491
0.72577 36.4604
0.72577 36.2345
0.864565 36.5203
0.864565 36.4073
0.864565 36.519
0.864565 36.535
0.792485 36.3531
0.792485 36.6274
0.792485 36.5671
0.792485 36.5992
0.770041 36.6529
0.770041 36.547
0.72577 36.5845
0.72577 36.5952
0.70596 36.5818
0.72577 35.8925
0.6866 35.6328
0.6866 36.5644
0.667674 36.539
0.839124 36.4166
0.839124 36.8121
0.839124 36.503
0.839124 36.7296
0.839124 36.7404
0.792485 36.7891
0.792485 36.739
0.792485 35.7769
0.792485 36.785
0.792485 36.846
0.770041 36.5364
0.770041 36.6515
0.770041 36.5952
0.885798 36.7863
0.942685 36.6569
0.942685 36.7525
0.942685 36.5337
0.864565 36.7552
0.814368 36.7999
0.864565 36.7769
0.864565 36.7661
0.814368 36.7661
0.864565 36.7769
0.864565 36.5831
0.839124 36.7958
0.792485 36.5203
0.770041 36.7755
0.72577 36.1272
0.70596 36.785
0.864565 36.8936
0.864565 36.7809
0.814368 36.8378
0.864565 36.785
0.814368 36.6502
0.864565 36.5898
0.864565 36.8704
0.839124 36.7296
0.748153 36.5778
0.770041 36.6019
0.6866 36.7175
0.72577 36.519
0.72577 36.8229
0.72577 36.7688
0.72577 36.7552
0.72577 36.8026
0.6866 36.7067
0.770041 36.7836
0.72577 36.531
0.770041 36.547
0.864565 36.8568
0.814368 36.7715
0.748153 36.8189
0.814368 36.7282
0.858586 36.7512
0.770041 36.7634
0.748153 36.7552
0.885798 36.4299
0.726799 36.7417
0.748153 36.7336
0.792485 36.7377
0.646357 36.4764
0.70596 36.7282
0.814368 36.6811
0.748153 36.6999
0.839124 36.7269
0.913819 36.7323
0.792485 36.1991
0.6866 36.6905
0.6866 36.6421
0.629234 36.7661
0.770041 36.7877
0.770041 36.6475
0.942685 36.398
0.832148 36.6838
0.70596 36.7148
0.685619 36.5711
0.596035 36.5484
0.748153 36.7188
0.751965 36.402
0.680771 36.6529
0.806936 36.6529
0.741571 36.4697
0.701201 36.5979
0.761452 36.6636
0.592274 36.507
0.68171 36.3941
0.644936 36.6046
0.662661 36.6354
0.701201 36.4591
0.783904 36.6529
0.608016 36.735
0.689975 36.6529
0.624072 36.487
0.680771 36.8311
0.721526 36.1847
0.662661 36.0503
0.529839 36.6126
0.564083 36.4445
0.662995 36.3702
0.671862 36.3782
0.616178 36.5858
0.671862 36.5177
0.616178 35.9467
0.731521 36.414
0.616178 36.4711
0.645539 36.5297
0.509071 36.1912
0.532223 36.3994
0.547312 36.3385
0.631457 36.3478
0.580284 36.4817
0.580284 36.4644
0.631457 36.245
0.644622 36.4937
0.698016 36.4219
0.597722 36.4591
0.705619 36.2542
0.6044 36.4232
0.760077 36.3808
0.760077 36.3861
0.65314 36.3399
0.65314 35.9376
0.474025 36.4193
0.6044 36.4179
