0.947591 45.6934
0.909498 46.6222
0.909498 45.84
0.909498 46.0278
0.909498 45.9053
0.909498 46.7246
0.909498 46.5593
0.909498 46.4533
0.909498 46.4749
0.909498 46.0872
0.909498 46.5484
0.909498 46.5095
0.860913 46.3779
0.805369 46.4253
0.843327 46.644
0.843327 46.1574
0.843327 46.6048
0.843327 46.3435
0.843327 46.6527
0.843327 46.5788
0.843327 46.5875
0.843327 46.6527
0.843327 46.38
0.843327 46.6266
0.843327 46.6048
0.843327 46.6157
0.843327 46.5398
0.843327 46.5896
0.843327 46.5896
0.843327 46.5788
0.843327 46.5138
0.843327 45.4566
0.843327 45.6934
0.843327 46.1425
0.843327 46.6875
0.843327 46.2727
0.843327 46.4123
0.843327 46.3779
0.843327 46.4468
0.917693 46.0554
0.917693 46.0936
0.928944 45.5498
0.928944 45.7917
0.928944 45.996
0.928944 46.2385
0.928944 46.1106
0.928944 43.9676
0.928944 45.3926
0.928944 45.4277
0.928944 45.7164
0.928944 45.5643
0.948501 45.0552
0.948501 44.8009
0.948999 44.835
0.948999 45.1202
0.948999 45.0491
0.948999 45.2571
0.948999 44.613
0.948999 44.8773
0.948999 45.4731
0.94919 46.4684
0.94919 46.3886
0.919975 46.2449
0.919975 44.7828
0.919975 46.503
0.919975 46.0787
0.919975 45.7415
0.919975 45.1447
0.919975 45.8001
0.919975 45.9664
0.919975 43.5844
0.919975 45.8211
0.919975 45.5602
0.919975 45.6142
0.919975 46.0299
0.902203 45.8127
0.897798 44.96
0.682403 45.9495
0.881555 45.9327
0.905816 45.9749
0.905816 45.9707
0.849223 45.583
0.886394 45.3947
0.89574 46.0384
0.85305 45.7457
0.85305 44.8471
0.768023 45.5477
0.809563 45.901
0.802817 44.9782
0.813793 46.1318
0.81448 45.3145
0.81448 42.6694
0.834615 43.0126
0.896703 45.6997
0.776567 44.8752
0.791209 46.0745
0.791209 42.0982
0.834615 43.448
0.834615 42.0539
0.90566 43.1351
0.90566 37.1374
0.779035 39.5179
0.82729 37.5897
0.888797 36.959
0.836965 37.8372
0.852095 35.6201
0.933722 36.3187
0.81627 37.5375
0.843626 40.8297
0.864157 41.3326
0.825 39.521
0.835764 40.5121
0.814104 44.8914
0.803245 45.2591
0.803245 45.5477
0.825 44.3243
0.825 43.204
0.823801 40.9015
0.858661 40.6918
0.885105 39.8581
0.885105 41.1557
0.932854 40.0994
0.781696 37.1058
0.831942 39.7283
0.933198 37.0206
0.933198 38.8485
0.877574 39.9936
0.816897 37.2773
0.933198 40.5581
0.923337 39.8915
0.906412 41.6927
0.933198 39.4649
0.933198 38.298
0.93424 44.342
0.775407 45.0369
0.888797 44.3833
0.888889 45.3268
0.847792 44.8129
0.847792 36.7728
0.799127 38.9211
0.840862 39.5194
0.888797 36.808
0.899777 42.3388
0.849223 40.6157
0.921232 40.6686
0.950692 38.4675
0.857609 39.7535
0.904035 43.7025
0.950692 42.0345
0.864904 45.1977
0.84976 45.1916
0.933294 43.5218
0.916522 43.9638
0.835137 44.7107
0.863405 45.6809
0.906637 44.7648
0.810833 41.0374
0.9175 42.2922
0.766234 38.9135
0.863014 40.6405
0.87257 41.7798
0.847383 43.109
0.88385 40.935
0.863014 44.6788
0.87257 44.6209
0.856216 45.2407
0.890653 45.708
0.907395 45.3535
0.794004 45.5726
0.863014 45.3186
0.888889 44.8712
0.854668 45.5581
0.847966 45.6684
0.851341 45.5996
0.839506 45.1569
0.82449 45.6558
0.85124 45.708
0.801047 45.754
0.875354 45.335
0.771776 45.108
0.878387 45.3823
0.891429 45.5913
0.878387 44.6528
0.907937 45.8001
0.925402 45.683
0.908422 45.6704
0.925743 45.2755
0.897279 45.7143
0.874699 45.5249
0.870496 45.7917
0.880174 45.0653
0.908095 45.5664
0.898458 45.683
0.925067 45.84
0.925067 45.61
0.925067 45.683
0.908095 45.6329
0.877655 45.3741
0.898458 45.3968
0.882198 45.5872
0.908095 45.7352
0.854294 45.2407
0.854294 45.6767
0.908095 45.0329
0.882198 45.6684
0.925067 45.5394
0.847387 45.2304
0.898458 45.3803
0.908095 45.6246
0.908095 44.9903
0.908095 45.8001
0.882198 45.3535
0.832457 45.4071
0.882198 44.9418
0.832457 45.1406
0.882198 45.4711
0.902577 45.5747
0.847387 45.6809
0.877655 45.6267
0.844783 45.5125
0.894014 45.6288
0.856409 45.2981
0.926742 45.0593
0.856409 45.2714
0.926742 44.9661
0.936663 45.3659
0.873418 45.2059
0.811875 45.608
0.878387 45.556
0.878387 45.3762
0.90334 45.4339
0.866222 45.6413
0.798819 44.6967
0.910349 44.0995
0.90334 45.045
0.90334 44.6508
0.830393 45.2243
0.784791 45.1406
0.842761 42.3245
0.830393 44.8491
0.871144 44.9438
0.798819 43.6872
0.873418 45.0857
0.784791 45.0552
0.873418 44.0956
0.905112 45.2776
0.842322 44.5812
0.842322 44.5673
0.742483 45.1773
0.794877 44.1638
0.875074 44.9236
0.875074 45.3124
0.784546 44.3105
0.811105 45.1019
0.857462 44.833
0.85398 44.7808
0.741176 45.4071
0.836066 44.9176
0.864723 44.9944
0.879436 45.3659
0.779744 45.3165
0.887697 45.3001
0.920301 45.0735
0.920301 44.08
0.879436 45.3165
0.879436 45.2571
0.876676 44.4741
0.817801 44.8873
0.773182 45.1304
0.817801 44.3774
0.907357 45.1875
0.923077 44.5553
0.923077 44.2909
0.864723 45.1773
0.864723 44.9721
0.830169 44.7107
0.858479 45.1101
0.864723 45.1937
0.864723 44.3184
0.738047 44.8591
0.923077 44.8632
0.872964 44.827
0.825397 45.1957
0.914438 44.6887
0.825397 44.4188
0.865006 45.0938
0.914438 44.3282
0.914438 45.1345
0.923077 45.0897
0.923077 44.0956
0.865006 44.6468
0.914438 44.7187
0.899204 44.403
0.872964 44.5613
0.923077 44.8471
0.823497 43.756
0.825397 43.6243
0.791304 43.2451
0.861452 43.8289
0.909171 44.9256
0.885364 44.6768
0.839488 44.8591
0.896423 44.4919
0.795791 43.875
0.909171 44.8471
0.839488 44.962
0.896423 43.9541
0.926456 44.6508
0.885364 44.3794
0.885364 44.615
0.909171 44.6369
0.885364 43.5768
0.795791 45.5789
0.926456 42.2476
0.846538 42.123
0.941832 41.1353
0.892987 39.1435
0.846538 43.2246
0.833385 39.0168
0.926456 40.9836
0.926456 45.1651
0.831282 43.6338
0.927533 43.7809
0.941832 44.195
0.878769 44.4761
0.896423 44.5792
0.896423 44.5137
0.847552 43.9001
0.857679 44.5514
0.903672 44.6269
0.892987 43.07
0.878769 44.1657
0.783342 44.0781
0.783706 43.8385
0.857597 44.9014
0.852636 44.6488
0.905265 43.7331
0.905265 44.609
0.852636 44.8511
0.898857 44.2223
0.878226 44.8009
0.868592 44.1404
0.84569 44.5177
0.759433 44.5395
0.859697 44.7207
0.872576 44.8189
0.84569 44.9035
0.859697 43.8385
0.849521 44.3872
0.872576 44.8209
0.872576 43.9329
0.872576 44.5375
0.872576 44.48
0.872576 44.3892
0.884211 44.8551
0.871454 41.307
0.796893 44.195
0.757443 44.7708
0.757443 44.6688
0.838156 44.4959
0.802483 44.8451
0.844171 45.0308
0.844171 44.6568
0.802483 43.8231
0.844171 45.4112
0.762638 44.1189
0.808422 43.7216
0.808422 45.0735
0.808422 43.9483
0.894717 44.5752
0.894717 44.6389
0.850564 44.0975
0.768157 45.2366
0.779545 44.3872
0.801663 44.7307
0.886882 45.0167
0.923019 44.5434
0.923019 44.4603
0.899945 45.1182
0.923019 43.3219
0.855417 44.5871
0.796893 43.9367
0.808422 45.0694
0.768157 45.0653
0.882024 44.3145
0.838774 45.2796
0.897529 45.043
0.791731 45.2468
0.67937 45.3474
0.705839 44.0218
0.856799 44.7547
0.856799 44.7127
0.837032 44.4385
0.807035 45.0268
0.869023 44.0742
0.860449 44.8451
0.869023 44.9762
0.856799 44.4267
0.791922 44.8029
0.814197 43.5749
0.814197 44.5077
0.794967 44.8209
0.757705 44.6468
0.753922 44.5593
0.774665 43.2713
0.766897 44.7989
0.778856 44.3912
0.85536 45.0816
0.797707 44.7027
0.855381 43.5199
0.871761 44.8934
0.882075 43.6891
0.878839 44.5951
0.894453 43.6224
0.922947 44.5971
0.87353 44.7087
0.818128 44.3262
0.749162 43.1928
0.771257 43.7886
0.849566 44.3007
0.75848 43.7369
0.844855 43.9445
0.804798 44.4227
0.82205 42.9424
0.804798 44.5038
0.82205 43.67
0.768993 44.4642
0.810874 43.9329
0.810874 44.0548
0.810874 44.0199
0.754582 41.3959
0.774418 43.67
0.754582 43.0756
0.739321 43.9657
0.735184 43.3125
0.720477 43.9638
0.690117 43.9252
0.707841 44.049
0.690117 44.1579
0.690117 43.875
0.672758 43.1965
0.672758 43.9001
0.758583 43.8327
0.754582 43.4122
0.735184 44.5355
0.735184 43.0422
0.702036 43.5464
0.716211 42.6348
0.672758 43.8039
0.690117 43.7924
0.726615 44.193
0.718989 44.5692
0.741185 43.7522
0.716221 43.985
0.751815 43.2957
0.751815 43.7752
0.691267 43.2096
0.691267 43.852
0.675072 43.8481
0.675072 43.448
0.659184 42.244
0.659184 42.5514
0.675072 43.6738
0.694452 43.7197
0.724614 43.8347
0.724614 44.0296
0.687558 43.6433
0.703494 43.7311
0.671918 43.852
0.641492 41.056
0.707777 42.9479
0.675072 43.0997
0.659184 44.24
0.659184 44.0063
0.659184 43.827
0.659184 43.9194
0.659184 43.3313
0.612154 43.7025
0.585005 43.6796
0.592722 43.4613
0.647383 43.7618
0.623294 43.3821
0.594331 43.6433
0.630321 43.8039
0.628717 43.6091
0.650769 43.3163
0.602181 43.6053
0.581727 42.8192
0.589588 42.9019
0.631337 43.163
0.652694 43.2283
0.696367 43.5768
0.64888 43.4028
0.647839 43.1965
0.642602 41.2626
0.642602 43.0441
0.609948 42.219
0.669702 43.2246
0.67602 43.0478
0.67602 43.3426
0.642705 43.0793
0.661889 43.5901
0.622719 43.3182
0.635695 43.2096
0.647839 43.399
0.621748 43.3539
0.646293 43.1499
0.623483 42.8872
0.620276 42.9443
0.607573 42.7423
0.607573 42.9923
0.698762 42.757
0.652735 43.2358
0.684143 42.878
0.684143 43.2133
0.644595 43.4273
0.644595 42.7881
0.615665 43.2264
0.621886 43.0219
0.63941 43.1854
0.591626 43.0367
0.623636 42.9997
0.623636 43.1165
0.611306 42.9701
0.578058 42.9203
0.589472 42.6058
0.578058 42.8009
0.547412 42.425
0.564854 42.8082
0.577855 42.1443
0.573883 43.0274
0.573883 42.5876
0.534421 42.8743
0.544425 42.0893
0.534421 42.3478
0.534421 42.5134
0.607018 42.5098
0.584775 42.0451
0.584775 42.9056
0.573883 42.5206
0.590762 42.673
0.589448 43.0478
0.575505 42.8284
0.586309 42.5731
0.542506 42.4124
0.56257 42.3424
0.552473 42.4484
0.552473 42.5713
0.542506 42.6767
0.525285 42.3513
0.547176 42.1816
0.555907 42.294
0.546612 42.5622
0.546612 42.2851
0.537428 42.2137
0.508402 41.8323
0.525542 42.2565
0.495326 41.6597
0.503377 41.2643
0.495326 41.8358
0.495326 41.8235
0.571839 41.7049
0.592609 42.3012
0.566411 42.2976
0.578682 42.443
0.594547 42.684
0.574048 42.0893
0.592422 42.2976
0.592422 42.1674
0.592422 42.3639
0.558603 42.3962
0.575949 42.3998
0.575949 42.0362
0.585297 42.2333
0.603953 42.1124
0.581435 41.9147
