0.97611 41.7816
0.97611 41.6129
0.932404 31.8046
0.932404 32.5172
0.939279 38.4379
0.961549 39.6228
0.961549 39.9265
0.930354 39.9042
0.916689 40.0416
0.916689 39.7899
0.916689 39.6873
0.916689 39.9297
0.944214 39.8375
0.887853 40.1703
0.892424 40.2431
0.885714 40.2285
0.858288 40.0497
0.802194 40.3031
0.854844 40.1429
0.872898 40.0593
0.865672 40.0112
0.865672 39.5382
0.82416 39.8835
0.82416 40.0432
0.781886 39.8676
0.82416 40.0064
0.811067 40.1252
0.82416 40.0577
0.82416 40.1429
0.82416 40.0898
0.865672 39.8613
0.865672 40.0304
0.865672 38.6071
0.851852 39.5679
0.865672 39.3933
0.82416 39.6416
0.865672 39.7314
0.865672 39.3236
0.903531 39.5163
0.859384 39.5304
0.865672 39.2881
0.82416 38.9105
0.827094 38.2015
0.779668 39.5398
0.746881 39.7978
0.746881 39.9329
0.796781 39.8947
0.746881 39.8963
0.691585 39.8121
0.702033 40.1204
0.646686 39.9074
0.658156 39.8851
0.625899 39.9409
0.607927 39.7962
0.607927 39.8724
0.644503 39.8915
0.644503 39.6542
0.632063 39.5851
0.632184 39.5163
0.668411 39.4104
0.635885 39.3608
0.683824 39.2588
0.647164 39.3654
0.614769 39.1037
0.633843 39.3716
0.606522 39.3996
0.589862 39.1053
0.609231 39.4446
0.586476 39.1573
0.599349 39.0213
0.572514 38.9712
0.566367 39.0092
0.578246 38.7522
0.595567 38.6623
0.634195 38.6787
0.573686 38.7672
0.591364 38.6473
0.588008 38.3671
0.54925 38.1986
0.572999 38.37
0.581286 38.1112
0.594412 37.8
0.607869 37.9824
0.584858 37.6294
0.548868 37.611
0.581797 37.3566
0.582184 37.4
0.589978 37.1761
0.603931 37.2509
0.611111 36.8949
0.604743 36.5577
0.599121 36.5805
0.571144 36.4751
0.572917 36.1703
0.574804 36.036
0.576073 33.8845
0.556225 35.6443
0.568681 35.3344
0.576652 35.3794
0.589832 35.1161
0.601874 34.7633
0.616716 34.8639
0.629302 34.4448
0.639185 33.9974
0.61653 33.5976
0.649502 33.3946
0.653919 33.2557
0.670688 33.2259
0.68719 33.0513
0.700306 32.8937
0.760126 32.6094
0.801621 31.9295
0.848076 31.7894
0.841599 31.4901
0.841147 31.6596
0.839595 31.4782
0.819731 31.4456
0.807847 31.5318
0.794959 31.4396
0.776018 31.1692
0.747231 31.6176
0.719158 32.6105
0.693223 32.7065
0.676196 32.7161
0.654509 32.8537
0.635479 32.9088
0.627455 33.2027
0.62259 33.4863
0.611963 33.8318
0.596659 33.8903
0.565549 34.1262
0.56054 34.1763
0.565244 34.5543
0.521925 35.0926
0.493695 35.3232
0.533374 35.292
0.506622 35.6176
0.515767 35.8295
0.463084 35.7846
0.441783 35.9234
0.403628 35.7449
0.39751 35.8783
0.420244 35.8835
0.36121 35.6544
0.379213 34.33
0.330417 35.1989
0.307448 35.003
0.317437 35.6684
0.290646 35.6761
0.29217 35.7999
0.279106 35.6595
0.265428 35.9441
0.247461 35.8693
0.244801 35.8256
0.236726 35.8693
0.234096 35.6316
0.223575 35.9829
0.213237 35.966
0.203083 35.6939
0.200636 35.5189
0.195712 34.8736
0.181735 35.1543
0.177134 35.5404
0.144857 35.4962
0.144218 35.5063
0.14697 35.297
0.126849 35.2771
0.118161 35.0459
0.119815 34.5292
0.103497 34.9981
0.11326 34.7078
0.105967 34.4958
0.105967 34.2841
0.0977972 34.125
0.0994642 34.0044
0.0860986 33.9432
0.0769032 33.6123
0.0674487 33.5334
0.079726 33.7838
0.0621764 34.0739
0.0650741 34.0368
0.0777739 34.0611
0.0751596 33.9432
0.083476 34.0124
0.0820848 34.29
0.0806935 34.1647
0.0831764 34.2548
0.0829623 34.3289
0.0854024 34.0646
0.0829091 34.0252
0.0848485 34.1087
0.0871111 34.0483
0.0893737 33.9905
0.0845351 33.8089
0.0866224 33.6474
0.0881214 33.4303
0.0885009 33.1961
0.0897913 33.9029
0.085107 33.8753
0.0812492 33.8604
0.0794029 33.9674
0.0802273 33.9317
0.078173 34.0287
0.0787295 33.7906
0.0767349 34.0808
0.0727677 33.9087
0.0707951 33.5244
0.0794897 34.1623
0.0710808 34.2665
0.068999 34.0762
0.0649855 34.4673
0.0839092 34.0495
0.079803 34.3183
0.0772164 34.2442
0.071747 34.222
0.0688646 34.0449
0.0700132 34.4092
0.0882777 34.4021
0.0846081 34.4507
0.079603 34.638
0.0981235 34.8335
0.0873193 34.6368
0.0878655 34.8153
0.0839267 33.6961
0.118239 34.9773
0.114644 34.943
0.115474 34.9932
0.111934 34.4804
0.116499 34.9406
0.0787634 34.3855
0.0876859 34.3666
0.0891479 34.5829
0.0950371 34.4554
0.0965843 34.2853
0.0993422 34.656
0.0727585 34.5841
0.0754109 34.5459
0.0444964 34.5173
0.0541178 34.2243
0.055328 34.2806
0.0574562 34.2149
0.0575464 34.2536
0.0590204 34.1927
0.0594624 34.2185
0.0581977 34.0878
0.0578368 34.2794
0.053249 34.0727
0.0517147 34.5554
0.0508711 34.5077
0.0257828 34.6644
0.0247824 34.6057
0.023389 34.2736
0.00345586 34.3324
0.00155242 34.3489
0 34.5173
0.787577 42.1336
0.86458 42.2048
0.877626 42.1496
0.875972 42.2101
0.922437 42.3066
0.858197 42.3316
0.816425 42.2244
0.799925 42.3962
0.750222 42.5967
0.737864 42.6003
0.672234 42.1674
0.76 42.1035
0.691431 42.1514
0.684667 42.2066
0.683318 42.0062
0.697451 42.2708
0.646037 42.1727
0.700569 41.9375
0.561769 41.9992
0.629423 41.731
0.656959 41.8533
0.602291 41.8148
0.61477 42.0681
0.57213 41.8533
0.571362 42.0875
0.557396 42.1656
0.506538 42.0698
0.528011 42.1212
0.520958 41.8655
0.507108 41.848
0.503003 42.0203
0.510149 41.9622
0.505719 41.658
0.556239 41.8585
0.52874 41.9956
0.487429 42.1141
0.47215 42.0309
0.420759 42.1425
0.461387 41.6424
0.473864 41.9445
0.484284 41.9762
0.464826 41.8183
0.441628 41.834
0.433226 41.8428
0.438055 41.8078
0.426376 41.7885
0.449927 41.6424
0.453672 41.8305
0.471017 41.8008
0.474977 41.8953
0.474977 41.8515
0.49481 41.8971
0.49481 41.7362
0.492527 41.154
0.473829 41.7833
0.471574 41.7449
0.46657 41.855
0.45931 41.7502
0.472365 41.855
0.477571 41.9006
0.487104 41.9182
0.449359 41.7676
0.454426 41.3753
0.461247 41.8358
0.487899 41.8515
0.494715 41.869
0.499159 41.7693
0.504496 41.9939
0.504496 42.0858
0.509586 42.0964
0.484061 42.0575
0.488795 41.8428
0.480834 41.7293
0.52572 41.9006
0.543798 41.6528
0.509547 41.7415
0.543799 41.799
0.61901 41.9199
0.628372 42.171
0.657807 41.9111
0.665864 41.6354
0.674943 41.8971
0.666952 41.9498
0.692588 41.9481
0.696169 41.9833
0.74442 42.2172
0.660948 42.1692
0.736796 41.8165
0.804315 41.8743
0.843853 42.9461
0.681473 43.3257
0.715275 41.9992
0.743951 41.8148
0.634639 41.9059
0.634639 41.9428
0.690016 42.0203
0.795971 39.6762
0.861578 40.9719
0.879575 41.7397
0.896341 41.9569
0.896393 41.7066
0.887297 41.9586
0.89441 41.8428
0.867436 41.9234
0.885197 41.9551
0.876428 41.9745
0.910529 41.8848
0.944181 41.8025
0.95501 41.927
0.938856 41.9604
0.938508 41.7014
0.928131 41.8901
0.928011 41.8113
0.952291 41.6806
0.93269 41.6077
0.917275 42.0468
0.946769 41.9481
0.9714 41.927
0.924782 41.9428
0.832148 41.8288
0.930664 41.8743
0.852446 41.82
0.819098 41.7606
0.924918 42.1674
0.895504 42.0946
0.852644 42.1532
0.954599 42.2012
0.937793 42.1692
0.870529 42.1177
0.88968 42.0557
0.937793 42.1763
0.888014 41.9868
0.887045 42.2833
0.864826 42.1692
0.864706 42.1567
0.842175 41.8358
0.812597 42.1336
0.827226 42.1888
0.782097 42.0769
0.819136 41.7693
0.788922 42.0929
0.831784 42.2101
0.817038 42.015
0.802529 42.0362
0.773685 42.1248
0.774194 42.0133
0.76638 42.1692
0.761171 42.244
0.76 42.139
0.752988 42.0751
0.713024 42.1816
0.732846 41.4147
0.706517 42.0256
0.674973 42.2315
0.639206 42.0009
0.744939 41.876
0.717162 42.0645
0.685494 42.1017
0.684825 42.0982
0.671979 42.9923
0.640618 43.3144
0.628693 43.1574
0.593938 42.7972
0.605357 44.1189
0.59058 43.8347
0.625235 42.2404
0.601688 42.2779
0.601688 42.2012
0.606061 42.5514
0.604468 43.5521
0.604468 44.4306
0.604468 44.4543
0.604468 44.2517
0.604468 44.4168
0.598429 44.5018
0.586487 44.405
0.596367 44.3833
0.611028 43.4669
0.668067 44.5613
0.658503 44.4227
0.665289 44.5137
0.644085 44.5117
0.629929 44.2556
0.658503 44.3734
0.668067 44.4365
0.64811 43.5483
0.692512 42.3513
0.716511 42.7643
0.716511 44.3597
0.716511 44.4504
0.683014 44.2889
0.69476 44.1345
0.703156 44.4879
0.688097 44.3597
0.703704 43.592
0.738069 42.0504
0.76293 42.3334
0.777202 42.3406
0.77136 42.3567
0.75437 42.2172
0.76812 42.1674
0.780353 42.4214
0.780353 42.3567
0.806094 42.187
0.78996 42.3173
0.897087 42.2048
0.830731 42.1514
0.897087 42.0045
0.768859 42.2244
0.840374 42.1567
0.864563 42.1905
0.850669 42.244
0.837021 42.2369
0.809935 42.4124
0.827699 42.187
0.843524 42.2511
0.844022 42.3155
0.822976 42.2494
0.763307 42.2119
0.81508 42.1799
0.758958 41.6563
0.840339 42.0893
0.817008 42.0787
0.760058 42.0946
0.814066 40.3177
0.785235 40.6785
0.751314 41.8901
0.746599 41.8585
0.730937 41.1336
0.720689 41.8831
0.720689 42.2048
0.720689 42.1265
0.720689 41.841
0.720689 41.9815
0.720689 42.3155
0.715121 42.2386
0.704093 41.9939
0.693206 41.5991
0.677435 42.0097
0.695793 42.0362
0.663203 41.9974
0.640066 42.038
0.640066 41.9762
0.640066 41.9358
0.640066 42.0592
0.645116 41.3873
0.663203 41.7955
0.663024 41.9252
0.654755 41.5956
0.634072 42.1567
0.646172 42.1763
0.644637 42.0822
0.660147 41.8936
0.663203 41.6372
0.685279 42.0097
0.694087 42.0027
0.706843 42.015
0.741203 42.0822
0.758798 41.7275
0.780612 41.9287
0.769489 41.9533
0.769489 42.0097
0.758678 41.9516
0.758678 41.934
0.758678 41.9006
0.757348 41.8971
0.79566 41.8813
0.831372 41.8901
0.833555 41.9094
0.821143 41.7833
0.75646 41.0526
0.795501 41.7851
0.784192 41.9164
0.803033 41.7171
0.79129 41.4302
0.779699 41.8813
0.768258 41.927
0.779699 41.8778
0.786245 41.625
0.794376 41.8901
0.839577 41.834
0.828772 41.8796
0.726763 41.5403
0.784593 41.7641
0.768103 41.8498
0.797672 41.8866
0.761557 41.8515
0.765156 41.7781
0.721409 40.4187
0.730764 41.651
0.776532 40.4613
0.729469 41.3736
0.77539 41.7397
0.719462 41.9868
0.798817 41.9393
0.776682 41.6997
0.731112 41.7641
0.731112 41.9657
0.77175 41.9921
0.683044 41.8183
0.725865 41.724
0.793167 41.7746
0.776868 41.9569
0.760733 41.8883
0.715259 41.8218
0.72849 41.8831
0.708809 41.9006
0.772985 41.934
0.783715 41.8025
0.820641 41.6771
0.78693 41.827
0.794653 41.8218
0.763584 41.8813
0.729466 41.9305
0.729466 41.9041
0.729466 41.7903
0.729466 41.6354
0.722204 41.934
0.722204 41.9498
0.722204 42.0062
0.711256 41.8778
0.713108 41.971
0.71277 42.1638
0.71277 41.8235
0.71277 41.9868
0.713765 41.9375
0.713765 41.9024
0.713765 42.0893
0.708508 42.0999
0.723326 41.8603
0.718417 41.9974
0.728104 42.1106
0.741398 42.1692
0.790958 42.1212
0.69814 42.2529
0.823847 41.9833
0.823442 42.0982
0.809893 41.9041
0.744503 42.2494
0.766702 41.9921
0.811556 42.0628
0.781145 42.0221
0.805801 41.2388
0.812257 41.9798
0.798973 41.9111
0.798973 41.834
0.754559 41.9111
0.754559 41.9657
0.765803 41.934
0.765803 41.8655
0.777921 41.8568
0.784173 41.9586
0.797489 41.4577
0.792094 41.6892
0.792094 40.783
0.774109 41.6493
0.775817 41.9745
0.707612 41.3548
0.712929 41.7258
0.747974 41.7554
0.742201 41.8655
0.66509 41.9463
0.715315 41.8638
0.752496 41.5766
0.691309 41.6285
0.726217 41.8813
0.676594 41.8025
0.711413 41.7397
0.678043 41.6389
0.720941 41.7746
0.742083 41.651
0.735993 41.7484
0.776916 41.7014
0.761117 41.6684
0.737712 41.4955
0.780019 41.3155
0.790249 41.3548
0.721378 41.3873
0.746639 41.4817
0.752651 41.1896
0.77191 40.8881
0.791596 41.4559
0.762228 41.4783
0.744884 41.4955
0.799962 41.651
0.78549 41.5956
0.795455 41.5317
0.760293 41.6129
0.751284 41.5835
0.752334 41.6198
0.757519 41.3839
0.758204 41.5835
0.73991 41.5524
0.731022 41.7711
0.713489 41.6771
0.713489 41.5076
0.727063 41.6441
0.727063 41.8796
0.727063 41.6077
0.702881 41.6337
0.712472 41.6268
0.716872 41.7606
0.670485 41.5697
0.720961 41.7885
0.692122 41.3907
0.719751 41.7502
0.738748 41.7728
0.758459 41.7136
0.778927 41.6406
0.794775 41.7432
0.762882 41.8428
0.759862 40.9182
0.734136 41.3839
0.743794 41.6164
0.779816 41.8463
0.789802 42.0309
0.805627 41.7484
0.828246 41.9287
0.845582 42.0027
0.830032 41.9657
0.910736 42.0327
0.900959 42.0362
0.82997 41.5818
0.853547 41.934
0.837416 41.8655
0.885361 40.9115
0.869534 40.4302
0.781182 40.5433
0.78921 40.8063
0.801721 40.7498
0.758715 40.8263
0.734567 41.8971
0.757584 41.8253
0.733487 41.9939
0.685019 41.6979
0.685019 41.9903
0.685019 41.9147
0.685019 41.9199
0.685019 41.8831
0.685019 41.9322
0.685019 41.8901
0.685019 41.7119
0.685019 41.9551
0.660337 42.1585
0.65216 42.0133
0.666987 42.1408
0.686465 42.1763
0.726635 41.5127
0.741004 41.82
0.744205 41.389
0.723266 41.8375
0.712985 41.5351
0.702587 41.9094
0.736667 41.7327
0.727637 41.365
0.776298 41.401
0.713216 41.7606
0.672436 41.7171
0.640411 41.5662
0.707335 41.6892
0.682275 41.813
0.72974 41.7728
0.680538 41.7153
0.647463 41.7084
0.696676 41.6858
0.689566 41.6112
0.641541 41.2797
0.672321 41.7362
0.660032 41.5731
0.65183 41.4079
0.660059 41.2524
0.638076 41.5144
0.685685 41.3976
0.632489 41.137
0.686213 41.2133
0.683428 41.2473
0.727849 41.2218
0.648494 41.0745
0.658031 40.798
0.630417 41.1167
0.67414 40.3894
0.702555 40.9216
0.672911 40.987
0.674189 41.198
0.704646 40.7382
0.67322 40.8363
0.708337 40.9199
0.736745 40.9199
0.773944 40.8063
0.739159 40.9366
0.718774 40.9517
0.718774 40.945
0.711015 40.9719
0.75865 40.7216
0.75865 39.1374
0.76274 40.8563
0.76274 40.6174
0.763679 40.7315
0.755064 40.5351
0.732967 40.8363
0.718624 40.1043
0.774134 40.5548
0.778635 40.6901
0.781518 40.71
0.725425 40.7116
0.770101 40.6488
0.779505 40.591
0.754138 40.7664
0.756023 40.9015
0.756023 39.7947
0.752981 40.4547
0.748761 40.6752
0.740024 40.8447
0.790554 40.5121
0.715591 40.4269
0.780607 40.7564
0.722296 40.6901
0.776291 40.6653
0.789799 40.6669
0.790194 40.7398
0.804248 40.8664
0.736441 40.6587
0.794497 41.0071
0.79834 40.8614
0.750321 40.8513
0.799059 40.8213
0.804309 41.0425
0.795316 41.0745
0.846498 40.8297
0.766428 41.0105
0.789971 40.9417
0.865992 41.2031
0.779389 41.0576
0.833605 41.2746
0.884802 41.3104
0.830638 40.94
0.860359 41.1117
0.861143 41.2882
0.839247 40.7764
0.791472 41.0021
0.84281 41.4491
0.821406 41.4491
0.873656 41.1269
0.832943 41.5524
0.817924 40.2269
0.864958 40.9216
0.832371 40.0593
0.772162 40.7166
0.817428 41.4611
0.790279 41.4508
0.792064 41.5939
0.754098 41.1963
0.801999 41.3428
0.68475 41.7049
0.692462 41.4731
0.696539 41.5024
0.707014 41.6077
0.723539 41.7903
0.702394 41.4302
0.718783 40.9316
0.716507 41.8183
0.680333 41.5524
0.678149 41.6043
0.693396 41.5144
0.694317 41.7136
0.670591 41.7432
0.688227 41.3719
0.698174 41.8445
0.716417 41.7711
0.685848 41.7868
0.691674 41.4147
0.712093 41.6563
0.712093 41.7223
0.712093 41.3052
0.712093 41.8375
0.712093 42.171
0.662152 42.1727
0.662152 41.869
0.662152 41.8498
0.662152 41.934
0.712093 42.0045
0.67289 41.8183
0.696005 42.015
0.703065 41.8323
0.709839 41.9586
0.71633 41.7032
0.705119 41.6043
0.688334 41.941
0.668874 41.8673
0.656383 41.7136
0.656383 41.7676
0.656383 42.0575
0.656383 41.8778
0.678993 41.827
0.708037 41.3719
0.646247 41.927
0.676298 41.6806
0.724311 41.4559
0.735542 41.5939
0.746113 41.9375
0.633896 41.799
0.642683 41.9886
0.681303 41.7519
0.704096 41.7903
0.640292 41.7624
0.70677 41.4079
0.744878 41.8936
0.716018 41.6493
0.778147 41.1997
0.678966 41.3787
0.737532 41.0155
0.712505 41.6597
0.732999 41.7415
0.708204 41.799
0.757046 41.9147
0.72106 41.8095
0.746147 41.6354
0.747518 41.6164
0.755118 41.5731
0.743797 41.8375
0.765058 41.8655
0.74765 41.3839
0.705756 41.3343
0.71713 41.7119
0.723043 41.651
0.712685 41.542
0.768049 41.7293
0.736904 41.6563
0.716303 41.7223
0.740831 41.1811
0.700336 40.8297
0.724228 41.5041
0.694655 41.7136
0.708901 41.4697
0.728586 41.6008
0.728586 41.7554
0.6802 41.7362
0.6802 41.1049
0.6802 41.7066
0.6802 41.7554
0.6802 41.3856
0.6802 41.3668
0.675392 41.738
0.675392 41.6077
0.667704 41.5403
0.696766 41.5991
0.688842 41.5991
0.684947 41.6892
0.684947 41.2712
0.681096 41.2524
0.684947 41.3548
0.726815 41.5334
0.731051 41.1692
0.734633 41.6945
0.734633 41.7206
0.727614 41.7502
0.734633 41.4233
0.734633 41.4319
0.682437 41.6806
0.689644 40.9954
0.687263 41.1269
0.685161 41.7014
0.675712 41.7938
0.666367 41.7188
0.615562 41.4645
0.651666 41.4182
0.670192 41.8515
0.63386 41.3052
0.652693 41.8901
0.633819 41.9147
0.652663 41.7258
0.633361 41.9217
0.644525 38.8018
0.637631 40.8614
0.647267 41.6285
0.687745 41.0897
0.657612 41.4319
0.709072 42.0239
0.680387 41.6476
0.670289 42.008
0.680391 41.6146
0.670289 42.155
0.669469 41.9445
0.657643 42.2244
0.641183 42.0256
0.670266 42.3944
0.657679 42.4106
0.634317 42.4016
0.596047 42.084
0.636479 42.7186
0.636479 42.5333
0.657473 42.5459
0.600483 42.4412
0.650804 42.0027
0.623196 42.5514
0.612781 42.5459
0.582907 42.4466
0.592945 42.526
0.603388 42.8229
0.593107 42.9572
0.59365 42.9738
0.601408 42.2672
0.555709 43.8904
0.5441 44.962
0.563772 44.6867
0.573798 44.5831
0.553874 44.3518
0.573798 44.8069
0.553874 45.1162
0.573798 44.611
0.542616 44.8914
0.560976 43.877
0.530984 44.5335
0.511956 44.3695
0.540287 43.3501
0.521283 42.9443
0.511956 42.9314
0.49364 42.8614
0.484648 43.2171
0.484648 43.1816
0.475143 42.8614
0.492989 42.8651
0.484012 43.4028
0.502075 43.3388
0.492989 43.1406
0.514237 43.1835
0.543092 43.1779
0.496549 43.4292
0.503392 43.4915
0.529412 43.4292
0.547911 42.8156
0.527123 43.2021
0.50303 43.4367
0.52306 42.8725
0.502494 42.8522
0.522057 43.4235
0.501824 41.9533
0.511873 43.0886
0.532379 43.3858
0.517702 43.0515
0.517702 43.0274
0.517702 43.6948
