0.872156 42.0999
0.737332 28.2837
0.737332 31.747
0.737332 40.783
0.737332 41.5835
0.737332 41.4903
0.65844 41.9815
0.677419 38.7522
0.607178 41.1709
0.542584 41.511
0.568627 41.7153
0.381981 41.8568
0.439876 41.7885
0.405787 41.8515
0.405787 41.587
0.33871 41.7101
0.383333 41.8025
0.296875 41.7537
0.296875 41.7119
0.220588 41.7589
0.171053 41.7066
0.17661 41.5282
0.143876 41.7293
0.143876 41.3138
0.143876 41.7571
0.0979228 41.6008
0.122346 41.4886
0.0979228 41.4903
0.0780142 41.4783
0.0780142 41.6858
0.0545094 41.6667
0.0780142 40.3649
0.0521327 41.5196
0.0306407 41.5472
0.031339 41.6337
0.0322581 41.5749
0 41.799
0.777778 46.5614
0.777778 46.5441
0.697749 45.7059
0.697749 45.3885
0.624615 45.4938
0.624615 46.0914
0.499513 46.4123
0.557522 46.3714
0.438692 46.3994
0.438692 46.1467
0.385827 46.3886
0.295176 46.1255
0.295176 46.4727
0.295176 45.8484
0.295176 45.4711
0.256146 46.1617
0.2194 46.3994
0.191874 46.4706
0.162142 46.3865
0.152 46.5463
0.133858 46.6135
0.106918 46.2257
0.0931677 46.1958
0.0567045 46.4382
0.0567045 46.5744
0.0567045 46.4274
0.0292398 46.4878
0.0292398 46.4857
0.00956023 45.1998
0.00827498 46.6505
0.00827498 46.7464
0 46.5614
0.723613 46.5419
0.865724 46.2963
0.777778 45.9348
0.655172 46.2107
0.818182 45.045
0.646259 46.134
0.717073 46.4533
0.717073 46.5896
0.717073 46.3843
0.607306 46.1233
0.607306 46.3478
0.766423 46.5008
0.766423 45.6704
0.72242 44.9944
0.646259 46.0003
0.766423 46.1191
0.72242 45.296
0.815534 46.2129
0.770414 46.6244
0.686584 46.6114
0.684685 46.9417
0.815534 46.3542
0.770414 45.4731
0.864407 45.9369
0.864407 45.6517
0.686747 46.4857
0.649394 46.0363
0.686584 46.3542
0.649394 46.3285
0.818182 45.9369
0.818182 46.2235
0.655172 45.7498
0.777778 46.1233
0.823068 46.0829
0.525773 45.8253
0.759036 45.798
0.640449 46.0511
0.640449 46.1106
0.640449 46.049
0.759036 46.0872
0.640449 45.6496
0.640449 46.0745
0.784114 46.1191
0.536842 46.1425
0.759036 45.8526
0.759036 45.7792
0.640449 45.9348
0.670588 46.0702
0.797468 45.8926
0.797468 45.939
0.640038 46.2492
0.742331 46.3435
0.536519 46.1574
0.758514 46.3714
0.68546 46.2278
0.528251 46.2984
0.609329 45.294
0.552015 45.7268
0.528251 45.9221
0.703349 46.0342
0.725047 45.9453
0.670009 46.3113
0.581864 46.3177
0.691203 45.9982
0.545529 45.939
0.581864 45.9221
0.626943 45.4194
0.545529 44.2733
0.557522 45.6225
0.692308 45.7018
0.52321 46.0872
0.52321 45.8442
0.61199 45.8148
0.52321 45.731
0.478992 46.066
0.61199 45.1549
0.52321 45.3741
0.437268 45.0816
0.557522 45.731
0.478992 45.9242
0.506615 45.9876
0.660377 45.8905
0.506615 46.0003
0.557522 46.0469
0.221451 45.9559
0.201738 46.0702
0.0152071 45.5955
0.0538922 46.0872
0.0931677 46.1297
0.102506 46.1255
0.200993 45.3618
0.144885 46.2899
0.155821 46.0999
0.182651 45.9348
0.150327 45.6642
0.139726 45.7813
0.079398 46.1042
0.079398 45.6538
0.0465458 45.6955
0 46.2171
0.894292 41.4869
0.824847 41.2575
0.894292 41.3052
0.794637 40.9065
0.824847 41.1235
0.748885 40.6141
0.794637 40.5894
0.794637 41.1303
0.748885 40.8965
0.860339 41.2167
0.860339 41.2031
0.895028 40.9987
0.777202 40.9786
0.895028 41.0341
0.723077 41.1963
0.895735 41.1658
0.799622 41.0627
0.896414 40.6719
0.698989 40.9685
0.863014 41.2882
0.896414 41.1455
0.896414 40.6273
0.863014 41.1117
0.896414 40.8447
0.864198 40.9567
0.864198 40.9836
0.868263 40.818
0.904437 40.8814
0.765132 40.3226
0.848321 40.7432
0.819733 38.7222
0.812965 40.8263
0.848321 40.9115
0.848321 40.8163
0.819733 40.5531
0.906826 40.7631
0.702613 40.5219
0.747518 40.843
0.856354 40.3796
0.688889 41.1523
0.88064 40.3405
0.88064 41.0914
0.852513 40.808
0.852513 40.4645
0.761501 40.2026
0.911779 40.6719
0.852513 41.0846
0.911779 40.818
0.787082 40.4514
0.882684 40.8397
0.912297 40.3747
0.912297 40.5861
0.882684 40.6884
0.912297 41.0543
0.882684 40.6702
0.882684 40.5844
0.912297 40.8881
0.826127 40.7332
0.739055 40.8664
0.774635 40.6025
0.649576 40.8797
0.734266 40.2366
0.654537 40.657
0.644304 40.6091
0.689207 40.868
0.708237 40.591
0.553788 40.9484
0.685279 40.9769
0.66443 40.7531
0.750588 40.6223
0.603448 40.6075
0.641992 41.0475
0.745059 40.6851
0.717112 40.8113
0.683224 40.8463
0.687696 40.3421
0.398994 40.5647
0.398994 41.0021
0.326065 40.6421
0.206822 41.0762
0.206822 40.848
0.0665936 40.2026
0 40.6669
0.803664 44.0762
0.594022 44.3066
0.647059 44.047
0.55414 44.0393
0.493156 43.7292
0.355932 44.0063
0.277955 44.1151
0.158674 44.0509
0.158674 44.1014
0.0510949 44.3321
0.00699301 44.0723
0 42.4088
0.750138 41.1472
0.658537 41.1083
0.49925 40.5828
0.40146 41.3087
0.327314 40.6488
0.269978 40.9735
0.173116 40.945
0.00875657 40.9115
0 40.9165
0.780538 48.0631
0.608775 48.6476
0.602374 48.7234
0.574719 48.4121
0.570997 48.07
0.595149 48.2114
0.630435 48.3185
0.635489 48.0908
0.411765 47.221
0.518961 48.4168
0.741778 48.3279
0.707376 48.4285
0.68593 47.524
0.699874 48.4355
0.722684 48.5956
0.664396 48.4473
0.838399 48.1951
0.779859 48.2579
0 48.5343
0.648814 46.3242
0.309639 46.7836
0.538267 46.7858
0.312993 46.2963
0.348863 46.5095
0.0990753 46.4403
0 46.8604
0.892607 46.4274
0.805494 46.7312
0.892607 46.9704
0.850259 46.8209
0.561978 46.5571
0.47605 46.4317
0.148642 46.6092
0.0225317 46.7181
0 46.6027
0.295685 46.5918
0.196262 46.7333
0.0326964 46.7596
0 46.6941
0.450092 47.7874
0.201155 47.1054
0.0797994 47.0301
0 46.9329
0.524765 46.8713
0.140178 46.5354
0 47.288
0.892607 48.1209
0 48.0908
0.579536 45.3248
0.736973 45.5332
