0.852388 47.5624
0.852388 48.8926
0.75583 44.2968
0.626429 45.8842
0.699867 46.4641
0.528634 47.2523
0.66884 46.9726
0.699867 47.0765
0.699867 43.8558
0.626429 46.2663
0.737864 46.7355
0.666667 46.6114
0.527157 46.8647
0.475155 46.6853
0.442623 46.4511
0.362637 46.607
0.251082 46.4382
0.216187 46.1148
0.244094 46.2022
0.275862 46.183
0.271647 45.9728
0.262976 46.1191
0.236842 46.2214
0.229202 46.2492
0.203735 45.7792
0.175 46.1574
0.148485 45.9179
0.137255 45.8716
0.127451 46.0278
0.127451 45.159
0.118182 45.9306
0.127273 45.5934
0.123737 45.8463
0.151515 45.8211
0.151515 45.8989
0.181818 45.901
0.181818 45.9116
0.187013 45.8106
0.187013 45.9643
0.201681 45.8821
0.155844 46.1595
0.155844 45.84
0.187013 45.4133
0.187013 45.529
0.220779 45.7582
0.214646 45.4009
0.193182 43.5104
0.193182 43.8577
0.193182 45.3885
0.20202 45.5249
0.20202 45.436
0.181818 46.0405
0.151515 45.8232
0.132576 45.958
0.166234 46.0024
0.187013 45.5208
0.220779 45.9812
0.207792 45.9495
0.187013 45.1916
0.189076 45.7143
0.175325 46.0214
0.175325 45.8968
0.175325 45.8716
0.194805 45.4669
0.20202 45.3474
0.222222 45.6976
0.20202 45.9918
0.189394 45.7415
0.170455 45.7687
0.170455 45.7561
0.189394 45.977
0.189394 45.7624
0.207792 46.1063
0.207792 46.0766
0.220779 45.9982
0.187013 45.958
0.201681 45.8085
0.168067 45.1345
0.168067 45.7185
0.179272 45.9411
0.179272 45.8589
0.179272 45.5249
0.218182 45.5768
0.218182 45.7834
0.218182 46.032
0.218182 45.8737
0.201681 45.8737
0.201681 45.5996
0.201681 42.5568
0.201681 45.861
0.201681 45.8737
0.201681 46.1276
0.201681 45.7457
0.22409 45.9643
0.207792 45.9474
0.246499 45.8589
0.246499 45.8337
0.238095 45.6934
0.238095 45.9453
0.22409 45.6767
0.22409 46.1382
0.210084 46.3156
0.189076 46.1063
0.201681 46.0426
0.179272 46.2385
0.201681 46.0066
0.201681 46.2513
0.22409 46.3951
0.22409 46.2535
0.22409 46.3006
0.22409 45.5373
0.22409 45.7415
0.238095 45.043
0.238095 45.3638
0.201681 45.7834
0.189076 45.7561
0.156863 45.6017
0.145658 45.7436
0.117647 45.708
0.107843 45.6517
0.107843 45.5125
0.134454 45.2264
0.134454 45.4442
0.133333 45.4587
0.116667 45.8905
0.106061 44.6628
0.106061 45.8716
0.0954545 45.6433
0.0954545 45.5976
0.116667 45.8989
0.137879 45.1243
0.159091 45.6329
0.137255 45.6642
0.127451 45.7101
0.117647 45.3741
0.127451 45.6579
0.137255 45.608
0.147059 45.8232
0.147059 45.5581
0.147059 45.4009
0.147059 45.8947
0.168067 45.6225
0.168067 45.1794
0.189076 45.104
0.189076 45.5976
0.145455 45.6892
0.145455 45.5976
0.145455 45.4566
0.145455 45.7352
0.156863 45.6663
0.156863 45.6246
0.127451 45.6517
0.127451 45.6038
0.127451 45.6538
0.137255 45.7352
0.137255 45.7687
0.137255 45.1162
0.137255 45.7331
0.137255 45.6225
0.137255 45.5166
0.156863 45.6163
0.156863 45.6163
0.150418 45.7624
0.163636 45.4525
0.163636 45.3988
0.163636 45.5726
0.145455 45.6267
0.145455 45.2468
0.145455 45.5063
0.156863 45.5996
0.156863 45.7666
0.156863 45.3638
0.156863 45.5125
0.156863 45.255
0.156863 44.9256
0.135065 44.8954
0.131313 44.9681
0.141414 45.3453
0.170455 45.1304
0.181818 45.5125
0.181818 45.3618
0.145729 45.527
0.145729 45.6642
0.145729 45.3083
0.150838 45.7143
0.150838 45.2284
0.138122 45.2632
0.152999 45.3947
0.139057 45.2284
0.125448 45.3453
0.124324 45.1916
0.112299 45.583
0.100529 45.4628
0.100529 45.6371
0.0890052 45.6308
0.0880829 45.5332
0.0880829 45.3721
0.0871795 45.529
0.0845547 45.0735
0.0724638 45.255
0.0666667 45.1896
0.0496141 45.6121
0.0452261 45.6246
0.0313901 45.556
0.0348259 45.5125
0.0269687 45.6017
0.0292398 45.498
0.017341 45.2264
0.0177515 45.3803
0 45.4112
0.859974 41.1184
0.859974 40.9551
0.762203 41.0324
0.859974 41.2507
0.859974 41.0914
0.859974 41.1862
0.859974 41.3479
0.859974 41.3497
0.859974 41.2184
0.858311 41.0425
0.858311 41.0745
0.677737 41.2814
0.858311 41.0357
0.806623 41.2099
0.859974 41.1726
0.71917 41.1879
0.682503 41.0408
0.682503 41.3018
0.749137 41.0543
0.749137 41.088
0.812734 41.3291
0.611543 41.0914
0.74088 41.1489
0.74088 41.1252
0.812734 41.2371
0.812734 41.1404
0.812734 41.0931
0.762203 41.2967
0.859974 40.7315
0.859974 41.1489
0.792935 41.2116
0.792935 41.0324
0.792935 41.2252
0.762203 41.154
0.859974 41.0492
0.859974 41.1201
0.705678 41.3087
0.705678 41.1353
0.667044 41.132
0.792453 41.3702
0.749137 41.2286
0.792935 41.2882
0.710468 41.3138
0.754137 41.2235
0.798595 41.5351
0.798595 41.3805
0.79638 41.1743
0.733624 41.3839
0.798595 41.0475
0.798595 41.2218
0.798595 41.0576
0.715663 41.2303
0.863874 41.2269
0.863291 41.2439
0.798595 41.3411
0.752759 41.1336
0.79638 41.2269
0.764988 41.2439
0.705678 41.2609
0.705678 41.0678
0.798595 41.1607
0.710468 41.3685
0.710468 41.295
0.747239 40.7133
0.631157 40.833
0.863874 41.0661
0.752988 40.9719
0.803279 40.9987
0.675127 40.8297
0.863874 41.115
0.747239 41.1353
0.863874 42.0504
0.811705 42.3513
0.793451 42.203
0.747239 42.0362
0.71917 42.2279
0.859974 41.855
0.859974 40.6702
0.667447 40.6918
0.793451 39.4384
0.747239 40.8263
0.863874 40.7914
0.747239 41.1421
0.747239 41.2252
0.863291 41.1083
0.792935 40.6223
0.863291 40.8597
0.806623 40.8797
0.717884 40.8914
0.677737 40.6537
0.856354 42.0097
0.856354 42.2601
0.69483 40.8147
0.71917 41.4267
0.762203 41.3052
0.71917 40.94
0.811705 40.8797
0.863874 40.8781
0.747239 40.7847
0.71917 40.6504
0.598184 40.7864
0.859974 40.7415
0.806623 40.4236
0.858311 40.7764
0.677737 40.7631
0.863291 40.4334
0.792935 40.9517
0.863291 40.992
0.677737 40.808
0.806623 40.9937
0.858311 41.1523
0.859974 40.7947
0.71917 40.9333
0.598184 41.1184
0.863874 41.0897
0.793451 40.44
0.863874 41.0998
0.677737 41.0105
0.806623 41.0374
0.806623 41.0644
0.69483 40.159
0.780132 40.6454
0.856354 41.0475
0.642317 40.6157
0.776567 41.0189
0.776567 41.0391
0.604061 40.7
0.604061 41.1557
0.604061 41.0694
0.677737 40.8847
0.858311 40.8948
0.858311 40.833
0.776567 40.6306
0.73174 40.9232
0.776567 41.0374
0.776567 40.9316
0.642317 41.1201
0.776567 40.4989
0.642317 40.9618
0.73174 41.0425
0.73174 41.0273
0.650273 40.8998
0.715909 40.8697
0.532995 41.1049
0.801105 41.0475
0.852273 40.6686
0.801105 41.0004
0.776567 41.1997
0.776567 41.0678
0.73174 40.95
0.858311 41.1049
0.858311 41.0829
0.806623 41.1117
0.566016 40.6769
0.717884 40.8097
0.858311 41.024
0.645043 39.1573
0.780132 40.6471
0.780132 40.8097
0.717884 41.0004
0.806623 40.8513
0.858311 40.7614
0.795455 40.813
0.726776 41.0324
0.726776 41.0189
0.858311 40.9702
0.717884 41.0543
0.806623 41.0021
0.675127 41.0745
0.803279 41.1607
0.675127 40.9802
0.858311 41.0088
0.717884 41.0965
0.717884 40.7681
0.795455 41.0206
0.795455 40.9266
0.795455 40.7531
0.715909 40.7897
0.514403 41.0122
0.578231 41.1184
0.355932 41.2558
0.253731 41.1692
0.105105 41.365
0.0186999 41.3822
0 41.4748
0.852388 47.1765
0.611543 47.353
0.244019 47.1453
0.633803 47.1654
0.746725 46.8472
0.796407 46.9506
0.651842 47.0588
0.805556 46.9594
0.79971 46.6309
0.796407 46.9572
0.712575 47.3956
0.712575 47.2456
0.700288 47.0788
0.793313 46.799
0.84375 47.0832
0.674419 47.3821
0.676856 47.152
