0.9872 34.1111
0.988119 31.2432
0.983601 30.8718
0.975463 31.3883
0.945464 31.6376
0.910612 31.7904
0.930078 31.2744
0.880137 31.9908
0.827939 32.1989
0.828702 32.416
0.874366 32.3321
0.919244 31.8827
0.941871 31.2471
0.909908 31.7622
0.86425 31.903
0.861991 32.2123
0.845068 32.2487
0.865963 32.2518
0.89114 31.837
0.941037 31.5457
0.897002 31.7329
0.901765 31.6266
0.951496 31.5338
0.904305 31.7935
0.900194 31.7329
0.903409 31.9346
0.888921 31.7925
0.903409 31.6957
0.892084 31.6626
0.837454 31.902
0.847253 31.8198
0.859532 32.1916
0.859532 32.1254
0.884888 31.9336
0.958117 31.6496
0.958081 31.5418
0.946137 31.6176
0.916502 31.7138
0.918256 31.9407
0.890291 31.5159
0.921571 31.7078
0.921571 31.7028
0.878559 31.7672
0.874529 31.9744
0.881765 32.0338
0.881765 31.8654
0.889092 32.1688
0.893228 31.8431
0.892353 32.1007
0.883161 32.2747
0.907373 32.2165
0.920193 32.0965
0.908413 31.8532
0.905789 32.1254
0.868896 32.4475
0.900753 32.3845
0.870427 32.5669
0.885711 32.2393
0.893083 32.4254
0.920759 32.282
0.915325 32.2716
0.910931 32.4517
0.911804 32.5574
0.908324 32.3771
0.924193 32.3792
0.908293 32.5595
0.881508 32.5468
0.893897 32.5246
0.938638 32.5172
0.931225 32.4886
0.960009 32.4559
0.940478 32.353
0.925901 32.5309
0.945972 32.3394
0.896025 32.3488
0.896743 32.5775
0.913768 32.7397
0.908451 32.7761
0.916571 32.684
0.936011 32.6349
0.938975 32.7075
0.91018 32.6052
0.962811 32.4002
0.865833 32.8569
0.907637 32.6232
0.914537 32.872
0.896231 32.9544
0.877826 33.0535
0.92233 33.0546
0.876148 33.0918
0.918836 32.9707
0.873697 32.8731
0.891411 33.0371
0.90702 33.1312
0.798329 33.2524
0.84522 33.4012
0.851915 33.2923
0.86713 33.0579
0.906252 33.0589
0.797472 33.4403
0.835941 33.5435
0.873354 33.3879
0.790589 33.6485
0.850983 33.7701
0.835405 33.6768
0.867896 33.6632
0.831839 33.5728
0.894829 33.3745
0.839212 33.3979
0.806858 33.6587
0.860071 33.653
0.753894 33.9351
0.822307 33.7701
0.879836 33.9386
0.816304 34.0078
0.860159 34.0472
0.766736 34.1122
0.835584 34.2091
0.890891 34.1425
0.859435 34.1542
0.906148 34.1425
0.816048 34.1845
0.923402 34.4009
0.93743 34.6741
0.877006 34.5638
0.879908 34.3713
0.824791 34.356
0.878563 34.5937
0.890378 34.3761
0.868586 34.5113
0.829155 34.4507
0.843549 34.6933
0.777099 34.5997
0.769221 34.7584
0.788224 34.4697
0.772646 34.6081
0.8089 34.7162
0.776449 34.8384
0.805228 34.6488
0.781102 34.6957
0.779969 34.6933
0.79165 34.9981
0.759248 34.7693
0.779467 35.0091
0.809079 34.8274
0.822354 34.9504
0.809061 34.8833
0.82675 34.8724
0.763172 34.9089
0.740933 35.215
0.781782 35.256
0.752371 35.0373
0.742569 35.3419
0.726776 35.3432
0.700045 35.1506
0.707907 35.1309
0.723905 35.1161
0.684443 35.2473
0.662038 35.317
0.725036 35.3469
0.693344 35.3507
0.705227 35.6049
0.721468 35.5606
0.696872 35.3557
0.673858 35.685
0.662124 35.7309
0.689556 35.8102
0.657441 35.8038
0.681523 35.6506
0.653775 35.6392
0.68559 35.5101
0.670623 34.5292
0.638495 35.5923
0.658274 35.7054
0.691137 35.9596
0.699768 35.7245
0.659341 36.0386
0.659341 36.27
0.671772 36.3346
0.6675 36.266
0.646733 36.1572
0.675561 36.1912
0.667366 36.092
0.62585 36.0075
0.634557 36.1298
0.618193 36.3702
0.659844 36.4285
0.646735 36.1102
0.628747 36.4751
0.638016 36.5831
0.611422 36.361
0.662903 36.2687
0.61978 36.2766
0.649392 36.2832
0.662903 36.41
0.653574 36.2371
0.648955 36.3438
0.707795 36.2647
0.653408 36.3504
0.642637 36.3716
0.657216 36.4644
0.640749 35.8809
0.643147 34.8384
0.679511 36.014
0.643932 35.7615
0.636574 35.9066
0.60362 36.7512
0.561863 36.9194
0.572917 37.0247
0.576166 36.7701
0.581267 37.1347
0.603616 36.7958
0.597937 36.9645
0.616605 37.0439
0.62514 37.0755
0.593255 36.7985
0.620606 36.8107
0.612395 36.9317
0.632089 36.9864
0.582292 36.8922
0.601103 36.7972
0.604665 36.7471
0.611835 37.07
0.591518 36.9426
0.61583 37.4714
0.61172 37.0028
0.602792 37.1044
0.50556 37.2287
0.632467 37.1554
0.609546 37.4181
0.540162 37.4714
0.644641 37.6733
0.614722 37.5023
0.60242 37.652
0.574774 37.7815
0.560931 37.635
0.585507 37.2342
0.617361 37.6378
0.573915 37.4995
0.604491 37.5827
0.605802 38.0286
0.584493 37.7558
0.544269 37.6279
0.551582 37.9176
0.5308 37.8616
0.556776 37.3902
0.550616 37.6747
0.513929 37.7544
0.580292 37.7316
0.57129 37.9766
0.650882 37.8158
0.573049 37.9752
0.59722 37.6081
0.57999 38.279
0.556364 38.3215
0.574327 38.0156
0.578222 38.3715
0.586791 38.2248
0.549868 38.6444
0.565543 38.5089
0.58796 38.4054
0.548197 38.3421
0.549144 38.6728
0.564247 38.4128
0.546678 38.6698
0.513926 38.8169
0.570367 37.4378
0.501604 37.7729
0.511952 38.0735
0.546512 37.7415
0.530165 38.5416
0.523466 38.5223
0.538033 38.0474
0.567432 38.5431
0.56654 38.1592
0.546512 38.5208
0.564325 38.6041
0.521638 38.463
0.552075 38.5431
0.52094 38.6967
0.466192 38.7387
0.490935 38.7657
0.497411 38.8229
0.530296 38.7852
0.550586 38.8969
0.519716 38.6384
0.502166 38.8154
0.555201 38.3907
0.526036 39.0427
0.542169 38.7898
0.493051 38.8999
0.553398 38.6982
0.50882 38.6982
0.526007 39
0.586685 38.9196
0.560709 38.9332
0.565714 39.0518
0.507692 38.8697
0.52988 38.9848
0.528937 38.072
0.531807 38.7507
0.506842 38.7402
0.531711 38.9045
0.539537 38.9332
0.520698 39.2819
0.501554 38.9636
0.536049 38.9757
0.489383 38.7597
0.488205 39.0137
0.528359 39.0381
0.504159 38.8485
0.500328 38.7822
0.515318 38.6952
0.534558 38.835
0.504306 39.1206
0.511752 39.1911
0.473063 39.2557
0.483346 38.8621
0.472409 38.9772
0.519343 39.1957
0.495798 39.4027
0.545598 38.9166
0.499227 38.9135
0.525721 38.8576
0.551999 38.9879
0.506306 39.0671
0.485102 38.8093
0.493705 38.9045
0.491071 39.3128
0.448195 39.228
0.514782 39.0305
0.537964 39.1435
0.524645 38.8606
0.62823 39.398
0.504341 39.1497
0.493418 39.3128
0.479771 39.3082
0.53317 38.9241
0.507692 38.8742
0.491364 39.0351
0.520239 39.2588
0.539637 39.1834
0.528324 39.4462
0.524319 39.398
0.516539 39.5007
0.530578 39.384
0.506702 39.5007
0.458098 39.1665
0.488622 39.3252
0.491286 38.9681
0.5 39.1803
0.52372 39.2511
0.502023 39.1757
0.509524 39.0457
0.536444 39.2804
0.488013 39.3825
0.502533 39.1343
0.464789 39.1175
0.492823 39.3871
0.464789 38.8319
0.511428 39.3546
0.486111 39.2943
0.473162 38.8878
0.494552 39.1926
0.473494 38.4216
0.492823 39.2634
0.487379 39.2418
0.440914 39.1068
0.451896 39.2172
0.447436 39.0183
0.478611 39.1543
0.472132 39.228
0.49278 39.2388
0.451648 39.1527
0.449715 39.1665
0.472294 39.0564
0.465915 39.367
0.479197 39.1911
0.537931 39.0274
0.458497 39.1068
0.45067 39.2588
0.448487 39.1129
0.505339 39.0946
0.50344 39.1527
0.464045 39.265
0.441537 39.2773
0.513514 39.228
0.547792 39.2603
0.539156 39.4104
0.532954 39.2049
0.511084 39.4789
0.483085 38.9105
0.471297 39.0869
0.548837 39.2773
0.464789 39.6857
0.39792 39.4446
0.358779 39.4649
0.371681 39.7235
0.354027 39.5335
0.356961 39.7409
0.448407 39.6432
0.460317 39.4089
0.474007 39.3825
0.510914 39.5648
0.466567 39.6134
0.483367 39.6197
0.467742 39.7346
0.436364 39.571
0.520468 39.6999
0.50289 39.4851
0.491241 39.5101
0.466179 39.6542
0.452026 39.8137
0.478666 39.7852
0.479314 39.5335
0.515331 39.3515
0.482503 39.7994
0.496736 39.9505
0.459022 39.8899
0.494872 39.703
0.4675 39.507
0.471552 39.8565
0.450757 40.0432
0.437508 39.7772
0.48998 39.7662
0.49292 39.7836
0.475213 39.7725
0.495992 39.6165
0.594383 39.336
0.573123 39.681
0.517857 39.733
0.494636 39.9233
0.433234 39.7599
0.477076 40.0561
0.440371 39.9361
0.481481 40.1962
0.43942 39.8486
0.471947 40.2075
0.448001 40.0529
0.460412 39.8947
0.442699 40.1316
0.432215 40.2398
0.443115 40.1397
0.460371 40.0689
0.47583 39.8216
0.451783 39.8311
0.455338 40.1461
0.436716 40.0432
0.461951 40.1461
0.484976 40.1445
0.495053 39.6936
0.495308 40.0962
0.57047 40.1574
0.513144 39.8581
0.540995 40.0513
0.446987 40.1994
0.447133 39.9265
0.4561 40.0112
0.430021 39.9409
0.445179 40.2706
0.454026 40.2739
0.502391 40.1236
0.523957 40.1929
0.453946 40.3323
0.425287 40.1849
0.46198 39.7947
0.447649 40.1929
0.455697 40.2301
0.45831 40.2382
0.493715 40.2139
0.478479 40.2188
0.486193 40.2495
0.474112 40.2479
0.48662 40.1188
0.474977 40.2301
0.468183 40.4155
0.445472 40.3307
0.451778 40.1719
0.445472 40.3796
0.471042 40.4449
0.515237 40.2334
0.48662 40.256
0.515401 40.0481
0.507888 40.1059
0.448109 40.2933
0.46554 40.1655
0.464839 40.2156
0.444191 40.334
0.46171 40.2982
0.482138 39.9074
0.484458 40.1429
0.455253 40.0577
0.455253 39.9058
0.471278 40.3323
0.455253 40.0593
0.489077 40.0593
0.488722 40.1865
0.508153 40.4465
0.485151 39.9122
0.461443 40.1687
0.511957 40.3096
0.507246 40.1075
0.541276 40.3307
0.527559 40.4514
0.477482 40.3356
0.480916 40.3388
0.489469 40.0689
0.50011 40.2917
0.436152 40.4073
0.434002 40.1849
0.475761 40.1897
0.505352 40.4384
0.413191 40.2398
0.428417 40.391
0.368477 40.3519
0.408805 40.5186
0.392518 40.3177
0.413858 40.321
0.435379 40.4662
0.382019 40.1752
0.396311 40.2236
0.431213 40.3031
0.42152 40.4187
0.398601 40.2495
0.43788 40.2479
0.431836 39.9824
0.374556 40.3535
0.351733 40.1881
0.398248 40.3388
0.36896 40.4449
0.423282 40.1011
0.480315 40.1413
0.501175 40.2787
0.455692 40.2982
0.394979 40.1349
0.409367 40.0898
0.401988 40.2366
0.369128 40.1574
0.441649 40.3275
0.467342 40.5877
0.430657 40.3437
0.393033 40.7199
0.407488 40.4253
0.436457 40.3519
0.413858 40.3796
0.424545 40.1945
0.440664 40.093
0.506447 40.2431
0.411276 40.0657
0.429439 40.3502
0.517651 40.2528
0.463116 40.3796
0.425968 40.2933
0.480127 40.1719
0.475923 40.422
0.446052 40.3145
0.441069 40.1752
0.520128 40.3665
0.486346 40.4776
0.441441 40.5877
0.424761 40.6554
0.46429 40.5466
0.457364 40.5154
0.54367 40.8847
0.490062 40.6769
0.499014 40.6554
0.426393 40.6835
0.42009 40.4498
0.498377 40.5861
0.426016 40.778
0.426135 40.7349
0.320258 40.5301
0.414261 40.7747
0.35576 40.778
0.401001 40.5943
0.368242 40.6405
0.433987 40.858
0.484704 40.4957
0.434518 40.6951
0.404798 40.5597
0.434876 40.308
0.416382 40.2447
0.424946 40.7232
0.39316 40.5548
0.526413 40.1494
0.4333 40.3877
0.448161 40.4334
0.50782 40.5943
0.579462 40.6355
0.561146 40.657
0.419355 40.7199
0.554705 40.7315
0.353132 40.7083
0.417046 40.4662
0.411471 40.282
0.403189 40.3584
0.434228 40.1477
0.500488 40.4318
0.514142 40.7947
0.52134 40.2739
0.424734 40.36
0.481712 40.6372
0.488022 40.813
0.478902 40.5696
0.47562 40.793
0.503817 40.458
0.477235 40.9299
0.466469 40.7647
0.423407 40.715
0.386848 40.7847
0.40982 40.858
0.426969 40.853
0.37768 40.5877
0.431844 40.5383
0.414771 40.6851
0.395095 40.95
0.423407 40.8697
0.43245 40.8965
0.439496 40.7133
0.368952 37.9853
0.395248 40.6603
0.367913 40.2544
0.401845 40.5351
0.371381 40.71
0.276419 40.7847
0.230405 40.7963
0.228722 40.7382
0.341935 40.7664
0.421853 40.5137
0.417237 40.4008
0.435115 40.8097
0.371033 40.7216
0.401702 40.4171
0.404456 40.5992
0.508069 40.5927
0.490135 40.6207
0.483359 40.8931
0.490532 40.715
0.489829 40.9433
0.459823 40.476
0.416606 40.9065
0.421146 40.9199
0.452107 40.8263
0.483579 40.3226
0.495798 40.9031
0.437037 40.783
0.39772 41.0728
0.395683 40.9954
0.451554 41.0458
0.451974 40.9651
0.413735 40.9567
0.561083 40.9517
0.464286 41.0088
0.536568 40.9199
0.569684 41.0846
0.499024 40.7398
0.510682 40.9668
0.497564 40.6256
0.537992 40.6951
0.49433 40.7664
0.557008 40.4122
0.513158 41.0189
0.470178 41.132
0.470841 41.249
0.525703 41.088
0.582633 40.8948
0.470244 40.9165
0.584795 41.0273
0.532658 40.9048
0.490511 41.1303
0.486959 41.0391
0.428284 40.9735
0.510597 40.9668
0.495327 40.9735
0.53449 41.0829
0.48875 40.71
0.515985 41.0021
0.439807 41.0357
0.612648 40.833
0.619835 41.0105
0.6479 40.788
0.631533 41.0644
0.646552 40.6537
0.615973 39.5679
0.631533 40.6174
0.497361 40.5828
0.478615 41.0458
0.574113 41.0105
0.558195 40.7864
0.501166 40.9886
0.475687 41.0897
0.559423 40.7531
0.555556 41.0088
0.548809 40.9802
0.540839 41.0458
0.590005 40.783
0.496324 40.9082
0.595142 41.1489
0.512334 41.1811
0.565385 40.95
0.561605 41.0762
0.618182 41.2337
0.56044 40.9283
0.654321 40.9433
0.655462 41.0509
0.547798 40.7548
0.511022 40.945
0.542406 40.9182
0.572201 40.8764
0.541979 41.1353
0.630841 41.2626
0.617761 41.0105
0.634921 41.0829
0.587669 40.9752
0.617284 40.945
0.584795 40.7133
0.569801 40.997
0.555556 40.7914
0.571429 40.9534
0.557491 41.1184
0.569801 40.9417
0.555556 40.8297
0.571429 40.9266
0.557491 41.0391
0.544218 40.7747
0.542005 41.061
0.542005 41.0273
0.529623 40.9668
0.516074 41.0509
0.46437 40.9769
0.437393 40.5055
0.486239 40.7714
0.445293 40.9853
0.419493 40.8347
0.401709 40.8647
0.40898 40.8397
0.403093 40.788
0.433628 41.324
0.426564 41.0408
0.426564 41.2763
0.515029 40.793
0.52597 40.6636
0.512821 40.2544
0.529101 40.8898
0.550265 40.8948
0.521303 41.0189
0.511056 41.088
0.541667 40.828
0.604651 40.8347
0.619048 40.6653
0.654603 40.7315
0.670968 40.7664
0.526316 40.9383
0.4914 40.5712
0.546605 40.6785
0.475943 40.7847
0.515765 40.783
0.486239 40.7797
0.418895 40.8297
0.402062 39.6448
0.448786 40.6636
0.420945 41.0678
0.344645 40.9635
0.459791 41.3172
0.462764 40.798
0.391621 41.1743
0.398981 41.1269
0.456993 41.1015
0.379377 41.0846
0.4292 40.6504
0.427517 40.8263
0.393939 40.9082
0.452869 40.9015
0.452869 40.3942
0.517656 40.8513
0.467119 40.9551
0.522988 40.8013
0.388484 40.7897
0.431098 40.6438
0.448935 40.422
0.483004 40.624
0.44024 40.5219
0.43486 40.7116
0.491091 40.5383
0.467753 40.818
0.439614 40.5729
0.422705 40.5318
0.47474 40.798
0.439756 40.945
0.469037 41.0139
0.402968 40.9802
0.413814 40.803
0.41115 40.8881
0.38424 40.9601
0.350131 41.061
0.411166 40.7166
0.473376 40.95
0.415468 40.8847
0.415277 40.4433
0.353521 40.813
0.381693 40.9266
0.427986 40.7897
0.438512 40.568
0.31092 40.8697
0.376112 40.9015
0.358676 40.6736
0.338985 40.828
0.308293 40.7067
0.376284 40.6438
0.277351 40.8297
0.341115 40.3145
0.27152 40.2091
0.256157 40.5055
0.242421 40.4351
0.175419 40.6901
0.181147 40.3991
0.153153 40.7183
0.154813 40.4629
0.165714 40.619
0.147916 40.568
0.136325 40.4171
0.119685 40.5515
0.113022 39.9632
0.114689 40.3877
0.103752 40.2804
0.0841791 40.4089
0.0715224 40.2512
0.0745222 40.3275
0.0711255 40.3551
0.0626962 40.0866
0.0487635 40.2706
0.0451703 40.024
0.0266715 40.0128
0.0374972 39.8788
0.0281948 40.2366
0.0278602 39.9393
0.0149624 39.9377
0.0131186 39.8089
0.00912841 40.0032
0.0070855 39.9505
0 39.4027
0.907887 38.9272
0.731481 38.4852
0.749121 38.7507
0.676509 38.5371
0.750368 38.7297
0.747839 38.9181
0.768398 38.2643
0.701527 38.8954
0.748802 38.997
0.810324 39.1466
0.811535 38.7898
0.776571 38.2409
0.776112 39.4617
0.701299 39.9521
0.579832 39.7662
0.727657 39.9281
0.738758 39.8963
0.627762 39.2526
0.689155 39.4726
0.758116 39.3701
0.747915 39.4431
0.805385 39.5226
0.771987 39.228
0.826039 38.9712
0.854127 39.1589
0.934474 39.1497
0.853091 39.2773
0.869565 39.2665
0.888452 39.1665
0.782609 39.0808
0.790547 38.8621
0.825243 39.2927
0.711347 38.7747
0.850323 39.3422
0.887302 38.279
0.856861 38.9681
0.773947 38.7402
0.852632 38.7447
0.764588 39.2111
0.850323 39.0808
0.810526 39.1865
0.747809 39.3391
0.911111 39.3949
0.886016 39.319
0.761905 39.3205
0.831187 38.8123
0.79113 38.8365
0.8305 38.5713
0.9305 38.9347
0.865889 39.336
0.930975 39.1466
0.865872 38.7777
0.908298 39.1435
0.853524 39.165
0.764233 38.0822
0.717355 40.7299
0.737389 40.5104
0.762712 40.5647
0.777778 40.9015
0.794326 40.5351
0.909091 40.9098
0.888603 40.7498
0.815324 40.7349
0.930233 40.5943
0.952901 40.8463
0.865169 40.5351
0.931741 40.7183
0.931741 40.858
0.931499 41.0122
0.847726 40.6901
0.868201 41.0004
0.887949 40.5795
0.811594 40.788
0.848485 40.7116
0.867769 40.9786
0.909041 40.5055
0.932548 40.7947
0.78005 40.8113
0.818182 40.7864
0.736133 40.6802
0.756919 40.6372
0.871032 40.8247
0.682054 40.391
0.732788 40.4858
0.719602 40.8664
0.783639 40.422
0.797398 40.7299
0.786408 40.4973
0.752381 40.7897
0.705577 40.6372
0.78297 40.8664
0.731398 40.4645
0.789617 40.9249
0.741541 40.5548
0.745447 40.8831
0.728189 40.4826
0.694625 40.9249
0.664138 40.7963
0.705894 40.2852
0.694641 40.4694
0.694641 40.4809
0.711079 40.5121
0.652353 40.5597
0.639836 40.7598
0.671535 40.6372
0.662486 40.7997
0.65907 40.5762
0.642976 40.4498
0.663614 40.6504
0.660795 40.7697
0.747036 40.5861
0.677419 40.36
0.769452 40.6785
0.637994 40.5927
0.666302 40.5548
0.640578 40.3665
0.604579 40.2787
0.614815 40.2528
0.615942 40.4875
0.581538 40.3698
0.596918 40.6636
0.668539 40.5318
0.631802 40.3894
0.605701 40.6091
0.527397 40.6488
0.644444 40.4433
0.671159 40.5959
0.678879 40.6554
0.694109 40.5663
0.665025 40.5581
0.660244 40.3649
0.662366 40.7232
0.684783 40.7133
0.656402 40.7067
0.678879 40.5992
0.678879 40.7216
0.646716 40.7083
0.674667 40.7747
0.702479 40.778
0.742217 40.7398
0.683597 40.4057
0.758621 40.7432
0.700876 40.7266
0.72632 40.4073
0.694741 40.5795
0.647119 40.5236
0.645214 40.6372
0.598817 40.3031
0.62585 40.3323
0.598817 40.2885
0.601307 40.2901
0.605263 40.2398
0.598817 40.6124
0.580941 40.6653
0.601307 40.6058
0.650595 40.3714
