0.906736 53.2879
0.762025 38.3347
0.801242 36.543
0.870647 45.7226
0.800958 47.719
0.710241 48.209
0.768668 49.2878
0.838057 49.9825
0.707865 49.9675
0.763341 49.9027
0.662977 50.1655
0.87747 49.7735
0 50.3347
0.480204 48.4168
0.22322 48.5696
0.139608 49.4805
0.0652495 49.1594
0.440672 48.8257
0.0393614 48.6618
0.14088 48.5413
0.119845 48.7924
0.065485 48.452
0.407938 48.07
0.171535 48.2462
0.00885781 48.6855
0.0668042 48.5602
0.0109998 48.7948
0.18794 48.5791
0.101408 48.2998
0.351302 47.8057
0.415464 47.7623
0.104657 48.2207
0.00395093 48.6642
0 48.8759
0.57513 48.8544
0.270953 48.3559
0.139608 48.5767
0.174909 48.5885
0.0305677 48.9189
0 49.2078
0.36762 48.0169
0.423118 48.4191
0.208297 47.9088
0.0469332 48.1
0.0426926 48.7306
0 49.0364
0 48.4308
0.84639 39.6055
0.714851 39.9202
0.683188 39.992
0.714851 39.8645
0.828877 39.4711
0.802139 39.7915
0.672891 39.9393
0.570263 39.9313
0 40.0032
0.396995 39.4151
0.426027 39.9537
0.159321 40.3047
0.0620445 40.5828
0.181347 40.2755
0.0685413 40.4858
0 40.5663
0.672802 46.4878
0.672823 46.6766
0.625716 46.0469
0.577441 46.3671
0.361733 46.408
0.269798 45.2243
0.535055 46.0829
0.489211 46.117
0.523886 45.335
0.451968 45.8547
0.625962 46.3134
0.643398 46.3027
0.597142 45.8779
0.597142 46.2299
0.517789 46.2749
0.608449 46.1404
0.665452 46.0999
0.552493 46.1361
0.588972 46.1936
0.598595 46.2684
0.678466 46.4016
0.645811 46.3456
0.597156 45.8505
0.574468 46.0702
0.628205 46.4554
0.482806 46.3113
0 46.4814
0.407166 46.9065
0.0609531 47.5964
0 47.9731
0.454545 46.9792
0.184083 47.2344
0.0304334 47.3575
0.143267 46.6266
0.0961413 46.7312
0.264998 46.0448
0.21397 46.4619
0.040863 46.5701
0 46.8428
0.481865 46.8231
0 46.8516
0.773838 46.657
0.686645 46.4447
0.532736 46.3843
0.374492 46.5051
0.273632 46.4188
0.172576 46.4016
0.108759 46.3994
0.0599201 46.4727
0.0124416 46.3714
0 46.4339
0 45.8968
0.507149 45.9074
0.20761 44.6488
0.163344 45.7792
0.192917 45.7352
0.131234 44.6588
0.166153 45.7708
0.036473 46.3177
0 46.1212
0 45.8716
0.669329 48.7282
0.497419 48.6618
0.467713 48.2975
0.477756 47.824
0.490249 48.5343
0.522911 47.7874
0.50168 48.1116
0.45633 47.9065
0.494198 46.7115
0.496276 48.0862
0.481972 47.8171
0.445649 48.0885
0.4374 48.2276
0.461736 48.2602
0.436415 48.3115
0.438825 48.2672
0.44104 47.8011
0.427783 48.1232
0.444979 48.3395
0.452767 47.6599
0.406413 48.0077
0.423495 48.1556
0.376128 48.0677
0.393701 48.1858
0.405349 47.7989
0.363372 48.1719
0.384489 47.719
0.439862 48.0908
0.553981 48.0677
0.518993 47.9501
0.391406 48.1556
0.314594 48.0769
0.393162 48.2602
0.488657 48.0261
0.623452 48.1928
0 48.158
0.614599 48.1278
0.492161 48.0677
0.364464 48.2882
0 47.9939
0.746166 42.7881
0.49982 42.9923
0 42.6294
0.672365 39.0259
0.34096 39.3453
0.226493 39.4571
0.280289 38.7898
0.0548413 39.5007
0 39.8899
0.624543 38.072
0.44186 37.942
0.346306 37.8329
0.308083 38.0055
0.277267 37.9204
0.273591 37.1802
0.313443 38.165
0.405427 38.3098
0.384477 38.3127
0 38.2526
0.46405 41.1235
0.12401 41.7467
0 41.8078
0.471026 41.4422
0.177901 41.7851
0 41.3907
0.860826 40.7647
0.750175 40.9283
0.758579 40.2901
0.709166 40.0769
0.703422 40.8664
0.682886 40.9433
0.869172 40.9182
0.626313 38.8969
0 40.9937
0.681796 39.496
0.461929 39.6244
0.254106 39.7251
0 39.6511
0.730627 43.1109
0.540739 42.0203
0.545074 42.6949
0.588916 40.0256
0.588163 42.6021
0.755406 42.3227
0.436817 41.9094
0.436472 42.2761
0.407384 42.5731
0.331734 42.8486
0.258462 42.1852
0.156442 43.0126
0.3402 42.7698
0.144476 42.7972
0.0392455 42.6403
0 42.704
0.842158 43.5388
0.800571 42.8009
0.693789 42.9424
0.671601 43.1816
0.654576 43.3219
0.506958 43.3351
0.538304 43.3163
0.487695 43.0682
0.549149 42.7716
0.589333 42.8578
0.590692 42.5315
0.549701 42.604
0.622944 42.3657
0.611842 42.5423
0.552131 42.9701
0.442989 42.8101
0.349638 42.757
0.233224 43.1127
0 43.3125
0.368534 47.3664
0.0840267 48.6997
0.111152 47.2344
0 48.5861
0.672205 43.2601
0.565042 42.9516
0.559204 42.7661
0.530935 41.806
0.541545 41.6736
0.519302 43.3877
0.531875 43.1518
0.519639 43.4179
0.559494 43.4424
0.509978 43.573
0.530254 43.2489
0.50842 43.8212
0.488957 43.691
0.536959 43.5123
0.545828 43.6834
0.501406 43.352
0.49309 43.5901
0.498377 44.0257
0.486119 44.1599
0.46871 41.855
0.509456 43.7292
0.52551 44.0859
0.503197 44.0296
0.494328 44.2988
0.485413 43.8327
0.502131 44.047
0.494856 44.4484
0.473485 44.0995
0.51495 44.1014
0.515628 44.1696
0.497015 44.0723
0.475569 44.6209
0.482224 44.3931
0.499235 44.4622
0.484569 43.6338
0.459854 44.3007
0.45591 44.7427
0.441683 44.5355
0.459508 44.8209
0.467976 44.5315
0.428907 44.9297
0.428907 44.3243
0.413768 44.6967
0.413768 44.8049
0.43093 44.9075
0.457202 45.0471
0.444062 43.5749
0.439333 44.4603
0.442431 44.7527
0.424051 44.5991
0.395774 44.5653
0.410233 44.5058
0.381348 44.9721
0.370474 44.9479
0.393708 44.9903
0.364238 44.8732
0.395973 45.1467
0.377483 45.1569
0.371527 45.1141
0.373081 44.4899
0.358956 45.0491
0.360544 45.253
0.381295 45.1121
0.372116 45.1712
0.388654 45.1202
0.382107 45.1957
0.361702 45.2653
0.39716 45.3556
0.375733 45.2407
0.348148 45.106
0.348148 45.1569
0.348148 45.6454
0.336449 45.6225
0.316759 45.4463
0.336449 45.5332
0.302211 45.7352
0.347044 45.8295
0.319481 45.8295
0.319481 45.8842
0.306952 46.0299
0.276119 45.7018
0.320312 45.4628
0.308475 45.731
0.308475 43.651
0.320799 45.3844
0.320799 45.6038
0.348138 45.4773
0.303853 45.7519
0.326544 45.8169
0.281311 45.8589
0.303536 45.8695
0.303536 45.8821
0.312715 45.6163
0.312715 45.7645
0.298539 45.7164
0.298539 45.9939
0.332846 45.6997
0.307968 45.9348
0.332846 45.996
0.332846 46.0257
0.315999 45.5187
0.365305 45.7896
0.359116 43.7006
0.387591 46.0087
0.387591 45.8905
0.342926 45.7938
0.401168 45.7959
0.41573 45.7247
0.384615 45.2468
0.398773 45.556
0.367609 45.6204
0.432921 45.7645
0.432921 45.7498
0.413693 45.683
0.130301 45.7666
0.0893812 45.9686
0 45.8295
0.908007 39.3221
0.821286 39.3732
0.821286 39.5413
0.814286 39.3283
0.814286 38.8546
0.771429 39.0213
0.771429 39.3082
0.771429 39.2141
0.809769 39.2341
0.771429 39.319
0.771429 39.4992
0.852632 39.4275
0.809769 39.5632
0.851286 38.5431
0.845029 39.3236
0.800285 39.3221
0.845029 39.5726
0.758885 39.5288
0.800285 39.4586
0.758885 39.6857
0.845029 39.248
0.800285 39.5946
0.800285 39.6967
0.800285 38.6967
0.845029 38.7642
0.800285 38.8969
0.800285 39.2449
0.845029 38.9848
0.845029 39.3437
0.795322 39.3546
0.754286 38.915
0.751783 38.8184
0.751783 39.2804
0.795322 39.1313
0.795322 39.2249
0.701754 38.4941
0.701754 38.9181
0.701754 39.0046
0.614035 39.2927
0.614035 39.1037
0.614035 38.9818
0.614035 39.1681
0.614035 39.3314
0.608007 39.3546
0.772059 39.4929
0.772059 38.9241
0.772059 39.5085
0.821862 39.2003
0.727599 39.4415
0.772059 39.0625
0.727599 39.1497
0.727599 39.507
0.772059 39.4011
0.772059 39.0701
0.772059 39.5742
0.772059 39.268
0.772059 39.4058
0.772059 39.2974
0.772059 38.9818
0.669118 39.3051
0.669118 39.3468
0.669118 39.6825
0.669118 39.468
0.669118 39.6071
0.669118 39.557
0.669118 39.7725
0.669118 39.6432
0.669118 39.1313
0.669118 39.5335
0.669118 39.6511
0.669118 39.6589
0.669118 39.6967
0.669118 39.3809
0.669118 39.4431
0.669118 39.5883
0.669118 39.5413
0.669118 39.116
0.669118 40.6785
0.669118 40.5712
0.669118 40.6537
0.669118 40.6984
0.669118 40.563
0.630162 40.6438
0.621324 40.4482
0.621324 40.3877
0.621324 40.6108
0.621324 40.44
0.621324 40.4253
0.621324 40.4645
0.621324 40.0577
0.621324 40.3747
0.621324 40.6802
0.621324 40.3356
0.621324 40.6405
0.621324 38.6742
0.621324 40.0336
0.621324 40.3307
0.621324 40.3015
0.621324 40.2382
0.621324 40.5301
0.621324 40.1123
0.621324 40.1865
0.621324 40.391
0.621324 40.6438
0.573529 40.2366
0.573529 40.4482
0.573529 40.4384
0.485294 40.4826
0.485294 40.016
0.485294 40.2269
0.444853 40.517
0.444853 40.6702
