0.954418 45.4856
0.954418 30.8309
0.910121 37.3636
0.870647 39.3701
0.954418 37.2232
0.91511 39.426
0.91511 39.9952
0.91511 40.1429
0.910121 40.1865
0.929418 40.2204
0.90714 40.2479
0.870647 40.1059
0.90714 40.0673
0.877352 40.0497
0.954418 40.2123
0.954418 40.024
0.929418 40.3405
0.828201 40.2933
0.90714 40.0224
0.90714 40.2576
0.90714 39.1727
0.954418 40.1316
0.954418 40.308
0.90714 40.1059
0.90714 39.8804
0.90714 40.1897
0.954418 40.0192
0.954418 40.0834
0.954418 40.122
0.954418 40.2042
0.954418 40.2463
0.954418 40.1849
0.954418 39.8613
0.954418 39.9696
0.954418 40.032
0.90714 39.7788
0.90714 40.0994
0.954418 39.7678
0.954418 39.7662
0.954418 40.0432
0.954418 39.763
0.954418 39.0488
0.91511 39.9042
0.877352 39.847
0.806134 39.8915
0.806134 38.5505
0.806134 39.7377
0.806134 39.8533
0.954418 39.6149
0.91511 39.5194
0.877352 39.8708
0.91511 39.5664
0.954418 39.7883
0.806134 39.8327
0.877352 39.9648
0.877352 38.8606
0.877352 39.5851
0.877352 40.0208
0.91511 39.6275
0.91511 39.7267
0.91511 39.9952
0.877352 39.5757
0.877352 39.5007
0.877352 39.8311
0.877352 39.4431
0.877352 39.4851
0.877352 39.3159
0.877352 39.6841
0.877352 39.3608
0.877352 39.5664
0.877352 39.2758
0.877352 39.8629
0.877352 39.4213
0.877352 39.7535
0.877352 39.0686
0.877352 39.5413
0.877352 39.5398
0.877352 39.9648
0.877352 39.3298
0.877352 39.5617
0.877352 39.5898
0.91511 39.703
0.954418 39.7709
0.91511 39.7488
0.91511 39.9616
0.91511 39.8026
0.91511 39.9106
0.91511 39.4649
0.954418 39.8105
0.91511 39.1543
0.954418 39.8804
0.954418 39.5382
0.954418 39.9154
0.954418 39.2372
0.91511 39.7994
0.877352 39.5601
0.877352 39.6825
0.954418 39.0656
0.954418 39.7867
0.91511 39.4617
0.877352 40.0288
0.841055 39.5101
0.91511 40.1027
0.91511 39.5946
0.91511 39.7488
0.895232 39.8756
0.895742 39.8772
0.876065 40.2852
0.876065 39.8184
0.934505 39.8391
0.876065 38.9909
0.934505 39.9744
0.876065 39.1405
0.934505 40.1043
0.876065 39.9744
0.934505 40.2317
0.876065 39.8406
0.911602 40.1606
0.855228 40.0978
0.867386 39.6275
0.876065 39.9329
0.934505 39.7093
0.876065 40.0641
0.934505 39.454
0.934505 40.032
0.934505 39.7314
0.934505 40.0753
0.934505 39.7788
0.934505 40.1188
0.934505 39.4353
0.934505 40.0737
0.934505 39.9058
0.934505 39.6369
0.934505 40.1929
0.934505 39.4742
0.934505 40.0545
0.934505 39.1619
0.934505 39.847
0.934505 39.44
0.911602 39.9792
0.911602 39.8184
0.911602 40.0336
0.911602 39.6589
0.911602 40.2755
0.911602 39.8073
0.911602 40.1381
0.911602 39.7788
0.911602 40.1945
0.911602 40.1929
0.911602 39.6762
0.911602 40.0866
0.911602 40.1268
0.911602 40.2059
0.911602 40.0513
0.911602 40.0946
0.911602 39.5101
0.911602 39.8406
0.911602 39.6951
0.911602 40.0096
0.867386 39.2881
0.82517 40.1155
0.784819 39.5695
0.784819 39.9792
0.784819 39.6055
0.784819 39.8454
0.776311 39.4867
0.82517 40.0449
0.776311 39.353
0.82517 39.6118
0.776311 39.8676
0.82517 40.0866
0.82517 39.9313
0.867386 39.9186
0.867386 38.9772
0.867386 39.2388
0.867386 39.9281
0.867386 39.7962
0.867386 39.9329
0.867386 39.7141
0.867386 40.0032
0.82517 40.0753
0.855228 40.1494
0.781537 39.2788
0.781537 39.9233
0.781537 39.6369
0.814912 40.2495
0.814912 39.6668
0.814912 40.0641
0.814912 39.6244
0.814912 40.2107
0.867386 39.7409
0.867386 39.9984
0.849561 39.0396
0.808587 40.1542
0.776311 40.0721
0.876065 39.9489
0.776311 40.0577
0.876065 39.8804
0.776311 40.0465
0.876065 39.9058
0.934505 40.1236
0.911602 39.681
0.82517 39.9936
0.784819 39.5883
0.784819 40.1091
0.784819 39.2311
0.784819 39.9808
0.762712 39.0351
0.762712 40.1461
0.821126 39.7188
0.821126 39.8533
0.821126 39.4649
0.821126 40.0272
0.821126 39.5789
0.821126 40.2917
0.909458 39.2234
0.909458 40.2172
0.909458 39.5116
0.909458 40.1897
0.864246 39.6825
0.779955 40.2414
0.821126 40.1849
0.821126 39.733
0.821126 40.1606
0.821126 39.2696
0.821126 40.1768
0.821126 39.9712
0.932897 39.9792
0.864246 39.4851
0.932897 40.3633
0.932897 39.7662
0.909458 40.1252
0.821126 38.6877
0.779955 40.2042
0.779955 39.4773
0.779955 39.9792
0.779955 39.9106
0.864246 38.3377
0.864246 40.2285
0.864246 39.1742
0.864246 39.5038
0.864246 39.5632
0.864246 40.2982
0.864246 39.8581
0.864246 39.4508
0.864246 40.2528
0.864246 39.8963
0.932897 39.8137
0.932897 39.6291
0.909458 39.9648
0.864246 39.5273
0.821126 40.1687
0.821126 39.4182
0.821126 40.0176
0.821126 39.7994
0.909458 39.9329
0.909458 39.5194
0.909458 39.901
0.864246 38.9772
0.864246 39.9521
0.821126 39.0594
0.821126 39.984
0.821126 39.744
0.821126 39.976
0.821126 39.6715
0.821126 39.8073
0.821126 39.6558
0.821126 39.7567
0.932897 39.9824
0.821126 40.0914
0.909458 40.0529
0.909458 40.0978
0.864246 39.8422
0.864246 39.9138
0.864246 39.7409
0.864246 40.0529
0.864246 39.6275
0.864246 39.9409
0.864246 40.0432
0.909458 40.1477
0.864246 39.6904
0.821126 39.9872
0.821126 39.7188
0.821126 39.9537
0.821126 39.4898
0.821126 39.7693
0.909458 39.8676
0.909458 39.9249
0.864246 39.4617
0.764662 39.9648
0.69867 39.5773
0.69867 40.0737
0.69867 39.4368
0.812045 40.0336
0.69867 39.5023
0.812045 39.8772
0.904709 40.093
0.85864 40.0786
0.85864 40.0112
0.85864 40.0866
0.85864 39.9473
0.885753 39.4804
0.932653 39.1114
0.932653 39.7251
0.806924 39.4742
0.766765 39.8963
0.766765 39.4758
0.766765 39.9425
0.766765 39.7393
0.766765 40.0096
0.766765 39.5273
0.766765 39.8629
0.766765 39.2065
0.766765 39.8565
0.904709 39.6055
0.904709 39.6448
0.904709 38.6473
0.904709 40.1043
0.86108 39.7109
0.842849 39.8931
0.79983 38.9924
0.79983 40.0721
0.759049 39.9154
0.759049 40.0064
0.759049 39.7678
0.759049 40.0609
0.759049 40.0497
0.759049 39.2927
0.759049 40.0529
0.759049 39.8883
0.759049 40.1526
0.759049 39.5773
0.820938 40.18
0.759049 39.8248
0.820938 39.8851
0.759049 39.7393
0.820938 40.0481
0.759049 39.2003
0.820938 40.1816
0.785485 39.6118
0.812962 40.1897
0.770009 39.7883
0.770009 40.1542
0.770009 40.0753
0.770009 39.4976
0.770009 39.9792
0.770009 39.744
0.858053 38.9833
0.858053 39.6762
0.858053 40.2075
0.858053 40.0721
0.858053 40.1413
0.812962 39.7409
0.812962 40.2026
0.812962 39.7662
0.812962 40.0048
0.812962 39.2727
0.88145 40.1542
0.88145 39.5851
0.88145 40.6322
0.858053 39.8232
0.770009 39.6699
0.729043 39.4228
0.729043 39.9824
0.812962 39.7377
0.812962 38.3465
0.812962 39.8422
0.812962 39.7614
0.812962 40.1735
0.812962 40.0497
0.812962 40.0994
0.812962 39.7219
0.812962 39.8422
0.812962 39.3035
0.812962 40.2382
0.88145 39.6291
0.858053 40.1413
0.838811 39.3082
0.858053 40.1735
0.795165 40.0834
0.812962 39.9537
0.776214 40.1703
0.770142 39.426
0.734841 39.9776
0.751556 39.7599
0.751556 39.9313
0.856589 40.0545
0.788982 40.1768
0.746582 39.7283
0.833493 40.1107
0.833493 39.6794
0.833493 40.1413
0.833493 39.5304
0.788982 40.1204
0.788982 39.3391
0.746582 39.82
0.746582 37.6676
0.746582 40.1429
0.746582 39.6778
0.746582 39.8947
0.730023 39.3097
0.730023 40.1574
0.746582 39.6526
0.833493 40.0465
0.833493 39.8375
0.833493 39.9489
0.833493 39.336
0.833493 40.1735
0.833493 39.3082
0.788982 39.8851
0.771068 39.3051
0.788982 40.024
0.788982 39.5476
0.856589 40.2771
0.856589 39.7425
0.856589 40.1413
0.856589 39.5241
0.833493 40.032
0.833493 39.8597
0.788982 40.18
0.829244 39.9441
0.783732 40.2204
0.87714 40.1107
0.829244 39.3345
0.74043 40.1123
0.69918 40.0497
0.69918 40.2414
0.69918 39.6526
0.783732 40.3145
0.783732 38.1432
0.783732 40.3323
0.783732 39.6825
0.783732 40.0786
0.783732 40.2172
0.783732 40.2495
0.87714 40.2366
0.87714 40.0545
0.87714 40.1687
0.829244 39.5476
0.783732 40.2852
0.74043 40.016
0.74043 40.18
0.74043 39.6857
0.829244 40.2026
0.829244 39.5601
0.829244 40.308
0.829244 39.2989
0.829244 40.3063
0.803729 39.3918
0.803729 40.04
0.803729 39.7267
0.803729 40.1606
0.803729 39.2065
0.803729 39.8168
0.87551 39.2557
0.803729 40.2269
0.87714 39.0472
0.69918 40.0673
0.747573 39.4073
0.747573 40.3096
0.747573 39.1911
0.747573 40.18
0.747573 39.1343
0.747573 40.1236
0.747573 39.8915
0.747573 40.4024
0.747573 40.2917
0.834655 39.0274
0.834655 40.0914
0.834655 40.0432
0.834655 40.0577
0.834655 40.1784
0.834655 38.9757
0.834655 40.1978
0.834655 38.7117
0.834655 40.0577
0.834655 40.0529
0.834655 39.3654
0.834655 39.1543
0.834655 40.2334
0.834655 40.0352
0.834655 40.151
0.834655 39.9936
0.834655 40.0192
0.834655 39.9648
0.834655 40.016
0.834655 40.2334
0.834655 40.2075
0.834655 40.0561
0.834655 39.7583
0.834655 40.0962
0.834655 39.5273
0.834655 40.1349
0.834655 40.3714
0.834655 40.5515
0.834655 40.2641
0.834655 39.8089
0.834655 40.4318
0.834655 39.7693
0.834655 40.2933
0.834655 39.3035
0.834655 40.1655
0.834655 39.7109
0.834655 40.1236
0.834655 38.8893
0.834655 39.8565
0.834655 39.6212
0.834655 40.3568
0.834655 39.3422
0.834655 40.0465
0.834655 39.681
0.834655 40.0368
0.834655 39.8597
0.834655 40.373
0.834655 40.0032
0.834655 40.3063
0.834655 40.1445
0.834655 40.1735
0.834655 40.0786
0.834655 40.2609
0.834655 39.7093
0.834655 40.0513
0.834655 39.8597
0.834655 40.1816
0.834655 40.1752
0.834655 39.9584
0.834655 40.0866
0.834655 39.7567
0.816168 39.9106
0.781548 38.7642
0.765317 39.4664
0.765317 39.7488
0.765317 40.2156
0.765317 39.7852
0.765317 40.2334
0.765317 39.2172
0.80112 39.8899
0.80112 39.3205
0.80112 40.2787
0.80112 39.6794
0.80112 40.0946
0.80112 39.763
0.80112 39.8406
0.877268 39.763
0.877268 40.0288
0.877268 39.2218
0.877268 39.6951
0.877268 39.7662
0.877268 40.122
0.838406 39.7519
0.885597 40.0192
0.845247 39.9265
0.845247 39.9265
0.845247 39.521
0.845247 40.1171
0.845247 39.319
0.845247 40.2204
0.845247 39.8979
0.845247 40.2917
0.845247 40.282
0.845247 39.8089
0.92775 40.2059
0.92775 40.085
0.92775 40.2966
0.92775 39.8486
0.92775 40.2172
0.92775 39.9489
0.92775 40.1945
0.92775 40.2982
0.92775 39.9058
0.92775 40.024
0.92775 40.2804
0.92775 39.9505
0.92775 40.0465
0.92775 39.5319
0.92775 40.0914
0.92775 39.319
0.92775 40.3698
0.92775 39.7219
0.92775 40.3682
0.92775 39.1972
0.92775 40.1881
0.92775 39.1236
0.92775 40.3291
0.92775 40.0465
0.92775 40.3372
0.92775 39.9042
0.92775 40.1784
0.877268 40.3323
0.877268 39.6778
0.877268 40.2075
0.92775 39.8311
0.838406 40.3388
0.793519 39.4228
0.793519 40.3291
0.793519 39.6306
0.793519 40.2576
0.793519 39.3949
0.793519 40.2658
0.793519 39.5226
0.885597 39.9632
0.885597 39.228
0.843877 40.1349
0.873868 40.2852
0.873868 40.1107
0.791404 40.1558
0.791404 40.1542
0.82623 39.9728
0.82623 39.8073
0.82623 40.1461
0.924059 40.1719
0.924059 39.7883
0.924059 39.7867
0.924059 39.9281
0.924059 39.744
0.924059 40.1155
0.924059 39.2157
0.924059 39.8772
0.873868 38.9772
0.836115 40.0962
0.791404 39.3701
0.791404 39.5116
0.791404 38.4689
0.791404 39.8979
0.883115 40.1494
0.883115 37.8917
0.883115 37.3148
0.883115 38.506
0.836115 40.0497
0.836115 40.1526
0.836115 40.1703
0.836115 40.0513
0.836115 40.0689
0.836115 40.0449
0.836115 40.2253
0.836115 39.9265
0.836115 39.9425
0.836115 39.7678
0.836115 39.7377
0.907529 39.9664
0.907529 40.0481
0.907529 40.2739
0.907529 40.4253
0.907529 39.7994
0.907529 40.1236
0.883115 39.6715
0.924059 39.8788
0.873868 40.1752
0.873868 40.1623
0.799853 39.7362
0.764995 39.9888
0.764995 39.8565
0.806242 39.3732
0.806242 40.0481
0.806242 39.6008
0.789774 40.0497
0.864326 39.0198
0.864326 40.0272
0.841587 39.5382
0.841587 40.0721
0.841587 39.3144
0.864326 40.1655
0.864326 39.1957
0.841587 40.0513
0.841587 39.7156
0.864326 40.1703
0.841587 39.6087
0.841587 40.1832
0.924447 39.2434
0.899363 40.0609
0.924447 39.268
0.924447 40.0048
0.924447 39.6762
0.899363 40.2431
0.851108 39.0854
0.924447 40.2593
0.924447 39.4353
0.851108 39.9042
0.879706 39.1896
0.879706 39.9632
0.797733 39.5413
0.841587 39.4524
0.864326 39.6495
0.864326 40.2075
0.82629 39.3407
0.82629 39.6212
0.769807 39.8264
0.789774 40.1978
0.903981 40.1623
0.685711 39.6275
0.819107 40.0128
0.802889 39.6464
0.800915 39.8613
0.783064 39.5413
0.780543 40.0288
0.800915 39.1696
0.800915 39.8518
0.800915 39.8947
0.800915 39.9202
0.800915 39.8867
0.780543 39.9265
0.780543 39.8549
0.800915 39.8581
0.800915 40.1849
0.800915 39.5148
0.800915 40.0786
0.74115 38.9545
0.74115 40.1768
0.780543 39.165
0.800915 39.9329
0.780543 39.1328
0.800915 39.96
0.780543 39.1083
0.780543 40.1171
0.800915 39.3236
0.800915 40.0529
0.800915 39.5789
0.800915 39.8502
0.780543 39.7472
0.780543 39.9776
0.800915 40.4498
0.800915 40.1332
0.800915 40.4269
0.800915 40.2982
0.800915 40.4334
0.780543 40.0144
0.780543 40.1574
0.800915 40.2447
0.800915 40.1011
0.74115 40.0834
0.780543 40.4907
0.780543 39.9521
0.800915 40.1397
0.780543 40.2966
0.74115 40.1978
0.800915 40.4138
0.800915 40.1945
0.800915 39.968
0.800915 40.5515
0.800915 40.3519
0.800915 40.2868
0.780543 40.2998
0.780543 40.3894
0.780543 39.2573
0.800915 38.7657
0.800915 40.1881
0.800915 40.1316
0.780543 40.2901
0.780543 40.3437
0.780543 39.7362
0.800915 40.4678
0.800915 40.3291
0.800915 40.1671
0.800915 40.2059
0.800915 39.9138
0.725168 40.0481
0.780543 40.3047
0.780543 40.2674
0.800915 40.4089
0.763338 40.2334
0.800915 40.0545
0.800915 40.3015
0.800915 40.295
0.800915 40.2528
0.800915 40.1639
0.800915 40.5285
0.780543 40.2739
0.780543 40.1075
0.800915 40.3372
0.780543 40.3372
0.800915 40.4842
0.800915 40.3291
0.74115 40.54
0.74115 40.3763
0.780543 40.4662
0.780543 40.1784
0.800915 39.976
0.780543 40.3388
0.800915 40.1687
0.780543 40.2739
0.800915 40.347
0.800915 40.2366
0.780543 40.282
0.800915 40.2091
0.800915 40.2674
0.780543 40.0946
0.780543 39.521
0.780543 40.3177
0.780543 40.1849
0.74115 40.2317
0.780543 40.1962
0.800915 40.5696
0.780543 40.295
0.780543 40.2722
0.800915 40.1477
0.780543 39.9856
0.800915 39.9361
0.800915 40.1139
0.780543 39.7109
0.780543 40.0978
0.800915 39.6448
0.800915 39.8153
0.780543 40.2042
0.800915 40.1397
0.800915 40.122
0.780543 39.9888
0.800915 40.1719
0.800915 39.7741
0.800915 40.1542
0.800915 39.976
0.780543 40.2026
0.800915 40.093
0.800915 40.1494
0.800915 37.8015
0.800915 40.0352
0.74115 39.976
0.800915 39.5836
0.74115 40.3421
0.74115 40.1349
0.780543 39.968
0.780543 40.3031
0.800915 40.2091
0.800915 40.2722
0.783064 40.2512
0.748403 39.5351
0.748403 40.1978
0.748403 39.7141
0.800915 40.1107
0.800915 40.2658
0.800915 40.1816
0.800915 40.1606
0.800915 40.1139
0.800915 40.2253
0.800915 39.8947
0.800915 39.9584
0.800915 40.0352
0.800915 39.7978
0.800915 40.2075
0.800915 39.6999
0.800915 40.122
0.800915 39.5961
0.74115 40.201
0.74115 39.2434
0.780543 40.1171
0.780543 39.5007
0.800915 39.5632
0.800915 40.1994
0.800915 40.1059
0.74115 40.13
0.800915 39.8486
0.74115 39.7362
0.74115 39.3639
0.74115 40.1027
0.74115 39.4992
0.74115 40.1204
0.735294 39.8327
0.732265 39.9425
0.686499 39.5554
0.663616 40.1139
0.663616 39.1727
0.640732 40.1381
0.640732 39.5789
0.640732 39.9473
0.640732 39.7251
0.640732 40.3063
0.640732 40.0994
0.640732 40.2042
0.640732 40.024
0.640732 39.6841
0.640732 40.2059
0.586283 40.0593
0.586283 40.0064
0.586283 39.7978
0.606789 39.9202
0.606789 39.7852
0.608696 39.8995
0.550343 39.2989
0.473684 38.6071
0.420481 38.4216
0.440503 40.1123
0.440503 39.0305
0.460526 39.9489
0.480549 39.5007
0.500572 40.0802
0.520595 40.1027
0.520595 40.1397
0.520595 39.8979
0.520595 39.6983
0.480549 39.9122
0.420481 39.3701
0.380435 39.9489
0.420481 39.5632
0.480549 40.0737
0.520595 39.7456
0.520595 40.0128
0.520595 39.0503
0.520595 40
0.520595 40.0946
0.520595 39.6621
0.520595 40.1687
0.520595 39.8979
0.520595 39.9074
0.520595 40.0481
0.540618 39.5132
0.597254 40.159
0.617849 39.6794
0.617849 40.0898
0.617849 39.2357
0.617849 40.1494
0.569367 40.1752
0.617849 39.6652
0.569367 40.122
0.589345 39.6542
0.629301 40.0625
0.649279 39.8597
0.682899 40.0432
0.720824 39.7836
0.773956 40.0786
0.754556 39.7204
0.754556 40.1236
0.754556 39.1573
0.775281 40.0513
0.672592 39.1252
0.725108 39.9361
0.725108 39.0625
0.725108 39.8359
0.725108 39.9824
0.746753 39.9744
0.726143 40.04
0.747819 39.8676
0.786544 40.1397
0.827024 40.1316
0.869381 40.0721
0.747819 39.8502
0.786544 40.0898
0.786544 39.7346
0.786544 39.9505
0.827024 39.6197
0.827024 39.9553
0.869381 39.7409
0.869381 40.2188
0.827024 39.5288
0.827024 39.5007
0.869381 40.0432
0.869381 38.9651
0.869381 39.8279
0.869381 39.5523
0.869381 40.0673
0.869381 39.3453
0.869381 40.0032
0.827024 39.546
0.827024 40.2868
0.827024 39.6102
0.827024 40.1542
0.827024 39.119
0.827024 40.1252
0.827024 39.1114
0.827024 40.0609
0.869381 39.8883
0.752002 40.3649
0.752002 39.7836
0.752002 40.2059
0.752002 40.0513
0.752002 39.8756
0.752002 39.9904
0.786544 39.7519
0.786544 40.201
0.786544 39.4633
0.786544 40.3112
0.786544 39.6684
0.747819 40.0721
0.715659 39.5241
0.715659 39.9792
0.752002 39.2557
0.752002 40.1413
0.752002 39.1911
0.789918 39.9249
0.789918 39.4617
0.827024 40.0272
0.869381 39.5898
0.869381 40.1155
0.869381 39.1389
0.869381 39.9537
0.869381 39.6526
0.869381 40.0657
0.869381 39.8597
0.747819 40.1913
0.869381 39.9249
0.747819 40.2528
0.869381 39.8343
0.747819 40.2495
0.786544 40.0128
0.786544 39.496
0.786544 40.2253
0.786544 40.0946
0.786544 40.18
0.786544 39.7283
0.786544 40.1655
