0.370398 49.0942
0.432836 48.9141
0.874615 43.6796
0.874615 43.554
0.874615 45.043
0.874615 44.0781
0.874615 43.5256
0.874615 43.877
0.874615 44.9438
0.874615 45.9495
0.87152 46.3328
0.87152 46.4382
0.87152 46.3134
0.874615 46.1489
0.874615 46.1872
0.874615 46.2792
0.87152 46.4188
0.87152 46.3929
0.87152 46.3027
0.800206 45.9348
0.800206 46.3392
0.87152 46.2449
0.87152 45.9622
0.87152 46.3779
0.787321 46.2364
0.800206 46.2899
0.800206 46.2899
0.800206 46.0617
0.874615 46.3757
0.874615 45.4422
0.874615 46.1361
0.78999 46.1297
0.674931 46.2984
0.674931 46.0172
0.78999 46.3199
0.78999 46.3542
0.78999 46.2792
0.73516 46.2
0.73516 46.1574
0.574151 46.1106
0.739437 46.1574
0.739437 45.9179
0.687447 46.2171
0.687447 45.9453
0.687447 46.0426
0.592264 46.0638
0.66 44.9863
0.66 45.9284
0.66 45.754
0.623665 46.0596
0.687447 46.1042
0.623665 45.9263
0.660377 45.9686
0.6 45.9074
0.660377 46.2235
0.573913 46.1404
0.630631 45.8232
0.630631 46.1744
0.691589 46.1638
0.630631 45.9263
0.630631 45.7477
0.691589 46.0575
0.573913 45.5539
0.630631 45.6538
0.59322 45.7373
0.59322 45.4897
0.649123 45.7603
0.567568 45.9707
0.567568 45.8505
0.567568 45.208
0.603448 43.9812
0.603448 44.6887
0.515275 45.7917
0.564121 45.6871
0.564121 45.7729
0.515275 45.6558
0.630631 45.5477
0.630631 45.4256
0.630631 45.5664
0.567568 45.9643
0.620112 45.901
0.567568 45.7226
0.620112 45.8043
0.567568 45.2858
0.567568 45.8169
0.649123 45.8568
0.649123 45.5125
0.649123 45.3432
0.59322 45.0694
0.59322 45.6934
0.59322 45.9622
0.59322 45.8295
0.59322 45.6809
0.59322 45.4856
0.59322 45.37
0.59322 46.0893
0.567568 45.9074
0.567568 45.9411
0.544041 45.6475
0.569231 45.7938
0.502392 45.8043
0.483871 45.8884
0.527778 45.7896
0.506849 46.0172
0.508929 45.8674
0.478992 45.84
0.478992 45.5622
0.452381 45.2776
0.452381 45.9453
0.45977 45.8463
0.532394 45.7582
0.563218 45.2981
0.590038 45.3309
0.590038 45.7561
0.551971 45.683
0.518519 45.6121
0.488889 45.7018
0.475309 45.6184
0.450292 45.3268
0.438746 45.5581
0.427778 45.6246
0.417344 45.8085
0.407407 45.7268
0.407407 45.529
0.385965 45.3494
0.385965 45.6142
0.385965 45.8148
0.376989 45.754
0.376989 45.6809
0.376989 45.5
0.376989 45.7247
0.376989 45.7917
0.368421 45.6558
0.368421 45.1386
0.360234 45.0714
0.352403 45.5892
0.337719 44.6449
0.330827 45.4153
0.330827 45.6871
0.320833 45.6788
0.320833 45.2694
0.320833 45.5872
0.314286 45.6308
0.314286 45.4133
0.314286 45.5228
0.308 45.5477
0.308 45.3762
0.308 45.2509
0.308 45.0106
0.308 45.7415
0.308 45.5539
0.308 45.5789
0.308 45.4463
0.308 45.4918
0.314286 44.5335
0.314286 45.608
0.308 45.6871
0.301961 45.7164
0.296154 45.5581
0.296154 45.5519
0.290566 45.4215
0.290566 45.5685
0.296154 45.6038
0.293333 45.5519
0.29932 45.212
0.29932 45.7122
0.285714 45.6704
0.285714 45.7268
0.291667 45.6558
0.284921 45.3721
0.291115 45.0775
0.291115 45.5892
0.297585 45.7813
0.297585 45.5685
0.297585 45.4794
0.304348 45.1977
0.304348 45.0146
0.311426 45.6955
0.29845 45.4009
0.305556 45.2694
0.305556 45.608
0.313008 45.5996
0.313008 45.6997
0.320833 45.7561
0.315897 45.6871
0.324211 45.4318
0.320166 45.2714
0.32906 45.6725
0.325926 45.7331
0.325926 45.5789
0.316176 45.6642
0.325926 45.3371
0.325926 45.2407
0.325926 45.6454
0.325926 45.7352
0.325926 45.5934
0.328571 45.5373
0.408163 43.4953
0.412698 43.3238
0.377495 45.1427
0.367816 45.3535
0.367816 45.3083
0.346667 45.1896
0.346667 45.2345
0.338211 45.4938
0.350794 44.4069
0.355814 45.1365
0.344336 45.3042
0.378095 45.0491
0.366279 45.0308
0.357955 44.9337
0.347107 45.4194
0.351515 45.3968
0.351515 45.294
0.351515 45.2345
0.351515 44.9277
0.343874 45.1834
0.36445 45.3022
0.356696 45.3227
0.356696 45.1447
0.346505 44.6907
0.346505 45.1508
0.336879 45.0572
0.36643 45.1692
0.356527 45.1467
0.368028 44.7047
0.358343 44.6468
0.358343 45.0025
0.349154 45.0857
0.349154 44.6249
0.368617 44.9843
0.389583 44.9741
0.364878 44.0567
0.357724 44.8591
0.336029 44.9559
0.327381 44.8591
0.308741 44.5891
0.293557 43.6262
0.277778 44.9701
0.285124 44.7648
0.276738 44.2067
0.262857 44.5613
0.274074 44.6229
0.271304 44.8189
0.264257 44.5692
0.248936 44.3223
0.242865 44.607
0.234293 44.6349
0.244559 44.7087
0.236407 44.5692
0.238799 44.4405
0.231337 44.3734
0.226616 44.2713
0.215397 44.2811
0.211215 44.5573
0.218329 44.3459
0.215 44.4346
0.209189 44.0276
0.223009 44.3125
0.232 44.2752
0.228034 44.2595
0.224202 43.4386
0.222333 42.7387
0.218689 43.9483
0.215161 44.2988
0.209255 44.2889
0.20596 44.3046
0.202766 44.1618
0.197337 44.0121
0.194347 43.9387
0.194347 43.802
0.19068 39.8613
0.19068 40.0561
0.187834 42.303
0.186443 44.0898
0.183721 43.8982
0.181078 44.2263
0.179784 44.3715
0.177252 44.2263
0.173767 44.0083
0.166184 44.2439
0.165036 44.1443
0.168207 44.285
0.169203 44.0781
0.157481 43.6719
0.1606 44.193
0.152585 44.3479
0.155604 43.8059
0.147578 44.0975
0.142671 44.3125
0.142671 44.2831
0.141747 44.3872
0.141747 44.1872
0.144719 43.8558
0.140834 44.0102
0.14379 43.9502
0.14379 44.2321
0.139344 44.0238
0.135621 44.3794
0.135621 43.6491
0.135621 43.7063
0.1296 44.4227
0.133717 44.2145
0.137472 44.2458
0.134575 44.3341
0.142165 44.0335
0.142165 44.236
0.143458 44.047
0.143458 44.3203
0.146415 44.1794
0.153199 44.1345
0.159987 43.8673
0.153415 44.2654
0.159181 44.0781
0.160365 44.1151
0.160365 42.9978
0.157546 43.2507
0.162047 43.5673
0.162047 43.5616
0.172994 43.4915
0.181251 43.2264
0.178285 43.6205
0.180328 43.5066
0.177419 43.554
0.182186 43.2713
0.178204 41.324
0.174359 42.6931
0.171717 43.3651
0.181468 43.2713
0.1807 42.6476
0.178043 42.8156
0.188603 43.0015
0.18587 43.2994
0.182076 43.6034
0.177309 43.5901
0.17378 43.5028
0.18064 43.0034
0.18629 43.4953
0.187023 43.3388
0.18481 43.4367
0.18124 43.2957
0.179133 43.2657
0.174713 43.4745
0.170455 43.4028
0.16635 43.4254
0.162393 42.2601
0.159452 43.3238
0.155738 43.109
0.155764 43.1351
0.153226 43.0496
0.151596 43.1016
0.147713 43.0645
0.147245 42.9793
0.147519 43.1127
0.146004 43.0756
0.136867 43.0237
0.132859 43.2208
0.124437 43.5028
0.119568 43.8924
0.126644 43.6567
0.117831 43.5787
0.121688 43.7025
0.12301 43.8404
0.115045 43.7598
0.119178 43.3858
0.111487 43.7025
0.110965 43.5768
0.107616 43.6586
0.10712 43.518
0.109398 43.4424
0.104 43.3877
0.0957194 43.3388
0.0958926 43.501
0.096112 43.4443
0.0882085 43.3125
0.0872215 43.2451
0.0872215 43.4518
0.0805706 43.5559
0.0835782 43.573
0.0832144 43.2582
0.0783338 43.2582
0.0783338 43.5711
0.080406 43.083
0.0766009 43.4499
0.0750328 43.4877
0.0698042 43.7388
0.0699734 43.6796
0.0704178 43.3877
0.0670018 43.4405
0.0657109 41.5852
0.0611089 42.8101
0.0603714 43.7311
0.0610376 43.0219
0.0542632 43.8327
0.0542399 43.8327
0.0526208 43.8327
0.050286 44.3066
0.0490298 43.8078
0.0514541 44.08
0.0516965 44.2087
0.050689 44.1326
0.0493332 44.4286
0.0492848 44.1872
0.0453982 44.1755
0.0485195 44.3125
0.0509518 44.1053
0.0560708 44.2497
0.0569244 44.1248
0.0615358 44.0063
0.0634276 43.9116
0.0644906 43.6529
0.0671911 43.9831
0.0692148 44.016
0.0700576 43.9136
0.0772003 43.518
0.0732951 43.1779
0.0762905 43.4613
0.0795469 43.9155
0.0838799 43.7848
0.0941376 43.8327
0.0941376 43.9213
0.0959885 43.7982
0.0986418 43.6815
0.0997351 43.7158
0.102175 43.2208
0.107859 43.7388
0.107267 43.7044
0.107757 43.6015
0.106922 43.6357
0.110709 43.1481
0.110176 43.63
0.109885 43.7598
0.114994 43.535
0.118012 43.3689
0.125062 43.3802
0.123041 43.4726
0.120156 43.4991
0.118238 43.4197
0.115444 43.4103
0.117497 43.611
0.110623 43.2489
0.119003 43.4254
0.11642 43.5635
0.11372 43.176
0.109407 43.6491
0.111146 43.4764
0.109132 43.4122
0.109627 42.7807
0.114109 43.5635
0.105658 43.4235
0.109107 43.4877
0.109812 43.0496
0.108749 43.1984
0.108211 41.4388
0.102944 43.4329
0.104662 43.2077
0.100546 43.4707
0.0956507 43.6796
0.0937851 43.2938
0.0852156 43.6967
0.089095 43.6662
0.08737 43.8078
0.0832281 43.6891
0.0864286 43.9078
0.080227 44.0742
0.0784161 43.8635
0.0767002 43.5464
0.0769695 43.6491
0.0752943 43.9097
0.0763889 44.0276
0.0724909 44.0762
0.0728543 44.1365
0.0727101 44.1813
0.0710452 44.2223
0.0734499 44.1365
0.0739669 43.9715
0.0764794 44.0723
0.077826 44.1872
0.0798403 44.0937
0.0858315 44.1384
0.0870934 43.8327
0.081138 44.0238
0.0849767 44.1462
0.088027 44.0238
0.0922965 43.9464
0.0951659 43.9986
0.103157 44.0451
0.105136 43.9715
0.10734 44.2478
0.105309 44.1287
0.107055 44.0238
0.106987 43.8078
0.106803 43.9309
0.115304 43.9078
0.117817 43.827
0.114867 43.7963
0.118293 43.7082
0.121516 43.7963
0.120664 43.7656
0.119136 43.9213
0.125549 43.9271
0.126102 43.8539
0.132422 43.9522
0.13159 43.7848
0.130005 43.611
0.129231 43.6796
0.127711 43.6224
0.126991 43.8731
0.135659 43.8059
0.126297 43.9097
0.124105 43.4631
0.123357 43.4877
0.121241 43.7426
0.120519 43.4367
0.127984 43.8673
0.127231 44.0296
0.127231 43.5825
0.127984 42.4881
0.127984 42.2155
0.128676 43.262
0.127924 43.6338
0.120422 43.8193
0.121118 43.8154
0.122543 43.6681
0.12329 43.7694
0.11882 43.7158
0.118222 43.8462
0.114483 43.7388
0.118975 43.7464
0.112261 43.712
0.11162 43.8116
0.110478 43.4858
0.103527 43.9387
0.104824 43.8635
0.101016 43.8193
0.104223 43.9348
0.102583 43.9676
0.0986996 43.691
0.0986996 43.8558
0.0973822 43.9155
0.0947499 43.8385
0.0937574 43.985
0.0912445 43.9252
0.0929503 44.0199
0.0908647 44.0878
0.0848407 44.2458
0.0826543 43.8308
0.0838959 44.2752
0.0870429 44.1696
0.0848123 44.1677
0.0822288 44.2302
0.0802015 44.2439
0.0827184 44.156
0.0806808 44.287
0.083214 44.3066
0.0837016 44.3341
0.0918637 44.236
0.0979773 43.9947
0.0971083 44.0626
0.107088 43.8231
0.106053 44.0296
0.104842 44.1989
0.111139 43.8693
0.112973 44.0276
0.11795 44.0373
0.119275 43.4103
0.121338 43.8174
0.120553 43.7503
0.117599 43.9522
0.116883 43.7618
0.121773 43.6548
0.113395 43.7178
0.118192 43.9696
0.12303 43.7963
0.122399 43.8135
0.129764 43.8789
0.129139 43.6491
0.126269 43.8251
0.125714 43.6853
0.11672 43.8462
0.117509 43.8654
0.125521 40.7365
0.123347 43.5768
0.122048 43.6815
0.119966 43.6376
0.11873 43.573
0.117117 43.5388
0.115946 43.7082
0.12094 43.7407
0.118156 43.7809
0.117379 43.7905
0.115854 43.5275
0.113641 43.7982
0.112211 43.5559
0.118381 43.5502
0.118098 43.6034
0.116667 43.7541
0.115741 43.8289
0.114871 43.5104
0.114054 43.5863
0.114583 43.5123
0.108922 41.9199
0.116943 43.7082
0.109424 42.5459
0.118827 43.9329
0.118842 43.9928
0.119536 43.9618
0.118886 44.0412
0.11196 44.0199
0.112653 44.1209
0.116953 44.0762
0.116101 43.8616
0.113494 44.0102
0.119976 44.0917
0.118255 44.1248
0.117142 44.1521
0.116007 43.8885
0.117297 44.1735
0.114189 43.9464
0.111572 43.8943
0.108333 43.2152
0.106257 43.956
0.106257 44.2321
0.101532 43.877
0.10076 44.0257
0.0979521 44.2204
0.0921883 44.1755
0.092687 44.1521
0.0861619 43.9155
0.0869197 44.3853
0.0855371 44.403
0.0871072 44.1755
0.0857522 44.1345
0.0877593 44.5177
0.090916 44.5553
0.0958325 44.4682
0.100412 44.5117
0.104572 44.4642
0.109504 44.3479
0.114644 44.3262
0.117589 44.4365
0.123032 44.1306
0.124956 44.2126
0.13338 44.1989
0.135085 44.2674
0.14259 43.8558
0.145686 44.2106
0.150007 44.1228
0.144665 44.0917
0.144665 44.2595
0.150007 44.2674
0.15493 44.1501
0.142323 44.1326
0.142248 44.3302
0.14319 43.9967
0.144144 44.1891
0.145112 44.0412
0.143177 44.3046
0.144144 43.7158
0.142248 44.3046
0.141355 44.1112
0.143305 44.0626
0.14245 44.2791
0.143446 44.238
0.143639 44.0005
0.144665 44.3007
0.141093 44.2321
0.139373 43.9425
0.136054 44.2008
0.136402 44.2909
0.136799 44.2713
0.137245 44.238
0.138277 44.0917
0.138792 44.3243
0.13986 44.1599
0.149464 44.0703
0.151818 44.1248
0.151323 44.2302
0.149217 44.0781
0.150013 44.2067
0.148059 44.1112
0.147423 43.9348
0.14966 44.195
0.149217 44.0937
0.156505 44.0567
0.154824 44.1209
0.154705 43.7618
0.165165 43.6853
0.165052 43.7273
0.175926 43.2152
0.174312 43.6567
0.172727 43.6738
0.171171 43.4405
0.179072 43.501
0.179072 43.3896
0.190349 43.4858
0.192049 43.5066
0.192049 43.0219
0.193779 43.0219
0.193779 43.4613
0.191968 43.5104
0.191968 43.2957
0.191968 43.4405
0.191968 43.6662
0.191968 43.6681
0.191919 43.3896
0.19368 43.3163
0.193713 43.5863
0.193713 43.3482
0.191968 42.8504
0.180685 41.8445
0.180761 42.6967
0.180761 43.4802
0.180868 43.4122
0.181005 43.5407
0.171744 43.4254
0.171946 43.6586
0.173898 43.7273
0.162037 43.6072
0.164011 43.1555
0.164361 43.1239
0.163025 42.7606
0.163413 43.6243
0.16383 43.6072
0.164277 43.2657
0.164755 43.247
0.165264 43.7158
0.165264 43.8577
0.165805 43.6395
0.168978 43.3689
0.170898 43.4934
0.174224 43.7598
0.17625 43.6891
0.178323 43.5844
0.180446 43.2451
0.172308 43.63
0.172308 43.651
0.175805 43.6262
0.175805 43.4461
0.177975 43.4537
0.177975 43.6167
0.181653 43.6186
0.181653 43.6605
0.185448 43.5085
0.187826 43.3482
0.187826 43.7407
0.181185 43.8443
0.183569 43.8289
0.173442 43.779
0.175786 43.7848
0.175786 43.8039
0.175786 43.8885
0.175786 43.852
0.179654 43.5996
0.179654 43.7235
0.183655 43.902
0.176813 42.9516
0.178286 43.8962
0.180833 43.3163
0.180833 43.8251
0.184996 43.8943
0.184996 43.9387
0.187716 43.9696
0.187716 43.9502
0.190518 44.0121
0.192133 44.1034
0.18648 43.8423
0.188088 43.4783
0.188088 43.9136
0.192642 43.8924
0.192642 43.902
0.180027 44.1053
0.184458 44.1911
0.186105 44.0296
0.187782 44.3282
0.184893 44.5018
0.186573 44.2537
0.191227 44.6309
0.183995 44.6768
0.19976 44.5494
0.201663 44.7207
0.203602 44.7888
0.205579 44.7387
0.20965 44.5971
0.196875 44.7467
0.200893 44.8109
0.214884 44.7928
0.213782 44.835
0.216032 44.6488
0.220678 44.7948
0.226562 44.7227
0.231597 44.7728
0.234199 44.4444
0.226293 44.7167
0.228924 44.8672
0.228924 44.7227
0.231618 44.831
0.231618 44.8893
0.21596 44.827
0.212637 44.9256
0.210195 44.7147
0.215199 44.9357
0.212758 44.8129
0.212758 45.039
0.212758 44.9984
0.215199 45.0349
0.215199 44.9438
0.204545 44.9035
0.209416 44.8009
0.203863 44.7628
0.199122 44.5971
0.201493 44.7668
0.201493 44.9317
0.216161 44.8471
0.211303 44.9014
0.208955 44.9256
0.216418 44.8451
0.214091 44.8451
0.209584 44.6548
0.207401 44.7928
0.205262 44.9539
0.203168 44.5951
0.201116 44.825
0.20012 44.613
0.198158 44.6887
0.211827 44.7367
0.204691 44.6209
0.20276 44.6887
0.203908 44.7748
0.200167 44.7067
0.201399 44.6608
0.199584 44.4939
0.199584 44.6947
0.197802 44.7107
0.183242 44.7507
0.183242 44.6927
0.183242 44.1911
0.183242 44.1774
0.18162 44.6907
0.18162 44.5295
0.18162 44.6947
0.18162 44.7467
0.18162 44.7087
0.18162 44.7247
0.18162 44.5931
0.18162 44.5831
0.18162 44.6927
0.180027 44.6947
0.180027 44.8109
0.180027 44.8471
0.175758 44.4385
0.175758 44.8209
0.174242 44.6927
0.171642 44.4761
0.170175 44.5295
0.168733 44.7007
0.16985 44.3479
0.168434 44.3991
0.168434 43.9831
0.167315 44.3636
0.167315 44.2909
0.167315 44.2341
0.16592 44.3813
0.16592 44.3046
0.162129 44.3833
0.159493 44.486
0.155914 44.3046
0.155914 44.2772
0.158207 44.3184
0.158207 44.5593
0.156941 44.4899
0.156941 44.2948
0.155696 44.2537
0.152231 44.2517
0.151042 44.4523
0.14773 44.3243
0.14773 43.8943
0.146593 44.3853
0.146593 44.1482
0.146593 44.3794
0.143425 44.4523
0.143425 44.3046
0.142339 44.3754
0.142339 44.2752
0.141269 44.5058
0.138267 44.0199
0.137243 44.0044
0.134367 44.3872
0.134367 44.4267
0.136234 44.236
0.128676 44.1774
0.128676 44.1073
0.127737 44.3833
0.127737 44.5752
0.126812 44.0354
0.126812 43.9059
0.125899 44.2321
0.125899 44.2635
0.126892 44.3754
0.127673 44.236
0.126761 44.3557
0.12202 42.1674
0.125862 42.9387
0.124289 43.5597
0.126961 44.4682
0.120567 44.4662
0.123755 43.6681
0.124655 44.2048
0.124655 44.4208
0.119334 44.4306
0.118494 44.3007
0.116955 44.2106
0.117421 43.8443
0.121503 44.3872
0.127952 44.4939
0.121503 44.2517
0.116608 44.0083
0.119754 43.9078
0.118929 44.3774
0.12123 44.1735
0.123513 43.7886
0.117311 44.0606
0.115247 43.9928
0.115247 44.4622
0.117311 44.4129
0.115899 44.5236
0.116942 44.4682
0.113302 44.3912
0.110271 43.877
0.118857 44.4642
0.11806 44.4425
0.11479 44.4662
0.114026 44.3518
0.111045 44.1872
0.115522 44.4247
0.114026 44.5474
0.116496 44.1482
0.114986 44.0975
0.116456 43.6853
0.12753 44.5732
0.11573 44.2106
0.114709 44.2165
0.120118 44.1189
0.113966 43.8558
0.122421 44.5157
0.118575 44.0684
0.120085 44.2263
0.119326 43.9812
0.115604 43.9715
0.122921 44.0684
0.123667 44.3439
0.119154 44.2282
0.122904 44.0937
0.121406 44.0025
0.12215 43.9696
0.120354 44.2693
0.118166 44.2223
0.118895 43.8327
0.117451 43.1481
0.118179 44.2968
0.120127 44.1969
0.121315 44.3951
0.118397 43.9831
0.124248 44.3321
0.123092 43.9445
0.127569 43.6891
0.128038 43.9136
0.124262 43.8212
0.128444 43.1388
0.12768 44.1404
0.128704 44.2321
0.135605 44.0025
0.134816 43.6262
0.13289 43.7771
0.132122 44.2282
0.132122 44.1131
0.130915 44.1073
0.141701 43.9676
0.134357 43.8001
0.137324 43.9001
0.134652 43.9406
0.139095 43.9734
0.133895 44.0859
0.13982 42.9646
0.137905 44.0102
0.137905 44.0199
0.134585 44.0626
0.134538 43.5332
0.141448 43.9271
0.141378 43.9676
0.149186 43.7675
0.139493 43.6148
0.139493 43.5806
0.13841 43.9155
0.145625 43.7618
0.146686 43.4461
0.142977 43.8673
0.146835 43.6357
