0.974999 46.9704
0.947676 45.3762
0.947676 45.2653
0.921098 35.402
0.877763 36.6421
0.860433 44.6229
0.791737 45.3885
0.886202 44.6788
0.886202 43.5464
0.886202 44.3675
0.930406 46.2043
0.974939 46.581
0.871921 47.4969
0.905703 47.1187
0.852878 47.4248
0.875899 47.1231
0.840607 46.9484
0.840607 47.1765
0.842795 47.2523
0.943178 47.6032
0.964352 47.576
0.964352 47.4608
0.950914 47.8515
0.950914 47.8538
0.871602 47.7852
0.843586 47.6735
0.834288 46.9903
0.824983 47.5172
0.803574 47.0876
0.823628 47.2769
0.878594 47.4181
0.883871 47.792
0.904985 47.9294
0.902683 47.7669
0.874166 47.8263
0.874166 48.1047
0.849483 47.7532
0.804633 47.5172
0.804633 47.3844
0.845759 47.9593
0.898754 47.7418
0.874513 47.8996
0.853174 48.1325
0.867621 47.9662
0.843568 47.7806
0.843568 48.0238
0.774516 47.7646
0.796084 47.6168
0.851437 47.7031
0.851437 47.6531
0.838823 47.0655
0.815917 47.5059
0.8702 47.4518
0.864403 47.3979
0.824982 47.9386
0.888024 47.8538
0.821269 47.8034
0.844758 47.335
0.811831 47.4969
0.765579 47.7555
0.895326 47.4226
0.869717 47.644
0.90091 47.7213
0.900229 47.4113
0.864322 44.4326
0.809433 46.6048
0.832795 47.2925
0.82285 47.4271
0.82285 45.4773
0.840919 47.5172
0.897784 48.0261
0.908699 47.7031
0.865625 47.2836
0.880103 47.9272
0.880103 48.0008
0.855176 47.7373
0.841917 47.9777
0.817816 47.9777
0.817816 48.1881
0.817816 47.7145
0.817816 47.719
0.817816 47.9157
0.831618 47.6985
0.831618 47.9455
0.831618 47.8538
0.855924 47.9593
0.855924 47.7783
0.845172 47.6576
0.845172 47.9363
0.834411 48.0885
0.877033 48.3723
0.864259 47.8927
0.864259 48.5201
0.850649 48.499
0.850649 47.7737
0.837038 48.1672
0.826403 47.8813
0.802489 48.7424
0.792 47.9203
0.792 48.3863
0.781766 47.4654
0.781766 48.0769
0.781766 47.7669
0.768829 47.5376
0.815754 48.3372
0.815754 47.9731
0.792 47.6781
0.835764 47.1698
0.768844 47.8675
0.792 48.2067
0.792 47.5647
0.792 47.7487
0.781497 47.8881
0.781497 47.7441
0.781497 48.5037
0.736114 48.1672
0.736114 48.3372
0.736114 48.2207
0.671393 48.2579
0.691139 47.7076
0.803313 48.2625
0.849635 48.1417
0.846089 48.821
0.853922 48.7163
0.815085 48.8186
0.815085 48.4754
0.815085 47.9317
0.80091 48.506
0.80091 47.4721
0.80091 45.9348
0.79021 47.1832
0.80091 48.5272
0.789708 48.0377
0.800902 47.824
0.789361 47.8744
0.777802 47.7259
0.777802 48.04
0.766225 48.5649
0.766225 48.3372
0.704442 48.4778
0.726354 48.714
0.726354 47.7669
0.704442 48.6831
0.704442 47.735
0.704442 46.5723
0.672974 48.3699
0.731505 48.0515
0.718325 48.3302
0.707416 46.2577
0.694436 47.934
0.658694 47.8629
0.773538 48.0423
0.646382 47.524
0.666905 47.9272
0.750831 48.2952
0.797459 47.8423
0.807834 48.1024
0.767725 48.1487
0.767725 48.4567
0.742717 48.9093
0.699763 48.998
0.699763 48.23
0.699763 48.5366
0.713092 48.1672
0.672956 48.1672
0.79549 48.4754
0.793335 48.1394
0.801602 48.6642
0.775006 49.1111
0.741237 48.3115
0.716995 48.2928
0.716995 48.144
0.656051 48.3395
0.677419 48.3723
0.677419 48.5743
0.777581 48.8186
0.765104 48.1556
0.786352 48.7163
0.797371 48.3793
0.768478 48.3559
0.756959 48.6689
0.756959 48.4496
0.701041 48.7876
0.71091 48.6523
0.747379 48.391
0.782134 48.8043
0.755474 48.2486
0.727743 48.5625
0.727743 48.3582
0.727743 47.1276
0.727743 48.6239
0.682759 48.4825
0.768116 43.9367
0.652907 48.1904
0.755396 47.3821
0.780084 48.5602
0.77636 48.2742
0.723371 48.539
0.690531 48.3582
0.658649 48.5201
0.681017 48.2532
0.658649 48.4402
0.658649 48.7924
0.702128 48.5696
0.678322 48.4801
0.65235 48.3653
0.748397 48.3279
0.591913 49.0773
0.750212 48.7448
0.748148 48.4402
0.722628 48.4262
0.694842 48.4355
0.694842 48.3816
0.694842 48.4825
0.756874 48.2625
0.743409 48.8138
0.756874 49.0966
0.647632 49.099
0.694842 48.5696
0.754981 48.8353
0.714286 47.9501
0.725191 48.5767
0.777264 48.8735
0.659259 49.2659
0.639467 49.3316
0.662836 48.7448
0.686882 48.4684
0.736434 48.4426
0.709924 49.1763
0.709924 49.099
0.709924 48.5013
0.709924 48.5531
0.695978 48.1325
0.695978 48.2602
0.695978 48.4872
0.721747 48.4872
0.76 48.8926
0.695978 48.5508
0.756395 48.5838
0.702184 48.821
0.702184 48.5107
0.657696 48.8138
0.758319 48.8162
0.717616 48.5413
0.717616 48.752
0.657696 49.0076
0.717616 48.7995
0.657696 48.4872
0.717616 48.5272
0.634076 48.7211
0.717616 48.7329
0.74526 48.7377
0.641613 48.7805
0.691512 48.8735
0.731236 48.2695
0.688036 49.0846
0.700787 47.4631
0.685039 48.0123
0.685039 47.9962
0.674419 48.2532
0.674419 48.6736
0.623604 48.4355
0.647782 48.7948
0.632891 48.398
0.752066 48.5791
0.723577 48.5555
0.723577 48.5531
0.723577 48.6618
0.681462 48.572
0.681462 48.8162
0.681462 48.0492
0.681462 48.2719
0.643809 47.934
0.668503 48.3442
0.643809 48.2602
0.643809 48.6736
0.611814 48.4614
0.735849 48.7353
0.762712 48.7377
0.747899 48.4966
0.719008 48.4825
0.719008 48.1858
0.719008 48.9237
0.676556 48.8496
0.676556 48.8568
0.64173 48.3793
0.627899 48.7163
0.627899 48.4684
0.627899 48.5248
0.606749 48.8138
0.63002 49.2344
0.63002 48.8687
0.615537 49.1787
0.615537 49.1111
0.615537 48.7448
0.602042 49.2781
0.727152 49.0677
0.739767 48.5413
0.722761 49.0846
0.722761 48.6784
0.722761 48.4754
0.721739 48.6027
0.721739 48.7496
0.721739 48.7662
0.671324 48.7258
0.671324 48.8759
0.671324 48.8353
0.65667 48.5555
0.65667 48.6997
0.65667 48.8663
0.630864 48.895
0.630864 45.6017
0.598351 48.5979
0.622319 49.01
0.622319 48.6216
0.622319 48.8878
0.607323 48.6169
0.607323 48.7377
0.750406 48.6027
0.767205 48.8663
0.75121 48.4473
0.75121 48.0677
0.75121 48.8138
0.75121 48.7045
0.75121 49.186
0.736842 49.0148
0.736842 48.8043
0.694823 49.2902
0.722761 49.3632
0.722761 49.2902
0.722761 49.613
0.626519 49.5025
0.626519 48.8806
0.626519 48.7496
0.640846 49.0461
0.640846 49.0822
0.640846 48.6784
0.61105 48.8687
0.61105 48.7258
0.715909 49.0725
0.717964 49.9725
0.717964 49.8455
0.717964 49.8331
0.763445 49.7315
0.746624 49.5835
0.746624 49.4927
0.699115 49.7934
0.699115 49.5884
0.699115 49.7884
0.699115 49.4462
0.699115 49.7067
0.699115 49.6968
0.669565 49.8231
0.669565 49.7587
0.669565 49.6155
0.655088 49.4805
0.606773 49.0364
0.633199 48.8329
0.746624 49.1642
0.744793 48.8615
0.761279 49.5983
0.761279 49.5368
0.777729 49.5197
0.777729 49.8728
0.761279 49.5099
0.761279 49.3803
0.761279 49.4707
0.684515 49.5197
0.684515 49.2029
0.684515 49.4022
0.684515 49.1014
0.684515 48.4825
0.778324 47.7646
0.712503 48.6358
0.712503 47.6168
0.712503 48.8568
0.72827 49.1666
0.72827 49.4169
0.79096 49.527
0.641026 48.6192
0.669565 46.6657
0.72827 48.6547
0.715007 49.0605
0.715007 48.9285
0.606773 46.0999
0.603217 48.7045
0.743119 48.9093
0.709833 48.8782
0.67549 49.2878
0.786648 49.1811
0.615688 48.6287
0.786648 49.3194
0.750873 49.8554
0.645045 49.7438
0.750873 49.6968
0.750873 49.3998
0.750873 49.5148
0.750873 49.4584
0.750873 49.2126
0.750873 49.7191
0.734266 48.9716
0.734266 49.39
0.734266 49.8206
0.70096 49.5172
0.70096 49.5761
0.70096 49.215
0.70096 49.3754
0.70096 49.8405
0.70096 50.0375
0.685368 49.6968
0.685368 49.6993
0.685368 49.5909
0.685368 49.4951
0.685368 49.1304
0.685368 49.7043
0.685368 49.7587
0.685368 49.8033
0.685368 49.6722
0.685368 49.5491
0.685368 49.5835
0.685368 49.4267
0.70096 49.8753
0.70096 49.6894
0.70096 49.4878
0.685368 49.7686
0.685368 49.3876
0.685368 49.4707
0.70096 49.5638
0.70096 49.7711
0.70096 49.7587
0.66659 49.7611
0.66659 49.4633
0.66659 49.7265
0.651376 49.3583
0.651376 49.682
0.651376 47.4518
0.651376 47.6826
0.651376 47.8492
0.651376 49.0605
0.651376 49.0004
0.651376 49.186
0.651376 49.4438
0.761421 49.5983
0.726368 49.334
0.774947 48.8615
0.660287 49.0509
0.726368 49.1594
0.774947 48.6216
0.774947 47.4631
0.774947 48.5578
0.774947 48.7734
0.774947 48.7187
0.774947 49.1618
0.756175 49.2514
0.735458 49.0316
0.717172 49.2126
0.717172 49.1787
0.700234 48.8615
0.700234 49.0412
0.700234 48.9812
0.700234 49.099
0.700234 49.1908
0.700234 48.9404
0.700234 49.4096
0.700234 49.0004
0.657143 48.9069
0.638095 49.8033
0.638095 49.8679
0.638095 49.6648
0.653659 49.8132
0.653659 49.7884
0.789474 49.5221
0.735458 49.2732
0.735458 48.8091
0.735458 49.3024
0.729955 49.351
0.631068 49.1473
0.729955 49.0316
0.714831 49.1884
0.714831 49.1087
0.714831 49.5172
0.729955 49.5368
0.729955 49.4486
0.729955 49.1884
0.714831 49.2635
0.714831 49.186
0.714831 49.2611
0.69697 49.4486
0.69697 49.0653
0.69697 48.8711
0.714831 49.2441
0.714831 49.3778
0.714831 48.9237
0.714831 49.232
0.714831 49.157
0.714831 49.3827
0.646752 49.2174
0.646752 48.8329
0.765957 49.2999
0.646752 48.9836
0.765957 49.1763
0.747368 48.9908
0.729955 49.0822
0.729955 48.2067
0.729955 46.6919
0.729955 48.4051
0.729955 46.2321
0.729955 47.7737
0.708797 47.3126
0.708797 48.5107
0.708797 48.8591
0.690722 49.14
0.690722 46.0214
0.690722 46.7924
0.690722 46.9241
0.690722 48.3536
0.690722 48.8138
0.690722 48.8472
0.690722 48.6736
0.690722 48.8496
0.672616 48.8782
0.72476 48.6121
0.688235 48.6098
0.688235 48.7829
0.688235 49.3413
0.688235 49.3291
0.688235 47.9524
0.688235 48.7187
0.688235 49.6968
0.667059 49.4389
0.667059 49.4682
0.667059 49.4951
0.684582 49.4291
0.684582 49.1666
0.684582 49.2223
0.778064 49.0942
0.653226 50.0175
0.778064 49.4218
0.653226 50.0902
0.778064 49.4413
0.778064 50.0902
0.775056 49.7141
0.775056 50.0626
0.775056 49.7463
0.775056 50.0551
0.775056 49.6155
0.775056 50.226
0.754839 50.1706
0.754839 50.2816
0.754839 49.1497
0.754839 49.7364
0.754839 50.0851
0.754839 50.1655
0.731613 49.97
0.731613 49.99
0.731613 49.5516
0.731613 49.8107
0.731613 49.9127
0.731613 49.7686
0.711979 49.9875
0.711979 49.8355
0.711979 49.7711
0.692308 49.169
0.692308 50.1454
0.692308 50.0125
0.655914 50.1681
0.611799 50.0826
0.75 49.3949
0.59174 50.0701
0.727273 49.0581
0.707865 50.1153
0.728444 49.5663
0.76749 49.128
0.652037 50.1454
0.749235 50.1706
0.708596 49.7339
0.708596 49.687
0.685363 50.1681
0.685363 50.2538
0.685363 49.8753
0.703777 50.2109
0.703777 50.317
0.703777 49.95
0.685363 50.1102
0.685363 50.1178
0.685363 50.2715
0.685363 50.2185
0.685363 50.1781
0.685363 50.2311
0.685363 50.3145
0.685363 50.1731
0.685363 50.279
0.685363 50.477
0.685363 50.2235
0.685363 50.1329
0.685363 50.226
0.685363 50.1756
0.685363 50.1555
0.685363 50.2412
0.685363 50.226
0.685363 49.9176
0.666888 50.3094
0.666888 49.8703
0.666888 50.3601
0.685363 50.5178
0.685363 50.1681
0.685363 49.96
0.685363 50.1832
0.685363 49.5148
0.685363 49.8157
0.685363 50.2386
0.685363 50.025
0.685363 50.221
0.666888 50.3297
0.666888 49.724
0.666888 49.7512
0.685363 50.04
0.685363 49.9525
0.666888 49.6032
0.666888 48.5814
0.648352 50.1756
0.666888 49.4805
0.666888 49.3827
0.685363 49.0966
0.685363 50.0726
0.666888 50.2033
0.666888 50.1706
0.666888 50.3981
0.685363 50.1681
0.721271 50.1203
0.721271 48.3606
0.718996 50.4515
0.718996 50.3373
0.718996 50.2109
0.718996 50.1052
0.607932 50.2109
0.718996 49.9675
0.638898 50.3956
0.73951 50.0526
0.621676 50.5153
0.659184 49.1159
0.640449 49.8256
0.659184 49.8753
0.694624 49.98
0.714286 49.4169
0.694624 50.0801
0.694624 50.045
0.674919 50.2311
0.694624 50.1379
0.754703 50.158
0.776608 50.3702
0.710932 49.8504
0.685987 50.3931
0.666544 50.3601
0.666544 50.1178
0.666544 50.158
0.666544 50.1907
0.666544 49.5638
0.710932 47.3619
0.710932 49.1425
0.710932 49.4535
0.710932 49.5466
0.710932 49.3705
0.615858 50.2033
0.599178 49.975
0.599178 50.0877
0.599178 49.955
0.636172 49.955
0.650771 50.0877
0.650771 50.1706
0.710932 49.9027
0.710932 50.153
0.710932 50.3094
0.690782 49.8206
0.690782 50.3626
0.690782 50.3449
0.666544 50.1681
0.666544 50.3854
0.666544 50.3804
0.707941 50.02
0.707941 50.4643
0.704268 49.975
0.704268 50.4058
0.679116 50.1781
0.679116 50.4745
0.704268 49.9401
0.704268 50.597
0.704268 50.477
0.658537 50.4745
0.658537 50.3423
0.682927 50.0325
0.683101 50.3651
0.707941 50.3651
0.707941 50.3373
0.707941 49.478
0.707941 50.7563
0.707941 50.7975
0.707941 51.0048
0.707941 50.7898
0.707941 50.7563
0.707941 50.7949
0.707941 50.6945
0.627106 51.1065
0.627106 50.8285
0.627106 48.3559
0.627106 49.022
0.627106 49.3121
0.627106 50.1429
0.627106 50.7872
0.690782 50.674
0.690782 50.7795
0.690782 50.844
0.707941 50.7048
0.707941 50.3474
0.707941 50.4337
0.704268 50.3449
0.704268 50.449
0.729421 50.388
0.729421 50.3474
0.690782 50.4236
0.674919 50.4872
0.655172 50.1379
0.655172 50.1052
0.655172 50.279
0.655172 50.3347
0.670588 50.3677
0.670588 49.7785
0.670588 50.01
0.670588 50.3119
0.670588 50.2235
0.670588 49.7315
0.670588 49.8629
0.670588 49.8977
0.670588 48.4215
0.670588 48.3582
0.670588 47.335
0.670588 46.9506
0.670588 48.9237
0.670588 49.5663
0.670588 49.8331
0.670588 49.8182
0.670588 49.5197
0.686747 49.65
0.686747 50.1756
0.686747 50.3601
0.74449 50.0425
0.70008 50.317
0.70008 50.4159
0.70008 50.5894
0.70008 50.528
0 50.4363
