0.758242 41.4628
0.758242 23.1412
0.708419 35.9712
0.66474 40.3177
0.714286 38.7928
0.671642 39.1865
0.626134 39.44
0.714286 39.2372
0.714286 39.3577
0.744681 39.1267
0.671642 41.0122
0.746667 40.8714
0.746667 41.0576
0.623003 41.0307
0.623003 40.7067
0.62986 40.8247
0.746667 40.7017
0.753247 40.9366
0.753247 40.6108
0.666667 40.7614
0.753247 40.7764
0.666667 40.7947
0.701299 40.4334
0.701299 40.7133
0.753247 40.8881
0.798165 40.8747
0.726496 40.7498
0.759494 40.4269
0.679758 40.6355
0.588785 40.7963
0.579618 40.7814
0.693333 40.5121
0.576923 39.7156
0.623003 39.6762
0.585023 40.662
0.145355 40.8447
0.263694 40.6306
0.126354 40.7315
0.223922 40.5006
0.214381 40.7598
0.237449 40
0.21875 40.5203
0.131129 39.9856
0.143474 40.5219
0.152 39.9872
0.148603 40.3633
0.179543 40.4727
0.135246 40.5285
0.0820312 40.5236
0.0892532 40.5712
0.0892532 40.4973
0.0118443 40.5318
0 40.2901
0.817444 45.1896
0.684211 42.7661
0.684211 44.6209
0.608319 44.7087
0.521545 44.6828
0.582689 44.5157
0.470681 44.5851
0.687273 44.5653
0.717791 44.6788
0.717791 44.6927
0.717791 44.2458
0.717791 44.3892
0.52014 44.603
0.646655 44.5315
0.473997 45.0349
0.646655 45.1121
0.55286 45.2141
0.8159 44.8069
0.614414 44.5097
0.649485 44.9337
0.427338 45.2161
0.649485 45.0796
0.52014 45.0065
0.717791 44.4563
0.667351 45.253
0.71308 45.0288
0.616495 45.1019
0.680934 45.1814
0.728 45.0593
0.7 45.0674
0.724907 44.7808
0.825095 44.9216
0.773512 44.9135
0.818898 44.9055
0.722222 44.9135
0.684211 45.1447
0.722222 44.2811
0.615385 45.2161
0.818898 44.958
0.722222 45.0979
0.684211 44.9216
0.693291 45.1488
0.693291 45.0633
0.62536 45.1998
0.658824 45.1488
0.735593 45.2039
0.656958 45.0796
0.687273 45.0491
0.777778 44.9135
0.656958 45.1121
0.585139 45.108
0.620795 45.1712
0.693291 45.0918
0.655589 45.0857
0.723519 45.1141
0.8159 45.0958
0.652174 44.833
0.764706 44.9883
0.614414 45.0938
0.777778 44.8773
0.684211 44.9661
0.818898 45.0897
0.818898 44.958
0.726397 44.9256
0.52014 45.1998
0.717791 43.5996
0.608319 44.5117
0.475358 44.6409
0.521545 45.0633
0.562327 45.1957
0.622222 45.0857
0.535885 44.4879
0.622222 44.6249
0.595308 45.2468
0.619672 44.6528
0.697595 45.0207
0.658537 44.9357
0.7 45.0836
0.569177 44.9357
0.72973 45.1243
0.55268 45.0694
0.411382 45.0653
0.692833 45.0755
0.499268 45.0857
0.52381 44.8069
0.691358 45.0146
0.655589 45.2243
0.691358 44.3243
0.691358 44.603
0.58153 45.0146
0.613394 45.2919
0.620795 44.4879
0.582689 45.0674
0.735593 44.0587
0.619672 44.6987
0.697595 44.8712
0.585139 44.9156
0.595308 44.7087
0.62536 45.0653
0.595308 44.7848
0.588321 45.104
0.442623 45.0126
0.663609 45.0086
0.582689 44.9883
0.620795 44.7107
0.732026 44.7848
0.582689 44.5534
0.648953 44.8813
0.656958 45.2345
0.645963 45.1773
0.620795 45.108
0.656958 44.8954
0.595308 45.1264
0.632399 44.7968
0.588321 44.9317
0.582689 44.4682
0.613394 45.039
0.620795 45.0796
0.656958 45.0248
0.648953 44.9479
0.595308 44.9035
0.555862 44.7567
0.513924 44.827
0.513924 45.0897
0.538462 44.9883
0.538462 44.8531
0.438515 45.0268
0.562327 44.8089
0.562327 44.7608
0.530239 44.617
0.452482 44.8974
0.617021 44.9519
0.521545 45.1875
0.562327 45.2039
0.532808 45.0572
0.62536 45.0979
0.548589 44.9014
0.658537 44.9903
0.595308 44.1189
0.62536 44.839
0.535885 44.9984
0.486811 44.9438
0.526797 44.835
0.562327 45.0248
0.562327 45.1692
0.59893 44.8793
0.513924 44.8149
0.513924 44.609
0.591281 44.7487
0.591281 45.1896
0.588406 44.2733
0.620795 45.0491
0.615635 44.7087
0.692833 44.601
0.655589 44.7748
0.691358 45.0187
0.655589 44.9337
0.532808 44.7908
0.532808 44.7968
0.562327 44.9398
0.62536 44.9337
0.595308 45.1794
0.595308 45.0755
0.62536 44.8773
0.62536 45.1345
0.62536 44.9944
0.462103 45.0918
0.513924 43.7733
0.562327 44.9479
0.532394 44.1287
0.656958 44.7808
0.532394 45.0958
0.562327 45.0329
0.513924 44.6528
0.569554 44.4919
0.658824 44.6409
0.62536 44.48
0.595308 44.1911
0.582689 44.5772
0.619672 43.4329
0.582689 44.4741
0.591281 44.486
0.560724 43.8462
0.589474 44.285
0.532808 44.1989
0.591281 44.4701
0.532808 43.4707
0.589474 44.5414
0.560724 44.3027
0.589474 43.651
0.538462 44.2008
0.538462 44.1501
0.538462 44.0373
0.532808 44.4484
0.591281 42.9277
0.532808 44.2791
0.462103 43.0496
0.513924 44.6389
0.562327 44.6648
0.595308 44.3203
0.656958 44.5395
0.620795 43.4858
0.620795 44.6967
0.655589 44.4129
0.654971 44.5315
0.560724 44.7608
0.56 43.8366
0.560724 44.4603
0.691358 43.4745
0.693291 44.7628
0.562327 44.7588
0.562327 43.5161
0.462103 44.6389
0.538462 43.7598
0.591281 44.5752
0.560724 44.3931
0.532808 44.5018
0.591281 44.605
0.562327 43.9947
0.62536 44.482
0.591281 43.2638
0.591281 44.4642
0.693291 44.5276
0.693291 43.9734
0.825095 44.7067
0.551977 43.4934
0.569554 44.1794
0.448124 44.2223
0.565657 44.0102
0.565657 42.9185
0.591281 43.1779
0.486811 44.5613
0.510588 43.204
0.468682 44.6668
0.510588 43.5388
0.486811 44.5276
0.591281 44.6349
0.560724 44.1872
0.533333 44.3459
0.509091 43.9638
0.46281 44.7487
0.484848 44.5157
0.444444 44.6528
0.484848 44.1384
0.509091 44.6209
0.56 44.7788
0.589474 44.7047
0.562327 44.6828
0.532394 44.4089
0.595308 44.0257
0.504 44.7507
0.504 44.6389
0.504 44.8229
0.591281 44.7127
0.532808 44.6828
0.478481 44.8893
0.510588 44.8129
0.535885 44.5692
0.535885 44.5038
0.589474 43.8327
0.560724 44.4781
0.510588 44.6947
0.486811 44.6828
0.494305 44.7567
0.494305 44.827
0.535885 44.835
0.535885 44.7708
0.535885 44.6568
0.535885 44.8009
0.510588 44.5613
0.462415 44.831
0.468682 44.4464
0.491228 44.4899
0.466667 44.7307
0.466667 44.8129
0.444444 44.8471
0.509091 44.7407
0.509091 44.6269
0.560724 44.3695
0.589474 44.7567
0.510588 44.2615
0.535885 44.9075
0.510588 44.8934
0.56 44.7547
0.56 44.8692
0.56 44.5851
0.591281 44.605
0.553191 44.4721
0.581006 44.839
0.589474 44.7187
0.591281 44.8049
0.532808 44.7888
0.510588 44.605
0.510588 44.7287
0.535885 44.1326
0.560724 44.8632
0.560724 44.3813
0.560724 44.5891
0.622222 44.6788
0.622222 44.7467
0.591281 44.8229
0.591281 44.7688
0.622222 44.7127
0.56 44.6508
0.484848 44.8672
0.444444 44.7387
0.444444 44.8491
0.444444 44.7748
0.444444 44.7407
0.509091 44.7287
0.506234 44.6249
0.58153 44.6887
0.560724 44.5494
0.560724 44.607
0.509091 44.7187
0.485459 44.7247
0.482185 44.7788
0.56 44.4919
0.56 44.4227
0.535885 44.5831
0.510588 44.4405
0.509091 43.8443
0.533333 44.482
0.509091 43.63
0.533333 44.7087
0.533333 44.8029
0.53317 44.8049
0.560724 44.601
0.535885 44.5772
0.538462 44.5851
0.462415 44.3203
0.560724 44.7708
0.56 44.5434
0.53317 44.4464
0.56 44.4642
0.53317 44.8049
0.53317 44.5772
0.533333 44.5971
0.533333 44.9115
0.484848 44.8994
0.424242 44.4899
0.391608 44.4583
0.424242 44.5613
0.484848 44.3597
0.533333 44.7527
0.462687 44.7327
0.484848 44.8471
0.444444 44.5712
0.444444 44.6708
0.410256 44.8451
0.410256 44.7768
0.410256 44.8451
0.444444 44.6369
0.444444 44.7507
0.444444 44.6668
0.485459 44.8692
0.440347 44.829
0.509091 44.619
0.485459 44.5276
0.485459 44.3243
0.462687 44.8089
0.386667 44.603
0.424242 44.4129
0.484848 44.3125
0.484848 44.7808
0.476923 44.7588
0.560724 44.5553
0.526462 44.7087
0.554252 44.4583
0.655589 43.8154
0.621777 44.7027
0.622222 44.4326
0.56 44.1852
0.506234 44.5355
0.417219 44.5395
0.374732 44.7628
0.384929 44.0859
0.468682 44.605
0.535885 44.3223
0.535885 44.6488
0.560724 44.7708
0.510588 44.5157
0.462415 44.7347
0.425577 44.7928
0.466667 44.6369
0.40519 42.9609
0.424658 44.6987
0.424658 44.7888
0.444444 44.4168
0.444444 44.6229
0.386667 44.4346
0.40519 44.7407
0.445585 44.5018
0.444444 43.6834
0.410256 44.6209
0.391608 44.7728
0.374784 44.486
0.424242 44.825
0.405607 44.611
0.424242 44.5991
0.424658 44.829
0.444444 44.7327
0.424658 43.7292
0.444444 44.617
0.424658 44.6887
0.405607 44.6588
0.405607 44.7708
0.405797 44.7768
0.405797 44.7888
0.405797 44.3145
0.405797 44.7287
0.441955 44.4781
0.484848 44.3734
0.53317 44.6449
