0.963619 46.0109
0.895575 43.2021
0.88904 32.963
0.936379 38.9772
0.936379 44.0626
0.936379 44.4148
0.936379 44.3321
0.936379 44.6429
0.895575 44.6668
0.936379 44.34
0.936379 44.5991
0.936379 44.7688
0.941866 44.7688
0.922566 44.7187
0.813421 44.6808
0.916549 44.613
0.937037 44.7147
0.904019 44.4089
0.908598 42.8872
0.886439 43.875
0.820507 44.0567
0.835402 44.2929
0.881027 44.4444
0.857694 44.619
0.835072 44.1384
0.82835 44.5018
0.833623 44.3656
0.822203 44.1872
0.821908 44.4069
0.810907 44.5971
0.821908 44.6289
0.857951 44.7688
0.857807 44.3302
0.922215 44.4543
0.949009 44.601
0.905066 44.2576
0.906438 44.4781
0.867415 44.3656
0.844981 44.3656
0.857024 44.5355
0.887763 44.7207
0.90068 44.6768
0.90068 44.7868
0.901439 44.8129
0.901439 44.8069
0.901439 44.401
0.901908 44.2654
0.8463 44.0548
0.8463 44.613
0.864698 44.5038
0.864698 44.5891
0.858293 44.6528
0.885382 45.0552
0.861279 45.3022
0.893696 45.3679
0.842233 45.1345
0.90846 45.159
0.893629 45.1692
0.845783 45.1998
0.845783 45.212
0.818182 45.2612
0.771269 45.2878
0.815647 45.255
0.838255 44.9822
0.881357 45.2571
0.906116 44.9863
0.933123 45.2919
0.882353 45.3001
0.895522 43.5066
0.874696 43.5066
0.823529 45.3124
0.805627 45.335
0.805627 45.4318
0.805627 45.2981
0.839924 45.2489
0.858293 44.9438
0.877646 45.0146
0.885618 45.4194
0.885618 44.9802
0.841327 45.1345
0.841327 45.3556
0.857143 45.4731
0.803545 44.958
0.835207 44.5951
0.847726 44.839
0.813333 44.5573
0.826042 45.2182
0.813333 45.2612
0.831818 45.4339
0.867769 45.3309
0.867769 45.4298
0.780598 45.2243
0.84193 45.3659
0.84193 45.4298
0.867224 45.2571
0.838266 45.4153
0.879423 45.4876
0.848052 45.4483
0.789911 44.9236
0.7742 45.5228
0.80644 45.3803
0.8553 45.1284
0.863896 45.1998
0.863896 44.8994
0.851163 45.1488
0.851163 45.2407
0.838266 45.161
0.838266 45.1406
0.83118 45.2284
0.857273 45.3721
0.892348 45.2878
0.838482 45.469
0.845244 45.5166
0.844815 45.5726
0.841639 45.3083
0.848405 45.3741
0.874806 45.5768
0.896932 45.5705
0.819304 45.4256
0.861079 45.635
0.882695 45.4959
0.882858 45.4918
0.882858 42.9812
0.861237 44.6429
0.910931 43.2358
0.910931 45.5602
0.792208 45.5913
0.890625 45.3309
0.802198 45.6204
0.814126 45.2161
0.882353 45.5311
0.896414 45.5913
0.809886 45.0674
0.832327 45.4463
0.847908 45.6955
0.875086 45.2141
0.86199 45.7247
0.824117 45.5996
0.800719 45.7373
0.888977 45.5913
0.897222 45.6704
0.896932 45.6329
0.882695 45.4339
0.817835 45.4071
0.851587 45.7247
0.865365 45.6142
0.796736 45.4856
0.850851 45.5456
0.887327 45.635
0.858645 45.8358
0.901815 45.6454
0.848488 45.403
0.86247 45.5519
0.86982 45.3556
0.88407 45.5539
0.892501 45.5955
0.941307 45.5996
0.856133 45.8253
0.858645 45.6392
0.887327 45.7896
0.91055 45.583
0.812424 45.6809
0.815926 45.5768
0.926072 45.7185
0.926072 45.4938
0.911322 45.6454
0.829907 45.6704
0.776484 45.6288
0.842816 45.1855
0.849804 45.7373
0.891818 45.798
0.890681 45.6913
0.906108 45.6121
0.862716 45.4174
0.884136 45.4835
0.794915 45.6121
0.847368 45.6642
0.824615 45.8652
0.789931 45.7226
0.772516 45.5809
0.833447 45.5
0.836397 45.5166
0.849277 45.3865
0.898961 45.7457
0.899023 45.5394
0.860465 45.6934
0.889503 45.3968
0.855839 45.6558
0.855713 45.7498
0.817193 45.6934
0.805479 45.5934
0.737456 45.6955
0.815662 45.6496
0.78741 45.403
0.78741 45.9327
0.764274 45.4215
0.757556 45.2223
0.857658 45.3823
0.83452 45.8043
0.823902 45.4773
0.766524 45.5083
0.754597 45.683
0.824299 45.6371
0.797996 45.7268
0.876264 45.6371
0.889237 45.7938
0.858921 45.5809
0.855839 44.5991
0.864516 45.61
0.849277 45.8547
0.848325 45.4607
0.880329 45.6997
0.774718 45.7666
0.911043 45.608
0.809337 45.6704
0.80026 45.5249
0.78741 45.6538
0.871387 45.4959
0.789474 45.6538
0.810134 45.5664
0.799718 45.2776
0.885023 45.7143
0.839793 45.7352
0.795879 45.7792
0.809337 45.6017
0.769554 45.7226
0.761796 45.6184
0.774429 45.3844
0.852792 45.4339
0.750208 45.6788
0.88434 45.4587
0.839793 45.6871
0.920918 45.7394
0.911894 44.486
0.862661 44.7888
0.847901 44.4978
0.8159 44.7768
0.869278 44.4741
0.784418 44.7527
0.893783 44.6369
0.77363 44.6728
0.909211 44.7367
0.816652 44.5911
0.833708 44.7047
0.807979 44.6668
0.778466 44.7027
0.839399 44.5216
0.86336 44.7748
0.789285 44.6688
0.815783 43.6548
0.853779 44.7708
0.868414 45.8589
0.819789 45.8779
0.877948 45.5104
0.84457 45.8463
0.830321 45.8232
0.838967 45.8169
0.83963 45.9158
0.83963 45.7666
0.853779 45.7666
0.853779 46.0384
0.878602 45.4545
0.867498 45.8253
0.851871 45.8484
0.881438 45.9855
0.881438 45.88
0.890203 45.8526
0.863447 46.0024
0.847805 45.1651
0.873849 45.6767
0.873849 45.9791
0.747957 46.2065
0.781703 45.8884
0.777018 46.0851
0.844365 45.4794
0.885504 45.7875
0.827027 45.9876
0.826477 45.8295
0.826477 45.901
0.849782 45.8758
0.834802 45.9517
0.859031 45.84
0.844156 45.8463
0.726365 45.9517
0.75803 45.8358
0.815783 45.8505
0.83963 45.9432
0.903792 45.8631
0.904343 45.9749
0.885513 45.8547
0.860174 45.5892
0.859781 45.7938
0.849326 45.9622
0.825328 45.7373
0.825328 45.9918
0.890411 45.9876
0.890411 45.8884
0.874439 46.0236
0.868421 45.7101
0.853448 45.8463
0.869394 45.3206
0.845907 45.6184
0.834697 45.6997
0.90116 45.8085
0.883382 45.8652
0.850038 45.6204
0.85 46.2749
0.820342 45.9834
0.806373 45.8968
0.797468 45.9728
0.844156 46.0024
0.834762 45.9538
0.825328 45.9095
0.831737 46.0087
0.82448 45.9601
0.820628 45.9876
0.828937 45.8421
0.825968 45.9517
0.890274 45.3289
0.874762 45.775
0.834762 45.861
0.834762 45.9834
0.763512 46.0554
0.763512 45.685
0.824106 45.9031
0.825968 46.0024
0.825232 45.9095
0.802614 45.5456
0.802614 44.018
0.767406 44.964
0.767406 46.0003
0.839778 45.9306
0.839778 45.7143
0.839778 46.0109
0.880033 45.7624
0.880033 45.9939
0.906977 45.9158
0.906977 45.9158
0.907278 45.161
0.857705 45.4442
0.865296 45.436
0.890462 45.498
0.865939 45.5519
0.820175 45.6955
0.799145 45.7792
0.858236 45.683
0.906977 45.8737
0.868267 45.8758
0.852498 45.7331
0.828648 45.977
0.843775 46.0723
0.843775 45.7457
0.870968 45.7959
0.870968 46.0087
0.879718 45.861
0.896234 45.9095
0.905765 46.0957
0.905765 45.819
0.933722 45.9179
0.933722 45.5892
0.906347 45.7687
0.906347 45.6017
0.863447 45.8001
0.890274 45.4133
0.880033 45.5166
0.906977 46.0745
0.906977 45.7624
0.847534 45.8064
0.847534 45.8148
0.879718 45.7394
0.916515 45.775
0.934066 45.9918
0.933962 45.8001
0.890476 45.8001
0.865741 46.0172
0.882075 45.9664
0.854701 46.0893
0.855292 46.1446
0.854701 46.0109
0.838983 45.7185
0.838574 46.0172
0.854701 45.9242
0.854701 46.0808
0.855292 45.88
0.855292 45.8674
0.879511 45.9707
0.879511 45.8169
0.879511 45.8652
0.854701 45.9855
0.854701 46.0829
0.854701 45.8148
0.838574 46.0851
0.838574 45.7436
0.838574 46.013
0.823285 46.0278
0.823285 45.6871
0.823285 46.066
0.838574 46.1212
0.838574 45.9053
0.838574 46.1191
0.862534 46.0469
0.862534 45.6976
0.823045 43.4764
0.808081 45.108
0.772201 45.6496
0.786241 45.5063
0.823045 45.84
0.857254 45.6121
0.858236 45.8779
0.858236 45.9369
0.83565 45.8905
0.83565 45.8463
0.858236 45.7457
0.858236 45.7624
0.836386 46.0426
0.794896 46.0151
0.75178 45.6725
0.804424 45.6955
0.830825 45.6704
0.905143 45.9074
0.805093 45.8863
0.862745 45.7645
0.838983 45.9728
0.862745 45.6997
0.904977 45.7729
0.904652 45.9876
0.878416 46.0426
0.854701 45.8211
0.831601 45.9074
0.82448 45.9876
0.873518 45.6517
0.847087 45.9263
0.873518 45.8127
0.834382 45.8716
0.83565 46.0617
0.858236 45.8695
0.850218 45.5581
0.899038 45.8926
0.924725 45.4835
0.906977 45.4876
0.880033 45.7896
0.828937 45.9137
0.917012 45.8442
0.864407 46.1021
0.84 45.9791
0.865296 45.7582
0.865939 45.3001
0.865939 45.9348
0.882446 45.9474
0.882446 45.8505
0.854701 45.1264
0.862534 45.3474
0.862534 45.0979
0.881415 45.4794
0.933962 45.6308
0.933962 46.0363
0.907278 45.4814
0.858799 43.8789
0.836386 44.5871
0.899038 45.438
0.907278 45.436
0.934066 45.2059
0.864407 44.6887
0.90116 45.5643
0.859781 45.8316
0.787396 45.9031
0.874286 44.2282
0.811797 44.0276
0.816934 45.4256
0.842167 45.529
0.880033 45.6225
0.864407 45.4794
0.885513 45.9221
0.8704 45.7582
0.869394 45.8737
0.811159 45.731
0.858673 45.8442
0.849782 45.6934
0.824971 45.683
0.857428 45.7729
0.849618 45.438
0.85 46.0638
0.812259 45.939
0.85 45.8589
0.916667 45.9327
0.934066 46.0278
0.880033 45.9538
0.789142 45.84
0.838319 45.8337
0.78854 46.0405
0.916515 45.7959
0.847534 45.8926
0.785408 45.9918
0.849326 45.6621
0.787396 45.8674
0.917012 45.7226
0.85303 45.9559
0.922575 45.9348
0.933564 46.0003
0.879718 45.1528
0.916515 45.7875
0.890411 45.6204
0.792208 46.0808
0.849782 45.7206
0.816934 45.6788
0.865939 45.104
0.82659 45.9348
0.865939 45.7164
0.85 45.6204
0.834821 45.819
0.874286 45.8106
0.825328 45.7018
0.864407 45.7917
0.864407 45.9263
0.855204 45.6371
0.855204 45.6579
0.855204 45.5789
0.890462 45.9284
0.890462 45.9664
0.865296 45.8211
0.916415 45.8106
0.89017 45.84
0.890462 46.1276
0.862534 45.8926
0.838574 46.013
0.862534 46.0999
0.897868 46.0787
0.89846 45.939
0.914808 45.6517
0.851403 46.1531
0.843318 45.104
0.8276 45.6871
0.898454 45.6121
0.881563 45.6329
0.739973 45.8905
0.906977 46.0511
0.906977 46.0151
0.820628 45.7729
0.933875 45.7645
0.924257 45.8064
0.847383 45.7352
0.898131 45.7289
0.854701 46.0787
0.854701 46.0426
0.814796 46.2877
0.814796 45.527
0.837969 45.6225
0.853659 45.939
0.878574 46.0193
0.765414 45.9306
0.804303 46.0448
0.835925 44.7708
0.895698 45.8779
0.905484 45.9643
0.923439 46.1425
0.896081 45.9643
0.896942 46.1276
0.896942 45.8484
0.896942 46.013
0.896942 46.0511
0.896942 45.9474
0.872247 46.013
0.872247 46.0214
0.817703 45.8968
0.83396 45.7373
0.789841 45.958
0.813559 45.8526
0.849864 45.7645
0.848875 45.9116
0.823779 45.8274
0.854805 45.5726
0.779736 45.9728
0.725512 46.0236
0.844898 46.0278
0.812411 45.3391
0.839048 46.0405
0.839048 45.9707
0.757151 45.8674
0.825112 46.0511
0.776425 45.6288
0.776425 46.1063
0.707501 45.8568
0.776425 45.9791
0.789041 45.9517
0.770053 46.0681
0.789041 45.7645
0.822828 45.7603
0.750968 46.0045
0.806543 45.8127
0.731252 46.0151
0.699618 46.0426
0.758127 45.9074
0.740581 45.8568
0.737945 45.8779
0.770053 45.6976
0.79661 45.8968
0.857143 45.9432
0.822828 45.9855
0.697442 45.9179
0.607865 45.8043
0.670204 44.1482
0.717647 45.7771
0.74073 45.9855
0.744186 45.6475
0.72687 45.9791
0.709609 45.9812
0.707819 45.6767
0.707819 45.9982
0.705411 45.4794
0.705411 45.8295
0.707819 45.6392
0.707819 45.7834
0.679474 46.0342
0.653061 45.8463
0.627136 45.9643
0.639688 46.1553
0.651794 46.0278
0.661654 46.151
0.675624 46.0511
0.663772 46.1638
0.677832 46.013
0.665347 45.9876
0.651794 45.635
0.639688 45.9116
0.639688 45.9876
0.638783 45.8274
0.638783 46.0426
0.626281 45.7457
0.603496 46.0999
0.592325 45.92
0.592593 46.1382
0.594395 46.0363
0.594349 46.032
0.618098 45.8253
0.630081 45.6746
0.655493 46.0914
0.630081 45.8989
0.630081 45.9517
0.606015 45.8232
0.594395 45.9728
0.562023 46.2214
0.544413 46.013
0.534709 45.8379
0.543933 46.1467
0.534247 46.0236
0.516279 46.0469
0.506024 46.2449
0.486009 46.0808
0.496109 45.9834
0.506024 46.1574
0.515759 46.1446
0.515759 46.262
0.515759 46.0384
0.515759 45.8695
0.49763 45.9791
0.488038 45.8863
0.470756 45.88
0.464563 45.8695
0.473583 45.5415
0.473583 45.7771
0.473583 45.775
0.473583 45.7813
0.473583 45.7834
0.481445 46.1382
0.48 46.408
0.488372 46.1297
0.470588 46.1467
0.437601 46.1446
0.421648 45.8884
0.430622 46.2684
0.432335 46.5203
0.440592 46.2257
0.440592 46.4382
0.43937 45.9137
0.43937 46.4231
0.437601 46.1318
0.428337 46.4274
0.425436 46.3478
0.428337 46.4511
0.423862 46.3177
0.425521 46.3973
0.425521 46.5679
0.432335 46.215
0.432335 46.3822
0.421648 45.9812
0.418837 46.3779
0.405078 46.365
0.405078 46.3757
0.409091 46.3456
0.409091 46.2599
0.415385 46.1148
0.415385 46.516
0.415385 46.3671
0.415385 46.2
0.418605 46.0766
0.418605 45.7834
0.425197 46.1021
0.449225 45.5726
0.456826 46.2471
0.439024 46.0681
0.412698 46.0299
0.3961 45.3165
0.40625 46.2663
0.405312 46.0024
0.415385 46.0024
0.411489 46.0257
0.400831 45.3926
0.395604 45.7938
0.395604 46.0978
0.378659 45.8716
0.378659 45.9643
0.384045 45.9053
0.389586 45.9749
0.39529 45.9728
0.389586 45.8379
0.397452 46.1617
0.391468 46.2022
0.403226 45.4856
0.396825 46.2
0.40625 46.4339
0.413245 46.6114
0.403497 46.7377
0.410397 46.2471
0.424929 46.292
0.440205 46.581
0.456969 46.7312
0.440529 46.6005
0.452174 46.5853
0.443812 46.5549
0.432588 46.6092
0.424929 46.4987
0.413793 46.516
0.413793 46.4059
0.412371 46.6919
0.40678 46.1702
0.402332 46.4554
0.409192 46.0426
0.40367 46.5116
0.411215 46.5333
0.423963 46.4123
0.423963 46.6287
0.428571 46.7814
0.440205 46.8143
0.435226 46.644
0.432982 47.0079
0.416604 46.7006
0.411215 46.6984
0.404288 46.705
0.416604 46.8099
0.403509 46.5679
0.403509 46.7705
0.410714 46.8165
0.410714 46.6701
0.414414 46.5658
0.414414 46.7421
0.417271 46.6592
0.417271 46.5983
0.417271 46.7355
0.417271 46.8318
0.417271 46.6766
0.4 46.7705
0.4 46.503
0.393162 46.5636
0.383333 46.7836
0.377049 46.3929
0.393162 46.6614
0.4 46.9131
0.417271 46.6461
0.417271 46.657
0.414414 46.7486
0.421053 46.2599
0.428571 46.5875
0.440205 46.7421
0.441289 46.7443
0.441289 46.7006
0.438095 46.7639
0.438095 46.834
0.429907 46.4619
0.429907 46.7552
0.422018 46.594
0.438095 46.4684
0.458899 46.5744
0.477972 46.5354
0.480707 46.8143
0.470866 46.3865
0.472603 46.6962
0.463087 45.9834
0.453947 46.7377
0.445161 46.4835
0.453947 46.6962
0.463977 46.4533
0.473529 46.8999
0.453947 46.7705
0.453947 46.1404
0.435226 46.7574
0.432982 46.2749
0.441289 46.3478
0.438095 46.1361
0.438095 46.5441
0.446602 46.7399
0.446602 45.977
0.458899 46.6636
0.468241 46.681
0.480707 46.6179
0.468241 46.5224
0.450604 46.6701
0.45098 46.7596
0.45098 46.3349
0.474227 46.7246
0.474227 47.0323
0.445423 47.1453
0.383721 47.1231
0.327027 47.0721
0.287512 47.4924
0.237814 47.8538
0.176817 47.7874
0 48.4332
0.554859 47.619
0.322667 49.2078
0.160505 49.5737
0.0949227 49.5197
0.0853392 49.5393
0.0415792 49.5
0.00927972 49.6352
0 49.8281
0.605178 49.0653
0.456716 48.9716
0.182744 49.1232
0.037464 50.0475
0.00330033 50.2664
0.0384736 50.035
0.191245 49.3243
0.0213342 49.2756
0.0149056 49.9276
0.120486 49.0629
0.258316 49.01
0.127477 48.8782
0.234986 48.8257
0.152313 49.6155
0.46253 48.9716
0.17439 48.499
0 48.0792
0.512583 49.7834
0.111221 49.8082
0 50.1102
0.025217 49.4927
0 49.3243
0.273755 49.5393
0.182879 49.5295
0.0170004 49.5983
0 47.0876
0.537508 48.7638
0.417953 48.4637
0.332628 48.5107
0.332628 48.7424
0.332628 48.7686
0.438034 48.9117
0.479742 48.2719
0.464265 48.6192
0.562391 48.6358
0.624758 48.6098
0.728223 48.1788
0.801287 47.7715
0.828877 46.5723
0.735331 47.8103
0.564434 48.0031
0.381023 48.3372
0.594951 47.9134
0.45633 48.7045
0.47812 48.7211
0.519156 48.7258
0.465433 48.6973
0.40795 48.6216
0.279837 48.9309
0.129841 49.0773
0.134429 48.7329
0.0131728 49.3535
0.047081 48.8281
0.0369265 49.0388
0.165829 49.3316
0.00913646 49.8107
0 50.015
0.753653 49.2538
0.673089 49.2611
0.556516 49.022
0.23348 48.6239
0 48.3185
0.736842 37.2162
0.652174 37.0989
0.3312 37.3106
0.146923 37.5502
0 37.6364
0.415545 46.788
0.411168 46.9373
0.268618 46.9285
0.133499 46.9065
0.0821468 46.966
0 46.3973
0.593824 51.3136
0.594579 50.9996
0.628743 51.1195
0.424084 50.9944
0.698925 51.3663
0.692884 51.5943
0.793651 51.4536
0.793651 51.565
0.795918 51.5225
0.795918 51.6662
0.793651 51.6316
0.687427 51.5996
0.686499 51.5783
0.687427 51.6076
0.749503 51.3532
0.761317 51.4986
0.841727 48.7163
0.852273 50.1983
0.816901 50.746
0.801105 51.24
0.749503 51.5145
0.757979 51.3584
0.711768 51.2821
0.681818 51.5172
0.652174 51.6182
0.649351 51.709
0.649351 51.557
0.623003 51.6742
0.680272 51.7143
0.681818 51.3637
0.687427 51.5916
0.684211 51.7947
0.714286 51.6049
0.684211 51.4112
0.714286 51.5544
0.75188 51.4827
0.714286 51.5119
0.717703 51.1771
0.719557 51.5331
0.684211 50.4872
0.684211 51.6209
0.719557 51.6903
0.719557 51.3479
0.75188 51.6049
0.714286 51.5305
0.714286 51.6662
0.684211 51.5172
0.684211 51.7277
0.627119 51.6262
0.627119 51.7304
0.680272 50.7588
0.680272 50.813
0.680272 51.4509
0.619835 50.7022
0.619835 51.6929
0.619835 51.6742
0.680272 50.945
0.680272 51.5464
0.684211 51.2768
0.684211 51.5145
0.688406 51.4483
0.658363 51.5305
0.692308 51.5517
0.692308 50.6509
0.692308 51.4192
0.688406 51.3769
0.688406 51.2794
0.688406 51.3558
0.658363 51.4748
0.658363 51.2216
0.661765 51.4642
0.631769 51.549
0.634328 51.549
0.661765 51.0699
0.661765 50.9944
0.650531 51.0386
0.688406 51.1065
0.677651 51.2636
0.717791 51.1117
0.646655 51.0908
0.653631 49.0172
0.625668 49.4633
0.629966 49.334
0.629966 50.5791
0.631769 51.0074
0.629966 50.9295
0.653631 50.8932
0.621118 51.1065
0.595238 51.2531
0.595238 51.2899
