0.903834 49.9376
0.903834 49.7463
0.903834 40.71
0.903834 49.6327
0.903834 45.7477
0.903834 46.5333
0.903834 47.567
0.903834 48.9476
0.903834 49.3632
0.903834 49.5025
0.903834 49.4193
0.903834 49.8157
0.903834 49.128
0.903834 49.3949
0.903834 49.6376
0.903834 49.157
0.903834 49.0725
0.903834 49.39
0.903834 49.3583
0.821804 49.6845
0.903834 48.8234
0.903834 49.4169
0.83031 49.0653
0.903834 49.4047
0.903834 49.3413
0.868331 49.6253
0.905093 49.4047
0.905093 49.6524
0.868331 49.7315
0.868331 49.6524
0.868331 49.4682
0.798907 48.8878
0.798907 49.4193
0.868331 49.334
0.868331 49.2951
0.868331 45.4112
0.906924 47.4338
0.836066 48.8472
0.873224 49.1135
0.873606 48.9908
0.708902 49.1256
0.763341 47.98
0.83212 49.2805
0.914062 49.3559
0.837121 49.1715
0.862687 49.3389
0.860324 49.3705
0.791498 49.2684
0.791498 49.2538
0.749004 49.2126
0.777328 49.4413
0.809717 49.3559
0.776328 49.2078
0.714538 47.8309
0.714538 49.3024
0.706846 49.2126
0.706846 48.9884
0.821331 49.0052
0.818519 48.7472
0.787037 48.9021
0.833333 48.6216
0.847826 48.8759
0.78233 47.0256
0.847826 49.1715
0.849711 48.5979
0.87963 48.8902
0.830743 48.9045
0.885417 48.8257
0.780919 48.9596
0.780919 48.9572
0.837181 48.8687
0.780919 48.5225
0.648855 48.4637
0.838017 48.7234
0.586325 48.8353
0.750283 48.714
0.809636 48.7234
0.888026 48.5791
0.888026 48.8162
0.766215 48.7353
0.766215 48.6429
0.766215 48.7686
0.766215 48.5767
0.820929 48.9356
0.742279 49.0412
0.774403 48.7306
0.829978 48.6997
0.742279 48.1024
0.716925 48.8663
0.671699 48.6736
0.697592 48.6239
0.623188 48.6003
0.599118 48.4379
0.697809 48.5956
0.695319 48.3933
0.552811 48.5531
0.54249 48.5649
0.63142 48.2114
0.617734 48.5248
0.582878 45.7226
0.571294 47.2567
0.592068 47.3956
0.612842 48.1301
0.548504 48.0146
0.60037 48.2812
0.588395 48.4896
0.576889 47.4969
0.565824 44.6269
0.616 44.6768
0.585004 45.8043
0.553874 47.7236
0.581227 47.6077
0.610952 47.9524
0.570093 48.0885
0.532394 48.1835
0.543203 48.4144
0.560242 47.7487
0.55055 48.2579
0.525606 48.2439
0.478275 48.2952
0.507894 48.4051
0.568652 48.4097
0.526504 48.384
0.550878 48.3138
0.51367 48.1394
0.552983 47.8171
0.506695 48.2789
0.52885 48.0677
0.52885 48.1301
0.515353 47.9317
0.501028 47.7487
0.481022 47.9294
0.516104 48.0607
0.537849 47.9939
0.432979 48.0261
0.45773 47.5986
0.476771 47.7578
0.490177 48.0077
0.490177 47.9019
0.537388 48.2509
0.49763 47.9386
0.517771 47.8126
0.47989 47.3642
0.538462 47.7669
0.517771 47.6168
0.524857 47.061
0.517743 47.6372
0.588165 47.6395
0.517743 47.694
0.557566 47.8263
0.625899 47.5443
0.542949 47.7897
0.598951 47.6054
0.639344 47.297
0.707087 47.6599
0.690821 47.3104
0.731021 47.5172
0.699693 47.4203
0.757569 47.6917
0.666041 47.5489
0.725312 47.2456
0.755952 47.4586
0.708779 47.4203
0.703557 45.9834
0.831904 47.1921
0.700052 46.8406
0.744193 47.2054
0.628536 47.1165
0.740699 47.1587
0.611459 47.2188
0.729856 47.0876
0.729856 47.3126
0.701984 46.977
0.635889 46.7508
0.709175 46.9329
0.803427 46.9351
0.773756 46.9925
0.853414 46.9594
0.775414 47.0965
0.779136 46.9263
0.775989 46.8121
0.732186 46.8099
0.760374 46.6179
0.681305 46.6396
0.733108 46.5679
0.651935 46.5614
0.642637 46.7224
0.596968 46.0554
0.607516 46.4123
0.591627 46.7137
0.622996 46.2406
0.608364 46.5593
0.609335 46.2642
0.612565 46.3328
0.549994 46.2214
0.617552 46.5875
0.588455 46.0638
0.577875 46.2535
0.589876 46.2086
0.559499 45.8484
0.587632 45.7247
0.592984 45.66
0.587065 45.9327
0.568949 45.8022
0.564323 45.9834
0.556145 45.8674
0.53319 45.2919
0.565705 41.1353
0.565001 44.016
0.575538 44.8994
0.554865 44.8551
0.586912 44.8632
0.619098 45.1365
0.633142 45.1671
0.656971 45.1141
0.628136 45.2776
0.6514 45.0369
0.6514 44.841
0.6514 44.7367
0.6671 44.6449
0.638233 45.0877
0.670087 44.7087
0.689162 44.4879
0.71686 44.5752
0.713839 44.4286
0.728963 43.7273
0.744157 44.1599
0.765716 42.425
0.836434 43.3633
0.860029 43.6548
0.745762 43.8001
0.711465 43.7426
0.677324 43.3745
0.684567 43.6529
0.670963 43.6624
0.645576 43.1369
0.622802 42.7807
0.694288 42.8284
0.63851 42.7844
0.670045 42.7789
0.593541 42.5478
0.63638 42.4268
0.552901 42.3012
0.607521 41.9252
0.612935 42.0398
0.577017 41.7676
0.606853 41.7101
0.561694 41.5939
0.562786 41.4182
0.596589 41.266
0.594731 41.3394
0.605112 41.0745
0.556552 41.3018
0.565915 41.2592
0.460197 41.1049
0.480374 40.95
0.495568 40.6504
0.516051 40.4334
0.459742 40.0016
0.45438 40.0032
0.506273 39.7156
0.440177 39.4649
0.494094 39.3499
0.454712 39.4197
0.453037 38.9879
0.426516 38.506
0.408606 38.5698
0.385303 37.9104
0.396952 37.7658
0.421091 37.5643
0.462842 37.1913
0.459204 36.9058
0.524684 36.365
0.499425 36.527
0.470365 36.1572
0.457012 36.0075
0.459728 35.6328
0.436654 35.5631
0.414685 35.4321
0.38657 35.6735
0.361253 35.5366
0.338371 35.5771
0.360989 35.7398
0.363259 35.5215
0.367296 35.5745
0.364229 35.6812
0.360648 35.6087
0.357665 35.392
0.352184 35.3432
0.326356 35.8012
0.321593 35.7092
0.310654 34.3643
0.299976 35.5758
0.290422 35.643
0.284504 35.5682
0.278607 35.5834
0.257292 35.8539
0.233745 36.1664
0.213451 36.3544
0.206388 36.483
0.206017 36.665
0.206281 36.5337
0.20614 36.6892
0.207928 36.6797
0.196627 36.9781
0.198412 37.2912
0.191985 37.9406
0.196295 37.9809
0.200903 38.0214
0.202777 38.0098
0.204804 37.9708
0.195292 38.0199
0.205275 38.0749
0.216043 38.3333
0.227682 38.0865
0.2341 38.4527
0.239634 38.3039
0.232517 38.298
0.248669 38.4497
0.252263 38.9302
0.254799 39.3035
0.2562 39.5132
0.275623 39.5648
0.277947 39.1313
0.272253 40.1204
0.265498 40.0962
0.260895 40.6603
0.280956 40.5663
0.285326 40.7714
0.292101 40.8297
0.318695 41.1675
0.348976 40.9651
0.361686 40.9199
0.401058 41.2133
0.416924 41.056
0.442925 41.5127
0.442039 41.7816
0.469575 41.6268
0.477149 41.813
0.498887 41.806
0.538983 42.1319
0.579512 42.219
0.621177 42.5804
0.658808 42.407
0.710205 42.2583
0.753086 42.5369
0.770407 41.978
0.778832 42.6876
0.817625 42.7442
0.853525 42.9295
0.844311 42.9369
0.835751 43.3163
0.816416 43.1648
0.761669 40.8347
0.814692 43.0867
0.856868 42.6639
0.824682 43.5616
0.88943 42.2619
0.870542 43.8962
0.833085 44.0199
0.843649 43.9445
0.789595 43.465
0.863756 44.0238
0.837778 44.1833
0.887514 44.3675
0.835787 44.4682
0.861394 44.3007
0.846284 44.5534
0.872967 44.5772
0.823683 44.7367
0.798817 44.6708
0.76 44.6349
0.72067 44.603
0.731174 44.5216
0.751024 44.5018
0.746898 44.7447
0.805861 44.5851
0.798012 44.4622
0.755243 44.5335
0.798012 44.7968
0.771451 44.8612
0.814864 44.9357
0.79501 44.7407
0.773484 44.7567
0.760135 45.0552
0.750473 44.9701
0.715571 44.9438
0.722331 45.0633
0.74148 45.0187
0.719867 45.4277
0.727495 45.3001
0.744828 45.3576
0.728802 45.5
0.730267 45.1101
0.738034 45.4298
0.749173 45.6288
0.793333 45.6204
0.825243 45.1977
0.832509 44.839
0.860427 46.1808
0.837452 45.708
0.877446 45.3618
0.91123 44.401
0.896922 45.9242
0.830231 46.1148
0.905656 46.0532
0.843077 45.7519
0.868762 46.2642
0.864659 46.0024
0.85023 46.38
0.802983 46.5658
0.812046 46.3843
0.851193 46.1787
0.851193 46.1467
