0.928007 42.2869
0.856354 41.024
0.887479 41.855
0.817427 41.6875
0.938199 41.4319
0.803072 42.407
0.923968 41.9851
0.845456 41.9006
0.881486 42.7259
0.906383 42.4881
0.942318 42.5224
0.941208 42.9037
0.839392 42.7881
0.881025 42.3406
0.802916 42.5913
0.818385 42.6457
0.777658 42.959
0.738739 42.7771
0.77846 42.328
0.782931 42.9037
0.856333 42.6603
0.856952 42.5279
0.890933 42.6076
0.918743 42.5423
0.880027 42.8467
0.824589 42.4899
0.874682 42.5387
0.939486 42.1941
0.948574 42.5026
0.855155 42.8853
0.905238 42.935
0.850638 42.8945
0.919732 42.7131
0.968228 42.7734
0.905886 43.0496
0.894986 43.1258
0.867227 42.6931
0.884264 42.9277
0.886181 42.9332
0.889303 42.5586
0.906441 42.8964
0.906876 42.6457
0.861173 42.5387
0.904884 43.0311
0.946629 42.7972
0.905747 42.9997
0.893945 42.878
0.956587 42.9516
0.828439 43.0719
0.9165 43.0923
0.922887 43.1779
0.927422 43.122
0.945359 43.2189
0.946958 42.9258
0.893124 42.673
0.889372 43.204
0.881617 43.1258
0.832293 43.0404
0.564866 43.4367
0.760535 42.8064
0.780021 43.4386
0.805983 43.3332
0.823644 43.5047
0.840426 43.1239
0.730674 43.4367
0.687735 43.033
0.674108 42.8945
0.640422 42.9627
0.600863 42.6894
0.632201 42.746
0.571416 41.9498
0.540173 42.7789
0.49434 42.0575
0.521744 42.3137
0.500906 42.4376
0.509128 42.1195
0.45762 42.7826
0.482481 42.6276
0.510725 42.526
0.473093 42.0858
0.467703 42.7241
0.470924 42.7004
0.465153 42.7095
0.430066 42.3119
0.454948 42.2494
0.405258 42.3765
0.421409 41.9956
0.391938 42.1959
0.368649 42.3083
0.335635 42.1141
0.366381 42.1656
0.346514 42.3352
0.443035 42.1106
0.422945 42.3083
0.413457 42.3531
0.351444 42.1781
0.350922 41.971
0.33025 42.0009
0.365884 42.5405
0.369327 42.3137
0.421558 42.4971
0.463265 42.0751
0.486335 42.4286
0.422807 42.3711
0.457368 42.1301
0.408929 41.9463
0.439134 42.0769
0.465522 42.008
0.450024 41.6875
0.415941 42.0575
0.372625 41.934
0.402703 41.9921
0.434742 41.8463
0.451176 41.8218
0.375055 42.1941
0.187348 41.978
0.270073 41.9622
0.278425 41.7659
0.231572 41.6771
0.144733 41.7223
0.135514 41.5731
0.101965 41.9428
0.0798222 41.7223
0 41.8918
0.747625 37.5926
0.773074 37.5601
0.592914 37.5559
0.432848 36.9686
0.360942 37.103
0.233758 36.7215
0.202767 37.2259
0.15089 37.2467
0.0834821 36.9672
0.00265679 36.8691
0 36.669
0.71676 37.6903
0.50786 37.6067
0.30277 37.2898
0.220977 37.6648
0.134817 37.4364
0.0665281 37.0892
0.00797448 36.105
0 37.0151
0.726583 38.0228
0.386939 37.5573
0.251452 37.4883
0.152294 37.4967
0.0607919 37.6294
0.0142148 37.4784
0 36.959
0.286552 46.7202
0.0484444 46.6005
0 46.7705
0.851943 46.4425
0.927987 46.3607
0.825424 46.0787
0.665216 45.9306
0.535454 46.4102
0.114958 47.0323
0 48.4614
0.709731 44.5315
0.678161 44.601
0.656083 44.9014
0.699459 44.6628
0.743534 45.0714
0.537626 45.0126
0.550309 43.958
0.683721 42.5913
0.700116 44.2831
0.745338 44.9762
0.778667 44.4425
0.77766 44.6349
0.784816 44.8089
0.768707 44.7007
0.752523 44.7287
0.815181 44.6708
0.836259 45.0025
0.676195 44.4959
0.71935 44.6449
0.635012 44.3695
0.837736 44.9559
0.843973 44.5058
0.818717 44.8551
0.738247 44.9277
0.801154 44.9559
0.857577 45.0106
0.849989 44.5891
0.765798 44.7708
0.511318 44.2556
0.506715 44.6249
0.734987 44.7387
0.672044 44.7067
0.739275 44.5911
0.743533 44.8732
0.720967 44.831
0.712677 44.8793
0.70222 44.9337
0.573548 44.7948
0.535348 44.5177
0.68028 44.7628
0.843394 44.6708
0.777369 44.7067
0.580694 44.8229
0.662737 44.3479
0.622655 44.6768
0.655775 44.1306
0.751503 44.6608
0.760819 44.5653
0.781483 44.4484
0.730878 44.605
0.605154 44.6768
0.770543 44.615
0.801347 44.7908
0.720372 44.4781
0.7855 44.2889
0.808306 44.6967
0.690385 44.1384
0.533307 44.6568
0.672579 44.7868
0.622595 44.835
0.693965 44.5414
0.804288 42.7186
0.811959 44.5534
0.833087 44.7387
0.853801 44.8692
0.842105 44.8189
0.809425 44.8692
0.792305 44.7588
0.741495 44.9357
0.751605 44.48
0.762162 44.827
0.778148 44.9398
0.731926 44.8551
0.779823 44.5593
0.752 44.829
0.70927 44.8914
0.733182 44.4919
0.714376 44.8632
0.72715 44.7387
0.706983 44.7307
0.707849 44.7648
0.697674 44.7567
0.779823 44.7608
0.734046 44.6269
0.732376 44.2321
0.769174 44.6269
0.758266 44.8169
0.745528 44.4346
0.819601 44.8752
0.830095 44.8511
0.727264 44.9984
0.832804 45.1467
0.822509 44.2831
0.760503 45.1223
0.706783 45.3206
0.694754 45.4794
0.716186 45.2345
0.630543 44.9156
0.657934 45.3638
0.601301 45.4256
0.606261 45.2591
0.585755 45.3412
0.53774 44.8853
0.617056 44.7708
0.643636 45.0775
0.571696 44.962
0.564201 44.8089
0.551749 44.7908
0.610726 45.1284
0.641881 45.1182
0.651365 45.0106
0.618043 45.1304
0.610031 45.0491
0.567145 45.2591
0.573813 45.253
0.566982 44.9762
0.522262 44.7908
0.534767 44.9782
0.535129 45.045
0.528759 44.8229
0.528476 45.1162
0.535129 45.2755
0.548342 44.5812
0.541655 44.5573
0.548342 44.6808
0.555197 44.7527
0.549028 45.0511
0.555978 44.9256
0.562224 45.0329
0.569432 44.48
0.591059 44.9196
0.58563 44.7567
0.58563 44.8009
0.593544 44.7447
0.59221 44.8491
0.601674 44.9438
0.593544 45.0491
0.59221 44.841
0.600213 44.7628
0.600213 44.962
0.625574 44.9822
0.58563 45.3063
0.593544 45.1019
0.58563 45.0288
0.600213 45.0796
0.607033 44.841
0.608435 45.0511
0.600213 45.041
0.600213 44.9681
0.623895 44.8591
0.611866 44.7367
0.643039 44.9559
0.633896 45.0653
