0.904184 46.0681
0.808387 45.4504
0.776808 30.7494
0.757876 40.9836
0.882625 43.9599
0.796222 44.34
0.868807 44.0781
0.930626 44.7989
0.721132 44.5851
0.796222 45.2735
0.796222 44.7267
0.930626 44.5434
0.748437 44.3616
0.81469 44.7688
0.869658 44.9135
0.704733 44.9014
0.803238 44.8652
0.738295 44.7187
0.765423 44.9681
0.677868 44.8934
0.765003 44.5474
0.648076 44.9843
0.755093 44.8833
0.839058 44.9035
0.839058 45.0086
0.812979 45.333
0.793278 44.6389
0.721662 45.0816
0.811503 45.1284
0.818976 45.0796
0.818976 45.0613
0.772942 44.9499
0.781051 45.1223
0.718617 44.8531
0.818976 44.8491
0.814 45.0613
0.72045 45.1916
0.818976 45.2612
0.814 44.9055
0.72045 45.0248
0.814 45.212
0.755093 44.839
0.763602 44.615
0.788018 44.2595
0.770723 44.8471
0.770723 44.7748
0.770723 44.7828
0.770723 44.5991
0.770723 44.6668
0.741544 44.5732
0.770723 44.5077
0.770723 44.4939
0.743197 44.7708
0.743197 44.6887
0.743197 44.2008
0.743197 43.7082
0.715481 44.7828
0.761324 44.837
0.780357 44.4899
0.781604 44.8451
0.781604 44.605
0.780357 44.7868
0.780357 44.5951
0.780357 44.1579
0.753448 42.7387
0.736236 44.4069
0.753448 44.615
0.780357 43.204
0.780357 44.6708
0.762262 44.7167
0.736236 44.482
0.753448 44.7247
0.753448 44.7908
0.702805 44.7467
0.702805 44.7928
0.702805 44.3086
0.736236 44.3597
0.736236 44.5157
0.736236 44.7527
0.711927 44.5951
0.711927 44.4899
0.728333 44.4286
0.728333 44.617
0.728333 44.7888
0.711927 44.5058
0.728333 44.7067
0.711927 44.5454
0.728333 44.5673
0.689173 44.4721
0.704839 44.5712
0.704839 44.1677
0.704839 44.6927
0.704839 44.4543
0.704839 44.6788
0.704839 44.605
0.704839 44.6449
0.704839 44.3774
0.722911 44.6867
0.706678 44.6548
0.675111 44.611
0.725095 44.3597
0.725095 44.3498
0.692371 44.6329
0.725095 44.5335
0.725095 44.3321
0.725095 44.6768
0.725095 44.2223
0.725095 44.285
0.725095 44.5375
0.725095 44.1267
0.725095 44.617
0.725095 44.3498
0.725095 44.3971
0.692371 44.841
0.660866 44.3577
0.692371 44.6608
0.692371 44.5573
0.660866 44.4899
0.725095 44.403
0.692371 44.5534
0.692371 44.6548
0.692371 44.6269
0.725095 44.7207
0.710537 44.3616
0.672215 44.2674
0.657782 44.5177
0.682373 44.5335
0.682373 44.615
0.682373 42.7077
0.660975 43.4443
0.675072 44.5514
0.668658 44.7287
0.638639 43.5161
0.668658 44.7127
0.668658 44.9802
0.638639 44.9378
0.668658 44.7047
0.638639 44.7507
0.625542 44.6289
0.64225 44.7167
0.644152 44.8089
0.628723 44.4504
0.644152 44.9863
0.644152 44.8089
0.644152 44.8049
0.628723 44.837
0.644152 41.7624
0.628723 43.3651
0.644152 44.24
0.644152 43.1798
0.628723 44.7688
0.644152 43.8404
0.644152 40.2868
0.644152 42.2779
0.630399 43.9155
0.614973 44.8551
0.584982 43.8001
0.630399 44.1131
0.614973 44.6668
0.608357 44.3813
0.593668 44.5454
0.565079 44.8069
0.614973 44.5732
0.630399 44.6289
0.614973 44.8551
0.630399 44.619
0.584982 44.6728
0.614973 44.3872
0.616415 44.6847
0.616415 44.4978
0.602196 44.9701
0.602196 44.8229
0.602196 44.7027
0.602196 44.8089
0.586784 43.9928
0.602196 44.825
0.602196 44.2282
0.602196 44.615
0.602196 44.2811
0.590476 44.7227
0.602196 44.7608
0.586784 44.7888
0.586784 44.9277
0.602196 45.039
0.586784 44.6788
0.602196 44.6668
0.566797 44.9741
0.586784 44.1443
0.602196 44.827
0.572332 44.7047
0.567704 44.6887
0.55367 44.9297
0.543071 43.3896
0.561921 44.3892
0.573024 44.7527
0.573024 44.8009
0.573024 44.964
0.573024 44.4385
0.543071 44.4326
0.573024 44.7748
0.573024 44.7728
0.55367 44.9964
0.543071 45.0674
0.561921 45.0471
0.559095 44.7487
0.559095 44.8551
0.545826 44.0839
0.545826 44.7928
0.531415 44.7027
0.531415 44.7147
0.559095 44.9357
0.559095 44.7588
0.573024 44.7547
0.543071 44.4504
0.573024 44.9317
0.573024 44.7407
0.526756 44.5276
0.512528 44.8672
0.518364 44.7227
0.518364 44.9681
0.518364 44.605
0.518364 44.342
0.5086 44.5315
0.518364 44.7708
0.518364 44.5732
0.492102 44.7828
0.492102 44.8954
0.492102 44.9256
0.5086 45.0653
0.518364 45.0349
0.503927 44.5375
0.503927 44.3302
0.518364 44.7868
0.518364 43.8154
0.5086 43.9696
0.5086 44.4682
0.503927 44.8853
0.503927 44.7307
0.518364 45.0613
0.518364 44.9156
0.518364 45.2858
0.518364 45.21
0.518364 45.2182
0.5086 45.1427
0.5086 44.7888
0.518364 45.2981
0.503927 45.3289
0.504216 45.2817
0.504216 45.2243
0.504216 45.0572
0.474076 45.3042
0.487907 45.0552
0.493399 45.1345
0.506939 45.0938
0.496006 44.9762
0.496006 44.7487
0.487059 44.8934
0.487059 45.0714
0.487059 45.0958
0.485536 45.1488
0.472298 44.8752
0.485536 45.3124
0.496006 45.0938
0.496006 45.3556
0.487059 44.7848
0.487059 45.1814
0.487059 45.1875
0.487059 45.2264
0.494279 45.0816
0.494279 44.9196
0.487059 45.208
0.487059 45.3576
0.487059 45.0288
0.483037 45.0979
0.469388 44.0645
0.469771 45.3186
0.469771 45.2878
0.469771 45.2796
0.469771 44.609
0.461107 45.3556
0.461107 45.2571
0.461107 45.1957
0.456198 45.3823
0.46543 45.1101
0.45098 44.9762
0.45098 43.1165
0.45098 44.8833
0.442308 45.333
0.442308 45.2304
0.45098 44.9479
0.45098 45.0877
0.45098 45.37
0.45098 44.7648
0.45098 45.208
0.45098 45.2304
0.45098 45.0369
0.45098 45.296
0.45098 44.8009
0.442308 45.0796
0.442308 45.108
0.442308 45.1223
0.442308 44.7087
0.442308 44.9721
0.442308 44.8712
0.447689 45.3412
0.447689 45.2796
0.447689 45.1875
0.447689 44.9964
0.447689 44.2635
0.447689 44.7989
0.447689 45.1223
0.447689 44.7888
0.447689 45.1406
0.447689 45.0674
0.447689 44.8109
0.456198 44.9115
0.447689 44.6987
0.456198 45.0918
0.447689 44.7247
0.447689 44.6249
0.447689 42.8247
0.456198 44.2615
0.447689 44.8833
0.456198 44.4959
0.456198 44.8009
0.447689 44.8451
0.447689 44.831
0.447689 44.7287
0.447689 44.5712
0.447689 44.7628
0.447689 44.7287
0.447689 44.5414
0.45283 44.3695
0.45283 44.0937
0.45283 44.1112
0.447689 44.6828
0.461107 44.2693
0.473101 44.4721
0.485536 44.8149
0.485536 44.5097
0.485536 44.3853
0.485536 44.5196
0.485536 44.5434
0.485536 44.5196
0.476959 44.2478
0.476959 44.5633
0.476959 44.5732
0.485536 44.3145
0.464646 44.401
0.464646 44.7808
0.452044 44.7087
0.452044 44.5553
0.452044 44.5256
0.452044 44.1014
0.452044 44.8149
0.452044 44.5335
0.452044 44.5276
0.452044 44.4365
0.452044 44.7207
0.452044 44.5613
0.452044 44.154
0.452044 44.3912
0.452044 44.5633
0.443331 44.5256
0.443331 44.2752
0.434947 44.6389
0.434947 44.6947
0.443331 44.3597
0.443331 44.4642
0.443331 44.4168
0.430646 44.6828
0.443331 44.4939
0.443331 44.3813
0.452044 44.6808
0.458015 44.5792
0.458015 44.3361
0.452044 44.3931
0.452044 44.5991
0.452044 44.6389
0.452044 44.4682
0.452044 44.0451
0.452044 44.6907
0.452044 44.6708
0.452044 44.3754
0.452044 42.9627
0.452044 43.5445
0.452044 44.7948
0.452044 44.7728
0.452044 44.0199
0.452044 44.6668
0.452044 44.0742
0.452044 44.6508
0.452044 44.6548
0.452044 44.7948
0.452044 44.4425
0.452044 44.7888
0.439141 44.7808
0.425926 44.8169
0.412388 44.5573
0.412388 44.7868
0.399838 44.8672
0.412388 43.3032
0.412388 44.3046
0.412388 45.2366
0.412388 44.7347
0.412388 45.0552
0.412388 45.1692
0.412388 44.8049
0.412388 45.3124
0.412388 45.2223
0.412388 45.4401
0.412388 44.837
0.412388 45.1467
0.412388 45.3186
0.398515 45.3104
0.398515 45.1875
0.384294 45.3453
0.372825 45.2407
0.372825 45.1732
0.372825 45.3227
0.384294 45.2448
0.354331 45.1814
0.387097 44.8632
0.387097 44.8793
0.376 45.6663
0.384294 45.7247
0.384294 45.731
0.384294 45.6475
0.384294 45.6767
0.384294 45.7498
0.387097 45.8568
0.387097 45.8043
0.384294 45.9728
0.384294 45.7624
0.384294 45.8695
0.384294 46.0766
0.384294 45.6663
0.384294 45.92
0.384294 45.9538
0.384294 45.5187
0.384294 45.8211
0.384294 45.958
0.384294 46.0151
0.384294 45.9517
0.384294 46.0003
0.384294 46.0469
0.372825 45.8127
0.384294 46.0596
0.377979 45.4628
0.377979 45.8463
0.370079 45.6413
0.380952 45.9031
0.348837 45.9791
0.380952 45.1386
0.380952 45.0491
0.380952 45.0248
0.380952 45.1569
0.377979 44.9378
0.377979 45.1712
0.370079 45.1732
0.377979 45.3022
0.377979 45.3042
0.377979 45.3926
0.377979 45.2673
0.377979 45.2878
0.377979 44.9418
0.391728 45.3762
0.391728 45.2837
0.391728 45.3474
0.391728 44.8793
0.379976 45.2141
0.391728 45.1508
0.391728 45.2776
0.395294 45.208
0.395294 45.0694
0.395294 44.8974
0.395294 45.2039
0.395294 44.9095
0.383897 45.159
0.391728 45.0775
0.383897 45.3083
0.391728 44.5514
0.361653 45.1651
0.395294 45.208
0.395294 45.0308
0.395294 44.3695
0.395294 42.4124
0.383897 43.2751
0.395294 44.5494
0.383897 43.4348
0.383897 45.4794
0.361653 45.3823
0.395294 45.527
0.383897 45.5602
0.395294 45.5622
0.383897 45.5145
0.383897 45.6475
0.361653 45.583
0.383897 45.5872
0.383897 45.5477
0.361653 45.0796
0.383897 45.4711
0.395294 45.529
0.383897 45.4504
0.383897 45.3206
0.361653 45.4463
0.395294 45.2837
0.395294 45.1875
0.358779 44.4959
0.379845 45.1834
0.361687 45.3083
0.361687 45.2796
0.390625 44.841
0.384615 43.5275
0.374046 44.3833
0.378788 45.4091
0.382688 45.3248
0.382688 45.3371
0.382688 45.4401
0.371751 45.4731
0.382688 45.6663
0.382688 45.4649
0.368421 45.3453
0.368421 45.208
0.368421 44.4484
0.373134 45.3083
0.362963 45.2468
0.357664 45.0694
0.367647 45.163
0.367647 45.4442
0.367647 45.4112
0.367647 45.0938
0.357664 44.7868
0.338129 45.2632
0.34152 45.2325
0.360485 45.2141
0.360485 45.3248
0.370169 45.2468
0.360485 45.4153
0.34152 45.3556
0.335726 45.2878
0.31767 44.9418
0.360485 45.1202
0.360485 45.4298
0.323077 45.6225
0.360485 45.6121
0.332211 45.5976
0.313869 45.7959
0.284672 45.8316
0.210203 45.7519
0.213093 45.7959
0.22963 46.0003
0.182482 46.0596
0.146366 46.6005
0.118487 46.5095
0.106025 46.4274
0.0627282 46.8867
0.0486272 47.0478
0.0352231 46.7836
0.0357264 46.8362
0.270531 45.5166
0 45.2653
0.519398 52.4659
0.619776 51.843
0.425101 51.6502
0.0452535 51.3373
0.0519201 50.8673
0.0798226 51.581
0 51.5623
0.896965 51.5039
0 51.3373
0.751105 50.5561
0.761534 49.6648
0.661635 50.2487
0.544118 50.1655
0.465314 50.2487
0.385977 49.7438
0.309574 49.9151
0.249355 50.0551
0.2364 50.2058
0.276129 49.9077
0.245039 50.2386
0.222889 50.2715
0.26069 49.6746
0.279486 50.005
0.279486 50.0726
0.209544 50.2109
0.231993 50.0977
0.25529 49.2053
0.25529 50.158
0.304633 49.4169
0.279486 50.1379
0.231993 50.1555
0.279486 50.3195
0.25529 50.8259
0.279486 50.5255
0.304633 50.8259
0.282893 50.9892
0.295845 50.984
0.225665 51.0438
0.25343 48.1997
0.282893 50.9217
0.279486 51.0152
0.30842 50.8466
0.271577 50.9424
0.321682 50.8828
0.335541 50.8984
0.321682 51.01
0.321682 50.8388
0.321682 50.8466
0.260089 50.9398
0.236271 50.9061
0.29481 51.0074
0.321682 50.6457
0.335541 50.9009
0.321682 50.8569
0.321682 50.8544
0.29481 50.4643
0.29481 50.8259
0.269009 50.8802
0.269009 50.6329
0.29481 50.813
0.29481 50.7614
0.321682 50.5612
0.335541 50.8414
0.335541 50.6765
0.335541 50.551
0.323851 50.5689
0.323851 51.1457
0.323851 51.2479
0.323851 50.8854
0.301075 50.9113
0.288948 50.8673
0.288948 51.0803
0.323851 50.8828
0.310588 50.8233
0.284842 50.9087
0.321682 51.1038
0.269009 51.1561
0.321682 51.1797
0.321682 50.8802
0.321682 50.945
0.29481 50.6688
0.244216 51.0022
0.269009 51.164
0.29481 51.0256
0.244216 50.9243
0.29481 51.1483
0.29481 51.1221
0.284842 50.8673
0.284842 50.9866
0.29481 51.2033
0.321682 51.023
0.29481 51.0986
0.321682 50.8569
0.321682 51.1666
0.310588 50.1605
0.29481 50.5715
0.269009 50.4134
0.29481 50.4007
0.274478 50.5102
0.265339 49.8504
0.296819 48.7496
0.270805 50.3651
0.296819 49.724
0.270805 50.7382
0.280175 50.4872
0.280175 50.3018
0.307306 50.0425
0.307306 50.0475
0.307306 50.3778
0.254147 50.7228
0.280175 50.4083
0.335613 50.2816
0.296819 49.9575
0.296819 49.8058
0.335613 50.1781
0.335613 50.5178
0.34304 50.2235
0.276502 50.3145
0.309847 50.2185
0.282443 49.8157
0.282443 50.2185
0.282443 50.4643
0.282443 50.2513
0.309847 50.6201
0.28827 50.7408
0.338448 50.4083
0.309847 50.1329
0.350804 50.4185
0.320909 49.4413
0.292308 49.5933
0.320909 49.7859
0.309847 49.5884
0.292308 49.0412
0.309847 49.1642
0.320909 49.5344
0.292308 49.6278
0.292308 49.5909
0.320909 49.5712
0.292308 49.4364
0.320909 49.1884
0.320909 49.7043
0.292308 49.6032
0.292308 46.4166
0.292308 49.5466
0.286219 47.8286
0.286219 48.4027
0.302714 49.2223
0.259516 49.6771
0.250501 49.729
0.250501 49.6648
0.286219 49.4022
0.286219 49.3803
0.286219 49.6771
0.286219 49.7364
0.276074 49.6549
0.286219 49.3754
0.276074 49.98
0.286219 49.5835
0.286219 50.4108
0.259516 50.3449
0.233898 50.5945
0.286219 50.638
0.343173 50.2866
0.358209 50.2185
0.343173 50.528
0.314079 50.4465
0.286219 49.9326
0.286219 49.9675
0.286219 50.1404
0.286219 49.8281
0.286219 50.4465
0.286219 49.9226
0.286219 50.6355
0.286219 50.5842
0.259516 50.3829
0.259516 49.4951
0.259516 50.638
0.286219 50.6355
0.276074 50.6329
0.286219 50.6714
0.259516 50.656
0.286219 49.7884
0.286219 50.4719
0.259516 50.7279
0.259516 50.5229
0.276074 50.7099
0.286219 49.9102
0.276074 50.1882
0.302714 49.6106
0.314079 50.674
0.314079 50.5408
0.286219 50.4898
0.314079 50.2386
0.286219 48.7852
0.259516 50.4388
0.250501 50.3423
0.259516 50.5663
0.259516 50.6919
0.225933 50.5153
0.250501 49.478
0.250501 50.0977
0.259516 50.984
0.286219 50.5612
0.265018 50.4948
0.265018 50.1329
0.243816 49.3559
0.270758 47.9823
0.270758 48.65
0.270758 49.7339
0.298893 50.1832
0.270758 50.6945
0.298893 50.4668
0.298893 50.4592
0.270758 50.226
0.298893 49.7067
0.270758 50.1278
0.270758 43.2189
0.298893 49.169
0.298893 49.2053
0.298893 45.9664
0.328302 48.2021
0.298893 49.3876
0.298893 50.8466
0.298893 50.4923
0.298893 50.3398
0.270758 50.3499
0.288198 50.1454
0.288198 50.5306
0.288198 50.6406
0.298893 50.6894
0.270758 50.5663
0.288198 50.0977
0.261272 49.729
0.261272 50.2639
0.270758 50.4974
0.270758 50.5715
0.298893 50.5204
0.267013 50.4414
0.294668 49.3949
0.294668 49.7265
0.276753 49.6229
0.30566 50.5689
0.276753 49.6796
0.267013 48.9692
0.240514 48.4496
0.267013 49.7389
0.276753 49.4682
0.30566 49.6746
0.276753 49.3218
0.276753 48.7852
0.276753 49.4707
0.276753 49.6081
0.267013 49.6944
0.276753 49.4096
0.30566 48.2952
0.276753 49.8107
0.30566 49.8902
0.30566 49.7983
0.30566 49.7661
0.30566 49.4584
0.276753 49.2441
0.276753 49.5516
0.240514 49.5123
0.267013 48.6547
0.240514 49.3559
0.276753 49.2344
0.276753 49.2053
0.30566 48.676
0.30566 49.985
0.30566 50.6509
0.276753 49.6327
0.276753 50.4363
0.276753 48.572
0.276753 49.0918
0.30566 50.3854
0.30566 50.4388
0.30566 50.4337
0.335907 50.158
0.30566 50.025
0.30566 49.7216
0.30566 50.0776
0.276753 50.6586
0.30566 50.6997
0.30566 50.4923
0.276753 50.3981
0.294668 49.838
0.294668 50.3728
0.30566 50.6201
0.276753 50.4083
0.276753 50.6509
0.276753 50.5715
0.276753 50.1706
0.276753 49.7611
0.276753 50.2134
0.30566 49.5933
0.335907 50.6329
0.335907 50.3956
0.30566 50.764
0.30566 50.0375
0.30566 50.5868
0.30566 50.3626
0.30566 49.985
0.276753 50.7408
0.283019 50.5561
0.283019 50.1404
0.283019 49.8679
0.283019 49.2975
0.254613 49.2562
0.254613 49.8952
0.283019 49.7216
0.283019 49.4731
0.312741 48.4872
0.283019 48.6027
0.312741 49.9276
0.312741 49.7562
0.312741 49.5958
0.283019 49.4976
0.312741 48.3022
0.312741 49.6648
0.331158 49.965
0.312741 49.8778
0.283019 49.3827
0.283019 49.4022
0.312741 49.0076
0.312741 49.6081
0.312741 49.99
0.312741 49.6303
0.304983 49.6475
0.304983 49.0028
0.304983 48.4848
0.304983 49.7265
0.304983 50.0425
0.276153 49.7141
0.276153 49.8679
0.276153 49.3316
0.276153 49.7315
0.276153 49.3316
0.276153 49.8504
0.24857 50.6432
0.24857 50.5587
0.24857 50.7357
0.276153 50.528
0.276153 50.477
0.276153 50.0425
0.276153 50.4847
0.276153 50.5945
0.276153 50.6791
0.304983 50.5663
0.304983 50.2689
0.304983 49.843
0.304983 49.5761
0.304983 50.3069
0.304983 50.3499
0.276153 50.8027
0.24857 50.4236
0.222153 50.2892
0.222153 50.158
0.24857 49.781
0.24857 50.2058
0.242105 50.3931
0.242105 50.6637
0.26096 50.3018
0.26096 50.3677
0.26096 50.025
0.235174 50.3601
0.235174 50.2588
0.235174 50.4515
0.235174 50.6355
0.235174 50.4847
0.26096 50.5663
0.26096 50.3677
0.26096 49.8853
0.235174 50.638
0.235174 50.0075
0.235174 49.2368
0.235174 49.9002
0.235174 49.6845
0.235174 50.5255
0.235174 50.5587
0.235174 50.4286
0.235174 50.0701
0.235174 50.5153
0.210421 50.6047
0.235174 50.6457
0.266525 50.1832
0.294118 50.3804
0.294118 49.98
0.294118 49.6648
0.266525 50.2311
0.266525 50.7022
0.266525 50.674
0.266525 50.355
0.266525 50.4694
0.266525 50.3297
0.240084 49.9426
0.240084 50.4668
0.240084 50.6637
0.240084 50.6252
0.240084 48.7329
0.214724 50.5715
0.214724 50.5868
0.240084 50.4134
0.240084 49.96
0.266525 50.2917
0.266525 50.4948
0.240084 50.6432
0.240084 50.746
0.240084 50.5459
0.266525 50.355
0.240084 50.2386
0.240084 49.8579
0.240084 50.5229
0.240084 51.0178
0.240084 50.4414
0.214724 50.7074
0.214724 50.5382
0.240084 49.6106
0.240084 50.7588
0.266525 49.4731
0.266525 50.8699
0.240084 50.1907
0.240084 49.9401
0.240084 50.9372
0.240084 50.8208
0.240084 50.9295
0.214724 50.1153
0.214724 50.8544
0.214724 50.4541
0.214724 50.9528
0.240084 50.2134
0.240084 49.9002
0.240084 50.8673
0.240084 50.8828
