0.921292 48.2114
0.921292 44.5673
0.921292 40.4187
0.879566 43.1072
0.921292 44.5038
0.921292 46.4835
0.921292 47.0301
0.921292 47.2478
0.921292 47.1342
0.921292 47.2077
0.784442 47.3037
0.784442 47.0854
0.784442 47.3507
0.879566 47.2233
0.879566 47.2032
0.921292 47.0943
0.879566 47.2925
0.879566 47.2836
0.839613 47.0832
0.879566 47.3261
0.879566 47.3261
0.879566 47.1076
0.879566 46.6723
0.879566 47.0212
0.879566 47.2054
0.921292 47.0146
0.921292 47.3821
0.879566 47.2054
0.819688 47.1231
0.819688 46.0342
0.819471 46.8538
0.801034 47.0898
0.764819 48.0377
0.764819 47.8927
0.844774 47.3575
0.825413 47.2523
0.825413 47.5851
0.896359 47.6145
0.896359 47.4248
0.899183 47.4879
0.899183 47.4947
0.852713 47.3956
0.833174 47.2144
0.839641 47.3082
0.839641 47.3821
0.839641 47.2121
0.795305 47.1787
0.795305 47.6576
0.795305 47.4181
0.852713 47.1365
0.833174 46.9043
0.833174 47.3149
0.795305 47.1832
0.795305 47.3149
0.833174 47.3037
0.852713 47.1832
0.852713 47.3619
0.852713 47.5263
0.833174 47.3709
0.852713 47.2634
0.923179 47.0854
0.855811 47.2456
0.874768 47.1921
0.836066 46.4749
0.874768 47.3238
0.874768 46.9814
0.836066 47.3283
0.836066 47.4046
0.874768 47.1876
0.836066 47.288
0.817407 47.4361
0.817407 47.0455
0.855811 47.3082
0.855811 47.1765
0.817407 47.4361
0.817407 47.1898
0.855811 47.3261
0.817407 46.7617
0.780561 47.3956
0.817407 47.0677
0.780561 47.4496
0.814433 47.0699
0.901768 47.0323
0.899697 47.1498
0.858413 47.2411
0.899697 47.2322
0.921035 46.4922
0.899697 47.2612
0.899697 47.4676
0.899697 47.4608
0.921035 47.2858
0.899697 47.3642
0.899697 46.2749
0.858413 45.2182
0.899697 47.2478
0.858413 47.1098
0.899697 46.6701
0.858413 46.6418
0.858413 46.2385
0.899697 47.4293
0.899697 47.1921
0.899697 47.5579
0.921035 47.2612
0.921035 47.4024
0.921035 47.2478
0.899697 47.3844
0.899697 47.4969
0.921035 47.2077
0.899697 47.3418
0.921035 47.2567
0.858413 47.3979
0.858413 47.2545
0.819471 47.3821
0.801468 47.1565
0.801468 47.335
0.76651 47.344
0.732883 46.9175
0.858413 47.172
0.818885 47.3216
0.732883 47.2322
0.858413 47.2791
0.818885 47.259
0.818885 47.4001
0.899697 47.1943
0.858413 47.2903
0.899697 47.1743
0.921035 47.4811
0.899697 47.2701
0.921035 47.1476
0.899697 47.0455
0.858413 47.3889
0.899697 47.1921
0.858413 46.8823
0.818885 46.7006
0.818885 47.2166
0.858413 47.3194
0.818885 46.5788
0.818885 47.0124
0.818885 47.259
0.858413 47.2478
0.858413 47.5037
0.858413 47.081
0.899697 47.3911
0.899697 47.4226
0.899697 47.1854
0.858413 47.3866
0.81925 46.7224
0.899697 47.4451
0.819471 47.3082
0.921035 47.1943
0.819471 46.9131
0.744441 47.2411
0.899697 47.23
0.899697 47.3037
0.921035 47.3082
0.921035 47.2411
0.899697 47.4541
0.899697 46.0384
0.795545 47.1254
0.921035 47.3485
0.899697 47.0234
0.899697 47.3395
0.921035 47.2858
0.921035 47.3507
0.899697 47.1342
0.858413 47.5556
0.858413 47.3149
0.858413 47.2925
0.858413 47.1698
0.858413 47.0146
0.921035 47.0765
0.921035 47.1365
0.921035 47.081
0.921035 47.4789
0.921035 47.2166
0.900517 47.5195
0.683269 47.4676
0.921035 47.2411
0.728108 47.019
0.899697 47.3664
0.712898 47.3373
0.899697 47.2947
0.712898 47.2791
0.728108 47.2188
0.801468 47.2411
0.819471 47.0478
0.819471 46.9175
0.801468 47.2166
0.801468 47.1076
0.819471 47.4293
0.858413 47.0965
0.858413 46.8209
0.858413 46.6331
0.858413 46.9903
0.921035 47.1298
0.921035 47.25
0.801468 46.8823
0.801468 47.288
0.801468 47.3373
0.899697 47.3597
0.899697 47.132
0.921035 47.0522
0.819471 47.2054
0.801468 46.6962
0.858413 47.0987
0.858413 47.0278
0.76651 47.0832
0.76651 47.0566
0.76651 47.0987
0.819471 47.1342
0.819471 46.6657
0.801468 47.1298
0.899697 47.1854
0.899697 47.0256
0.921035 46.0405
0.921035 47.0168
0.899697 47.0832
0.921035 46.6875
0.899697 46.8318
0.899697 47.0566
0.858413 47.0124
0.921035 47.1542
0.921035 46.5636
0.921035 46.2792
0.921035 47.2634
0.899697 47.2925
0.921035 45.8064
0.899697 47.2233
0.899697 47.3306
0.899697 46.9285
0.899697 46.49
0.921035 47.1431
0.921035 47.2277
0.899697 46.1574
0.899697 47.0035
0.899697 47.25
0.921035 45.9263
0.899697 47.0345
0.801468 46.7836
0.76651 45.9031
0.76651 46.8472
0.801468 47.3059
0.801468 47.1498
0.899697 46.7552
0.801468 47.0633
0.899697 47.3082
0.819471 46.3113
0.899697 46.5311
0.712955 46.6309
0.801468 45.333
0.818885 46.4792
0.878073 47.1476
0.781003 47.2947
0.858413 46.1382
0.858413 47.1542
0.858413 47.1832
0.921035 45.608
0.921035 47.2233
0.899697 47.0301
0.899697 47.2992
0.899697 46.0999
0.899697 47.2679
0.899697 47.1365
0.899697 45.9474
0.899697 46.9506
0.858413 47.2634
0.626982 47.0788
0.818885 46.4317
0.654647 46.9704
0.899697 47.2166
0.712898 45.7687
0.899697 46.9131
0.728108 47.1743
0.899697 46.5983
0.728108 45.7352
0.712898 46.3757
0.801468 46.449
0.899697 45.0633
0.878073 46.5853
0.899697 46.5116
0.920772 45.8316
0.81925 46.4296
0.801468 46.2942
0.81925 45.3823
0.76651 46.5614
0.801468 46.2727
0.801468 46.1659
0.819471 45.6704
0.921035 46.4425
0.899697 46.5484
0.899697 45.5415
0.899697 46.408
0.899697 46.6766
0.899697 46.3542
0.801468 45.4897
0.819471 46.49
0.801468 46.5095
0.819471 46.4727
0.819471 46.3414
0.801468 46.5614
0.801468 46.6396
0.801468 45.5477
0.819471 46.7968
0.801468 46.6331
0.801468 46.6114
0.819471 46.7443
0.899697 47.2478
0.899697 47.2077
0.858413 47.3216
0.921035 47.152
0.899697 46.9219
0.899697 47.3642
0.858413 46.9285
0.76651 47.2188
0.76651 46.8867
0.76651 46.966
0.899697 46.8033
0.899697 46.3049
0.899697 46.5376
0.899697 47.3306
0.899697 47.2567
0.921035 47.0876
0.899697 47.0323
0.858413 46.9484
0.899697 46.7661
0.858413 47.1809
0.921035 47.3732
0.921035 46.7836
0.921035 47.2903
0.899697 47.3059
0.921035 46.9925
0.899697 46.2877
0.921035 47.4248
0.899697 47.3619
0.858413 47.1854
0.818885 47.0102
0.899697 47.1876
0.899697 47.3709
0.899697 47.3979
0.899697 47.3642
0.899697 47.2255
0.921035 47.5308
0.921035 47.4136
0.921035 47.5263
0.858413 47.1342
0.858413 47.3597
0.899697 46.8384
0.899697 46.8384
0.921035 46.607
0.801468 44.7367
0.819471 46.0363
0.899697 46.6723
0.801468 46.5614
0.819471 46.6331
0.819471 46.1894
0.819471 46.4382
0.819471 46.3908
0.801468 46.477
0.921035 46.5614
0.74851 46.1915
0.921035 45.4587
0.801468 46.5246
0.819471 46.6114
0.819471 46.6309
0.878073 45.8253
0.899697 46.7661
0.921035 46.5788
0.858413 46.6788
0.801468 46.5636
0.819471 46.0214
0.712898 46.581
0.683269 45.9158
0.801468 46.408
0.801468 46.4749
0.801468 46.5658
0.801468 46.1979
0.819471 46.5181
0.819471 46.6679
0.819471 46.5593
0.76651 46.503
0.819471 46.365
0.801468 46.4727
0.899697 46.2834
0.858413 46.4533
0.921035 46.292
0.921035 46.3435
0.921035 46.408
0.801468 46.3499
0.591561 46.0384
0.819471 45.6475
0.878073 47.0478
0.728108 46.8165
0.899697 46.0851
0.921035 46.6287
0.920772 45.6558
0.920772 46.6483
0.899697 46.2193
0.819471 46.3027
0.819471 46.5181
0.819471 46.4166
0.801468 46.365
0.801468 46.322
0.76651 46.7093
0.801468 46.4533
0.819471 46.3714
0.921035 46.6461
0.921035 46.2428
0.921035 46.5073
0.899697 46.6027
0.921035 46.7181
0.899697 46.4102
0.858413 46.6766
0.819471 46.5918
0.899697 46.1958
0.899697 46.3499
0.858413 45.6976
0.899697 46.3843
0.899697 46.6636
0.921035 46.9109
0.921035 46.5636
0.921035 46.2899
0.921035 46.5484
0.899697 46.5246
0.858413 46.9065
0.899697 46.5831
0.819471 46.6179
0.801468 46.6353
0.728108 46.788
0.712898 46.7464
0.728108 46.6744
0.801468 46.4403
0.76651 47.05
0.899697 46.7902
0.76651 46.1404
0.819471 46.5311
0.899697 46.9484
0.899697 46.6092
0.899697 46.7924
0.899697 46.7246
0.921035 46.1042
0.819471 45.9643
0.899697 46.5289
0.921035 46.7399
0.899697 46.6636
0.858413 46.1808
0.899697 46.6962
0.858413 46.4403
0.921035 46.3757
0.801468 46.4317
0.801468 46.5268
0.819471 45.2223
0.819471 46.5051
0.858413 46.4145
0.899697 45.469
0.921035 46.5918
0.921035 46.134
0.899697 46.3263
0.899697 46.5528
0.921035 46.4425
0.921035 46.7268
0.899697 45.5685
0.921035 46.4016
0.899697 46.5116
0.921035 45.7185
0.899697 46.7159
0.921035 46.5354
0.858413 46.5658
0.76651 45.8043
0.801468 46.5051
0.712898 46.5181
0.921035 45.9939
0.712898 46.7508
0.921035 46.6374
0.712898 45.9306
0.921035 46.4814
0.899697 46.788
0.858413 45.2858
0.899697 43.4028
0.899697 46.3134
0.899697 46.7181
0.921035 44.8853
0.921035 46.8187
0.921035 46.6919
0.801468 46.5918
0.921035 46.5419
0.801468 46.7902
0.819471 46.4727
0.819471 46.0681
0.76651 46.6527
0.801468 46.6505
0.801468 45.8232
0.801468 46.5116
0.76651 46.7749
0.858413 45.3741
0.801468 46.0469
0.878073 46.7224
0.920772 45.4504
0.920772 46.4965
0.899697 46.834
0.837232 46.7093
0.878073 45.4215
0.921035 46.8779
0.878073 46.4382
0.801034 45.1488
0.801034 46.7093
0.801034 46.594
0.783179 45.3885
0.697412 43.4329
0.712531 46.4468
0.801034 45.3001
0.632318 46.6114
0.800588 46.7246
0.800588 45.4938
0.783179 46.7661
0.801034 46.3736
0.801034 45.3618
0.801034 46.5528
0.801034 46.4253
0.74851 45.4814
0.878073 46.5853
0.899183 46.2278
0.899183 46.3435
0.899183 45.6767
0.783179 46.3499
0.801034 46.5506
0.801034 45.8463
0.801034 46.955
0.783179 46.6266
0.783179 45.6913
0.899183 46.0151
0.899183 45.2489
0.899183 45.9707
0.899183 46.7464
0.899183 46.6723
0.801034 46.4102
0.801034 46.7028
0.899183 46.5875
0.712531 45.4669
0.856421 46.6527
0.801034 46.4016
0.764819 45.5436
0.899183 43.8654
0.899183 46.6744
0.899183 46.6723
0.878073 45.2509
0.878073 46.7771
0.878073 46.7858
0.783179 46.3027
0.801034 45.4339
0.801034 46.3994
0.801034 46.6396
0.801034 46.2385
0.801034 46.8165
0.801034 46.6135
0.783179 46.1489
0.801034 45.901
0.801034 46.7333
0.920502 45.0755
0.801034 47.1743
0.899183 47.353
0.801034 45.9622
0.801034 47.1876
0.801034 47.5059
0.801034 47.4203
0.801034 46.0045
0.782524 47.3306
0.782524 47.0079
0.764819 46.3092
0.763943 47.2657
0.763943 47.2657
0.763943 46.2556
0.763943 47.2903
0.763943 47.3866
0.763943 46.9903
0.763943 46.322
0.763943 47.1943
0.763943 47.1476
0.855389 46.1084
0.834739 47.0677
0.855389 47.3619
0.855389 46.7749
0.855389 45.683
0.855389 47.2166
0.855389 47.1609
0.855389 46.3242
0.855389 47.3821
0.763943 47.0544
0.763943 46.1106
0.763943 46.834
0.763943 46.8318
0.763943 46.8011
0.763943 46.8713
0.746388 47.2813
0.763943 47.3171
0.763943 46.0872
0.763943 46.8647
0.763943 47.1965
0.763943 46.1148
0.763943 46.5268
0.763943 47.4541
0.763943 47.3216
0.763943 46.3263
0.712307 47.2903
0.746388 47.3934
0.763943 46.1148
0.763943 44.3971
0.763943 45.0248
0.763943 47.1498
0.746388 46.1212
0.746388 45.9834
0.763943 46.262
0.746388 45.0126
0.763943 46.7246
0.763943 46.7268
0.763943 45.2632
0.763943 45.3988
0.745289 46.5051
0.745289 46.3542
0.793372 46.0109
0.728059 46.6418
0.775031 46.6353
0.728059 45.6997
0.793372 46.8055
0.745289 46.7093
0.745289 45.4236
0.745289 46.5593
0.745289 46.4706
0.745289 45.0755
0.793372 46.3671
0.793372 46.3757
0.793372 45.7813
0.726562 46.1617
0.726562 46.0045
0.726562 46.5571
0.711097 45.2571
0.711097 46.845
0.711097 41.8866
0.649254 45.8863
0.649254 44.9378
0.649254 45.0999
0.711097 46.4253
0.711097 47.2701
0.711097 46.6027
0.681088 47.3216
0.681088 47.2701
0.681088 46.2899
0.66522 47.2724
0.66522 47.1209
0.66522 46.9792
0.69403 46.4922
0.69403 45.9306
0.676856 45.438
0.633188 45.7289
0.617021 46.5463
0.617021 46.5224
0.633188 45.6288
0.633188 45.5373
0.707763 46.1446
0.707763 45.106
0.707763 46.1382
0.707763 46.1531
0.726562 46.3199
0.726562 46.5333
0.707763 46.6919
0.707763 46.9925
0.688889 47.0699
0.688889 46.845
0.688889 46.9175
0.688889 46.9484
0.688889 46.449
0.617021 46.705
0.617021 47.0013
0.617021 47.1409
0.55102 47.0588
0.55102 46.7093
0.617021 46.9417
0.617021 47.0588
0.688889 47.1587
0.688889 47.0677
0.617021 46.8209
0.617021 47.1098
0.55102 47.1787
0.617021 46.8626
0.55102 47.1498
0.55102 46.9307
0.55102 46.9991
0.55102 47.1498
0.617021 47.2746
0.617021 47.2545
0.688889 47.2277
0.617021 47.1276
0.617021 46.9307
0.55102 47.259
0.617021 47.2121
0.617021 47.1409
0.688889 47.0455
0.688889 47.1209
0.617021 47.0588
0.617021 46.9087
0.617021 47.1276
0.688889 47.0633
0.688889 47.0522
0.767442 47.1231
0.785714 47.1409
0.762663 47.2634
0.785714 47.288
0.762663 47.3059
0.762663 47.201
0.785714 46.9153
0.704545 47.1231
0.807122 47.1409
0.762663 47.3821
0.847352 47.1187
0.847352 46.9748
0.847352 47.1876
0.847352 47.0256
0.704545 47.1676
0.802131 47.3194
0.738095 47.1054
0.690476 47.2099
0.7888 47.335
0.838816 47.0832
0.750381 47.1009
0.802131 46.5528
0.802131 47.172
0.762663 47.2032
0.762663 47.2099
0.762663 47.0677
0.807122 47.2032
0.68 47.0345
0.762663 47.2836
0.68 47.2791
0.778778 46.9638
0.799697 46.9351
0.796987 47.0898
0.7114 47.3059
0.799697 47.1654
0.799697 47.2456
0.799697 47.3059
0.778778 46.955
0.778778 47.132
0.762663 46.6941
0.762663 46.9748
0.762663 45.7959
0.747875 46.6832
0.688889 46.8999
0.676671 45.2141
0.676671 45.92
0.670621 46.7464
0.670621 45.4525
0.670621 46.3027
0.707561 46.0236
0.707561 46.6897
0.707561 46.5528
0.707561 47.112
0.707561 47.0057
0.707561 45.7938
0.707561 46.6461
0.707561 46.6897
0.707561 45.8295
0.707561 46.8735
0.707561 46.3177
0.707561 45.9517
0.707561 45.4442
0.707561 45.7206
0.707561 45.6517
0.700948 46.2
0.700948 47.0478
0.700948 46.8077
0.681933 46.2834
0.681933 46.6723
0.681933 46.6744
0.740299 45.5872
0.740299 47.0323
0.740299 46.7683
0.740299 45.3391
0.740299 46.8472
0.740299 46.5311
0.700948 45.5063
0.700948 47.0478
0.700948 46.8384
0.740299 45.7813
0.740299 46.9594
0.740299 46.8165
0.740299 45.5166
0.717593 46.9969
0.700948 46.7968
0.740299 45.3597
0.740299 46.8494
0.740299 46.9881
0.740299 45.1855
0.740299 46.8231
0.740299 47.1298
0.740299 46.7749
0.740299 45.6725
0.740299 46.1042
0.740299 46.8428
0.740299 44.1267
0.740299 46.7028
0.740299 46.4706
0.740299 46.151
0.740299 46.8647
0.740299 46.8538
0.740299 46.2513
0.740299 46.9594
0.740299 46.8845
0.740299 45.4669
0.740299 47.1054
0.740299 47.0168
0.740299 45.6558
0.740299 46.6853
0.740299 46.7268
0.740299 45.8863
0.740299 46.7661
0.740299 46.2556
0.740299 45.61
0.740299 46.2727
0.740299 46.788
0.740299 45.8232
0.740299 46.9881
0.740299 46.834
0.740299 45.3782
0.740299 46.0257
0.740299 46.9726
0.740299 47.0212
0.740299 46.4468
0.700948 46.9197
0.700948 46.9241
0.700948 46.5311
0.740299 47.0168
0.740299 47.0478
0.740299 45.7603
0.740299 46.8626
0.740299 47.0987
0.740299 46.6788
0.740299 46.7006
0.740299 47.0079
0.740299 46.7727
0.740299 45.8547
0.740299 46.8933
0.740299 46.8691
0.740299 45.8716
0.740299 46.6309
0.740299 47.0035
0.740299 45.4236
0.740299 46.7946
0.740299 47.081
0.740299 45.5768
0.740299 46.6766
0.740299 46.3714
0.740299 47.1209
0.740299 46.7749
0.740299 46.9594
0.740299 46.5528
0.740299 46.4598
0.740299 47.2478
0.707561 46.8955
0.707561 46.0236
0.670621 47.0699
0.707561 47.1676
0.670621 45.556
0.707561 44.3754
0.670621 46.7836
0.684831 47.0301
0.666667 45.8631
0.666667 46.8362
0.648286 47.1209
0.648286 45.9411
0.648286 46.8384
0.648286 47.172
0.648286 45.6142
0.648286 46.0575
0.648286 47.172
0.633545 47.1431
0.648286 46.5441
0.648286 47.0898
0.648286 47.0633
0.648286 46.4965
0.648286 47.0522
0.648286 46.9947
0.648286 45.861
0.648286 47.1698
0.648286 47.172
0.648286 45.775
0.648286 46.6331
0.621746 47.081
0.640118 46.7508
0.665025 46.3693
0.665025 46.5289
0.665025 46.8691
0.665025 45.7018
0.665025 47.05
0.665025 46.8999
0.665025 46.0087
0.665025 46.7727
0.665025 47.061
0.665025 46.9373
0.665025 45.6997
0.628916 47.1898
0.628916 46.6592
0.628916 46.5246
0.628916 47.1387
0.628916 46.8406
0.628916 46.6179
0.628916 46.8077
0.628916 47.0057
0.628916 45.9643
0.628916 46.9969
0.628916 47.1943
0.665025 45.9369
0.561201 47.0788
0.681818 46.8252
0.561201 46.7946
0.665025 46.1276
0.561201 46.9462
0.665025 46.8384
0.561201 46.5181
0.665025 47.1342
0.561201 46.7421
0.665025 46.5398
0.628916 46.7639
0.665025 46.9947
0.665025 45.7813
0.665025 47.2545
0.665025 46.8099
0.665025 45.9791
0.665025 45.2899
0.665025 43.5787
0.665025 46.753
0.665025 47.1098
0.665025 45.7331
0.665025 47.0345
0.665025 47.1276
0.665025 46.183
0.665025 46.3092
0.665025 47.3015
0.665025 46.8823
0.665025 45.0653
0.665025 47.2166
0.665025 47.0345
0.665025 46.5593
0.665025 47.2255
0.665025 47.1165
0.665025 46.4102
0.665025 47.1476
0.687398 47.2545
0.6496 45.9137
0.67012 46.9219
0.67012 47.0876
0.709625 45.6871
0.709625 47.0433
0.709625 47.0588
0.67012 46.6005
0.67012 46.2321
0.67012 47.1231
0.596344 47.1832
0.596344 46.2792
0.67012 47.1609
0.6048 46.8801
0.680067 46.4166
0.680067 47.2724
0.67012 47.2925
0.67012 45.9074
0.6496 46.5918
0.621746 46.7596
0.602771 45.3988
0.602771 46.8933
0.602771 46.0893
0.602771 45.7561
0.602771 47.2344
0.602771 46.6244
0.602771 45.8968
0.602771 46.1979
0.636792 46.8033
0.636792 45.3638
0.636792 46.9329
0.602771 46.9506
0.602771 47.0588
0.602771 46.6179
0.636792 46.8933
0.636792 45.8674
0.602771 45.9495
0.538803 46.6505
0.479744 45.5125
0.538803 46.6657
0.602771 47.1898
0.636792 45.9263
0.657277 46.8252
0.6496 46.9726
0.67012 45.2878
0.6496 44.4247
0.621746 46.8296
0.602771 46.2556
0.602771 46.1425
0.636792 46.955
0.636792 46.8691
0.636792 45.7352
0.602771 46.8296
