0.98901 18.8932
0.976137 23.61
0.967338 23.6798
0.950358 23.5921
0.899652 22.007
0.902165 21.3803
0.96763 21.725
0.970153 21.6976
0.921113 22.8974
0.96002 23.3896
0.970368 23.316
0.966015 23.2721
0.963516 23.1744
0.954866 23.116
0.952157 23.0181
0.949262 22.8718
0.924568 22.8305
0.9266 22.7796
0.8583 22.4815
0.890433 22.4765
0.920603 22.9975
0.953234 23.6883
0.986307 24.2901
0.86389 23.686
0.908245 24.2913
0.94528 25.2538
0.931181 25.0947
0.951499 25.1959
0.923492 25.079
0.942538 25.8104
0.896835 26.3283
0.922285 26.2881
0.867692 26.2778
0.869448 26.6603
0.81745 26.4166
0.813182 25.8011
0.837374 26.441
0.889646 26.7802
0.838526 27.5801
0.873712 27.6985
0.834414 27.7986
0.88587 28.1897
0.897791 28.0899
0.841378 28.4083
0.807354 28.8875
0.832434 28.9285
0.800794 28.8284
0.813509 29.423
0.785026 30.0707
0.82283 30.2801
0.846289 30.4952
0.820258 30.3924
0.814518 30.6457
0.833758 31.3844
0.858755 31.3814
0.845868 31.3136
0.89231 31.6957
0.902746 31.5986
0.825068 31.5487
0.835498 31.6406
0.848809 31.4426
0.820875 31.4842
0.855176 32.145
0.863378 32.1937
0.849344 32.1141
0.83138 32.4475
0.850633 32.5542
0.859542 32.5108
0.865489 32.515
0.868378 32.3593
0.861231 32.7022
0.788606 32.6936
0.793893 32.8386
0.806871 32.8969
0.838702 33.1038
0.762007 33.4024
0.84045 33.6768
0.779636 33.1312
0.761672 33.2779
0.80601 34.0159
0.858926 34.1565
0.794974 34.1099
0.805228 34.1974
0.809162 34.2185
0.809824 34.4507
0.82477 34.6464
0.815992 34.303
0.831794 34.6981
0.829058 34.8566
0.839343 35.2833
0.842231 35.2361
0.818456 35.6888
0.811752 35.85
0.808982 35.6913
0.780947 36.0244
0.842369 36.2004
0.812717 36.3531
0.783041 36.4126
0.788048 36.7296
0.811406 36.5017
0.833718 36.6113
0.763965 36.6919
0.778232 36.735
0.797035 36.6555
0.823871 36.9331
0.865469 36.8392
0.792587 36.9645
0.808009 36.8365
0.82157 37.0672
0.85416 37.1982
0.827411 37.4195
0.852479 36.8936
0.794882 37.1264
0.772197 37.3762
0.755474 37.6039
0.786108 37.5643
0.803312 37.4504
0.794643 37.679
0.830398 37.8444
0.79381 37.8272
0.804996 38.2248
0.854323 38.4675
0.830265 38.6518
0.868767 38.6623
0.8781 38.5922
0.791677 38.4364
0.696778 38.3421
0.728098 38.6279
0.842429 38.5416
0.793861 38.9848
0.825373 38.5609
0.848835 38.4453
0.769451 39.0869
0.782552 38.8395
0.7965 39.2141
0.810899 39.0625
0.819804 39.2049
0.818492 39.3778
0.831198 39.4742
0.85266 39.5304
0.856293 39.5617
0.860173 38.7147
0.864524 39.4228
0.855373 39.3747
0.88911 39.5507
0.820994 39.6181
0.841643 39.3159
0.840889 39.6401
0.863853 39.6747
0.834579 39.5773
0.87856 39.8867
0.830537 39.6574
0.815391 39.5523
0.869463 38.9545
0.795111 39.8835
0.807679 39.7915
0.807912 39.6747
0.832418 40.2188
0.803932 40.222
0.794865 40.0144
0.810929 40.334
0.816442 40.624
0.837783 40.9082
0.843482 40.2334
0.836004 40.6256
0.799063 40.3959
0.836042 40.563
0.872706 41.0914
0.833704 41.0914
0.860375 41.1828
0.793786 41.1913
0.78222 41.1387
0.821254 41.1489
0.830131 41.1624
0.781247 41.176
0.822025 41.389
0.793338 41.542
0.820653 41.0711
0.833895 41.3514
0.7937 41.2065
0.798211 41.365
0.783983 40.4924
0.864713 41.5007
0.854331 41.4147
0.870668 41.3633
0.803074 41.7119
0.802817 41.0391
0.80184 41.6493
0.75648 41.5766
0.811403 41.3104
0.818987 41.6302
0.813688 42.0045
0.801817 41.7711
0.811488 42.0115
0.82881 40.8747
0.811973 41.7589
0.805251 41.9833
0.798536 41.869
0.853827 42.0893
0.86872 42.0045
0.811924 42.1372
0.794431 42.3298
0.826386 42.0097
0.785826 42.2994
0.846999 42.3513
0.75649 40.9199
0.737944 42.3531
0.831062 42.5369
0.878216 41.9481
0.810868 42.6621
0.800612 42.107
0.83549 42.4899
0.833045 41.8655
0.794478 42.4773
0.831571 42.6167
0.790993 42.6694
0.807145 42.7661
0.792151 43.1835
0.813921 42.8725
0.798357 42.9997
0.788957 43.0311
0.811785 43.0219
0.82195 42.9166
0.820071 43.1351
0.708981 43.1444
0.731526 42.9406
0.760855 42.9904
0.742707 42.8798
0.769484 43.1611
0.790251 42.8504
0.823487 42.9056
0.777534 43.1034
0.805832 43.3013
0.759665 43.4669
0.772537 43.4047
0.810731 43.3915
0.758384 43.2208
0.83095 43.592
0.740062 43.3614
0.728353 43.4991
0.754473 43.4254
0.776188 43.7044
0.848125 43.4839
0.810855 43.5768
0.852985 43.0385
0.818981 43.6091
0.799632 43.6929
0.795748 43.4141
0.795748 43.9078
0.813724 43.8827
0.851617 44.0548
0.786551 43.8154
0.83264 43.7407
0.791721 43.8558
0.840895 44.0044
0.853813 43.5901
0.803996 44.0373
0.832959 43.4783
0.812812 43.9309
0.818731 43.8924
0.783416 43.9676
0.837479 44.2752
0.817166 43.9116
0.747717 44.0859
0.81487 44.1462
0.81487 43.6148
0.724123 44.0781
0.826498 44.2615
0.784646 44.2615
0.753695 42.5297
0.801092 43.9773
0.802616 44.1657
0.759872 44.082
0.811884 44.0238
0.778095 44.3341
0.74529 44.4306
0.747072 44.285
0.799105 43.8443
0.819706 44.0956
0.699259 44.2733
0.721073 44.3105
0.795385 44.5038
0.81656 44.0781
0.772777 44.3695
0.815608 44.2048
0.801242 42.8357
0.813665 44.5375
0.718371 44.4129
0.777996 44.6528
0.787395 44.5395
0.780355 44.4721
0.791312 44.4306
0.734753 44.6688
0.787599 44.603
0.786052 44.5494
0.71965 44.8129
0.751553 44.8893
0.751553 44.9924
0.728137 45.1712
0.711555 45.1101
0.730979 44.9075
0.685535 45.0268
0.712418 45.1345
0.709803 45.0146
0.732793 44.9479
0.701023 45.2673
0.760281 45.1896
0.831844 45.161
0.826733 45.1365
0.761658 44.8069
0.757491 45.1488
0.695113 45.1447
0.573687 44.6568
0.558141 44.9984
0.61464 45.0045
0.554765 45.0816
0.548263 44.958
0.45773 44.8752
0.505474 44.9216
0.440226 44.7527
0.464694 44.9317
0.503684 45.0065
0.416719 45.0288
0.456272 45.0938
0.578541 44.9115
0.605005 44.6548
0.556068 44.8954
0.49417 44.8069
0.464229 45.1977
0.430138 44.3774
0.484477 45.2264
0.602391 44.8893
0.609182 45.1162
0.570356 44.2968
0.564893 44.9055
0.542606 44.3853
0.503045 44.8853
0.542606 45.0167
0.522206 44.9863
0.522697 45.0877
0.51163 44.9479
0.618754 45.0227
0.618209 44.5137
0.661325 44.9236
0.688844 45.0877
0.747887 45.0694
0.699335 45.2735
0.589734 44.5653
0.58162 45.161
0.577938 44.7487
0.580008 45.3556
0.611013 45.0045
0.611852 44.9519
0.627872 45.4483
0.611106 45.3556
0.702873 45.1508
0.497955 45.498
0.514553 45.6267
0.539104 45.0857
0.643993 45.1284
0.715038 45.163
0.697012 44.831
0.67557 45.253
0.690636 45.2304
0.710711 45.4256
0.710176 45.498
0.666389 45.3309
0.676327 45.1875
0.619261 45.4215
0.630962 45.2776
0.659365 45.1671
0.659498 45.2591
0.653127 45.0674
0.685714 45.2304
0.623641 44.8793
0.582278 45.3844
0.67619 45.0288
0.624384 44.9055
0.657832 44.964
0.630109 44.5732
0.654695 44.4504
0.642951 44.7748
0.678097 44.5772
0.671908 44.4781
0.695849 44.5971
0.775388 44.2028
0.740922 44.4089
0.769654 44.0606
0.792117 43.9406
0.773036 43.7311
0.727996 44.0529
0.713331 44.0373
0.699107 44.2008
0.686842 43.8693
0.685306 43.9792
0.671911 44.156
0.676555 44.3361
0.625288 43.6072
0.618158 43.5863
0.59539 44.2811
0.576408 44.2302
0.564619 44.3361
0.579336 44.2087
0.551994 44.2008
0.516047 43.9734
0.496584 43.9213
0.534565 43.9986
0.551826 44.1579
0.519471 43.9734
0.530368 44.4603
0.521346 44.0859
0.527997 44.0083
0.550375 44.285
0.557736 44.2302
0.569041 44.3715
0.559108 44.2145
0.608696 44.1228
0.58959 43.8174
0.595183 44.0548
0.540405 43.7886
0.495018 44.0432
0.489833 43.4972
0.483672 43.7445
0.492371 43.8943
0.475882 43.352
0.476432 43.7771
0.485651 43.5104
0.51813 42.8101
0.506581 42.8101
0.529453 42.7259
0.495837 42.9479
0.500891 43.0441
0.503196 42.3926
0.520678 42.3173
0.489283 42.1834
0.463995 41.7049
0.466268 41.9252
0.472906 41.2303
0.467667 41.5007
0.448632 40.9954
0.451721 40.6951
0.45275 41.0155
0.436687 40.8898
0.484885 40.5137
0.422581 40.4826
0.432922 40.5039
0.411545 40.4547
0.407142 40.04
0.363016 40.1316
0.370431 39.9122
0.344334 39.7931
0.345533 39.8931
0.32806 39.5023
0.33132 38.9955
0.313321 39.2526
0.293577 39.2542
0.300269 39.185
0.282278 39.0747
0.271187 39.2126
0.257782 39.2619
0.245366 39.0564
0.234608 39.0732
0.22455 39.0503
0.214086 39.0366
0.20595 39.0411
0.196435 39.0549
0.189112 39.4073
0.184024 38.9696
0.180146 39.0823
0.173867 39.3267
0.171115 39.09
0.168406 39.2357
0.166716 39.0533
0.164183 38.8184
0.164216 39.1834
0.162946 38.8863
0.163278 38.3627
0.163997 39.2727
0.165158 39.0198
0.168414 39.2465
0.168001 38.3966
0.168418 39.2418
0.168433 39.1037
0.170161 39.2511
0.173183 39.4586
0.175006 39.3035
0.180887 39.2634
0.184798 39.0168
0.186818 39.1681
0.189819 39.2958
0.179681 39.582
0.182813 39.5946
0.17265 39.8438
0.163917 39.8264
0.166227 39.8438
0.158889 40.2059
0.152355 40.3226
0.148239 40.6537
0.140843 40.568
0.136142 40.838
0.138831 40.8413
0.132842 41.1557
0.12762 41.2729
0.132268 41.7816
0.128817 41.5956
0.122617 41.9586
0.116777 41.8831
0.11913 42.1195
0.122225 42.1799
0.119519 42.1514
0.114115 42.4466
0.108475 42.4592
0.11215 42.8504
0.11257 42.7022
0.11406 42.584
0.110653 42.7168
0.114669 42.6913
0.109086 42.8486
0.111577 43.0052
0.107445 42.8706
0.107764 42.7606
0.102795 42.9627
0.102381 42.9056
0.0975318 43.0737
0.100346 43.3463
0.0956381 43.2358
0.0967333 43.4348
0.0975232 43.2227
0.0983427 43.482
0.0990644 43.4122
0.0930223 43.7541
0.101164 43.465
0.0940039 43.7254
0.0910188 43.4972
0.0919221 43.8385
0.092502 43.7886
0.0930893 43.4386
0.0942086 43.7924
0.0888045 43.554
0.0902903 43.8635
0.0908672 43.2339
0.0913352 43.8943
0.0912217 43.4877
0.0908163 44.0044
0.092116 43.7828
0.0925291 43.4953
0.0930623 43.6414
0.0930623 43.8808
0.0933044 44.0606
0.0919283 43.8962
0.0925291 44.047
0.09246 43.6186
0.0938606 43.5085
0.089071 43.8924
0.09343 43.8078
0.0925806 44.0257
0.0942191 43.779
0.0934853 43.85
0.0940367 43.5445
0.0931818 43.3088
0.0881471 43.7828
0.0879276 43.9406
0.0883236 43.5711
0.0889047 43.7694
0.0890142 43.985
0.0897129 43.8539
0.0950331 43.7771
0.090009 43.8558
0.095274 43.8212
0.0953993 43.6643
0.0956594 43.8635
0.0911993 44.0684
0.0892419 43.8712
0.0893602 44.016
0.09447 43.6529
0.0937324 43.7579
0.0939122 44.117
0.0931818 43.9271
0.0927602 43.827
0.0990998 41.2133
0.0987791 43.63
0.0987791 42.4016
0.0978891 44.0315
0.0970151 43.6091
0.0963567 43.8481
0.0959341 44.0276
0.0948969 43.8251
0.0961566 43.3689
0.0958464 43.6072
0.100466 43.4802
0.0995002 42.9074
0.0987473 43.5521
0.0986312 43.5332
0.0983161 42.7442
0.0980029 43.6376
0.105137 43.1648
0.104018 43.1555
0.103004 43.4065
0.108972 43.1909
0.108069 43.4235
0.106935 43.2582
0.108198 42.9387
0.105696 43.3896
0.104804 43.1239
0.111137 43.0942
0.109407 43.4028
0.108953 43.1295
0.111137 43.2975
0.117396 43.1555
0.118382 42.9424
0.126769 42.8816
0.127447 42.7862
0.12732 42.7551
0.127608 42.9369
0.127903 43.1537
0.138268 42.5062
0.144728 42.5116
0.148245 42.4484
0.148245 42.5098
0.149002 42.4556
0.151885 42.4376
0.149994 42.5713
0.158836 42.6785
0.158187 42.0681
0.147346 42.7095
0.146351 42.2905
0.146351 42.2583
0.15585 42.2887
0.144399 42.3442
0.155958 42.5496
0.144298 42.4737
0.155327 42.2172
0.153779 42.346
0.162419 42.294
0.163196 41.6979
0.171985 41.7327
0.169475 41.684
0.165813 41.862
0.156088 42.0893
0.156935 42.3119
0.1514 42.0663
0.150439 42.1923
0.155931 42.1532
0.164339 41.9903
0.162565 41.9551
0.159359 41.8323
0.158399 41.7641
0.144317 42.0539
0.141128 41.7816
0.148623 41.7188
0.152391 41.4147
0.144224 41.3531
0.15034 41.5472
0.149744 41.278
0.156152 41.4903
0.151 41.3702
0.158047 41.159
0.147657 40.848
0.155607 41.1455
0.144761 41.0981
0.143369 41.561
0.150333 41.0762
0.149181 41.0391
0.157316 40.9333
0.156733 40.7083
0.145939 40.7647
0.143967 41.0998
0.136457 41.3035
0.137594 41.3274
0.1437 40.8914
0.15184 41.029
0.152526 40.9735
0.147213 41.088
0.156607 40.715
0.150333 41.0357
0.14578 41.2626
0.146814 41.4714
0.143542 41.7763
0.135355 41.7119
0.129639 42.0309
0.122165 42.303
0.124554 42.084
0.124554 42.2636
0.131961 41.7763
0.15401 42.015
0.158124 41.9815
0.141629 42.1053
0.138968 42.4574
0.141452 42.4214
0.137472 42.6257
0.148103 42.5351
0.15223 42.4286
0.15852 42.7625
0.161077 42.4034
0.165231 42.3101
0.16625 42.5333
0.157854 42.7168
0.163985 42.7077
0.171689 42.7515
0.163347 42.8156
0.167397 42.8431
0.165251 42.8027
0.167623 42.735
0.164538 43.0756
0.165784 43.3934
0.169985 43.2339
0.174857 41.9199
0.170505 43.2732
0.176646 43.1835
0.170221 43.2638
0.167955 42.9185
0.157676 43.5939
0.158161 43.6738
0.161406 43.8097
0.166383 43.6662
0.158848 43.8654
0.164737 43.5787
0.159155 42.3137
0.159155 43.7025
0.161997 43.1183
0.158544 44.2439
0.154721 43.3501
0.163358 44.1306
0.167115 43.6681
0.169746 43.7886
0.168982 43.9232
0.168224 43.9059
0.168982 43.3369
0.172445 43.8808
0.170518 43.9464
0.170345 43.8423
0.170345 44.0432
0.166948 43.6129
0.165451 43.8558
0.162198 43.8693
0.162622 43.929
0.161753 43.9483
0.161027 43.8289
0.159596 43.4991
0.156808 43.9213
0.153458 43.902
0.160188 43.7771
0.17077 43.4972
0.164133 43.6529
0.163212 43.5673
0.163895 43.5407
0.163051 43.3595
0.162065 43.5275
0.160047 43.6148
0.160203 43.5085
0.15873 43.9792
0.155061 43.4443
0.167074 43.2545
0.167074 43.4179
0.161608 43.5388
0.156553 43.5294
0.1603 43.2713
0.157745 43.2788
0.158727 43.2152
0.152855 43.7331
0.160809 43.5559
0.162108 43.7963
0.161741 43.6548
0.162085 43.6967
0.15776 43.6681
0.159899 43.4518
0.159552 43.2638
0.160809 43.4122
0.164038 43.352
0.165366 43.3238
0.168776 43.2938
0.16848 43.2264
0.169861 43.3576
0.172551 43.0849
0.166917 43.5142
0.163612 43.4386
0.163241 43.4877
0.166834 43.6891
0.167064 43.3407
0.172762 43.5256
0.174996 43.7292
0.18033 41.1573
0.17167 43.4028
0.173777 43.4047
0.16809 43.8866
0.159336 43.6891
0.15263 44.1482
0.160509 44.0917
0.160413 44.0684
0.173624 44.0393
0.166525 44.0665
0.155299 44.0839
0.167667 44.1755
0.188951 44.2204
0.177941 44.2674
0.17199 44.1501
0.162733 44.484
0.154684 44.0238
0.161048 44.2067
0.153568 44.5058
0.158144 44.4662
0.157906 44.7527
0.157348 44.7067
0.160386 44.7007
0.164138 44.6429
0.163741 44.8752
0.157533 44.5573
0.160589 45.159
0.150091 45.0572
0.156199 45.1998
0.160482 44.6229
0.155078 45.1202
0.154927 44.154
0.154667 45.1712
0.158046 44.0412
0.166031 45.2591
0.17126 45.0106
0.172315 45.3679
0.165079 44.613
0.166134 45.5208
0.164634 44.9317
0.158751 45.6579
0.152542 45.4318
0.149862 45.4773
0.154351 45.2223
0.156923 45.8463
0.174776 45.5685
0.168944 45.0308
0.160268 45.3906
0.15808 45.4566
0.151347 45.3988
0.159322 45.4463
0.160909 45.5955
0.165189 45.4669
0.168062 44.7968
0.16736 43.9155
0.167476 45.7018
0.168985 44.9458
0.159844 46.0299
0.167796 45.6038
0.171186 45.4876
0.114347 45.9348
0.0604396 45.8253
0 45.9221
0.971573 43.4367
0.8008 42.878
0.824654 41.9305
0.89932 43.0682
0.934944 42.8339
0.871178 43.0533
0.853337 43.0737
0.923499 42.8229
0.893516 43.399
0.901024 43.3125
0.898481 43.8596
0.886856 43.7139
0.886403 43.67
0.866084 43.8059
0.906815 43.6453
0.880711 43.6624
0.854914 43.6796
0.863412 43.5825
0.899258 43.6491
0.877594 43.5901
0.853673 43.6357
0.872642 43.8231
0.874552 43.7886
0.891781 43.9174
0.908983 43.9715
0.880993 43.611
0.859676 43.9059
0.898206 43.9599
0.86126 44.0121
0.898206 44.2693
0.880498 44.1092
0.847901 44.0141
0.874248 44.1248
0.90776 44.1716
0.861054 44.1755
0.821367 44.3597
0.844983 44.2087
0.844515 43.9734
0.849687 44.4543
0.797208 43.9696
0.81519 44.1462
0.795773 44.4642
0.777633 44.3164
0.802795 44.1638
0.833009 44.1735
0.811104 44.6449
0.851037 44.0121
0.818725 44.9095
0.781093 44.8471
0.793574 44.7547
0.784456 44.7107
0.803567 44.617
0.736428 44.4682
0.737474 44.6628
0.67106 44.7608
0.629287 44.9357
0.681258 44.8954
0.784016 44.7327
0.707095 44.6728
0.685493 45.0167
0.709109 45.2489
0.724012 44.841
0.726834 45.1101
0.709894 45.1794
0.728335 44.9924
0.684752 44.7207
0.687128 43.7388
0.696673 44.5018
0.692057 44.6987
0.642535 44.9539
0.680705 44.7487
0.644229 44.8712
0.648914 44.964
0.667805 44.5613
0.651196 44.8793
0.68771 44.9883
0.691582 44.6369
0.614729 44.7387
0.647636 44.6987
0.676929 44.6688
0.621802 44.6887
0.665335 44.5772
0.688551 44.8873
0.67333 44.9014
0.701115 44.6668
0.67982 44.3105
0.638925 45.0045
0.66336 44.8189
0.648896 44.6429
0.653269 44.8551
0.685902 44.3715
0.645916 44.5732
0.641507 44.7989
0.646508 44.6349
0.652622 44.7427
0.627703 44.7027
0.610997 44.4346
0.563417 44.9176
0.720147 44.9802
0.650113 44.9458
0.66142 44.5613
0.650619 44.8571
0.638819 44.9479
0.623226 44.9398
0.678867 44.8994
0.654565 44.9075
0.655515 44.7848
0.668452 45.039
0.654748 44.9741
0.636104 44.9964
0.598036 44.9802
0.590778 44.9499
0.607656 44.5871
0.618396 44.7287
0.620224 45.0694
0.667017 44.6887
0.676019 44.5971
0.63864 45.0674
0.638472 44.0898
0.61544 44.6349
0.696981 44.6748
0.694794 44.6887
0.736783 44.5514
0.678839 44.6788
0.650716 45.0796
0.641274 44.843
0.612869 44.2635
0.687597 45.1488
0.627154 44.2988
0.617252 44.016
0.641958 45.0086
0.630314 45.1141
0.593121 44.9297
0.623188 45.0005
0.63671 44.3066
0.734617 44.7868
0.650904 44.8914
0.665214 45.3268
0.608618 45.2161
0.661082 44.9863
0.617267 45.1345
0.681288 45.0613
0.717841 45.106
0.712642 45.4814
0.683115 45.0146
0.655541 44.3833
0.715341 44.964
0.747611 44.8511
0.664105 45.469
0.684601 45.2141
0.710913 44.9176
0.611466 45.2304
0.680581 44.8873
