0.978274 33.5413
0.955636 32.4275
0.966619 32.5087
0.969679 33.1071
0.926975 32.6488
0.954345 32.6968
0.94975 33.1708
0.906989 33.0262
0.920904 33.0852
0.930456 33.1488
0.910856 32.9968
0.983585 32.5765
0.955633 32.7643
0.941641 32.8009
0.944556 32.8472
0.943816 32.5882
0.94022 32.4749
0.940921 32.6637
0.909598 32.3144
0.942837 32.3929
0.946537 32.3834
0.942841 32.2966
0.942257 32.2997
0.945921 32.2695
0.910183 32.0349
0.881196 31.8624
0.89414 31.5139
0.908507 31.6566
0.875713 31.4535
0.89543 31.4961
0.902457 31.3814
0.894896 31.3794
0.89414 31.4189
0.883826 31.1769
0.901081 30.8985
0.893352 31.0241
0.893352 30.8852
0.898299 30.9014
0.89414 31.2969
0.902457 31.3598
0.906072 31.1148
0.901906 31.0984
0.901533 31.2159
0.900721 31.2003
0.893362 30.7806
0.886656 31.3009
0.877456 31.4218
0.878173 31.3038
0.882206 31.3637
0.89027 31.3627
0.893286 31.25
0.887019 31.1857
0.9071 31.5996
0.912748 31.6616
0.922633 31.6006
0.854766 31.5906
0.866 31.6496
0.87631 31.4416
0.89619 31.2588
0.91645 31.173
0.935259 31.0897
0.938692 31.3716
0.884898 31.3107
0.828961 31.3607
0.885908 31.1993
0.872417 31.2168
0.946427 30.9693
0.948148 32.0667
0.927343 32.0605
0.909618 32.2175
0.895831 31.904
0.892479 32.307
0.891561 32.2956
0.894475 32.477
0.918897 32.6669
0.944168 32.5362
0.960725 32.5394
0.957503 32.3279
0.969509 32.2685
0.895479 32.5045
0.921306 32.515
0.937497 32.33
0.939099 32.4918
0.961093 32.5436
0.942308 32.4644
0.962652 32.7654
0.898555 32.9359
0.895771 32.7097
0.887362 32.9609
0.926387 33.3178
0.943049 33.0251
0.961051 33.0077
0.847416 33.33
0.895832 32.8677
0.907113 33.2303
0.903518 33.2193
0.905946 33.6123
0.938943 33.4135
0.968649 33.2535
0.977306 33.2392
0.929181 33.3712
0.92624 32.9327
0.91888 32.4454
0.930475 33.0284
0.932264 31.3058
0.851892 33.248
0.884626 33.2579
0.92672 33.4538
0.949315 33.3734
0.950831 33.627
0.924326 33.5525
0.873115 33.4012
0.875866 33.1862
0.877902 33.3957
0.869364 33.7154
0.904821 33.6621
0.814232 33.601
0.847293 33.7382
0.873208 33.8295
0.859559 33.5931
0.934501 33.6168
0.850292 33.7849
0.873724 33.6598
0.826643 33.6247
0.911006 34.0634
0.900559 33.9501
0.944423 34.0449
0.842908 33.9559
0.795894 34.2877
0.84185 34.3879
0.862103 33.0229
0.818195 33.484
0.822233 34.3903
0.857488 34.1274
0.84116 34.2079
0.846614 33.5728
0.848952 33.7883
0.835687 34.1822
0.842847 34.5638
0.785105 34.5698
0.769231 34.7138
0.736746 34.6356
0.711393 34.9296
0.767479 35.2485
0.820273 35.0545
0.895148 34.7078
0.824548 35.1766
0.835579 35.1235
0.816174 35.0607
0.815448 35.387
0.836936 35.3294
0.850714 35.5252
0.840308 35.1828
0.798579 35.4522
0.816329 35.3033
0.862109 35.8012
0.840645 35.5885
0.828575 35.7436
0.801677 35.7322
0.785545 35.8757
0.81704 35.7628
0.777978 35.7667
0.818479 35.6621
0.856012 35.713
0.805011 35.8551
0.787284 35.6506
0.751661 35.8551
0.766234 36.1507
0.816334 35.5999
0.83204 35.9157
0.846874 35.9131
0.776734 36.0282
0.813332 35.9363
0.779163 36.0166
0.738328 36.0581
0.751213 36.0789
0.773567 35.9893
0.799593 35.8449
0.759618 36.0192
0.800061 36.3967
0.804606 36.2056
0.790253 36.1024
0.790734 36.0776
0.781616 36.3174
0.777243 36.1781
0.781505 36.2293
0.777022 36.1781
0.733179 36.3359
0.74266 36.1834
0.746756 36.5484
0.768289 36.1781
0.772755 36.5003
0.790734 36.2647
0.795231 36.3319
0.793918 36.207
0.818658 36.2109
0.750189 36.1481
0.772312 36.3121
0.772312 36.3451
0.768208 36.152
0.767073 36.3531
0.772755 36.2319
0.768427 36.2463
0.764256 36.3888
0.777297 36.3319
0.781616 36.2188
0.76776 36.1742
0.768208 36.1076
0.763268 36.1285
0.746 36.1991
0.733257 36.1925
0.790786 36.3848
0.776868 36.1834
0.777297 36.3663
0.772919 36.036
0.777324 36.2332
0.777514 36.0828
0.78178 36.357
0.780458 36.3187
0.794869 36.4697
0.813904 36.1507
0.80454 36.27
0.734059 36.3835
0.742558 36.3319
0.750515 36.0049
0.759618 36.2503
0.755624 36.1102
0.759914 36.3848
0.724754 36.224
0.741677 36.402
0.754588 36.0972
0.772405 36.1481
0.754531 35.8835
0.736537 35.6812
0.741167 36.1899
0.753586 36.2621
0.741657 36.1454
0.710839 36.2674
0.741406 36.3875
0.741046 36.2805
0.726404 36.207
0.753865 36.1533
0.736798 36.0231
0.776216 36.3029
0.714941 36.2555
0.736494 36.507
0.701832 36.27
0.687876 36.3266
0.748247 36.2319
0.703826 36.2555
0.693794 36.4804
0.668355 36.7742
0.714995 36.5564
0.733018 36.7552
0.697043 36.6408
0.674895 36.7512
0.705857 36.6408
0.71002 36.7498
0.709429 36.5885
0.722718 36.669
0.69555 36.5979
0.677144 36.3544
0.70011 36.6986
0.727208 36.8216
0.671761 36.9263
0.707422 36.6059
0.734976 36.8067
0.684206 36.7836
0.710983 36.8854
0.678102 37.0741
0.710983 37.1181
0.682831 37.1485
0.687086 37.1264
0.705519 37.2842
0.710377 37.4014
0.706048 36.9031
0.709875 37.0316
0.671506 37.0631
0.636143 37.4097
0.638128 37.428
0.664601 37.6534
0.653706 37.4841
0.674152 37.7088
0.658242 37.237
0.6903 37.3051
0.666035 37.4153
0.65909 37.8659
0.668956 37.7715
0.693995 37.428
0.66146 37.723
0.671652 37.3692
0.713356 37.3455
0.672314 37.5629
0.657003 37.6918
0.666796 37.8201
0.708409 37.7401
0.677812 37.2176
0.66962 37.0453
0.649985 37.7972
0.59419 37.7943
0.634294 37.9694
0.65854 38.2599
0.61776 37.6861
0.636906 37.2204
0.605974 37.7245
0.634034 38.0431
0.621325 37.7358
0.67873 37.8974
0.641119 38.0098
0.630937 38.1825
0.629632 38.1811
0.6319 38.4246
0.610901 38.3391
0.645319 38.6862
0.586277 38.6653
0.629273 38.03
0.667688 38.5015
0.662582 38.2585
0.641399 38.0373
0.593921 38.6683
0.625874 38.6458
0.595999 38.4025
0.583594 38.2248
0.595132 38.61
0.620818 38.5698
0.603303 38.4335
0.596039 38.3848
0.631429 38.6772
0.586488 38.4778
0.466846 38.4911
0.659476 38.7732
0.662651 38.4069
0.647483 38.5119
0.66189 38.847
0.615332 38.4541
0.604743 38.7913
0.621271 38.8591
0.625012 38.8878
0.596939 38.5282
0.587405 38.9848
0.592892 38.8908
0.616543 39.0961
0.628337 39.1543
0.574111 38.8244
0.597422 39.0305
0.612223 38.7612
0.636325 38.4986
0.628761 37.9176
0.61513 38.2059
0.6129 38.8546
0.605137 38.4541
0.567585 38.7477
0.595942 38.9105
0.571452 38.8319
0.616169 38.7087
0.564584 38.7642
0.613348 38.8863
0.617778 38.8154
0.587413 38.7747
0.638868 39.0472
0.620209 38.835
0.597955 38.85
0.606079 38.8893
0.603546 38.9879
0.585167 38.912
0.581001 38.9514
0.586207 38.8893
0.628029 38.8923
0.570574 39.2804
0.592075 39.1727
0.6 39.3298
0.568361 39.1803
0.628405 39.2727
0.600108 39.2542
0.609274 39.3174
0.600258 39.3732
0.587544 39.1497
0.550607 39.3283
0.582976 39.5946
0.593553 39.3577
0.578071 39.5977
0.645439 39.6275
0.621448 39.4867
0.594139 39.7836
0.628866 39.7504
0.555683 39.6197
0.566885 39.4493
0.536596 39.7078
0.569098 39.7046
0.595093 39.7488
0.672515 39.7804
0.642407 39.5132
0.65188 39.5288
0.618078 39.5773
0.587467 39.7204
0.567568 39.8089
0.583725 39.4493
0.587516 39.8153
0.597289 39.6888
0.56495 39.546
0.596349 39.7804
0.56245 39.8311
0.582142 39.6134
0.597289 39.703
0.579653 39.82
0.581538 39.8359
0.579375 39.029
0.578244 39.6401
0.55534 39.7583
0.578244 40.0304
0.567251 39.9696
0.571615 39.557
0.551256 39.6354
0.571339 40.0224
0.596525 39.847
0.580203 40.024
0.539581 40.1252
0.539441 40.1188
0.561909 39.9393
0.493408 39.681
0.498735 40.0866
0.497583 39.8915
0.530079 40.1123
0.496314 39.7109
0.544524 39.8375
0.563875 39.992
0.521369 39.909
0.523437 39.7488
0.509422 40.0176
0.46893 40.0112
0.445864 40.0449
0.45804 40.0529
0.49995 39.8804
0.510041 40.0465
0.500376 39.8788
0.45939 40.235
0.49464 39.7346
0.447879 40.2739
0.448829 39.6589
0.481752 39.9489
0.516624 39.9632
0.490765 40.0096
0.494058 40.2091
0.482908 40.3519
0.504536 40.2026
0.453865 40.2447
0.463542 39.8915
0.477377 40.1687
0.496516 40.1606
0.5121 39.8613
0.498006 40.256
0.440863 40.0481
0.476334 40.3242
0.482413 40.1429
0.46403 40.0561
0.483632 40.1849
0.488337 40.4089
0.480663 40.1752
0.469905 40.3665
0.440696 39.8915
0.454329 40.6339
0.457552 40.997
0.441658 40.8097
0.461389 40.848
0.460574 40.8847
0.485431 40.9819
0.538728 41.0998
0.479434 40.9702
0.481903 40.8447
0.485159 40.8965
0.449206 40.8764
0.44269 41.1641
0.503772 41.0341
0.528903 40.9048
0.505682 40.7847
0.468445 40.6521
0.465986 40.54
0.480226 40.9886
0.435103 40.7415
0.462249 40.843
0.459487 41.0425
0.469892 40.7631
0.457644 40.7034
0.473898 41.0139
0.453665 41.0425
0.459487 41.029
0.471591 40.8447
0.425298 41.0728
0.432524 39.7409
0.437945 40.9216
0.451757 40.838
0.454319 40.9082
0.452402 40.818
0.432794 41.2763
0.43674 41.1709
0.436128 41.3035
0.462249 41.1117
0.460385 41.3291
0.458446 40.8664
0.493471 41.0711
0.484774 41.0021
0.491396 41.0711
0.466475 40.9534
0.460051 41.2269
0.436111 41.11
0.452144 41.2337
0.443418 40.9216
0.457755 41.0694
0.483683 41.1303
0.492344 40.9048
0.465455 40.9886
0.505739 40.9937
0.468875 41.0897
0.474847 41.2848
0.464214 41.1184
0.467842 40.9853
0.447622 41.2643
0.447622 40.9266
0.478518 40.8864
0.472265 40.7315
0.494253 40.7034
0.498951 40.7481
0.525938 40.6901
0.508005 41.1811
0.508005 41.132
0.522854 41.2439
0.476253 39.7567
0.509666 41.0408
0.471056 41.2609
0.472934 41.3189
0.491124 41.5559
0.46094 41.5076
0.48881 41.4989
0.509202 41.0914
0.474066 41.4817
0.552307 41.2643
0.508046 41.2473
0.500422 41.249
0.504451 41.0745
0.441899 41.1404
0.48627 41.2746
0.462138 41.2456
0.440217 41.2201
0.49427 41.2694
0.487737 41.1743
0.455107 41.2252
0.468539 41.3172
0.477574 41.0374
0.461528 41.1624
0.485308 40.8347
0.502465 41.2558
0.460051 41.1896
0.483021 40.5088
0.460546 39.5977
0.460546 39.5804
0.451866 40.5121
0.456244 41.1235
0.487737 41.249
0.512732 41.4921
0.497528 40.4465
0.507601 41.2116
0.486556 41.1573
0.512263 41.401
0.483247 41.365
0.5 41.4353
0.48392 41.2099
0.465961 41.4989
0.46894 41.4285
0.46894 41.3548
0.465961 41.1913
0.460405 40.8747
0.469925 40.7315
0.44542 39.3113
0.473411 40.8814
0.400867 41.6441
0.40523 41.6025
0.451059 41.4233
0.342347 41.5007
0.393009 41.6979
0.449664 41.4766
0.465974 41.3924
0.455301 41.6563
0.423295 41.2967
0.433304 41.4508
0.429902 41.6684
0.452716 41.6979
0.447407 41.651
0.413434 41.7136
0.364384 41.5265
0.449804 41.5369
0.439638 41.5731
0.46824 41.3685
0.421694 41.3309
0.418814 41.377
0.415877 41.5265
0.445767 41.6025
0.471656 41.9516
0.469402 41.53
0.505968 41.4921
0.466397 41.5144
0.506674 41.7432
0.492646 41.6302
0.540166 41.6719
0.542547 41.8218
0.53719 41.5076
0.565856 41.58
0.557037 41.6458
0.589864 41.6945
0.649088 41.4903
0.532266 41.7763
0.662983 41.8358
0.687742 41.4559
0.671128 41.4903
0.672414 41.4164
0.709091 41.7345
0.747863 41.5403
0.641458 41.1929
0.711006 41.6806
0.650938 41.0829
0.700088 41.7136
0.737797 41.7798
0.670388 41.3976
0.737412 41.7885
0.61949 40.9752
0.707395 41.5127
0.608592 41.4972
0.62262 41.6528
0.610395 41.5593
0.449509 41.7206
0.0476244 41.5559
0 41.0846
0.706422 41.3394
0.6 41.5835
0.434012 41.1879
0.449117 41.3531
0.276946 41.1032
0.215439 40.8263
0.172973 40.8898
0.118797 41.365
0.117714 41.4766
0.0867495 40.8597
0.0823309 41.1675
0.0687023 41.1692
0.0577998 41.2677
0.0334221 41.2235
0.036304 39.8311
0.0279482 41.0509
0.026449 41.0172
0.0232558 40.8363
0.0296241 40.5959
0.0284728 40.9316
0.0227785 41.0458
0.0252367 40.9082
0.0168563 40.9551
0.0149964 40.8764
0.00285471 40.4547
0 40.7017
0.958193 45.8106
0.875565 45.6871
0.897887 45.2673
0.779977 45.5332
0.742024 45.0086
0.661987 45.4711
0.637832 45.335
0.681751 44.8009
0.608841 45.4814
0.673874 45.4587
0.561894 45.333
0.547467 45.5394
0.420482 45.6454
0.449552 45.0694
0.527805 45.6934
0.503524 45.2612
0.497653 45.3001
0.538487 45.5539
0.506506 45.6663
0.49512 45.5747
0.510428 45.1732
0.488532 45.4938
0.418353 45.4566
0.422282 45.2878
0.332681 45.5187
0.306457 45.4918
0.259003 45.8484
0.589431 45.9284
0.638889 46.1191
0.574947 45.7373
0.523585 46.2942
0.516807 46.2235
0.353216 46.4188
0.335787 45.9749
0.325022 46.0638
0.307516 46.3822
0.283643 46.2492
0.299408 46.6461
0.302715 46.3693
0.286631 46.4792
0.2827 46.449
0.285106 46.3908
0.28936 46.2792
0.290883 46.6636
0.309441 46.2834
0.303236 46.0999
0.277799 46.1531
0.269755 46.0766
0.261858 46.2942
0.313212 45.6955
0.367925 45.9918
0.348214 46.1318
0.39224 46.2257
0.451286 46.1042
0.399691 46.0214
0.442853 45.8926
0.46215 46.1851
0.453186 45.5955
0.370096 45.8043
0.437235 45.9601
0.431973 45.8358
0.459008 45.6663
0.467968 45.6663
0.474938 45.6288
0.508184 45.7729
0.532934 45.1814
0.532934 45.4938
0.576337 45.4607
0.528016 45.4752
0.480226 45.5353
0.45656 45.6704
0.464549 45.7792
0.444302 45.5789
0.446617 45.6329
0.431165 45.6038
0.427885 45.5415
0.411268 45.5851
0.440557 45.7834
0.4349 45.5394
0.437552 45.4256
0.442528 45.0187
0.467179 45.7645
0.450116 45.5373
0.456594 45.4091
0.446532 45.5373
0.442377 45.3535
0.461701 45.1345
0.461862 44.4385
0.483029 45.3535
0.460397 44.9681
0.477842 43.6414
0.478358 45.0532
0.444116 44.8612
0.424773 45.1671
0.466687 45.255
0.473756 45.0045
0.481042 45.0308
0.468448 44.7868
0.517269 44.9701
0.512435 44.7127
0.443038 44.8451
0.487267 44.9964
0.489066 44.9782
0.446924 44.6708
0.46963 44.8974
0.43886 44.829
0.425043 44.6309
0.422128 44.7828
0.434468 44.7107
0.423356 44.6788
0.414204 44.7247
0.428082 44.5812
0.435906 44.4247
0.436474 44.613
0.434483 44.4741
0.447831 44.4583
0.418954 44.609
0.412049 44.3794
0.409649 44.1579
0.435303 44.2341
0.411287 44.2321
0.392723 43.9252
0.411687 43.7503
0.419923 43.8577
0.42001 43.5407
0.440888 43.7388
0.437827 43.8962
0.468614 43.5294
0.427486 43.8693
0.431326 43.5445
0.435058 42.8321
0.455564 43.5161
0.410482 43.5123
0.420915 43.4764
0.434845 43.3163
0.408148 43.3501
0.422075 43.0589
0.399815 43.1165
0.38458 43.176
0.397377 43.0997
0.383845 43.1574
0.392638 42.9978
0.384095 42.9775
0.405542 42.4665
0.380708 42.6567
0.388386 42.5913
0.392622 42.2636
0.393305 42.2155
0.377995 42.0628
0.375829 42.0045
0.36783 42.2297
0.35871 39.6637
0.339977 39.9138
0.33263 42.1319
0.340681 42.1336
0.339522 41.5593
0.335501 41.6684
0.343577 41.1167
0.303642 41.724
0.305074 41.6095
0.278015 41.5144
0.279665 41.632
0.249818 41.5196
0.233399 40.95
0.224883 41.4422
0.226126 40.9584
0.233944 41.0442
0.234021 41.1675
0.236709 40.8981
0.228295 40.5959
