0.941953 42.6239
0.941953 29.8258
0.941953 38.4556
0.941953 38.373
0.941953 40.1059
0.940635 41.2286
0.787103 41.542
0.746304 41.5956
0.837526 41.7519
0.837526 41.6406
0.837526 41.6667
0.837526 41.6181
0.902565 41.6025
0.746304 41.5386
0.803582 41.738
0.803582 41.6476
0.761658 41.7188
0.761658 41.5403
0.761658 41.5904
0.761658 41.7206
0.761658 41.5403
0.761658 41.7345
0.731878 41.5007
0.731878 41.4473
0.802372 41.6528
0.745216 41.5576
0.866287 41.7066
0.699731 41.7153
0.817763 41.6788
0.817763 41.7171
0.70401 41.6095
0.70401 41.5697
0.650584 41.6198
0.728882 41.5369
0.784221 41.468
0.848615 41.4697
0.848615 41.215
0.848615 40.9752
0.848615 41.324
0.848615 40.4024
0.848615 41.056
0.75905 40.9987
0.75905 40.9517
0.75905 40.8881
0.75905 41.3719
0.791056 41.2831
0.791056 40.591
0.823038 41.2371
0.823038 41.0863
0.823038 41.0661
0.823038 41.115
0.682412 40.8931
0.735035 41.0475
0.70401 41.088
0.693456 41.3993
0.693456 41.0105
0.737416 39.5585
0.737416 41.3121
0.737416 41.0021
0.737416 39.5773
0.68665 41.1117
0.68665 41.0627
0.737416 41.413
0.824523 40.5137
0.824523 41.4216
0.923769 41.1303
0.923769 40.3877
0.923769 41.2014
0.923769 41.0223
0.923769 41.1557
0.923769 40.9685
0.923769 41.2746
0.798389 41.2524
0.798389 40.1494
0.798389 41.4233
0.798389 40.517
0.798389 41.3462
0.798389 41.0172
0.858967 41.3377
0.923769 40.9668
0.858967 40.9199
0.858967 41.1303
0.858967 41.2694
0.858967 41.4748
0.923769 41.0408
0.923769 41.2967
0.923769 40.778
0.923769 41.4748
0.923769 40.0609
0.923769 41.5628
0.923769 41.1607
0.923769 41.2507
0.923769 41.4473
0.923769 40.5531
0.923769 41.4577
0.923769 40.7398
0.923769 41.3942
0.923769 41.3976
0.923769 41.154
0.923769 41.0122
0.798389 40.5943
0.798389 41.249
0.798389 41.2184
0.798389 40.4678
0.798389 41.4182
0.798389 40.9517
0.798389 40.992
0.798389 40.4351
0.798389 41.3582
0.798389 40.1849
0.798389 41.1726
0.798389 41.3394
0.814306 41.0442
0.814306 41.3155
0.814306 40.4547
0.814306 41.3155
0.814306 40.7581
0.814306 41.1336
0.814306 40.715
0.814306 36.9604
0.814306 39.7125
0.814306 40.9366
0.814306 41.1624
0.814306 41.1777
0.814306 40.7631
0.814306 41.0055
0.814306 40.828
0.814306 41.0189
0.814306 40.7465
0.814306 41.3121
0.814306 40.8197
0.814306 41.1743
0.814306 40.8263
0.814306 41.024
0.814306 41.0357
0.814306 40.7914
0.814306 41.198
0.814306 40.1332
0.814306 41.2014
0.814306 40.705
0.814306 41.0357
0.814306 41.1963
0.814306 40.8597
0.814306 41.0189
0.798389 40.9098
0.798389 41.3189
0.798389 40.8313
0.798389 41.0627
0.798389 40.36
0.798389 41.2473
0.798389 41.3959
0.798389 41.1167
0.798389 41.0307
0.798389 40.9249
0.798389 41.1913
0.798389 40.813
0.858967 41.0307
0.791332 41.0678
0.791332 40.8697
0.791332 40.5268
0.791332 40.6802
0.791332 41.1286
0.791332 40.7564
0.791332 41.1083
0.791332 41.137
0.791332 41.0105
0.791332 41.1997
0.791332 40.843
0.824523 41.2712
0.858967 40.373
0.876682 41.0627
0.824523 41.295
0.824523 40.9635
0.824523 41.1777
0.824523 40.783
0.824523 41.0678
0.824523 40.2609
0.824523 41.029
0.824523 41.1997
0.824523 40.8363
0.858967 41.029
0.858967 40.7382
0.767112 41.2592
0.856205 39.0366
0.856205 40.7797
0.856205 41.154
0.856205 40.7432
0.856205 41.1624
0.856205 40.1284
0.873835 40.9651
0.876682 40.7249
0.876682 41.088
0.876682 41.3087
0.876682 40.9199
0.858967 41.0492
0.798108 40.9937
0.905248 41.1489
0.905248 40.8147
0.943498 41.3189
0.923769 41.2524
0.885489 41.2967
0.885489 41.3172
0.885489 40.7315
0.885489 41.1066
0.885489 40.1091
0.885489 40.8965
0.885489 40.0272
0.848702 41.1167
0.848702 40.8697
0.824523 40.9065
0.824523 41.1675
0.824523 40.3275
0.824523 41.2439
0.824523 40.6736
0.767112 40.9668
0.923769 40.1477
0.923769 40.7914
0.943498 41.1032
0.923769 40.9182
0.923769 40.9082
0.923769 40.808
0.923769 41.1845
0.923769 40.6025
0.943498 41.3035
0.943498 40.5071
0.943498 41.2405
0.943498 40.8247
0.943498 40.3535
0.82192 40.9819
0.856205 40.6901
0.856205 40.619
0.856205 40.3682
0.856205 41.1167
0.856205 39.9616
0.910922 41.1641
0.892512 41.1184
0.845266 41.0071
0.845266 41.215
0.773357 40.7631
0.788228 41.1133
0.790246 40.8347
0.874207 41.1506
0.873835 41.1472
0.856205 40.9702
0.885489 41.1913
0.923769 40.5318
0.943498 41.3753
0.824523 40.6769
0.743538 39.9856
0.873835 41.154
0.873835 40.7864
0.923769 40.6686
0.876682 40.813
0.824523 40.5383
0.767376 41.232
0.715505 40.3193
0.858967 41.0593
0.848702 40.6835
0.923769 40.5976
0.943498 41.2405
0.876682 41.2167
0.814306 41.2269
0.798389 40.6454
0.791332 41.1269
0.858967 40.1011
0.943498 41.1997
0.923769 40.9903
0.885489 41.0813
0.791332 41.2218
0.708218 40.9601
0.885489 40.8814
0.848702 40.5121
0.885489 40.6951
0.885489 40.8347
0.82192 40.9467
0.923769 40.1962
0.923769 41.0071
0.848702 41.0038
0.885489 41.0829
0.923769 40.8965
0.858967 40.8563
0.767112 41.088
0.873835 39.9377
0.856205 41.0492
0.82192 40.6802
0.82192 41.2167
0.82192 40.6042
0.82192 41.0931
0.886684 41.1557
0.858967 41.1726
0.798389 41.0644
0.798389 40.4596
0.798389 41.1811
0.743538 40.3388
0.757902 40.8998
0.943498 40.0577
0.688358 41.0627
0.82192 40.256
0.82192 41.3326
0.885489 41.1336
0.83216 41.0779
0.808658 41.4027
0.825948 40.6851
0.740095 41.3309
0.88885 40.4269
0.925659 41.1845
0.853421 41.2814
0.858262 41.2763
0.858262 41.1218
0.858262 40.7581
0.769524 41.266
0.925659 40.7814
0.925659 40.0609
0.858262 41.1523
0.858262 39.9904
0.893206 41.1624
0.831474 40.4253
0.799966 40.9853
0.847645 40.7199
0.847645 40.0112
0.944606 41.2099
0.944606 41.1913
0.88885 41.4285
0.88885 40.4793
0.88885 41.3274
0.893206 40.7697
0.824585 41.3582
0.769524 41.2575
0.799966 41.2831
0.745217 41.0897
0.70498 40.5959
0.871572 41.1963
0.925659 40.256
0.925659 40.6058
0.853421 40.0609
0.853421 41.3668
0.88885 41.2473
0.88885 41.307
0.925659 41.1743
0.925659 40.8864
0.837138 40.997
0.837138 40.2156
0.831474 40.8413
0.799966 40.5236
0.847645 41.4182
0.911175 41.0155
0.871572 41.2575
0.841845 40.9417
0.875804 40.0513
0.815794 41.024
0.785135 39.9313
0.785135 41.0155
0.785135 40.7
0.679796 41.0492
0.783999 40.2593
0.814593 40.8447
0.830287 40.8847
0.773544 40.9232
0.860664 41.0509
0.911548 40.7847
0.890316 41.0914
0.859655 40.7332
0.893932 40.9752
0.826597 40.2172
0.826597 41.0206
0.826597 40.1526
0.694449 40.7647
0.831473 40.9266
0.790073 41.0796
0.737808 41.0475
0.860664 40.5844
0.945 40.6769
0.873935 40.1994
0.892334 40.8764
0.787051 40.0481
0.848302 39.3437
0.88053 40.9383
0.806335 39.6401
0.806335 40.7614
0.806335 40.5597
0.749343 40.517
0.777713 40.823
0.831473 40.04
0.825173 40.8781
0.787798 39.521
0.713208 40.6901
0.662264 40.3291
0.577358 40.95
0.509434 40.3388
0.424528 40.5466
0.395894 40.5071
0.397004 40.5647
0.407547 40.1994
0.339623 40.6984
0.288679 40.5564
0.205777 39.3484
0.220755 40.8881
0.220755 40.4547
0.210477 40.9299
0.292803 39.7393
0.292725 40.7183
0.341005 39.6967
0.422914 41.3104
0.510955 40.6918
0.427484 41.2643
0.539829 40.813
0.600638 40.7697
0.592841 41.0206
0.655296 40.2059
0.632944 41.198
0.738787 40.7249
0.738787 41.0475
0.740997 40.6669
0.780988 41.2082
0.755753 41.0965
0.770501 41.0088
0.688489 40.778
0.812088 40.5268
0.75771 40.8263
0.758932 40.3714
0.758932 41.1303
0.758932 40.3665
0.758932 41.2882
0.733388 41.0661
0.733863 40.997
0.758443 40.9299
0.688923 40.3828
0.760494 41.0762
0.67991 40.1429
0.72547 40.5712
0.737249 40.5992
0.72547 41.0172
0.799342 41.0139
0.855132 41.198
0.812088 41.0071
0.812088 40.6769
0.749405 40.9584
0.774739 40.8297
0.701942 40.9065
0.72546 40.44
0.701504 40.5367
0.670475 40.9065
0.691676 40.6322
0.702479 41.0796
0.650861 40.2868
0.775862 40.7664
0.715367 39.9345
0.800816 40.8097
0.814145 40.1913
0.814145 40.8097
0.828947 41.1167
0.766692 41.088
0.805447 40.9903
0.805447 40.6388
0.732636 40.7432
0.709444 40.2075
0.73199 41.1049
0.668093 40.54
0.733237 41.154
0.669721 40.5301
0.767647 40.6075
0.711032 40.5351
0.733237 40.3959
0.767647 40.8547
0.756026 40.7664
0.767647 41.029
0.733237 40.5976
0.805447 40.7731
0.780507 40.1913
0.732636 40.6984
0.732636 40.3845
0.687273 40.9517
0.732636 40.2075
0.756245 40.9216
0.711032 40.5268
0.756026 40.7034
0.756026 40.873
0.769175 40.6587
0.673659 40.7465
0.705922 40.2512
0.726759 41.1963
0.705922 40.5088
0.726759 40.9182
0.666034 40.3372
0.704854 40.5121
0.714844 40.8363
0.726759 39.984
0.705922 40.8965
0.749466 40.476
0.70576 40.8563
0.749466 39.7804
0.70576 41.0694
0.727337 40.4613
0.749466 40.9484
0.727337 41.061
0.70576 41.0357
0.685582 40.563
0.705922 40.517
0.705922 40.4334
0.66445 40.0641
0.645736 40.9836
0.670275 39.4929
0.735037 40.6174
0.782665 40.1623
0.716599 40.222
0.737888 40.5022
0.640081 40.1574
0.794271 40.8647
0.737705 39.9888
0.737705 40.6918
0.689046 40.3226
0.820312 40.7947
0.798212 40.8814
0.821826 40.9383
0.834081 40.8363
0.821826 40.6951
0.821826 41.0863
0.774211 40.0994
0.808934 41.056
0.710987 39.8565
0.73168 40.7083
0.690784 40.1284
0.73168 41.0341
0.618703 40.568
0.712099 40.4645
0.732155 40.8931
0.712099 40.6901
0.732155 40.778
0.685345 40.4842
0.765983 40.9735
0.659787 40.0192
0.756853 40.8013
0.778046 40.6273
0.73616 40.0609
0.756853 40.808
0.716435 40.54
0.697285 40.5828
0.736021 40.5581
0.75606 40.8063
0.736021 40.3877
0.75606 40.5795
0.736021 40.0609
0.75606 40.7947
0.716435 39.8406
0.716435 40.568
0.643262 39.9329
0.677799 40.8965
0.660351 40.1655
0.677799 40.5154
0.636599 40.6058
0.656743 39.8645
0.66681 40.6851
0.63355 40.5795
0.66681 40.6042
0.63355 40.7415
0.66681 40.4858
0.683954 40.2156
0.66681 40.5992
0.683954 40.4858
0.66681 40.5696
0.683954 40
0.66681 40.833
0.71932 40.222
0.701453 40.7315
0.701453 40.7365
0.701453 40.3535
0.650013 40.404
0.66681 37.6194
0.701453 39.96
0.66681 40.1623
0.741911 40.3502
0.703892 40.0689
0.722692 40.5154
0.703892 39.7852
0.668394 40.7714
0.651282 40.5943
0.668394 40.6554
0.741911 40.5318
0.685498 40.8831
0.703892 40.7764
0.667497 40.3519
0.685498 40.8898
0.685864 39.9553
0.604191 40.6884
0.668979 40.0946
0.67889 40.5811
0.630414 40.2123
0.640038 40.7232
0.724868 40.5433
0.689119 40.4465
0.724868 40.5531
0.754438 40.0368
0.686934 40.5351
0.689119 40.2479
0.748412 40.7232
0.751876 40.391
0.712584 40.6752
0.732335 40.6042
0.734673 40.5795
0.66731 40.715
0.730987 40.7564
0.694815 40.4891
0.705153 40.2674
0.705153 40.7747
0.777552 39.7788
0.718732 40.6454
0.697878 40.2317
0.69703 40.9836
0.69703 40.7448
0.697878 40.6256
0.755141 40.6009
0.754386 40.3616
0.734104 40.4433
0.696466 40.1043
0.735137 40.992
0.715583 39.8502
0.754386 40.5811
0.775148 40.0144
0.754386 40.8163
0.796565 40.5351
0.796565 40.7714
0.807229 40.0561
0.775148 40.2447
0.796407 40.5927
0.775148 40.5285
0.775148 40.5564
0.754386 40.2836
0.763314 40.9769
0.74269 40.3926
0.751479 40.8263
0.751479 40.7299
0.772455 38.4482
0.710983 38.7898
0.676914 40.54
0.73323 40.7914
0.772923 40.3682
0.825308 40.843
0.769976 40.1832
0.691429 40.4973
0.772455 40.3031
0.751479 40.347
0.793939 40.2317
0.848073 40.5055
0.813126 40.8697
0.836275 40.6471
0.813126 40.9283
0.836275 40.2706
0.813126 40.5696
0.813126 39.8327
0.790553 40.4744
0.813126 39.5851
0.790553 40.6967
0.848073 40.8213
0.836275 40.6554
0.848073 40.6223
0.848073 39.96
0.848073 40.6438
0.848073 38.0619
0.813126 40.0641
0.813126 39.8486
0.790553 40.0689
0.813126 39.6794
0.790553 40.1978
0.836275 39.3128
0.848073 40.151
0.836275 39.7156
0.848073 40.18
0.84709 39.4213
0.800519 40.13
0.801242 39.6228
0.778868 40.2107
0.777225 39.0351
0.736025 39.8502
0.716134 38.8682
0.736025 40.3568
0.756384 40.1913
0.716134 40.1542
0.716134 40.2528
0.736025 39.7188
0.777225 40.0449
0.736025 39.801
0.756384 40.0914
0.756384 39.782
0.716134 40.2512
0.736025 39.7646
0.777225 40.1059
0.736025 39.3345
0.744657 39.7757
0.765359 39.6244
0.77455 39.8724
0.73293 39.9936
0.77455 40.3584
0.73293 39.2188
0.712844 40.3112
0.753493 39.9856
0.73293 38.0691
0.73293 40.0577
0.73293 39.1206
0.73293 39.8867
0.750873 39.8089
0.750873 39.9696
0.727114 40.1349
0.730725 39.9792
0.730725 39.9345
0.73293 40.0176
0.806832 40.3128
0.795514 39.7172
0.795514 39.9313
0.795514 39.9744
0.795514 40.3454
0.805195 39.5288
0.793548 40.1123
0.80207 39.3918
0.779055 40.4236
0.779055 40.1171
0.80207 40.5006
0.790105 40.5416
0.790105 39.9393
0.748428 40.4547
0.7375 40.0657
0.7375 40.3682
0.7375 39.692
0.7375 40.3307
0.7375 39.5054
0.728962 40.282
0.783621 39.5836
0.782446 40.201
0.79292 40.3015
0.780233 40.3779
0.780233 40.347
0.803109 40.0144
0.803109 40.1413
0.780233 39.6794
0.73618 40.0914
0.780233 39.4322
0.757931 39.8597
0.73618 39.8295
0.780233 40.2236
0.73618 39.582
0.757931 39.9058
0.780233 39.8153
0.73618 40.3128
0.780233 40.0144
0.73618 40.2868
0.73618 40.0224
0.757931 40
0.714962 40.3405
0.757931 39.8597
0.757931 39.968
0.780233 40.0994
0.757931 40.3649
0.837838 39.5695
0.825503 40.1091
0.801324 39.5038
0.777778 40.3226
0.754839 39.8343
0.754839 40.1107
0.754839 40.1477
0.754839 39.571
0.695411 39.968
0.715807 39.3933
0.715807 40.2204
0.758108 40.2625
0.758108 40.2512
0.758108 39.9154
0.7367 40.2204
0.757931 40.0513
0.837838 40.0609
0.83558 40.4711
0.81117 39.5585
0.81117 40.2026
0.799009 40.1316
0.799009 40.3812
0.775171 39.5491
0.775171 40.5795
0.712255 40.0272
0.621471 40.4449
0.735661 39.9808
0.735661 40.1558
0.735661 40.0641
0.735661 40.0978
0.735661 40.1429
0.735661 39.8391
0.724324 40.2771
0.724324 39.8835
0.712973 40.2091
0.767727 40.016
0.788653 40.2609
0.733731 40.1719
0.733731 40.1155
0.733731 39.901
0.733731 40.085
0.654144 40.1316
0.71156 39.9824
0.674848 40.2495
0.735661 39.917
0.715469 40.3812
0.758108 40.008
0.758108 39.9584
0.801517 39.0533
0.77834 40.3584
0.755752 40.1558
0.777778 40.151
0.733731 39.9074
0.617029 40.2123
0.586867 40.1655
0.638881 39.2927
0.693431 40.2674
0.715469 40.0192
0.715469 40.2042
0.758108 39.3515
0.801324 40.2804
0.777778 40.1687
0.777778 40.2966
0.777778 40.3372
0.777778 39.3144
0.825503 40.1962
0.825503 40.0497
0.757931 40.1687
0.780233 40.1027
0.780233 40.36
0.780233 39.7915
0.780233 40.4384
0.757931 39.5007
0.837838 38.8742
0.801324 40.3861
0.801324 39.7788
0.777778 40.4318
0.777778 39.5726
0.695411 40.4089
0.715807 40.024
0.780051 40.093
0.813333 40.1381
0.801517 40.0641
0.825503 40.1059
0.801324 40.1204
0.7367 40.201
0.82658 39.5476
0.802548 40.4531
0.780051 39.0061
0.780051 40.4008
0.780051 40.0048
0.780051 40.1655
0.758108 40.3323
0.7367 40.024
0.715807 40.3421
0.715807 39.6024
0.715807 40.3551
0.780051 39.9521
0.780051 39.9202
0.780233 39.3763
0.780233 40.3323
0.756458 40.0481
0.756458 40.2156
0.774879 40.3421
0.753482 39.9265
0.753482 40.1204
0.732594 40.4449
0.712198 40.1284
0.712198 40.0513
0.692277 40.1461
0.692277 39.3515
0.753482 40.1477
0.753482 39.9329
0.753482 40.2917
0.732594 39.7836
0.732594 40.3096
0.732594 39.8153
0.732594 40.1768
0.732594 40.0176
0.732594 39.8724
0.732594 40.0497
0.732594 39.6794
0.753482 40.2317
0.712198 39.733
0.692277 40.3047
0.692277 39.6338
0.692277 40.2528
0.692277 39.5961
0.692277 40.4384
0.753482 40.1107
0.692277 39.4508
0.753482 40.1171
0.753482 39.7409
0.730994 40.2641
0.730994 39.8613
0.753482 40.5022
0.753482 39.8629
0.732594 39.3716
0.732594 39.7772
0.712198 40.0256
0.712198 40.3519
0.712198 39.5054
0.712198 40.1574
0.774879 40.0753
0.774879 40.2625
0.774879 40.3323
0.774879 40.4514
0.774879 40.159
0.774879 39.2526
0.753482 40.2722
0.732594 39.7551
0.712198 40.5499
0.753482 39.1757
0.732594 40.1606
0.732594 40.0962
0.732594 39.5742
0.785775 39.5742
0.732594 40.0112
0.774879 40.3877
0.774879 39.8137
0.753482 40.3307
0.732594 39.5804
0.712198 40.2026
0.692277 39.9218
0.692277 40.3942
0.692277 39.9904
0.692277 40.3291
0.753482 40.2479
0.753482 39.8947
0.753482 40.3828
0.753482 39.7314
0.753482 40.3226
0.753482 39.8121
0.732594 40.2285
0.732594 39.8057
0.712198 40.1687
0.712198 40.6372
0.712198 39.7488
0.712198 38.5996
0.712198 39.9425
0.712198 40.1091
0.753482 39.8995
0.732594 39.5601
0.732594 40.0673
0.712198 39.9568
0.712198 40.2253
0.712198 39.6936
0.712198 39.917
0.786527 39.7994
0.775266 40.3112
0.753166 39.9744
0.753166 40.2625
0.753166 39.6197
0.753166 40.3388
0.753166 39.8486
0.753166 40.1155
0.753166 40.0753
0.712198 39.9984
0.732594 40.0705
0.732594 39.3608
0.732594 39.1313
0.785775 39.6904
0.785775 40.1059
0.756334 39.7583
0.759538 40.0352
0.784054 39.6747
0.784054 40.3145
0.784054 39.9026
0.784054 39.7188
0.828158 39.7599
0.825773 40.0288
0.888746 39.5132
0.848989 40.0272
0.803289 39.4058
0.823402 40.2269
0.823402 39.2141
0.87272 40.3031
0.914137 39.5163
0.914137 39.9568
0.784054 39.9281
0.784054 40.0128
0.784054 40.0432
0.827554 39.9489
0.803289 40.1188
0.848989 39.8327
0.72126 40.3128
0.784633 39.6841
0.807696 40.1171
0.891847 39.248
0.878757 40.4057
0.900855 39.2049
0.900855 40.2917
0.863617 38.9803
0.806123 40.1639
0.867314 39.5867
0.863617 40.085
0.863617 39.5038
0.887953 40.1139
0.887953 39.7172
0.743696 39.6999
0.854746 39.9042
0.854746 40.1526
0.830112 40.1204
0.891803 39.9824
0.891803 39.874
0.887953 39.8708
0.887953 40.1542
