0.99001 38.4689
0.98065 29.7956
0.971378 29.8196
0.971378 35.3507
0.971378 36.1729
0.913673 36.8854
0.92726 36.9617
0.92725 36.6999
0.908859 37.154
0.904632 37.2717
0.895769 36.8677
0.891642 37.2592
0.891642 37.114
0.852694 37.5291
0.875475 37.6166
0.871384 37.553
0.871384 37.287
0.867331 36.9617
0.862766 37.2537
0.858249 37.3371
0.853779 37.2439
0.858249 37.5178
0.858263 37.546
0.853782 37.5052
0.853782 37.2842
0.853782 37.5474
0.853782 37.0837
0.853782 37.379
0.853782 37.4925
0.853782 37.4476
0.849297 37.1058
0.849297 37.154
0.844809 37.0947
0.844809 37.1278
0.844809 36.6919
0.844809 36.9987
0.840391 36.9864
0.840391 36.9877
0.836019 36.8378
0.83986 36.4817
0.847649 36.9413
0.851597 37.1085
0.851597 36.4272
0.851597 36.9072
0.802545 37.2481
0.828518 36.5858
0.828518 37.183
0.828518 37.2065
0.828518 37.1609
0.824107 37.3079
0.824107 36.9822
0.779391 37.2564
0.791973 37.2578
0.791973 37.4042
0.795745 37.6393
0.795745 37.5728
0.799552 37.3023
0.799552 37.2038
0.799552 37.407
0.799552 37.4237
0.799552 37.2703
0.799552 37.456
0.799552 37.358
0.799552 37.4644
0.799552 36.974
0.799552 37.2509
0.845363 37.4209
0.827565 36.7769
0.827565 37.4518
0.827565 36.5738
0.827565 37.294
0.849403 37.1058
0.855583 36.7431
0.851597 37.1044
0.856667 36.7067
0.856667 36.9235
0.870346 36.8378
0.89199 36.4604
0.898388 36.9713
0.898388 36.3941
0.907938 36.762
0.921877 34.7102
0.937559 36.0581
0.947402 36.4153
0.957345 35.6455
0.962354 36.4897
0.957345 36.5163
0.837897 36.5323
0.874314 36.6878
0.825341 36.8039
0.85208 37.0769
0.870346 36.8406
0.879615 37
0.879615 36.9099
0.884283 36.7417
0.884283 37.1789
0.841828 36.8311
0.804816 37.3399
0.79137 37.2093
0.799977 37.1209
0.84271 37.435
0.83681 36.9495
0.901788 37.172
0.890926 36.6609
0.904945 37.1664
0.914819 36.8908
0.87633 37.1099
0.83336 37.522
0.756766 37.0947
0.833216 37.7074
0.831245 37.092
0.888697 37.294
0.883754 37.0233
0.893569 36.9399
0.853952 37.154
0.828247 37.0837
0.749695 38.1025
0.783569 37.2745
0.854788 37.9032
0.909736 37.1292
0.893023 37.6393
0.888858 37.4056
0.878246 37.2787
0.93006 37.3804
0.849441 37.1706
0.81432 37.853
0.843137 37.1278
0.858792 37.873
0.875359 37.8115
0.899536 37.3776
0.834921 38.0793
0.753668 38.0474
0.805609 38.4231
0.820275 38.219
0.8655 38.2234
0.873207 38.2746
0.829071 38.0026
0.887525 38.4808
0.898262 38.2088
0.76149 38.6713
0.813146 38.0749
0.828626 38.4778
0.859655 37.9118
0.82478 38.1942
0.805872 38.546
0.822031 38.059
0.833479 37.4504
0.859443 38.7567
0.823442 38.1286
0.794334 36.5057
0.794728 36.9672
0.853147 38.9226
0.857028 38.0996
0.797119 39.0839
0.835908 38.7447
0.828814 39.0411
0.764757 39.093
0.754273 39.3113
0.77908 39.5851
0.902408 36.5831
0.797549 37.5827
0.753943 38.6728
0.764476 39.8264
0.814955 39.7298
0.826312 39.9313
0.832237 39.9425
0.825401 40.032
0.83132 39.7804
0.776752 40.1397
0.793179 39.2835
0.8101 39.9265
0.815873 39.593
0.833559 40.1284
0.839626 39.4337
0.845721 40.2075
0.765542 39.7725
0.784105 40.3226
0.805957 40.1945
0.836439 39.6055
0.788336 40.256
0.800211 40.5236
0.824443 40.3714
0.836805 40.1091
0.776382 40.3763
0.800227 40.2901
0.824839 40.3323
0.831073 40.1494
0.741681 40.7183
0.815498 40.2398
0.815498 40.422
0.815498 41.0391
0.815498 40.7349
0.789246 40.6868
0.794679 41.154
0.839642 41.1489
0.832929 41.0122
0.819475 40.8998
0.812734 40.7997
0.78342 40.7531
0.802923 41.154
0.809109 41.1523
0.795839 40.9735
0.740615 41.0307
0.779308 41.1218
0.841093 41.1862
0.833044 40.7332
0.833044 41.0509
0.839803 41.2541
0.832812 41.3839
0.801099 40.6554
0.83704 41.1879
0.828963 41.6354
0.796861 41.6771
0.799064 41.6927
0.750862 41.6216
0.705612 41.848
0.766257 42.061
0.759136 42.0415
0.77294 42.1141
0.78683 41.9851
0.801354 41.82
0.692943 41.9076
0.687556 42.0398
0.734024 42.3855
0.740602 42.2262
0.7545 42.2833
0.700462 42.3567
0.713876 42.3245
0.817564 42.1532
0.78683 42.0982
0.801811 42.0858
0.801811 42.0716
0.767465 42.2297
0.789914 42.2369
0.782093 42.1727
0.747846 42.1408
0.776891 42.1656
0.768195 42.1763
0.768195 42.3603
0.799456 42.3119
0.839492 42.2297
0.823333 41.7938
0.823333 42.084
0.823333 42.1035
0.792099 42.139
0.792099 42.0062
0.743851 42.1141
0.773336 42.2726
0.773336 42.1301
0.732663 42.2601
0.784107 42.2351
0.784107 42.2869
0.726733 42.4628
0.779044 42.5913
0.770928 42.2083
0.728737 42.3567
0.750812 42.7332
0.750812 42.673
0.742929 42.633
0.708142 42.6894
0.708142 42.3962
0.749544 42.508
0.784553 42.4935
0.769216 42.398
0.769216 42.3711
0.784553 42.1745
0.784553 41.8971
0.784553 42.1195
0.784553 41.5749
0.784553 41.9533
0.784553 41.3138
0.784553 41.9164
0.784553 42.0486
0.784553 41.5541
0.784553 40.6075
0.784553 41.4989
0.784553 41.9674
0.792596 41.9463
0.792596 42.0256
0.792596 41.9956
0.792596 41.8113
0.792596 41.9798
0.792596 41.4921
0.792596 42.1461
0.792596 41.8743
0.792596 41.82
0.792596 42.1585
0.792596 42.1479
0.792596 41.978
0.770043 42.2048
0.770043 41.9727
0.770043 42.1585
0.770043 41.3052
0.770043 42.3245
0.770043 42.1799
0.770043 42.0097
0.770043 42.2851
0.770043 42.3585
0.755492 42.1124
0.755492 42.1177
0.748812 42.2708
0.748812 41.927
0.742249 42.0751
0.742249 42.1585
0.783456 42.0062
0.753748 42.015
0.753748 41.7293
0.753748 41.9024
0.753748 41.5127
0.747316 41.2524
0.747316 41.9639
0.740993 41.6667
0.701722 41.5231
0.729462 42.0964
0.729462 42.1053
0.723232 42.0999
0.723232 42.0274
0.717108 42.1372
0.717108 41.9886
0.730612 42.0045
0.730612 41.8218
0.730612 42.959
0.738501 42.8192
0.738501 43.1351
0.738501 42.3908
0.738501 42.6858
0.738501 42.3101
0.757409 42.6803
0.761549 42.3639
0.761549 42.3066
0.739945 42.398
0.739945 42.4917
0.739945 42.2476
0.739945 42.6203
0.754288 41.9006
0.754288 42.6403
0.754288 42.1319
0.76049 41.7345
0.76049 41.7781
0.76049 41.232
0.71403 42.4683
0.727971 42.4989
0.727971 42.5604
0.735972 42.269
0.696959 42.7478
0.72443 42.6076
0.72443 42.2476
0.72443 42.5804
0.72443 41.8445
0.72443 42.6094
0.72443 42.8247
0.770718 42.8101
0.748977 42.9424
0.762293 43.0979
0.762293 42.9424
0.762293 43.0496
0.762293 43.1444
0.776937 42.7991
0.775934 42.8651
0.790795 43.0756
0.790795 43.2339
0.749442 42.9406
0.778577 43.3107
0.750776 43.1332
0.695723 42.9923
0.709159 43.1499
0.722768 43.1704
0.708968 43.3388
0.763567 43.2844
0.790373 43.0052
0.738265 42.9867
0.760291 43.0274
0.760291 42.8467
0.753748 43.1053
0.753748 42.9203
0.753748 42.7753
0.753748 42.9369
0.753748 42.9682
0.753748 42.7168
0.76088 42.9664
0.753468 42.9387
0.76088 42.9203
0.76088 42.8853
0.76088 42.613
0.753468 42.8339
0.754328 43.0182
0.754328 42.7551
0.747007 42.7131
0.754328 42.9849
0.754328 43.1499
0.754328 42.9886
0.72845 42.8266
0.757052 43.1891
0.757052 43.1686
0.757052 43.0997
0.757052 43.2059
0.73022 43.033
0.73668 42.6421
0.750776 43.1909
0.750776 43.0682
0.750776 43.4405
0.750776 42.9406
0.750776 43.1648
0.765102 42.673
0.765102 42.5622
0.765102 42.8522
0.765102 42.7077
0.765102 42.9
0.758168 42.6639
0.758168 42.6276
0.751359 42.4845
0.744671 42.5749
0.737569 42.7753
0.731125 42.7332
0.731125 42.8835
0.724791 42.6621
0.724791 42.8064
0.724791 42.2708
0.724791 42.7296
0.724791 42.7077
0.718567 42.9609
0.712448 42.6457
0.693772 42.6694
0.700992 42.5894
0.700992 42.8706
0.708365 42.8651
0.708365 42.4773
0.702479 42.9148
0.702479 42.4935
0.664952 42.5496
0.664952 42.2172
0.664952 42.398
0.67033 41.9533
0.668836 42.3567
0.674117 41.9833
0.654435 42.6094
0.667504 42.1585
0.667504 42.303
0.675377 42.3496
0.675377 41.8445
0.676757 42.4719
0.67127 41.8673
0.670856 42.461
0.665465 41.7188
0.66016 42.3603
0.66016 42.3711
0.654939 41.9533
0.654939 42.4719
0.660694 41.9041
0.660694 42.0115
0.660694 41.2405
0.660694 42.3765
0.660694 42.4268
0.668381 41.927
0.650506 41.9886
0.656664 41.8813
0.621231 42.3442
0.632313 41.3274
0.632313 42.3729
0.643548 41.1523
0.654939 41.876
0.660694 42.1372
0.660694 42.269
0.660694 42.2244
0.660694 41.7589
0.660694 41.8498
0.660694 42.0451
0.632313 41.6945
0.597651 42.407
0.608391 42.1727
0.608391 42.1781
0.619277 41.5127
0.619277 42.4448
0.660694 41.6216
0.654939 42.3603
0.660694 42.0982
0.660694 42.0327
0.624775 42.5279
0.624775 41.6945
0.624775 42.4845
0.629773 41.8025
0.629773 42.1888
0.634852 42.555
0.634852 42.5713
0.618103 42.3155
0.629231 42.1603
0.629231 42.4971
0.591952 42.0027
0.591952 42.3944
0.634852 42.038
0.640013 42.4899
0.640013 42.4845
0.633715 42.0557
0.645259 42.6185
0.645259 42.0221
0.575037 42.5568
0.596261 42.5767
0.596261 42.4953
0.601656 42.6694
0.601656 42.1195
0.601656 42.6148
0.601656 42.0292
0.601656 42.4881
0.645259 42.1532
0.645259 42.3191
0.645259 42.452
0.645259 41.5317
0.601656 42.3998
0.602451 41.6719
0.602451 42.6185
0.602451 42.3747
0.602451 42.2851
0.602451 42.6457
0.60877 41.7223
0.60877 41.7903
0.615224 42.4142
0.615224 42.4953
0.627534 42.4863
0.627534 42.1035
0.627534 42.6658
0.627534 41.869
0.627534 42.7296
0.63272 42.6603
0.637993 42.1017
0.643354 42.6385
0.643354 41.606
0.643354 42.5062
0.643354 42.6712
0.613174 41.927
0.607509 39.7852
0.613174 42.5641
0.613174 42.3872
0.613174 42.6003
0.613174 41.7119
0.613174 42.7223
0.613174 41.7293
0.613174 43.0219
0.613174 42.613
0.613174 41.7397
0.613174 42.8082
0.613174 42.5822
0.613174 42.8376
0.613174 41.8953
0.613174 42.613
0.613174 42.5152
0.613174 42.6512
0.613174 42.7881
0.613174 42.584
0.613174 42.7314
0.613174 41.9622
0.613174 42.9092
0.613174 42.0964
0.613174 42.9019
0.613174 42.7095
0.613174 42.3693
0.613174 42.889
0.613174 41.9992
0.613174 42.9424
0.613174 41.8323
0.613174 42.8211
0.613174 42.878
0.613174 42.5731
0.613174 42.8027
0.613174 41.6962
0.613174 42.8357
0.613174 41.7537
0.613174 42.8302
0.613174 41.8831
0.613174 42.8927
0.613174 42.7899
0.613174 42.1692
0.613174 42.9037
0.613174 41.792
0.613174 42.8156
0.613174 41.8253
0.613174 42.6058
0.613174 42.9387
0.606651 42.4953
0.606651 42.4574
0.606651 42.0999
0.606651 42.6185
0.606651 42.3747
0.606651 42.9129
0.606651 41.377
0.606651 42.7826
0.570713 42.9572
0.570713 42.6294
0.606651 42.6585
0.606651 42.5695
0.606651 42.8743
0.606651 41.834
0.606651 42.8412
0.601596 42.5206
0.601596 40.0112
0.601596 42.8229
0.601596 41.3976
0.601596 42.7844
0.596624 42.604
0.591734 42.008
0.586923 42.6858
0.586923 42.4755
0.586923 42.924
0.586923 41.8148
0.586923 42.6821
0.586923 42.4845
0.586923 42.7991
0.586923 41.2729
0.586923 42.9277
0.586923 41.6701
0.586923 42.2351
0.580745 42.746
0.580745 42.0999
0.580745 42.8431
0.580745 42.3837
0.580745 42.9111
0.580745 41.8428
0.580745 42.9056
0.580745 41.8288
0.576061 42.7204
0.576061 41.8936
0.571453 42.7223
0.571453 42.7369
0.571453 42.6457
0.571453 42.8816
0.5376 42.5822
0.5376 43.0608
0.5376 42.6749
0.5376 42.7277
0.5376 42.0115
0.5376 43.0589
0.533333 42.1141
0.529134 42.8725
0.525 42.0362
0.525 43.07
0.525 41.9006
0.525 43.0719
0.525 41.4594
0.525 43.1034
0.525 42.8119
0.525 42.924
0.525 43.0145
0.525 42.6585
0.525 42.5967
0.525 42.6931
0.525 42.1053
0.52093 43.0145
0.52093 41.848
0.516923 42.8156
0.512977 42.924
0.509091 42.9443
0.505263 42.7807
0.505263 42.7734
0.505263 42.6894
0.505263 39.6542
0.505263 41.7484
0.505263 42.4538
0.505263 42.5496
0.5 42.1941
0.489796 42.8284
0.484848 42.7588
0.484848 43.0886
0.484848 42.6603
0.515379 42.9111
0.484848 41.4852
0.48123 42.6203
0.48123 42.7095
0.48123 43.0571
0.48123 42.1799
0.48123 43.0256
0.48123 42.8082
0.48123 42.8541
0.48123 43.1406
0.48123 42.0982
0.48123 42.8835
0.48123 43.0274
0.48123 43.0571
0.477666 42.4683
0.477666 42.9314
0.477666 43.1779
0.507744 42.5876
0.507744 43.0237
0.507744 42.6403
0.507744 43.0645
0.507744 42.8101
0.504011 42.7296
0.504011 41.4508
0.500332 43.3144
0.500332 42.9461
0.500332 42.9923
0.500332 42.9664
0.505437 42.7113
0.510648 42.7862
0.515967 42.9295
0.515967 42.6949
0.485401 43.1909
0.485401 42.5767
0.485401 43.07
0.481884 43.096
0.481884 42.9037
0.512228 42.6931
0.506948 42.757
0.506948 42.7936
0.506948 42.704
0.506948 42.996
0.506948 42.7515
0.501775 42.8945
0.501775 43.0496
0.496706 43.1388
0.496706 42.9756
0.496706 42.7497
0.521154 42.8945
0.496706 42.9664
0.496706 43.0849
0.496706 43.1723
0.493133 42.7625
0.493133 42.9664
0.48961 42.9
0.460606 42.8964
0.460606 43.2526
0.460606 43.0682
0.465306 43.1947
0.468654 42.7954
0.5033 41.9886
0.5033 42.924
0.5033 42.4304
0.5033 42.7753
0.5033 42.9904
0.5033 43.0163
0.5033 43.0867
0.5033 41.8655
0.5033 43.0942
0.5033 42.8651
0.5033 42.389
0.5033 43.122
0.5033 42.5804
0.528072 42.9775
0.528072 42.9332
0.523552 43.1518
0.528072 42.7771
0.528072 42.9479
0.528072 42.6913
0.528072 42.9129
0.528072 42.7241
0.528072 42.9
