0.982734 26.713
0.982734 29.8472
0.982734 30.1532
0.982734 31.7219
0.982734 33.8593
0.982734 34.0692
0.968457 35.3008
0.968457 35.1124
0.87224 35.4887
0.922159 35.5885
0.968457 35.6595
0.968457 35.5885
0.926835 34.9969
0.940512 36.4033
0.940512 38.32
0.954432 36.9987
0.954432 36.8053
0.959019 38.5475
0.959019 38.2278
0.973088 37.4195
0.973088 38.1156
0.973088 39.3035
0.973088 39.2773
0.973088 38.8048
0.973043 39.3128
0.956522 38.0228
0.94964 39.1573
0.94964 38.4719
0.94964 39.4415
0.94964 38.4763
0.942857 39.5179
0.909757 39.7567
0.916383 39.6873
0.916383 37.386
0.916383 39.6338
0.916383 39.6087
0.907576 39.2711
0.907576 40.0786
0.898937 40.3128
0.898937 40.4924
0.905315 40.3275
0.905315 39.8232
0.843869 40.4711
0.852071 40.9266
0.852071 40.0336
0.852071 41.4182
0.852071 40.5597
0.852071 41.5593
0.846154 39.6762
0.846154 38.9833
0.840318 41.6025
0.834563 39.5194
0.834563 41.4388
0.828885 41.3206
0.828885 41.2609
0.828885 41.1862
0.828885 41.056
0.828885 41.5489
0.820991 40.1897
0.820991 42.1017
0.815444 41.5455
0.817759 41.2984
0.812308 42.3639
0.812308 42.2476
0.812308 40.5236
0.812308 41.7589
0.806928 41.834
0.806928 42.4592
0.801619 42.1035
0.801619 42.5568
0.79638 42.1603
0.79638 42.2815
0.838095 41.1557
0.824978 41.9322
0.817228 42.1336
0.817228 42.038
0.809622 42.2404
0.809622 42.0256
0.809622 42.3729
0.858714 41.7258
0.843121 41.8568
0.843121 41.6701
0.830088 41.7781
0.830088 41.8043
0.878981 41.3924
0.866077 41.2269
0.771054 41.7903
0.752137 42.2155
0.752137 42.269
0.747346 42.2654
0.742616 42.2529
0.781791 42.0592
0.776874 42.171
0.776874 41.0492
0.776874 41.4938
0.776874 42.2547
0.776874 42.5731
0.776874 42.6148
0.776874 42.3872
0.776874 42.4881
0.776874 42.5188
0.776874 42.2636
0.823957 42.1106
0.816467 42.2262
0.816467 40.9836
0.816467 41.8515
0.816467 42.0681
0.809225 42.1124
0.804188 42.1425
0.851517 41.4542
0.816823 41.9006
0.811685 41.651
0.801495 42.2297
0.791419 42.0521
0.869321 41.8936
0.839014 40.868
0.839014 40.5203
0.833851 38.9545
0.833851 41.0998
0.823611 41.9551
0.813485 41.7938
0.803471 41.658
0.793566 42.1656
0.793566 42.1425
0.777167 41.6858
0.831729 41.9903
0.831729 40.8981
0.831729 41.8218
0.826631 39.1267
0.816519 40.9316
0.816519 41.5455
0.806519 41.8043
0.7899 41.9287
0.741931 42.0327
0.884516 42.2511
0.878939 42.1852
0.871252 42.1994
0.860337 41.8918
0.860337 41.9886
0.849549 42.1763
0.849549 42.187
0.823799 42.0964
0.816635 42.1425
0.816635 42.4628
0.816635 41.7293
0.816635 42.4448
0.816635 42.1781
0.816635 42.613
0.816635 42.5423
0.816635 42.3066
0.816635 41.6684
0.816635 42.3567
0.861642 35.572
0.800308 44.2811
0.865759 28.569
0.843916 38.7042
0.843916 41.437
0.836959 41.3668
0.882951 40.3877
0.882951 41.8463
0.875553 42.1212
0.829609 42.0433
0.834734 42.1834
0.817681 42.1941
0.822699 42.1479
0.817681 42.1088
0.817681 42.1035
0.845396 42.0398
0.806495 41.7171
0.926946 41.5679
0.904596 41.4955
0.904596 41.2984
0.845484 41.2405
0.871772 41.8008
0.871772 41.1794
0.859199 41.7816
0.844854 41.7467
0.927016 41.4972
0.882691 41.324
0.824979 40.5055
0.845484 41.7519
0.824979 42.0292
0.924898 41.7101
0.856966 41.6112
0.91944 41.5282
0.911986 42.0486
0.911986 41.7101
0.893775 41.8095
0.886444 41.3326
0.921694 41.1557
0.844875 41.5455
0.848535 41.7362
0.848535 40.9735
0.838373 40.0962
0.90357 41.0273
0.925524 41.2626
0.923803 39.1221
0.923803 41.5818
0.894354 41.5904
0.916422 41.4405
0.903775 41.5541
0.893181 41.4594
0.893181 41.2507
0.882703 41.5455
0.832616 41.4731
0.836101 41.8796
0.829818 41.8936
0.862913 40.6075
0.873047 41.4285
0.888043 40.6702
0.903745 41.1286
0.903745 40.9836
0.903745 41.0256
0.903745 41.1404
0.903745 41.1946
0.898482 41.2116
0.891893 40.6587
0.8854 41.3445
0.879001 41.3121
0.824681 41.6043
0.834285 41.7868
0.839207 41.5904
0.872891 41.2677
0.863182 40.7581
0.852322 41.2626
0.846409 41.1133
0.846409 41.3531
0.840577 41.2252
0.840577 41.0829
0.840577 41.0897
0.840577 41.3856
0.840577 40.4809
0.840577 41.4233
0.840577 41.2269
0.840577 41.2371
0.840577 41.2286
0.82328 40.8147
0.837689 39.9218
0.837689 40.6736
0.837689 41.0829
0.837689 40.5499
0.832112 41.0492
0.832112 41.1303
0.832112 41.0088
0.832112 40.9333
0.832112 41.1743
0.832112 41.2252
0.832112 41.1133
0.832112 41.1387
0.82661 41.1997
0.82661 41.2797
0.821179 41.232
0.811288 40.9484
0.80675 40.4482
0.79709 39.9265
0.79709 39.8533
0.79709 38.5802
0.79709 40.7714
0.792596 40.8614
0.792596 39.3964
0.788095 41.0442
0.788095 41.0458
0.79012 40.0561
0.79012 40.7531
0.785311 40.853
0.785311 40.0657
0.780559 40.9735
0.775864 39.976
0.771368 39.4711
0.766783 40.863
0.766783 40.6306
0.771226 40.9567
0.771226 40.8881
0.771226 40.5795
0.766642 40.7963
0.766642 39.0488
0.766642 40.6868
0.766642 40.838
0.766642 40.222
0.766642 41.0004
0.766642 38.8063
0.766642 40.793
0.766642 40.9702
0.762113 41.0206
0.762113 39.5601
0.762113 40.1703
0.762113 40.3812
0.762113 40.4645
0.762113 40.1171
0.762113 40.3584
0.762113 40.3616
0.761917 40.422
0.768673 40.2317
0.768589 40.3356
0.768589 40.1913
0.768589 39.5507
0.768589 40.0994
0.769608 40.1849
0.765309 40.3258
0.765309 40.4367
0.765309 40.282
0.765309 40.2868
0.765309 40.4367
0.765309 40.0721
0.761058 40.5318
0.761058 40.2236
0.756853 40.2398
0.756853 40.3633
0.752695 40.4285
0.745532 38.6115
0.749849 40.2787
0.745883 40.1236
0.745883 40.1865
0.741958 40.1204
0.741958 40.2026
0.74618 40.2658
0.750397 39.8311
0.751247 39.8931
0.747375 40.0384
0.747236 39.5851
0.747867 37.7202
0.747867 39.3407
0.744156 39.4945
0.744156 39.7978
0.743917 39.8804
0.746759 36.0049
0.746759 39.3546
0.746759 38.5238
0.750828 39.9537
0.750828 40.1316
0.750871 40.2139
0.744515 40.2804
0.74474 40.1526
0.740935 39.9122
0.737168 39.8549
0.733439 39.4804
0.733439 40.0802
0.733439 39.9521
0.733439 39.9856
0.733439 40.1913
0.729748 39.6841
0.729748 38.2702
0.729748 40.0641
0.729748 39.8279
0.731192 40.151
0.7316 39.8137
0.728408 39.9138
0.72872 39.4617
0.72872 39.8724
0.725197 39.901
0.72284 40.1075
0.722874 40.1639
0.726487 40.2253
0.726436 39.9744
0.729391 40.1945
0.727053 38.2409
0.727053 39.1221
0.727053 39.5101
0.723637 39.4415
0.723637 39.3577
0.723967 39.7519
0.725996 39.8676
0.726089 39.4415
0.726089 39.7109
0.726089 39.9074
0.724255 39.5366
0.724501 39.593
0.722502 39.7456
0.722914 39.3298
0.722914 37.4883
0.722914 39.4275
0.722914 39.1435
0.721474 39.7014
0.724993 39.4275
0.725078 39.5695
0.725078 39.2311
0.727467 39.4555
0.727467 38.9605
0.72609 37.6407
0.726476 39.1236
0.726824 38.8515
0.723617 38.6354
0.718125 39.1512
0.714896 39.4867
0.714896 38.5579
0.711697 39.1221
0.711697 38.9499
0.708525 38.9833
0.711363 39.3283
0.706856 38.6728
0.707305 38.6638
0.708095 38.5282
0.708437 38.552
0.708437 38.6832
0.709108 38.6085
0.709108 38.6862
0.706055 38.9423
0.709226 38.8651
0.706172 39.09
0.706056 38.8908
0.709463 38.4541
0.711453 38.4926
0.708556 37.8989
0.705682 38.2015
0.702832 38.552
0.700004 38.0011
0.695043 38.5877
0.692197 38.7177
0.695178 38.8304
0.695283 38.5728
0.698229 38.5698
0.695356 38.7087
0.692507 38.7687
0.689681 38.6056
0.695407 38.3597
0.69837 37.9939
0.698465 38.2775
0.698465 37.8788
0.698465 37.696
0.698465 38.298
0.69575 38.0416
0.693056 37.7558
0.690383 38.0706
0.693342 37.9003
0.693342 38.2512
0.696296 38.2059
0.696296 38.1083
0.696296 38.1257
0.696296 38.2717
0.696296 38.1228
0.693598 38.0619
0.693598 37.4
0.696525 37.991
0.696725 37.843
0.699621 38.0865
0.699621 38.2263
0.699621 38.0228
0.699621 37.9593
0.699621 37.9276
0.699621 38.2599
0.699621 37.7287
0.699621 37.8774
0.702512 37.7088
0.702512 38.3907
0.702512 38.2132
0.702512 38.4734
0.702512 38.2015
0.699765 37.0357
0.69704 37.6478
0.694337 37.7273
0.694337 38.0329
0.694337 37.6067
0.694337 37.0755
0.694337 37.7686
0.694337 38.0648
0.694337 38.0865
0.694337 38.1214
0.694337 37.6974
0.694337 38.32
0.694337 35.4836
0.694337 37.7601
0.694337 38.0749
0.694337 37.8172
0.695973 38.5312
0.695973 38.613
0.698768 38.3303
0.701585 38.4084
0.704426 38.4305
0.704426 38.2599
0.704426 37.5728
0.704426 38.6205
0.707289 38.5193
0.710176 38.616
0.713086 38.7102
0.713086 38.6728
0.713086 38.1636
0.713086 38.7087
0.716049 38.546
0.715507 38.5609
0.718712 38.5149
0.718712 38.9757
0.718712 38.8636
0.718712 38.6653
0.718712 35.9699
0.718712 38.0185
0.718712 38.8289
