0.871512 47.1676
0.89288 31.4307
0.933501 41.9199
0.852713 44.3439
0.95393 45.2407
0.831395 45.3227
0.869331 44.5792
0.827781 45.0694
0.845756 45.4071
0.827781 45.2059
0.888199 44.9762
0.831395 45.1528
0.865424 44.8813
0.847258 44.3498
0.84265 44.5256
0.791195 44.7247
0.791195 44.1911
0.74192 43.8558
0.712033 44.0315
0.772869 45.3638
0.84265 45.3289
0.758459 45.5042
0.791195 45.3206
0.791195 45.4752
0.758459 44.8752
0.726898 45.2837
0.758459 45.2735
0.791195 45.043
0.758459 45.4174
0.791195 45.4339
0.726898 45.4422
0.791195 45.4339
0.825173 45.4153
0.795011 45.4256
0.813287 45.3309
0.784608 45.3474
0.816638 45.4711
0.753688 45.5664
0.784608 45.2427
0.833089 45.2161
0.816638 45.3782
0.833089 45.5539
0.833089 45.3289
0.816638 44.0509
0.723821 44.9135
0.784608 45.0227
0.816638 44.4622
0.833089 42.7387
0.816638 44.7989
0.833089 44.5553
0.753688 44.403
0.784608 44.9256
0.833089 44.5593
0.816638 44.2713
0.816638 44.9115
0.784608 44.7928
0.784608 44.5295
0.723821 44.4109
0.784608 43.8808
0.816638 44.7367
0.784608 44.9741
0.784608 44.3912
0.816638 44.6967
0.784608 44.0839
0.833089 44.0606
0.738175 44.4543
0.767495 44.8491
0.797821 43.6777
0.797821 44.9843
0.767495 44.3105
0.797821 44.6369
0.767495 44.8632
0.767495 43.6148
0.797821 44.6808
0.693568 44.6429
0.738175 44.1755
0.738175 43.7082
0.709813 44.3616
0.738175 43.7407
0.666989 44.4919
0.693568 44.613
0.721008 44.7888
0.749351 44.3361
0.778644 43.0256
0.767495 44.403
0.767495 44.6449
0.709813 44.2478
0.709813 44.5613
0.709813 44.6847
0.709813 44.2752
0.693495 42.9387
0.704999 41.738
0.746348 42.935
0.671822 44.5891
0.683155 44.2067
0.694876 44.6708
0.724463 43.5901
0.694876 44.9216
0.724463 44.4168
0.724463 44.0354
0.626044 44.7247
0.626044 43.6015
0.652231 43.8577
0.724463 44.5196
0.666287 44.2517
0.666287 43.6567
0.694876 44.6987
0.694876 43.6643
0.626044 44.5712
0.626044 44.4504
0.694876 43.4556
0.600675 44.5931
0.652231 44.018
0.679274 41.7693
0.724463 42.7991
0.694876 43.4631
0.600675 44.7207
0.600675 44.7347
0.600675 43.7752
0.638646 44.2204
0.537109 44.6548
0.569471 43.518
0.578496 44.7007
0.578496 44.7107
0.529998 44.1618
0.529998 44.4543
0.553869 44.9014
0.578496 43.6148
0.603917 44.7367
0.63017 44.5792
0.553869 43.6987
0.578496 44.7989
0.578496 44.7287
0.578496 44.4425
0.578496 44.9438
0.615683 44.2654
0.506849 44.5613
0.529998 44.7668
0.529998 44.6528
0.562955 44.3538
0.570541 44.6768
0.5631 44.403
0.489694 44.4148
0.531343 44.4998
0.565365 44.7768
0.565365 44.1989
0.481367 44.8451
0.50594 44.3597
0.50594 44.047
0.50594 44.6708
0.50594 44.236
0.43455 44.8893
0.43455 44.6229
0.425472 42.3747
0.414911 42.1088
0.414512 44.8511
0.406468 44.7007
0.407597 43.6395
0.337088 44.6249
0.345194 44.4267
0.367144 44.4959
0.360395 44.5692
0.367144 43.9908
0.305539 44.3125
0.305539 44.8451
0.325291 43.2882
0.367144 44.7127
0.305539 45.0329
0.325291 43.5654
0.319491 44.4879
0.345194 44.7447
0.312839 43.5787
0.304185 45.1406
0.321166 44.5553
0.374359 44.1813
0.345194 43.3144
0.437514 44.4306
0.437514 44.0898
0.466041 43.5578
0.439728 44.9984
0.345194 44.5494
0.367144 44.0742
0.367144 44.6668
0.389838 44.5514
0.366168 44.6269
0.374359 43.6758
0.406395 44.9883
0.34329 44.9539
0.366168 44.2693
0.374359 44.9115
0.283378 44.8531
0.323938 43.5521
0.345194 44.9418
0.367144 44.835
0.325291 44.4306
0.345651 44.9802
0.347094 44.5991
0.38254 45.0694
0.297132 45.0694
0.322097 43.7216
0.338735 44.9924
0.314389 44.7347
0.334293 45.0958
0.309301 45.3083
0.253456 45.5021
0.268116 45.4876
0.268116 45.527
0.272059 45.5063
0.199668 45.0897
0.21817 45.2243
0.235443 45.556
0.21146 45.3042
0.228277 45.6788
0.158228 45.3618
0.175325 45.3206
0.189341 44.841
0.189341 45.5187
0.220484 45.3968
0.254237 44.9883
0.170532 45.2612
0.186722 45.5166
0.198822 45.3268
0.198822 45.2591
0.226562 45.4669
0.257618 45.5747
0.25394 45.4918
0.232358 45.7331
0.232358 45.6767
0 45.9306
0.912799 39.3933
0.912799 40.6058
0.912799 40.4907
0.912799 40.6108
0.812528 40.8113
0.812528 40.5712
0.812528 40.7266
0.812528 40.5564
0.812528 40.838
0.722246 40.5959
0.722246 40.4024
0.722246 40.5959
0.722246 40.6835
0.722246 40.853
0.640531 40.4302
0.640531 40.4269
0.640531 39.4882
0.640531 40.7034
0.473456 40.6967
0.640531 40.8413
0.473456 40.2868
0.640531 40.5121
0.473456 40.308
0.498347 40.873
0.473456 40.858
0.473456 40.5795
0.473456 40.7199
0.473456 40.9383
0.473456 40.9987
0.415193 40.9702
0.415193 40.7747
0.415193 40.6372
0.415193 40.8497
0.415193 40.9182
0.415193 40.8497
0.394872 40.9165
0.394872 40.6554
0.394872 41.0139
0.344316 41.1133
0 40.94
0.871614 37.125
0.852632 37.6478
0.769912 37.5192
0.854764 37.669
0.80158 37.9219
0.80158 37.635
0.80158 37.5305
0.80158 37.6534
0.785376 37.5573
0.754857 37.3511
0.74047 37.2814
0.711661 37.407
0.67234 37.3093
0.647059 36.1755
0.647059 37.011
0.647059 37.5263
0.647059 36.974
0.623023 37.372
0.528775 37.1885
0.513583 37.5192
0.558682 37.0192
0.505334 37.319
0.412178 37.0343
0.390168 37.4574
0.326108 37.1885
0.293956 37.1237
0.293956 37.4644
0.293956 37.0989
0.293956 37.5277
0.285414 37.5347
0.286602 37.1044
0.277995 37.5052
0.280599 37.4434
0.241094 37.3357
0.223073 37.2675
0.223073 37.0892
0.206108 37.4448
0.206108 37.143
0.181654 37.2592
0.160915 37.2745
0.140409 37.4042
0.140409 37.4308
0.140409 37.2384
0.137526 37.0247
0.107943 36.88
0.108404 37.3343
0.101609 37.463
0.0981205 37.4139
0.0945927 37.2342
0.0914105 37.4111
0.0790131 37.3846
0.0582011 37.5319
0.0515436 37.4714
0.0445962 37.5559
0.0445962 37.6364
0.0445962 37.4083
0.0342865 37.5094
0.0196441 37.3832
0.0118673 37.5827
0.0138831 37.3902
0.0177946 37.7173
0.0196927 37.3162
0.012937 37.7358
0.00752482 37.2495
0.00537611 37.7302
0.00537611 37.0069
0.00537611 37.6067
0.00537611 37.0178
0.0035925 37.7458
0.00199265 37.6421
0.000928916 37.6308
0.000312709 37.5799
0.000312709 37.5432
0 37.6407
0.905026 44.193
0.772042 44.5395
0.905026 44.1267
0.851453 42.3765
0.845891 44.0548
0.821625 44.3971
0.750072 43.3858
0.849579 44.3184
0.833865 43.3257
0.837407 44.4504
0.863055 43.7656
0.863055 43.0608
0.772264 44.5295
0.743281 44.3577
0.746898 43.9348
0.749773 44.0587
0.939195 44.1073
0.850087 43.6662
0.862555 44.4464
0.798886 44.1774
0.776083 43.109
0.732452 44.1014
0.853217 43.8231
0.853217 44.3833
0.852307 44.1248
0.922306 43.3013
0.848416 44.4346
0.909929 44.4208
0.906711 43.1816
0.866345 43.8039
0.827008 44.4701
0.776886 43.3934
0.900501 44.4109
0.842331 42.9849
0.815268 44.0859
0.843146 44.3912
0.858924 43.2938
0.850392 44.4247
0.849081 44.3164
0.865718 43.6643
0.805931 44.156
0.805931 44.117
0.767769 42.4809
0.743212 44.117
0.828422 44.1911
0.812676 43.756
0.773434 44.2674
0.773434 43.3107
0.763357 44.2439
0.787508 44.3734
0.763817 43.8673
0.777689 44.2929
0.837849 44.3518
0.799789 43.4991
0.81246 44.4583
0.799085 44.3086
0.767922 43.0459
0.799085 44.1813
0.853562 43.0608
0.841176 44.2302
0.830501 43.7464
0.820093 43.0979
0.794931 44.4306
0.746883 44.3872
0.746883 43.6662
0.75844 43.9967
0.746124 43.8462
0.757873 41.6302
0.786127 44.0567
0.786127 44.2537
0.777143 43.262
0.768362 44.0238
0.768362 43.1779
0.759777 44.0878
0.759777 44.08
0.759777 42.7022
0.759777 43.5123
0.759777 44.2087
0.759777 43.7178
0.759777 44.2282
0.74815 44.1365
0.74815 43.4084
0.724701 43.9773
0.724701 44.2145
0.736462 43.2264
0.736462 44.0645
0.736462 43.3332
0.736462 43.987
0.736462 44.0451
0.736462 44.2321
0.736462 44.7527
0.736462 44.7147
0.736462 44.7968
0.736462 44.5216
0.736462 44.1053
0.712903 44.5216
0.689096 44.5196
0.665037 44.6728
0.658596 44.2087
0.652278 44.8049
0.646081 44.7367
0.646081 44.3794
0.646081 44.4741
0.646081 44.7147
0.646081 44.5792
0.646081 44.5375
0.646081 44.5434
0.646081 44.1014
0.652174 44.7848
0.652174 44.7728
0.646081 44.5454
0.619174 44.6947
0.641026 44.613
0.641026 44.5315
0.641026 44.4089
0.641026 44.4484
0.597898 44.7527
0.594771 44.6429
0.641026 44.5633
0.641026 44.2419
0.641026 44.7107
0.652174 44.3872
0.597898 44.5653
0.641026 44.4642
0.652174 44.5295
0.640244 44.3479
0.634441 44.4385
0.623145 44.3616
0.634035 44.484
0.647619 44.3754
0.66877 44.3046
0.66877 43.8366
0.598187 44.1833
0.598187 44.5157
0.628049 43.6834
0.669348 44.2223
0.67943 44.1618
0.638534 44.482
0.629412 44.047
0.630058 44.6947
0.668639 44.482
0.709091 44.0723
0.668853 44.1969
0.678466 44.5732
0.652482 44.1404
0.572873 44.5058
0.607295 44.1112
0.643257 43.9696
0.682318 44.2654
0.644599 44.1872
0.661848 44.3754
0.661848 44.0859
0.652551 44.4247
0.607792 44.3321
0.60101 44.2223
0.631945 44.3833
0.595855 43.6395
0.627066 44.4168
0.662711 44.3145
0.644695 44.3027
0.681126 44.4622
0.699953 44.1755
0.644695 44.2968
0.662711 44.4583
0.635043 44.4919
0.627049 44.4998
0.652712 44.4227
0.61836 43.1723
0.670441 43.7464
0.635356 43.176
0.672155 43.3633
0.674608 44.0742
0.658723 43.2919
0.675864 43.9812
0.619512 44.0432
0.643735 43.5768
0.651852 43.4292
0.627737 43.8827
0.651852 43.5616
0.650602 44.2615
0.650068 43.7197
0.650246 42.8927
0.650246 44.0257
0.650246 43.0348
0.650246 43.4858
0.650246 43.8904
0.650246 43.3369
0.650246 44.0703
0.642857 43.1016
0.643292 43.6072
0.636145 40.0753
0.644689 42.7058
0.66101 44.1852
0.66306 44.0567
0.702164 42.8964
0.710333 43.4254
0.710333 42.5188
0.710333 43.6472
0.702164 43.8366
0.670251 43.4991
0.702695 44.1345
0.671662 43.9213
0.649566 43.1686
0.649566 43.7867
0.634715 43.9541
0.634715 43.8596
0.680736 44.0567
0.666843 44.0238
0.660108 43.9599
0.657158 43.9425
0.653319 43.4047
0.635945 44.1501
0.635945 43.3764
0.642202 43.4386
0.634703 44.0956
0.648402 44.1891
0.642277 43.2208
0.626339 44.1521
0.628792 44.0762
0.618182 43.9001
0.605832 44.117
0.605832 42.7223
0.605832 43.852
0.605832 43.5901
0.605832 42.9111
0.599566 44.1404
0.599566 43.7158
0.599566 43.7178
0.599566 44.2458
0.577736 43.3576
0.567859 42.3478
0.555298 42.9443
0.546029 43.482
0.546029 43.9734
0.559439 43.8827
0.559439 43.2844
0.561508 44.1131
0.556641 44.1618
0.544581 43.9889
0.544581 43.9967
0.544581 43.0367
0.544581 44.1969
0.544581 44.0005
0.544581 43.1835
0.544581 44.1443
0.547116 42.8192
0.538483 43.9252
0.542636 43.8423
0.542636 43.0737
0.542636 43.3163
0.542636 43.6796
0.542636 43.5199
0.542636 44.1462
0.542636 43.7158
0.542636 43.3369
0.542636 43.6987
0.542636 42.9461
0.542636 43.8847
0.542636 44.0548
0.542636 43.4009
0.542636 42.269
0.542636 43.9174
0.542636 43.7541
0.542636 43.6643
0.542636 44.2988
0.540295 38.1781
0.533371 41.862
0.526376 44.1462
0.519308 43.958
0.519308 43.2096
0.519308 44.1384
0.519308 44.0121
0.526376 43.6357
0.526376 43.8443
0.533371 42.7753
0.533371 43.4122
0.533371 43.9213
0.533371 42.6421
0.542781 44.0703
0.553691 44.2497
0.561009 43.448
0.565819 43.9696
0.565819 44.195
0.570711 43.8943
0.570711 44.0665
0.563515 44.0412
0.570711 43.6129
0.570711 44.1872
0.570711 42.8651
0.570711 43.6796
0.570711 44.1131
0.570711 43.6072
0.570711 44.24
0.570711 44.0083
0.557981 42.5586
0.565081 43.7331
0.57397 44.0839
0.591984 43.7101
0.601896 44.2674
0.572093 44.0567
0.586854 43.3238
0.609524 44.2067
0.609524 44.1404
0.572093 44.0005
0.586854 43.8308
0.599477 42.8853
0.591422 44.2674
0.603352 43.6262
0.575192 43.7464
0.575192 44.3616
0.589147 44.1131
0.563193 43.6186
0.590981 43.9715
0.61584 43.956
0.622091 43.6072
0.568551 44.2929
0.57469 42.9923
0.588847 43.9232
0.547121 44.3184
0.560784 43.232
0.57469 44.018
0.60326 44.1755
0.647887 43.2938
0.588847 41.9886
0.617937 44.2204
0.647887 44.1131
0.57469 44.0626
0.588847 43.4783
0.588847 42.704
0.577273 44.1267
0.631706 44.049
0.685605 43.1425
0.70828 44.4444
0.656136 44.2028
0.678359 43.5388
0.630612 44.3971
0.662136 44.0121
0.678359 43.2414
0.646223 44.1443
0.678359 44.1618
0.68659 43.8577
0.630612 44.2595
0.630612 44.0665
0.630612 43.7273
0.591021 44.195
0.669785 43.2358
0.71234 44.1657
0.661056 44.1794
0.641226 43.2825
0.65388 43.9502
0.642833 44.2968
0.672973 43.7464
0.671083 44.2831
0.618113 44.2341
0.635393 43.8462
0.61889 44.4523
0.679344 44.3754
0.698101 43.6281
0.726426 44.1989
0.679344 43.1369
0.698324 43.9078
0.708705 42.6148
0.721591 43.0071
0.718811 44.0684
0.6888 44.2595
0.668721 43.7867
0.695695 44.5454
0.695695 44.5414
0.712557 43.5939
0.722573 44.1014
0.740152 44.049
0.744664 43.6281
0.721212 44.5256
0.721754 44.4286
0.712998 43.6395
0.704452 44.4583
0.676815 44.4425
0.704142 43.9213
0.71421 43.958
0.744024 44.117
0.701471 44.3125
0.722485 44.4405
0.744024 43.2227
0.741083 44.1677
0.719665 44.2165
0.719665 43.3708
0.730558 44.3282
0.719977 41.4886
0.702781 44.2537
0.731607 44.0742
0.720986 44.613
0.721348 43.3351
0.744875 43.8866
0.756881 44.4583
0.756881 43.0923
0.756881 44.5871
0.756881 44.3813
0.756881 43.4461
0.756881 44.2263
0.756881 44.4346
0.756881 43.8001
0.765661 44.4425
0.774648 43.3163
0.783848 44.2419
0.783848 44.4089
0.783848 44.3046
0.732411 44.7067
0.773318 44.8591
0.752625 44.3341
0.783848 44.7628
0.774648 44.7187
0.774648 44.835
0.765661 44.829
0.765661 45.0227
0.765661 45.0653
0.765661 44.8049
0.765661 45.0025
0.765661 44.9964
0.765661 44.9055
0.774648 44.843
0.774648 45.0086
0.783848 44.6389
0.746412 44.8914
0.708434 44.3184
0.669903 44.7989
0.661471 45.108
0.669903 44.9701
0.669903 44.9822
0.661471 44.3046
0.669903 45.0694
0.669903 45.2182
0.669903 44.9964
0.669903 45.0187
0.669903 44.833
0.669903 45.0633
0.669903 44.9903
0.669903 43.1388
0.669903 43.592
0.669903 45.0552
0.669903 44.9822
0.669903 44.843
0.669903 44.8551
0.669903 45.0491
0.669903 44.9458
0.669903 44.8451
0.669903 44.8914
0.688396 44.7027
0.713359 44.4622
0.729902 44.7908
0.717846 45.0248
0.729902 44.6668
0.729902 44.5018
0.717846 44.4267
0.718396 44.8209
0.671756 44.7608
0.649372 44.9903
0.627581 44.9519
0.606357 44.8109
0.694755 44.6847
0.606357 44.9458
0.694755 45.1264
0.694755 44.9944
0.671756 44.7648
0.671756 44.2948
0.649372 44.8009
0.649372 45.0877
0.627581 44.9661
0.606357 44.8773
0.649372 45.0836
0.627581 45.1569
0.606357 45.0796
0.606357 44.8149
0.58568 44.7788
0.621169 45.0471
0.618389 44.6947
0.725076 44.7247
0.719023 44.7888
0.680559 45.104
0.67405 45.1223
0.67405 45.106
0.648015 45.043
0.740255 45.1467
0.701546 44.8229
0.695794 45.1467
0.67634 44.9418
0.678189 44.5038
0.700584 44.4899
0.700584 44.9014
0.678189 44.9701
0.669345 45.1427
0.656377 45.161
0.656377 45.0775
0.657008 44.9075
0.67885 44.8089
0.726318 42.9775
0.723011 44.48
0.732363 44.5177
0.718563 44.8672
0.718563 44.8049
0.695359 45.1855
0.695359 45.0816
0.672773 45.0714
0.765345 44.7527
0.740898 44.7347
0.717118 44.841
0.717118 44.8149
0.717118 44.8491
0.718563 44.8491
0.742411 44.7327
0.718563 45.0308
0.695359 44.835
0.672773 45.2182
0.650781 45.2059
0.717118 45.2018
0.671456 45.3474
0.671456 44.9216
0.671456 45.0045
0.672773 44.7547
0.704274 45.1223
0.694107 44.7147
0.684256 45.1875
0.684256 45.0593
0.706935 45.0755
0.705096 45.1141
0.711643 45.2202
0.721531 44.9822
0.762955 45.1875
0.65023 44.9762
0.736262 45.1447
0.710454 44.7888
0.716693 44.9479
0.703689 45.0755
0.725059 44.8029
0.671075 45.2653
0.671498 44.9539
0.671498 45.0248
0.69358 45.2817
0.692712 45.0005
0.701992 45.2284
0.698395 45.1998
0.748759 44.5573
0.758594 44.6389
0.73205 44.8471
0.655954 45.1528
0.678658 45.161
0.641273 44.5911
0.462926 45.1386
0.382857 45.1019
0 45.0694
0.953211 36.3121
0.792 36.3108
0.828268 36.3201
0.661995 36.299
0.601674 36.2713
0.555041 36.3293
0.531749 36.0985
0.47764 36.3702
0.441758 36.4418
0.370304 36.2595
0.371847 36.1572
0.306649 36.2937
0.29861 36.5137
0.247471 36.1651
0.260708 36.2608
0.209376 35.8128
0.195021 36.1991
0.190974 35.5303
0.158906 36.152
0.13057 36.0659
0.120445 35.6316
0.120801 36.1716
0.102918 36.0101
0.0774987 36.0542
0.0745611 35.9183
0.0532129 36.014
0.0463409 36.1716
0.0435573 35.6201
0.028475 36.3293
0.0225795 35.9324
0 35.6328
0.878779 38.9226
0.837158 39.0076
0.801887 39.1129
0.778545 38.5773
0.701951 39.0122
0.673549 38.6175
0.635636 38.9742
0.59094 38.0098
0.569752 39.2265
0.560256 38.8169
0.566966 39.0992
0.540674 39.1972
0.540674 39.0839
0.540674 39.1298
0.52351 39.0061
0.49046 39.2557
0.476035 38.8365
0.476035 39.1819
0.476035 39.093
0.476035 39.1988
0.476035 39.0016
0.46738 39.3005
0.46738 38.8169
0.46738 39.2588
0.46738 38.7312
0.46738 39.3252
0.436545 39.2511
0.413904 39.4789
0.413904 39.2958
0.413904 39.2788
0.413904 39.2943
0.413904 39.1589
0.413904 39.4431
0.413904 39.3453
0.413904 39.3391
0.413904 39.2511
0.413904 39.3484
0.413904 39.4182
0.413904 39.2573
0.413904 39.2665
0.413904 39.482
0.413904 39.6118
0.413904 39.9233
0.413904 39.4182
0.413904 39.5914
0.413904 39.5601
0.413904 39.5585
0.413904 40.1155
0.413904 40.2188
0.413904 40.4367
0.413904 40.2966
0.413904 40.3747
0.413904 40.4842
0.413904 40.2495
0.413904 40.3649
0.413904 40.1477
0.413904 40.3812
0.413904 40.3714
0.413904 40.4236
0.417251 40.4957
0.427506 40.4433
0.432765 40.4482
0.427506 40.4285
0.417251 39.6558
0.413904 39.7725
0.417251 39.7994
0.427506 40.1316
0.432765 40.0657
0.432765 40.2755
0.432765 40.3421
