0.981669 42.7862
0.981669 44.156
0.981669 38.6742
0.908604 40.5482
0.90032 41.6788
0.863439 39.2372
0.942636 40.9316
0.925879 42.0681
0.926895 42.4232
0.869502 42.4574
0.911651 42.2744
0.929124 41.6615
0.872016 42.0592
0.842246 42.0769
0.842246 41.6615
0.842246 41.6476
0.842246 41.9199
0.842246 41.6823
0.842246 41.5317
0.842246 41.632
0.842246 41.8078
0.793425 41.5939
0.808337 41.841
0.801727 41.8585
0.801727 41.5991
0.801727 41.6649
0.801727 41.7223
0.801727 40.5433
0.801727 41.4783
0.851022 41.8971
0.856121 41.8148
0.856121 41.8218
0.856121 41.8901
0.86383 41.377
0.84674 39.2449
0.845429 39.4431
0.853799 41.6372
0.862409 41.7484
0.862555 41.3411
0.752781 42.0504
0.780617 39.6385
0.750233 41.5904
0.77598 40.8898
0.77598 40.0144
0.77598 41.4044
0.77598 41.1692
0.77598 41.3787
0.77598 41.5472
0.77598 41.0745
0.77598 41.4199
0.77598 41.5472
0.77598 41.5697
0.77598 41.7659
0.77598 41.7171
0.796515 41.6528
0.803887 41.4336
0.82516 41.0644
0.82516 39.3453
0.82516 40.3161
0.744802 41.6771
0.757823 41.6632
0.764323 40.8447
0.777303 41.365
0.811258 41.4783
0.846848 41.6788
0.861231 41.6528
0.861231 41.5507
0.795581 41.295
0.795581 41.1523
0.811258 41.5818
0.826934 41.5179
0.842611 41.365
0.842611 41.5007
0.842611 41.8725
0.74677 41.6945
0.763796 41.4817
0.781617 41.542
0.800289 41.3736
0.800289 41.5196
0.800289 41.3616
0.800289 41.606
0.800289 41.7397
0.800289 41.7362
0.800289 41.4062
0.800797 41.5887
0.801457 41.542
0.795465 41.5576
0.789724 41.7798
0.764653 41.5749
0.7499 41.2405
0.863723 40.9702
0.863723 41.295
0.863723 41.4473
0.856465 41.3479
0.834439 41.324
0.799228 41.4182
0.799228 41.3599
0.850306 40.7614
0.878452 41.4783
0.85712 41.4748
0.821616 41.4473
0.781474 41.4319
0.781474 41.2337
0.932131 41.413
0.879611 41.5593
0.794677 41.2099
0.798373 40.8263
0.714286 40.9232
0.734708 41.0948
0.79622 41.2388
0.805143 41.1336
0.765797 41.1049
0.745548 41.0863
0.708582 40.808
0.749771 40.1865
0.794432 40.8013
0.794432 40.6951
0.776237 40.5811
0.749478 40.6157
0.774361 40.6339
0.790854 40.5416
0.777008 39.3113
0.781919 40.843
0.830006 39.9537
0.830006 40.1752
0.757771 41.1387
0.791887 40.3356
0.791887 40.4498
0.738557 40.858
0.744905 40.7548
0.738557 40.476
0.744905 40.2917
0.744905 40.9048
0.744905 40.6256
0.684594 40.3454
0.701985 40.4809
0.701985 40.5894
0.701985 40.2901
0.707426 40.5301
0.700348 40.4318
0.723752 40.4449
0.713583 40.3177
0.684932 40.2625
0.671489 40.3779
0.688736 40.3959
0.669826 40.2593
0.662997 40.3323
0.676596 40.404
0.689107 40.4891
0.734855 40.1139
0.734855 40.2431
0.734855 40.3323
0.725764 40.3812
0.698026 40.2706
0.693803 39.9856
0.655629 40.1477
0.655629 39.9218
0.620968 39.1451
0.620968 39.3329
0.64408 39.3082
0.651761 39.7883
0.64408 40.1494
0.655797 39.8947
0.740393 40.1204
0.698373 39.8184
0.715439 39.8915
0.715439 39.9058
0.707103 39.7947
0.689606 39.7172
0.670151 39.6165
0.662493 39.2727
0.666606 39.6118
0.674551 39.6244
0.651283 39.6825
0.694265 39.5977
0.698925 39.6416
0.699625 39.6401
0.69318 39.6118
0.690002 39.4213
0.654343 39.4368
0.659624 39.2711
0.64539 39.2804
0.638364 39.4058
0.685135 39.2418
0.681443 39.4431
0.631367 38.7327
0.621302 37.393
0.631333 39.1083
0.63463 39.1374
0.635858 38.5223
0.670688 39.0869
0.670688 39.1727
0.6163 39.3113
0.618726 39.2172
0.652228 39.1221
0.659058 39.2188
0.64579 39.2249
0.644123 38.909
0.637551 39.1527
0.637551 39.0961
0.628352 39.0229
0.628352 39.0503
0.589222 38.844
0.589222 38.37
0.609756 39.0153
0.621013 38.9651
0.61183 39.0198
0.654649 38.994
0.654649 38.8591
0.654649 38.7687
0.639775 38.9575
0.633645 38.8018
0.619224 38.8229
0.636541 38.3921
0.615336 38.4084
0.624419 38.3377
0.62159 38.4098
0.615963 38.37
0.610375 37.9018
0.604686 38.5966
0.657917 38.0619
0.624419 38.37
0.594285 38.4986
0.601506 37.9492
0.592403 37.9737
0.586689 38.3112
0.580805 38.3936
0.625705 38.5208
0.625705 38.4039
0.618371 37.991
0.58639 38.0141
0.576683 37.8802
0.576683 37.7472
0.576683 37.6478
0.575587 37.7644
0.61699 38.1621
0.615003 38.0836
0.605508 37.8186
0.575811 37.6847
0.559853 37.522
0.571432 37.7986
0.574834 37.4686
0.591717 37.1637
0.598794 37.5573
0.598794 36.7404
0.598794 35.7373
0.605308 37.1319
0.601746 36.3623
0.591837 35.8693
0.587221 33.6939
0.578069 37.0906
0.573532 36.4365
0.576535 37.3636
0.617499 37.7601
0.617499 37.8344
0.617499 37.7216
0.617499 37.5714
0.612946 37.442
0.584083 37.1816
0.568811 36.9795
0.564502 37.294
0.555954 37.0617
0.551714 37.0165
0.543305 36.9495
0.567888 37.2856
0.588168 37.2773
0.609284 36.9344
0.61305 36.3835
0.61305 37.1071
0.616316 37.07
0.636336 37.3497
0.641418 37.2648
0.629451 37.2814
0.625261 37.2912
0.617806 36.8854
0.611626 36.7458
0.598019 36.5671
0.593535 36.6946
0.589933 36.5965
0.589933 36.7701
0.587431 36.8473
0.587431 36.4564
0.597205 36.8406
0.61599 37.0357
0.620755 36.9946
0.620755 36.9905
0.620755 37.0851
0.620755 36.8433
0.610996 36.7958
0.595803 36.8446
0.592496 36.6824
0.601173 36.4179
0.608102 36.7161
0.613077 36.8067
0.610434 36.735
0.631406 36.9399
0.651313 37.3023
0.651313 37.1126
0.651313 37.0549
0.651313 37.0727
0.651313 36.9905
0.645221 36.7593
0.63084 36.7755
0.626101 36.8772
0.621391 36.5992
0.613077 33.6655
0.613077 35.2237
0.613077 36.1703
0.613077 36.4937
0.60132 36.7661
0.612051 36.6086
0.607421 36.8501
0.607421 36.8175
0.611973 36.487
0.626504 35.9015
0.626504 36.9617
0.621631 36.7863
0.610669 36.9358
0.610669 37.0178
0.63368 36.7309
0.63084 36.6153
0.625373 36.944
0.621781 36.8596
0.612841 36.8963
0.596699 36.6838
0.591894 37.092
0.585889 37.1168
0.592417 36.9249
0.611248 36.8053
0.609527 36.7836
0.605008 36.7121
0.63018 36.6771
0.62611 36.3755
0.615022 35.868
0.606261 35.9286
0.597594 36.0023
0.601724 35.9609
0.597887 35.9893
0.597526 35.8577
0.59254 36.4259
0.653358 36.3042
0.62806 36.5484
0.620965 36.3636
0.613932 36.3914
0.60696 36.2266
0.60696 36.2739
0.603561 36.1847
0.624497 35.7628
0.627648 36.2056
0.631061 36.0516
0.658544 35.9105
0.644161 35.75
0.617562 35.5885
0.599729 35.3895
0.599729 35.6049
0.641195 35.4346
0.641195 35.591
0.641195 35.5568
0.6337 35.4271
0.635089 35.1111
0.635089 35.1481
0.635089 35.2051
0.635089 35.0385
0.624042 35.2125
0.604221 35.2622
0.602098 34.915
0.625708 35.2199
0.629178 35.407
0.634628 35.8873
0.632867 36.2293
0.629373 36.1952
0.62764 36.1324
0.62764 36.118
0.62764 36.0334
0.62764 35.8218
0.624204 36.1494
0.604316 35.966
0.611178 35.6608
0.608404 35.4032
0.608404 35.5278
0.608404 35.4811
0.608404 35.3819
0.608404 35.3182
0.608404 35.7769
0.602489 35.4346
0.602489 35.1803
0.602489 35.5669
0.602489 35.1284
0.602489 35.1877
0.602489 34.9748
0.586426 34.9455
0.585228 35.0865
0.611178 35.6646
0.611178 35.791
0.611178 35.7424
0.611178 36.0075
0.614374 35.7641
0.61923 35.8269
0.619083 35.6392
0.619083 35.8359
0.622511 35.8667
0.622511 35.9454
0.61227 35.6773
0.605514 35.7424
0.59217 35.9648
0.585581 35.6773
0.582631 35.3145
0.595773 35.3357
0.595154 35.2038
0.587856 35.4434
0.567799 35.0791
0.567215 34.8566
0.567215 34.7355
0.591496 34.8238
0.600147 35.417
0.605468 35.5417
0.607483 35.4799
0.607483 35.4685
0.607483 35.2336
0.601453 35.0631
0.588048 35.3995
0.574865 35.2535
0.561899 35.1902
0.578424 35.312
0.594967 35.2001
0.611927 35.3895
0.607373 35.4547
0.601806 35.7948
0.580925 36.3372
0.597064 36.1886
0.611147 36.2306
0.625957 36.3003
0.63853 35.6901
0.664882 36.1402
0.557509 36.5818
0.575554 36.4179
0.602342 36.5377
0.62176 36.7229
0.62176 36.5818
0.622633 36.402
0.501743 36.6972
0.532968 36.5017
0.574226 36.7188
0.609571 37.1306
0.625506 37.2038
0.621914 37.2564
0.636539 37.2675
0.53552 36.9235
0.539512 37.463
0.553614 37.3204
0.559191 37.2717
0.566816 37.1278
0.572654 37.2578
0.560115 37.2079
0.551832 37.4827
0.539564 37.3023
0.553492 36.9263
0.515881 36.9754
0.529045 36.9973
0.589635 37.0947
0.582972 37.365
0.573461 36.7742
0.553115 37.2398
0.536932 37.4476
0.581884 37.3301
0.570085 37.0206
0.566347 37.3274
0.509028 37.4574
0.500868 37.4462
0.559494 37.3846
0.550781 37.449
0.533485 37.4784
0.516571 37.1209
0.500025 36.9017
0.545018 37.1802
0.531923 37.1443
0.520575 37.3079
0.508942 37.4658
0.497734 37.4504
0.507147 37.2204
0.500626 37.3441
0.492645 37.3469
0.485954 37.2051
0.539987 37.3944
0.534408 36.9058
0.528869 37.0741
0.508622 36.9713
0.539323 36.9126
0.5189 37.2107
0.50293 37.2689
0.458546 37.2495
0.492896 37.0741
0.485553 37.114
0.474286 37.2426
0.523445 36.9358
0.503517 37.1816
0.484242 36.8297
0.465772 36.673
0.494894 37.1637
0.479896 37.2537
0.455018 37.2204
0.489475 37.3888
0.479428 37.5305
0.465395 37.4532
0.470248 37.3093
0.453009 37.3986
0.437168 36.1415
0.4665 36.6072
0.452723 37.3469
0.43293 37.1955
0.459053 37.4546
0.438294 37.3176
0.420017 37.3399
0.465041 37.172
0.455436 37.1609
0.451234 37.4602
0.444172 37.2107
0.486078 37.3748
0.478744 37.3037
0.482185 37.515
0.480823 37.4841
0.484011 37.4686
0.462977 37.4756
0.440236 37.3636
0.423144 37.2467
0.423144 37.0412
0.423144 37.4042
0.423144 37.3427
0.425121 37.4014
0.418882 37.442
0.420619 37.5869
0.41258 37.6209
0.413196 37.463
0.405004 37.1471
0.417439 37.5996
0.425851 37.4827
0.43866 37.4939
0.445516 37.706
0.462049 37.8946
0.436135 37.8229
0.400426 37.8272
0.41427 37.57
0.423768 37.8129
0.438446 37.8186
0.444661 37.6705
0.417217 37.6605
0.431092 37.4308
0.448671 37.8515
0.4134 37.4056
0.419971 37.8917
0.435544 37.3608
0.4607 37.4546
0.463287 37.9463
0.459762 37.07
0.44671 38.1971
0.417445 37.9291
0.425708 37.8358
0.439212 38.1417
0.4456 38.1534
0.420086 37.9809
0.426197 37.6223
0.434328 38.1054
0.446672 38.1971
0.455177 37.9983
0.412181 38.0199
0.411632 38.133
0.411632 37.9118
0.421476 37.9104
0.40383 38.1942
0.413511 37.1333
0.413053 37.8272
0.420551 36.5617
0.41998 36.245
0.423169 36.1664
0.427182 37.8258
0.427017 37.8644
0.414562 37.9708
0.402323 38.1272
0.390294 37.7074
0.421331 37.611
0.418535 38.4438
0.411883 38.5386
0.398338 38.4084
0.397444 38.4601
0.385037 38.3259
0.373067 38.3818
0.396934 38.2819
0.391117 38.0387
0.383972 37.9233
0.405458 38.466
0.391557 38.1534
0.37741 38.5922
0.398157 38.2497
0.383864 38.3848
0.408601 38.1942
0.366121 38.4453
0.369716 37.723
0.354368 38.1563
0.376156 38.6847
0.360145 38.7717
0.373861 38.5922
0.356155 38.8742
0.369757 38.4497
0.369142 38.8455
0.368621 38.8802
0.409229 39.2742
0.363877 38.9378
0.355905 39.1236
0.347051 38.7898
0.369779 38.8682
0.362118 39.2326
0.354543 39.029
0.355415 38.6205
0.354376 39.188
0.355426 39.0259
0.363489 38.8395
0.367511 38.9514
0.375379 39.1742
0.367451 39.0549
0.398436 39.0016
0.390231 38.5907
0.39241 39.0305
0.353797 37.7202
0.357875 39.0427
0.382462 38.8425
0.373612 39.09
0.363037 39.1727
0.354631 39.0488
0.381951 39.1681
0.367475 39.2357
0.335211 39.2881
0.329446 39.3515
0.358062 39.3005
0.350791 37.3441
0.347248 39.1819
0.33981 39.2896
0.374058 38.9135
0.363858 39.3174
0.328602 39.302
0.360446 39.44
0.371554 39.5335
0.369719 39.4337
0.36285 39.6983
0.361952 39.521
0.388367 39.5366
0.34798 39.3437
0.351275 39.2034
0.380887 39.3949
0.380912 39.384
0.38625 39.4135
0.386212 39.2372
0.406161 39.4758
0.394035 39.5382
0.357276 39.4992
0.375809 39.1681
0.368186 38.8621
0.359371 39.4073
0.390635 39.3732
0.384843 39.4836
0.370892 39.4011
0.365532 39.6558
0.362502 39.4042
0.387394 38.8425
0.375566 39.2218
0.359581 39.4213
0.380579 39.5836
0.378884 39.2896
0.382728 39.1328
0.37842 38.6548
0.378803 39.4945
0.375099 39.4649
0.376913 38.7222
0.405065 39.0747
0.389364 38.9955
0.377504 39.1865
0.377504 39.4914
0.380408 39.6888
0.380408 39.5804
0.381879 39.582
0.38553 39.5523
0.418349 38.6175
0.410541 39.4166
0.400554 39.165
0.354982 39.2465
0.371237 39.5601
0.387776 39.6244
0.400913 38.0329
0.389818 39.5413
0.406753 39.1512
0.408638 39.1359
0.406649 39.5977
0.397446 39.248
0.39289 39.3484
0.365813 39.3035
0.366454 39.6621
0.376105 39
0.385894 39.4633
0.383866 37.2301
0.436724 38.9864
0.436221 38.9545
0.396768 39.268
0.403609 39.8772
0.404203 39.8168
0.409134 39.801
0.409134 38.8908
0.450078 38.0778
0.411369 39.9106
0.412169 39.733
0.418479 39.9489
0.424128 39.7156
0.430305 39.0701
0.426587 39.8692
0.434014 39.9074
0.445377 39.5617
0.442063 39.3128
0.423869 39.8724
0.429867 39.7298
0.398397 40.0513
0.410854 39.2912
0.413803 40.2771
0.413803 39.8899
0.413803 40.0802
0.413803 40.0673
0.410162 39.9776
0.424472 39.8518
0.429867 39.1037
0.449304 39.8168
0.4509 40.2414
0.415773 40.1268
0.432127 40.1365
0.454972 40.2479
0.467008 40.0096
0.432532 40.5285
0.432532 40.5334
0.400813 40.4106
0.409121 40.3502
0.420589 40.0705
0.430516 39.96
0.476619 40.5548
0.473653 40.705
0.48097 40.5696
0.47046 40.3845
0.436777 40.373
0.440975 39.7947
0.480488 40.5433
0.405424 40.3682
0.419036 40.5039
0.423733 40.0561
0.424217 40.7531
0.447973 41.0088
0.461542 40.8313
0.464773 40.4171
0.471057 40.3812
0.512822 41.0324
0.509369 41.0458
0.50457 40.95
0.494351 40.8463
0.543069 41.137
0.503713 41.511
0.493508 41.2507
0.482693 41.542
0.471264 41.1489
0.460111 36.8351
0.460111 40.8397
0.460111 41.1201
0.461312 40.5581
0.465107 41.1828
0.46557 41.1184
0.421178 41.4491
0.418214 40.7481
0.422205 41.2371
0.455385 41.4766
0.444545 41.4921
0.479443 41.2218
0.50464 41.377
0.425104 41.7798
0.420173 41.5628
0.446184 41.7275
0.484704 41.6892
0.466342 41.3411
0.489894 41.2524
0.458655 41.5973
0.48196 41.6597
0.441429 41.6736
0.452788 41.2065
0.434075 41.7537
0.419492 41.8673
0.445211 41.8095
0.445211 41.5144
0.44148 41.4869
0.44148 41.9551
0.44148 41.799
0.462032 41.9094
0.445531 41.8498
0.43453 41.6233
0.462251 41.6753
0.462251 41.9798
0.462251 41.9463
0.443722 41.0796
0.45613 41.5973
0.416783 42.2958
0.437157 42.294
0.437157 42.3442
0.462531 42.203
0.462531 42.4755
0.462531 42.6003
0.462531 42.1727
0.462531 42.4502
0.462531 42.5804
0.458094 42.6548
0.444273 41.9358
0.426015 42.2226
0.432133 42.8266
0.432133 42.8101
0.42753 42.5858
0.432133 43.0126
0.432133 42.8578
0.432133 42.3908
0.432133 41.2201
0.432133 42.6985
0.432133 41.324
0.463261 41.4559
0.42753 41.8008
0.432133 41.806
0.432133 42.3048
0.432133 40.7315
0.432133 42.7296
0.432133 42.7551
0.456347 42.6167
0.449432 42.1567
0.442518 41.3822
0.442518 43.0737
0.442518 42.5116
0.442518 42.8064
0.442518 42.8688
0.466087 42.959
0.466087 43.0256
0.466087 43.0923
0.466087 42.9664
0.49118 42.5315
0.49118 42.8945
0.49118 43.3426
0.49118 43.0422
0.49118 43.0775
0.49118 43.1555
0.47496 43.3764
0.49118 43.247
0.49118 43.0071
0.49118 43.0515
0.498855 42.8101
0.5063 43.0571
0.514089 42.8156
0.4823 42.2636
0.483505 43.0126
0.468729 42.4953
0.47583 43.3013
0.490722 43.1891
0.497938 43.4197
0.4725 43.3332
0.4725 42.9997
0.4725 43.3351
0.4725 43.1444
0.4725 42.9904
0.4725 43.3088
0.454527 43.0775
0.490402 43.1109
0.511662 42.8449
0.477281 43.0571
0.477281 43.0052
0.477281 42.8449
0.477281 43.1072
0.477281 42.9516
0.477281 42.9
0.450359 42.5622
0.450359 42.3066
0.450359 42.5188
0.477281 42.4683
0.477281 42.7223
0.477281 42.6058
0.477281 42.9424
0.477281 42.155
0.477281 42.5369
0.470158 42.9166
0.463034 43.0626
0.455911 42.8945
0.455911 42.959
0.455911 43.0293
0.455911 43.1686
0.455911 42.7862
0.455911 42.6257
0.455911 42.6985
0.455911 42.8927
0.455911 42.6803
0.488751 43.0422
0.503096 43.0997
0.546843 43.3144
0.568043 43.0682
0.540005 43.4934
0.562354 43.1499
0.529069 42.8945
0.553991 42.757
0.524166 43.1406
0.542609 42.9221
0.516239 43.1499
0.485762 43.2414
0.505942 43.0015
0.505942 43.4009
0.542609 43.3821
0.542609 43.3032
0.526678 43.3238
0.542609 43.3369
0.526678 43.2825
0.542609 43.3727
0.505942 43.2227
0.526678 43.1518
0.513657 43.2152
0.561424 43.2451
0.529433 43.07
0.556724 43.3257
0.541958 43.1854
0.547368 42.9461
0.547368 43.2133
0.547368 42.9166
0.547368 43.0997
0.547368 43.2358
0.547368 43.3013
0.510589 43.2694
0.510589 42.7314
0.510589 42.7077
0.547368 42.7661
0.53125 42.8486
0.576522 42.7168
0.570717 42.6294
0.576522 43.4688
0.53125 43.083
0.547368 42.8633
0.527586 43.1388
0.562937 42.7533
0.575439 39.4058
0.512029 42.5822
0.536773 42.1852
0.536773 42.6021
0.575439 43.0552
0.56993 42.9019
0.575439 43.305
0.575439 43.0682
0.575439 43.262
0.568801 43.1202
0.502353 42.9203
0.53176 42.9129
0.536773 42.7497
0.536773 42.6276
0.506495 42.3173
0.506495 42.4484
0.506495 42.8559
0.506495 42.9129
0.536773 42.416
0.536773 42.7204
0.536773 42.7442
0.536773 42.416
0.536773 42.7716
0.492665 43.0089
0.506495 42.7991
0.506495 42.9516
0.506495 42.6367
0.432707 42.5786
0.449145 42.4304
0.478709 42.4268
0.506495 42.9332
0.506495 42.7113
0.506495 41.9445
0.506495 42.6312
0.506495 42.4538
0.465872 42.4646
0.453149 42.3549
0.472166 42.061
0.549369 42.3926
0.555665 42.8339
0.569842 42.8192
0.59408 42.5279
0.608853 42.7296
0.535613 42.219
0.580701 42.6185
0.607907 42.2583
0.565765 42.4863
0.565765 42.6949
0.576319 42.8247
0.608853 42.7771
0.587017 42.9719
0.616512 42.6003
0.613053 42.9332
0.555351 42.7991
0.535613 41.9815
0.575561 42.6931
0.525941 42.7588
0.558591 42.7625
0.5916 42.9221
0.546992 42.123
