0.968626 41.0931
0.943886 41.7676
0.884361 37.9593
0.872002 39.7078
0.875006 39.9441
0.885926 40.6421
0.893009 40.3616
0.902188 40.5071
0.915598 40.5252
0.932295 40.4285
0.944719 40.2739
0.983776 40.0128
0.963756 40.1171
0.963756 40.0689
0.935765 39.9984
0.857561 39.336
0.869046 39.6338
0.874027 39.1896
0.882552 39.398
0.882552 39.0259
0.935765 39.6558
0.911049 40.0256
0.945436 40.4269
0.945436 39.9776
0.935702 40.3633
0.966085 40.3551
0.935765 39.6589
0.882097 39.5007
0.892434 39.5726
0.892434 39.8613
0.899985 39.9952
0.884706 39.6684
0.908216 39.976
0.935415 40.2641
0.958342 40.6273
0.970566 40.4924
0.970566 40.458
0.958342 40.18
0.92527 40.2172
0.891381 40.2479
0.853626 40.4122
0.831132 40.1719
0.881183 40.0096
0.891904 39.9968
0.960493 40.1784
0.930444 40.1413
0.922474 40.7166
0.938548 40.7481
0.942223 40.5828
0.925143 40.6421
0.882391 40.5351
0.911303 40.2075
0.911303 40.3486
0.88344 40.4907
0.88344 40.5367
0.925143 40.4498
0.891933 40.5548
0.916358 41.0425
0.912116 40.6339
0.918205 40.5039
0.884447 40.4973
0.898344 40.517
0.948946 40.256
0.948946 40.568
0.948946 40.3519
0.948946 40.2722
0.932203 40.4842
0.83802 40.4416
0.847808 40.945
0.862912 40.9417
0.902317 41.0071
0.893785 40.1011
0.925069 40.4498
0.925069 40.6042
0.925069 40.5795
0.925069 40.4089
0.952614 40.7664
0.926453 40.9417
0.868028 41.1438
0.948332 41.1252
0.90506 41.0475
0.927844 40.848
0.909551 40.6868
0.884261 40.5055
0.887989 40.5433
0.898592 40.9651
0.881111 40.8931
0.92747 40.5071
0.893411 41.1167
0.883602 41.5213
0.896345 40.9987
0.88712 41.2575
0.897906 40.992
0.88875 41.3172
0.88875 40.7564
0.844069 40.7797
0.859848 40.4973
0.858946 40.6918
0.840744 40.0577
0.934291 40.7664
0.940494 40.4089
0.964972 41.2899
0.9335 40.4236
0.919663 41.2763
0.861348 40.5614
0.88342 41.0678
0.859429 40.9098
0.918567 40.9015
0.899926 40.8647
0.857313 40.1816
0.886154 41.0813
0.918817 40.7232
0.938367 41.2712
0.938367 40.7647
0.913599 41.1692
0.943633 40.868
0.892455 41.2218
0.906009 41.0576
0.892455 40.2739
0.904718 41.232
0.881715 40.8847
0.856764 41.4525
0.894332 41.3411
0.920156 41.8498
0.861076 41.024
0.843821 41.7223
0.842711 41.4233
0.829426 41.48
0.892728 41.6771
0.878282 41.3497
0.925215 42.0221
0.898399 41.2626
0.909915 41.5041
0.932957 41.3924
0.920038 41.5472
0.85874 41.1421
0.844061 41.2882
0.816621 41.024
0.868187 41.0644
0.894853 41.7589
0.89081 41.3976
0.864652 41.7763
0.946752 41.0948
0.909091 42.0327
0.847635 41.7136
0.83423 41.6528
0.873859 42.0097
0.908117 41.813
0.93647 38.4911
0.88664 39.412
0.920639 42.3352
0.91438 41.5438
0.869995 42.1656
0.877122 42.2529
0.846164 41.3411
0.85964 42.1532
0.866702 41.5714
0.886186 42.3442
0.905816 42.4701
0.919574 42.2565
0.890358 42.7405
0.918112 41.8393
0.893902 42.4304
0.924647 42.3245
0.907766 42.2815
0.894207 42.508
0.940759 42.1177
0.923109 42.5423
0.858065 41.4525
0.916739 42.6476
0.897487 42.3585
0.929166 41.6337
0.914585 42.4196
0.897487 41.9252
0.885403 42.7387
0.914889 42.5062
0.897442 42.5622
0.90605 42.7588
0.873321 41.7153
0.946018 42.5297
0.92769 42.5242
0.893865 42.6348
0.891356 42.6367
0.891356 42.337
0.906393 43.0663
0.905896 41.658
0.903375 42.7881
0.914568 42.4899
0.88511 42.4809
0.837067 42.8284
0.946448 41.8953
0.97273 42.7826
0.956074 41.6806
0.946415 42.6076
0.889931 42.8614
0.863468 42.6858
0.890218 43.1109
0.927315 41.5179
0.87838 43.0348
0.854817 42.9258
0.919042 42.7917
0.928668 43.4028
0.928668 42.0203
0.922099 43.1239
0.854881 43.3915
0.901321 42.7077
0.881832 43.4047
0.881832 41.3616
0.922099 43.2957
0.885584 42.9756
0.901321 42.8192
0.901321 42.2172
0.891951 42.6913
0.85745 42.8872
0.873047 43.2395
0.913592 42.8908
0.867479 43.0404
0.884679 42.6621
0.859451 42.9277
0.908163 43.399
0.908163 42.6276
0.933552 42.8504
0.891645 43.756
0.882216 42.9664
0.879397 43.033
0.89404 43.1332
0.848142 42.8486
0.819866 43.1332
0.908409 42.6639
0.918876 43.4216
0.87087 43.3369
0.883622 42.6894
0.890352 43.176
0.890352 43.4197
0.909164 43.482
0.87087 43.5332
0.844828 43.096
0.844828 43.5464
0.844828 43.5237
0.890352 42.6348
0.900246 43.5104
0.890352 42.5641
0.82906 43.5426
0.87087 43.2751
0.890352 42.5441
0.890352 43.6072
0.844828 42.2208
0.835597 43.5218
0.835597 43.4877
0.857186 42.3585
0.8669 43.5066
0.856333 42.2547
0.846449 43.1984
0.89716 43.5161
0.89716 42.3227
0.89716 43.7541
0.857143 42.5062
0.857143 43.573
0.883837 43.4028
0.895066 43.0478
0.894539 43.5559
0.894539 43.0052
0.894539 43.7943
0.912548 42.508
0.912548 43.651
0.901701 43.712
0.901701 43.0163
0.901701 43.465
0.912548 42.5478
0.912548 43.3839
0.912548 43.5369
0.863256 42.8412
0.873558 43.7292
0.873558 43.7694
0.873558 43.5294
0.873558 42.4304
0.873558 43.7369
0.873558 43.6148
0.873558 42.9369
0.873558 43.8404
0.873558 43.8904
0.873558 43.8596
0.863256 43.9097
0.863256 42.6985
0.842989 43.3144
0.863256 43.9406
0.863256 43.7044
0.873558 43.6738
0.890686 43.8231
0.869016 43.8481
0.850231 43.9599
0.904822 43.6376
0.904822 43.7254
0.904822 43.8385
0.904822 43.8462
0.904822 43.8078
0.904822 43.9116
0.904822 43.6643
0.886271 43.9232
0.904822 43.7025
0.904822 43.8097
0.904822 43.7178
0.895118 43.827
0.891381 43.7982
0.913463 43.6643
0.882211 44.1092
0.882211 43.9425
0.921174 43.7484
0.921174 43.7809
0.921174 44.1034
0.921174 43.802
0.921174 43.6738
0.941266 43.9174
0.941266 43.9464
0.921174 44.2028
0.921174 44.2439
0.921174 44.0102
0.921174 44.2674
0.882211 43.5901
0.921174 44.3086
0.921174 44.238
0.920967 43.8289
0.900168 43.6605
0.876574 44.1872
0.876574 43.6224
0.876574 43.6777
0.876574 44.1248
0.915167 44.1813
0.876574 43.8443
0.839506 43.8712
0.876574 44.0257
0.876574 44.0509
0.915167 44.1443
0.915167 44.1911
0.915167 44.1345
0.91863 43.8404
0.931035 44.1872
0.951923 44.156
0.951923 43.987
0.901267 43.2788
0.926247 43.0571
0.913381 43.8885
0.913381 44.2733
0.913381 43.7082
0.913381 43.8673
0.913381 44.1267
0.913381 44.3341
0.913381 44.3223
0.913381 43.6967
0.913381 44.2791
0.913381 44.0937
0.913381 44.1209
0.913381 43.9715
0.913381 43.7063
0.913381 44.1384
0.913381 43.7598
0.913381 43.8654
0.913381 43.9001
0.926037 44.2243
0.926037 44.2772
0.926037 44.0121
0.926037 44.0025
0.926037 44.0529
0.926037 44.2204
0.909091 44.2615
0.896774 44.3991
0.872611 43.9001
0.872611 44.1521
0.909091 44.3282
0.909091 44.0878
0.896774 44.2497
0.896774 43.902
0.896774 44.0548
0.872611 44.0218
0.872611 43.2788
0.872611 44.0839
0.909091 43.5313
0.909091 43.5483
0.896774 43.8539
0.896774 43.8462
0.872611 43.8327
0.849057 43.9367
0.909091 43.4858
0.896774 42.1106
0.896774 43.9425
0.896774 43.7963
0.896774 44.1326
0.896774 43.5218
0.896936 43.7426
0.896936 42.9498
0.896936 44.0723
0.896936 43.7963
0.896936 43.6072
0.896936 44.016
0.884758 44.1248
0.884758 43.7943
0.884758 43.9831
0.896936 43.9773
0.884686 44.0898
0.878182 44.0587
0.866505 44.0723
0.848989 44.0238
0.848989 43.9657
0.848989 43.1779
0.848989 43.9059
0.837749 44.0917
0.815169 42.9498
0.803828 43.9232
0.803828 44.2067
0.806392 44.195
0.806392 44.2145
0.806392 44.1677
0.806392 43.8039
0.806392 43.877
0.806392 43.4613
0.806392 43.9715
0.806392 44.2439
0.806392 44.1462
0.806392 44.0839
0.806392 44.1228
0.806392 44.2439
0.806392 44.1014
0.806392 43.9078
0.806392 44.1092
0.806392 44.0238
0.806392 44.0548
0.806392 44.0762
0.806392 44.3164
0.806392 44.3715
0.808081 44.3046
0.808081 43.9174
0.808081 43.4028
0.808081 44.3734
0.808081 44.236
0.808081 44.4346
0.808081 44.615
0.808081 44.3302
0.808081 44.3518
0.808081 44.482
0.808081 44.6249
0.806392 44.5216
0.822571 44.117
0.839411 44.0509
0.844607 44.609
0.856956 44.1404
0.856956 44.3853
0.856956 44.3125
0.856956 44.4583
0.83775 44.4741
0.83775 44.3813
0.860215 44.484
0.860215 44.6927
0.860215 44.603
0.847914 44.2321
0.83558 44.2106
0.823212 44.1326
0.823212 43.7752
0.823212 44.1774
0.823212 44.2948
0.823212 44.2458
0.823212 43.9136
0.823212 44.2028
0.823212 43.3501
0.804642 44.1774
0.768614 44.1345
0.826329 43.8385
0.768614 44.5177
0.823212 43.6224
0.823212 42.4881
0.823212 44.2733
0.823212 44.193
0.823212 43.2563
0.823212 44.4109
0.823212 44.1248
0.823212 44.482
0.823212 44.833
0.804642 41.2541
0.804642 42.9443
0.804642 44.2008
0.804642 43.9174
0.804642 44.3557
0.823212 43.8078
0.823212 43.4386
0.823212 44.2341
0.823212 44.0548
0.823212 44.1151
0.823212 44.2126
0.823212 44.3223
0.823212 44.156
0.823212 44.0529
0.823212 44.0684
0.823212 44.4622
0.823212 44.2087
0.823212 44.0393
0.823212 44.2693
0.823212 44.5414
0.823212 44.236
0.823212 44.3754
0.823212 44.0684
0.823212 44.2791
0.823212 44.2478
0.808874 44.3538
0.827586 44.0723
0.812729 44.1696
0.776183 44.4543
0.831572 44.1151
0.831572 44.0859
0.831572 44.2889
0.831572 44.4267
0.812729 44.3518
0.831572 44.154
0.831572 43.9116
0.831572 42.7113
0.831572 44.1209
0.812729 44.1073
0.812729 43.6034
0.812729 44.2419
0.812729 44.154
0.812729 43.735
0.812729 44.3971
0.831572 43.1704
0.831572 43.985
0.812729 44.2497
0.812729 43.7848
0.776183 44.0878
0.776183 44.1092
0.812729 43.6548
0.812729 44.0917
0.836423 44.193
0.836423 43.8327
0.836423 44.0451
0.836423 44.0723
0.836423 42.7954
0.836423 44.0762
0.836423 44.24
0.836423 43.7771
0.836423 44.2889
0.836423 44.0529
0.836423 44.401
0.816939 44.5157
0.816939 43.8635
0.816939 44.4622
0.816939 44.2008
0.816939 43.6491
0.836423 44.3754
0.836423 44.2889
0.836423 44.0025
0.836423 44.2517
0.836423 44.2223
0.836423 44.1112
0.836423 44.2772
0.836423 43.5445
0.836423 44.3931
0.836423 44.047
0.836423 44.1462
0.836423 43.9155
0.816939 43.29
0.816939 44.4998
0.816939 44.3203
0.779186 43.9271
0.836423 44.4682
0.836423 44.2458
0.816939 44.156
0.816939 43.5806
0.816939 44.5256
0.779186 43.63
0.779186 44.5375
0.741082 44.3675
0.776183 43.5711
0.776183 44.3498
0.776183 44.4603
0.705629 43.1369
0.807673 43.877
0.807673 44.2067
0.807673 43.6796
0.807673 43.9696
0.807673 44.3282
0.807673 44.117
0.831572 44.0102
0.836423 44.5177
0.836423 44.1248
0.836423 44.2282
0.836423 44.607
0.776183 44.1404
0.772328 43.6414
0.772328 43.9947
0.738339 44.2282
0.738339 43.0089
0.831572 44.4998
0.705629 44.0548
0.831572 43.6777
0.831572 44.3302
0.831572 44.049
0.812729 43.0182
0.831572 43.9812
0.831572 43.4348
0.831572 43.1909
0.831572 44.1735
0.831572 44.1755
0.831572 43.6034
0.831572 44.0723
0.772328 44.1989
0.772328 43.1239
0.772328 44.236
0.831572 42.5622
0.831572 43.9831
0.831572 44.2791
0.831572 44.3833
0.831572 44.3518
0.831572 42.9074
0.812729 44.0451
0.812729 44.2576
0.772328 43.3557
0.772328 44.2223
0.812729 44.0898
0.772328 43.2152
0.831572 44.0509
0.831572 43.3013
0.831572 44.3184
0.831572 44.1034
0.831572 43.691
0.831572 43.9097
0.831572 43.5256
0.807673 44.3951
0.807673 44.2537
0.807673 43.4367
0.825879 44.4168
0.825879 43.3332
0.825879 44.1599
0.825879 44.0762
0.831572 43.7311
0.831572 44.5276
0.831572 44.0063
0.831572 44.3636
0.807673 44.0005
0.772328 44.2537
0.807673 44.1872
0.825879 44.3459
0.825879 43.0756
0.825879 43.9734
0.825879 44.238
0.825879 44.117
0.831572 44.3577
0.831572 43.3896
0.831572 44.6748
0.807673 44.285
0.807673 44.0723
0.772328 44.2165
0.807673 43.8962
0.825879 43.5294
0.807673 43.9174
0.807673 44.4504
0.807673 43.5787
0.807673 42.1674
0.807673 44.3931
0.772328 44.5772
0.772328 43.7101
0.807673 44.1696
0.807673 44.0509
0.807673 41.9059
0.772328 43.9425
0.807673 43.3557
0.825879 44.2713
0.825879 44.3853
0.807673 43.875
0.807673 44.2497
0.807673 43.122
0.807673 44.2929
0.807673 44.3734
0.772328 43.0089
0.772328 44.4622
0.825879 44.3439
0.825879 43.85
0.825879 44.0684
0.825879 43.691
0.825879 44.3145
0.825879 42.7423
0.825879 44.0665
0.825879 44.1365
0.807673 43.7484
0.767711 43.9406
0.767711 43.3407
0.767711 44.34
0.767711 44.2713
0.767711 42.5532
0.801867 44.0393
0.801867 44.08
0.807673 44.3616
0.825879 44.2223
0.825879 43.3388
0.807673 44.3695
0.767711 44.1521
0.801867 43.4405
0.801867 44.0102
0.801867 44.3027
0.801867 43.9348
0.801867 44.285
0.767711 43.1258
0.807673 44.1638
0.807673 44.4208
0.772328 43.1183
0.772328 44.4583
0.772328 43.2432
0.772328 44.1794
0.772328 44.3439
0.807673 43.352
0.807673 44.2243
0.801867 44.156
0.801867 44.0238
0.767711 44.4899
0.767711 44.0995
0.767711 43.9502
0.734826 44.3636
0.807673 43.592
0.807673 44.3656
0.807673 44.3754
0.807673 43.7771
0.83959 44.4069
0.853292 44.0723
0.847452 43.4047
0.847452 44.2341
0.847452 43.5407
0.847452 44.5732
0.847452 44.1345
0.805582 42.7131
0.805582 43.4141
0.805582 44.1073
0.842226 44.1306
0.842226 44.0995
0.842226 44.9014
0.842226 44.8752
0.842226 44.8893
0.842226 44.6508
0.805582 44.5177
0.805582 44.7668
0.805582 44.4267
0.842226 44.5514
0.842226 44.3262
0.805582 44.8551
0.805582 44.4761
0.770368 44.8914
0.842226 44.2713
0.842226 44.615
0.842226 44.5276
0.847452 45.0086
0.866985 44.1326
0.866985 44.5851
0.866985 44.5991
0.847452 44.486
0.847452 44.9035
0.847452 44.3538
0.847452 44.7928
0.847452 44.5514
0.847452 44.6907
0.809587 44.5613
0.809587 43.8789
0.809587 44.2948
0.809587 44.342
0.809587 44.6847
0.809587 44.4346
0.847452 44.3125
0.847452 43.8059
0.847452 44.08
0.809587 44.5236
0.809587 44.2713
0.809587 44.338
0.809587 44.3695
0.809587 44.4385
0.807673 44.2556
0.798428 44.3361
0.757182 44.4247
0.741105 44.342
0.741105 44.5931
0.709817 44.6588
0.701001 44.4168
0.647339 44.1384
0.61908 42.7332
0.591346 43.958
0.566434 44.1326
0.539355 43.827
0.51222 43.8212
0.498632 43.9947
0.471414 44.1267
0.44414 44.0956
0.41681 44.1053
0.389423 43.63
0.36198 43.5597
0.33448 43.7637
0.306924 44.1345
0.27931 44.2282
0.237783 44.1774
0.210026 44.1618
0.196126 43.9502
0.152667 44.1716
0.141892 43.7637
0.109091 42.443
0.0727273 43.7311
0.0454676 43.827
0.0727273 44.016
0.081571 43.987
0.0881291 42.6403
0.0870934 43.535
0.111599 44.0839
0.0975458 42.8688
0.104141 43.7963
0.173363 43.4179
0.182317 42.2815
0.208035 43.6034
0.219593 42.4412
0.254545 43.7407
0.274558 43.3219
0.310236 43.32
0.334004 43.7063
0.369631 43.1984
0.405227 43.4934
0.440792 43.352
0.464486 42.7369
0.5 43.85
0.557047 43.9928
0.56962 42.8688
0.547305 43.4122
0.559123 43.1481
0.582748 43.9812
0.594556 43.8212
0.618161 43.109
0.653543 43.9348
0.688895 42.8486
0.724217 43.8327
0.751515 43.7579
0.763636 43.7082
0.775758 44.0141
0.775758 44.0412
0.775758 43.6643
0.775758 43.9986
0.775758 42.633
0.775758 43.9734
0.775758 43.8116
0.775758 42.6094
0.775758 44.2791
0.775758 43.8635
0.775758 43.5616
0.775758 43.5142
0.775758 43.3107
0.775758 44.0937
0.775758 44.1599
0.775758 43.1537
0.775758 43.7828
0.775758 43.875
0.775758 43.6376
0.825553 43.9618
0.825553 44.3734
0.825553 43.6643
0.825553 42.9332
0.825553 43.877
0.825553 44.3341
0.825553 44.047
0.825553 43.6719
0.825553 44.2145
0.77327 43.9967
0.86911 44.2654
0.830769 44.0956
0.830769 44.1345
0.818182 44.2048
0.818182 43.902
0.761528 44.3518
0.795285 43.7618
0.795285 43.033
0.795285 43.8904
0.795285 44.1482
0.795285 44.1696
0.795285 44.1306
0.795285 44.2028
0.795285 44.3577
0.795285 44.1501
0.85567 44.5058
0.818182 44.3145
0.818182 43.5806
0.761528 43.5313
0.795285 44.1774
0.795285 44.1384
0.795285 44.2419
0.795285 44.3656
0.795285 43.9599
0.812654 44.2811
0.85567 44.1073
0.85567 44.2223
0.85567 43.8616
0.85567 44.1657
0.85567 42.7405
0.795285 44.3538
0.812654 44.3243
0.812654 43.2021
0.812654 43.8577
0.812654 44.2341
0.818182 43.1574
0.85567 44.2321
0.85567 44.3538
0.85567 43.9618
0.795285 44.1716
0.812654 43.0478
0.812654 44.0975
0.818182 44.0995
0.85567 43.9059
0.85567 44.3262
0.85567 44.0587
0.85567 43.5787
0.85567 44.154
0.85567 43.8962
0.85567 43.5388
0.85567 44.2478
0.85567 43.8212
0.85567 44.1794
0.85567 40.8647
0.842226 43.1499
0.842226 42.6949
0.842226 41.5058
0.842226 43.9676
0.842226 44.2087
0.842226 43.2676
0.842226 43.8789
0.842226 44.3321
0.842226 43.9715
0.842226 44.1774
0.842226 44.4129
0.842226 43.7139
0.842226 43.877
0.847452 44.0025
0.866985 44.4919
0.854022 44.4444
0.872011 44.2752
0.872011 44.2537
0.872011 44.4148
0.872011 44.3145
0.877382 44.486
0.847609 44.7047
0.857856 44.7828
0.857856 44.7407
0.857856 44.0878
0.857856 44.6708
0.857856 44.4662
0.857856 44.5712
0.857856 44.5891
0.857856 44.5256
0.817362 44.6768
0.817362 44.5891
0.817362 44.4563
0.857856 44.4761
0.857856 44.6927
0.857856 44.3262
0.817362 44.5117
0.817362 44.5117
0.857856 44.2243
0.857856 44.6847
0.857856 44.3282
0.857856 44.7307
0.857856 44.5434
0.817362 44.3361
0.817362 44.6389
0.817362 44.4741
0.817362 44.0626
0.817362 44.611
0.817362 44.6309
0.817362 44.6568
0.817362 44.5355
0.817362 44.484
0.817362 43.3764
0.817362 43.9618
0.817362 44.6209
0.817362 44.5633
0.817362 44.1833
0.817362 44.484
0.817362 44.4148
0.803723 44.5395
0.803723 44.5712
0.790068 44.607
0.790068 44.5792
0.790068 44.2674
0.828593 44.5752
0.855305 44.6728
0.855305 44.0121
0.855305 43.8001
0.855305 44.7247
0.855305 44.615
0.855305 44.6828
0.855305 44.6488
0.834658 44.5732
0.834658 44.405
0.834658 44.3439
0.834658 44.3636
0.834658 44.6768
0.84037 44.5236
0.84037 44.0898
0.80581 44.4267
0.80581 44.6708
0.80581 44.613
0.80581 44.3892
0.80581 44.4543
0.80581 44.6828
