0.9346 46.8582
0.9346 46.8516
0.9346 37.1223
0.9346 39.7251
0.841566 43.7025
0.918219 44.3125
0.857675 44.7788
0.832528 44.7047
0.808052 44.8491
0.9346 44.8049
0.9346 44.7668
0.9346 44.7467
0.9346 45.1651
0.9346 45.1284
0.780467 44.4761
0.921642 44.7708
0.908114 44.9458
0.908114 44.5613
0.908114 45.0857
0.876138 45.045
0.876138 45.159
0.876138 45.0877
0.920895 44.8551
0.934707 45.1162
0.746973 45.0227
0.920895 45.159
0.934707 45.043
0.934707 45.3968
0.934707 44.8833
0.934707 45.4669
0.934707 45.2304
0.884427 45.4401
0.884427 45.3083
0.88487 45.161
0.872651 45.1549
0.860764 45.3515
0.89518 45.0511
0.882569 45.1202
0.855122 44.9055
0.899011 45.0735
0.870431 44.8129
0.870431 45.0653
0.870431 45.4236
0.730909 45.0816
0.826972 45.3227
0.871184 45.3001
0.826972 45.2796
0.811138 45.0918
0.811138 45.1019
0.854108 45.3556
0.854108 45.3782
0.865136 45.1977
0.842616 45.1427
0.887324 45.3432
0.792245 45.0511
0.814188 44.9297
0.789317 45.2694
0.789317 44.7688
0.789317 45.0816
0.707521 45.2141
0.735043 44.9822
0.777458 45.2325
0.736451 44.8571
0.736451 45.0613
0.747875 45.255
0.747875 45.0207
0.81194 45.1998
0.860637 45.1875
0.860637 43.3388
0.889713 41.7711
0.937567 44.7788
0.858191 45.2448
0.894317 45.0735
0.811249 45.1998
0.925676 44.8069
0.925676 45.0653
0.898649 45.2407
0.9 45.3371
0.870156 44.9701
0.845688 45.1712
0.747231 45.1508
0.802168 45.2714
0.886567 45.2018
0.839352 45.1875
0.828966 45.1101
0.828966 44.9398
0.818835 44.9297
0.818835 45.1773
0.776062 42.6185
0.806678 44.1014
0.828531 44.6528
0.839656 44.0567
0.839656 44.8632
0.801945 44.619
0.651811 44.2458
0.682493 44.8652
0.606232 43.5863
0.606232 44.7547
0.606232 44.7447
0.682459 44.7708
0.743965 44.7948
0.783784 43.8943
0.823422 44.5315
0.876138 44.6708
0.877653 44.4682
0.865916 44.9135
0.86426 43.7158
0.876333 44.7728
0.888412 44.6788
0.888412 44.1735
0.888412 44.6768
0.832472 43.8154
0.924542 44.7808
0.855816 43.6719
0.832516 44.7367
0.833277 44.843
0.833277 44.342
0.833277 44.9156
0.812311 43.7675
0.812311 44.7107
0.740488 44.7267
0.924542 44.3282
0.878357 44.7147
0.878357 43.3971
0.878357 44.607
0.878357 44.5831
0.811236 44.0509
0.856532 44.5157
0.88004 43.3539
0.877393 44.6828
0.82516 43.4122
0.754678 43.9039
0.776842 44.6209
0.776842 44.5077
0.799574 44.5177
0.799574 43.6205
0.799574 44.6608
0.799574 43.4991
0.799574 43.0145
0.799574 44.7748
0.799574 43.5806
0.814188 44.8109
0.790831 44.6309
0.709845 43.6872
0.738142 44.7928
0.738142 43.1742
0.774214 44.4998
0.774214 43.3182
0.782522 44.6229
0.782522 44.9378
0.782522 43.6834
0.782522 44.7868
0.782522 44.1774
0.782522 42.7296
0.782522 44.6329
0.782522 43.5806
0.800683 44.4286
0.819706 44.4365
0.828531 44.1189
0.829562 44.5077
0.829562 43.7943
0.819706 44.605
0.819706 44.7107
0.790457 44.3203
0.822268 44.8732
0.819706 44.3794
0.819706 44.7968
0.773109 44.7427
0.839656 43.5654
0.826431 44.5355
0.848812 43.4461
0.826431 44.831
0.838675 44.6728
0.78187 44.6429
0.829562 44.5851
0.829562 43.5332
0.877119 44.5375
0.866109 44.6628
0.810083 44.1053
0.800683 44.3145
0.800683 43.8135
0.800683 44.6728
0.800683 44.6847
0.756164 44.08
0.756164 44.7447
0.71134 44.1228
0.704082 44.7327
0.659836 44.6349
0.653586 43.9754
0.71134 44.7387
0.734043 44.7247
0.789625 44.236
0.789625 44.5692
0.776592 43.6624
0.78672 44.5474
0.78672 44.5494
0.78672 44.1073
0.838675 44.7527
0.778098 43.2788
0.776812 44.8833
0.717391 44.7708
0.717391 44.3459
0.765217 43.9638
0.765217 43.3971
0.776812 44.5058
0.825362 44.6907
0.837681 44.3734
0.758242 44.8994
0.814453 44.5434
0.871447 44.1501
0.827184 44.5911
0.774214 43.5313
0.730547 44.6548
0.730547 44.6249
0.730547 44.0199
0.730547 44.5117
0.730547 43.29
0.765863 42.9479
0.765863 44.5831
0.765863 44.0762
0.765863 44.5038
0.765863 44.5058
0.730547 43.2545
0.764543 44.1618
0.726316 43.3802
0.773109 44.6728
0.819706 43.033
0.866109 44.4267
0.866109 44.5752
0.866109 44.1872
0.866109 44.6588
0.822268 44.3184
0.819706 44.3341
0.819706 44.6249
0.819706 42.7862
0.819706 44.6608
0.819706 44.7407
0.819706 44.613
0.819706 44.6967
0.819706 43.4934
0.819706 44.9297
0.819706 44.7147
0.819706 44.6887
0.855372 44.5038
0.836935 43.929
0.871447 44.3813
0.871447 44.1112
0.777291 43.501
0.817658 44.4603
0.777291 44.0373
0.777291 44.2791
0.777291 44.4504
0.777291 44.4721
0.777291 44.5038
0.777291 43.5237
0.777291 44.5058
0.777291 44.4306
0.777291 44.6229
0.7952 44.6508
0.892702 43.8616
0.867378 44.7347
0.88004 43.6586
0.812253 44.4939
0.824111 44.5077
0.824111 43.573
0.824111 44.5692
0.824111 44.2772
0.824111 43.0496
0.824111 44.3872
0.824111 44.0529
0.824111 44.5375
0.779097 44.5474
0.779097 43.7598
0.779097 44.601
0.779097 43.6643
0.779097 44.5236
0.779097 44.5573
0.779097 44.0141
0.779097 44.3282
0.753816 44.2302
0.753816 41.2558
0.700197 42.7497
0.700197 43.6015
0.736773 44.48
0.718811 43.735
0.711452 44.6808
0.729153 44.5792
0.721689 44.1287
0.764593 44.8109
0.772976 44.3164
0.816602 44.5276
0.78275 44.2791
0.791475 43.0737
0.745896 44.4622
0.752502 43.2096
0.787929 44.6927
0.765255 44.3931
0.776592 44.1092
0.812253 44.7908
0.824111 44.5058
0.824111 44.0723
0.824111 44.3597
0.824111 43.6777
0.745467 44.611
0.711836 44.6768
0.638944 42.7296
0.730435 44.5157
0.789701 43.3088
0.801945 44.7567
0.766571 44.7127
0.709807 44.0354
0.676732 44.6668
0.724138 44.6568
0.725632 44.0393
0.717857 44.6429
0.717857 44.7748
0.773109 43.7158
0.773109 44.5137
0.773109 44.613
0.773109 44.4208
0.773109 44.7968
0.764543 43.9425
0.764543 44.7367
0.756164 44.617
0.790831 43.902
0.814188 44.4741
0.765214 44.3794
0.780149 44.2067
0.726117 44.6289
0.829562 43.6948
0.829562 44.4939
0.829562 44.484
0.829562 43.7809
0.829562 44.7047
0.824111 44.4978
0.803615 43.2676
0.803615 44.5792
0.799266 44.5157
0.799266 44.5494
0.779097 44.609
0.818629 43.518
0.829562 44.3518
0.816435 44.5295
0.782777 44.4939
0.703945 43.8327
0.813043 44.615
0.801945 43.4688
0.682865 44.5514
0.757835 44.6808
0.712871 44.2165
0.688801 44.1014
0.688801 44.5514
0.634259 44.0626
0.634259 44.6967
0.634259 44.2204
0.698046 43.305
0.714286 44.6927
0.724868 43.9541
0.763533 44.6867
0.75493 44.6309
0.773109 43.9155
0.818629 44.6967
0.759374 44.4129
0.759374 44.4444
0.78187 44.6449
0.771831 44.1677
0.771831 44.7227
0.771831 44.7888
0.771831 44.2028
0.771831 44.403
0.818629 44.4523
0.818629 44.4227
0.818629 44.7247
0.818629 43.3745
0.818629 44.609
0.749296 44.7147
0.726761 44.2674
0.661376 44.7588
0.729128 44.6828
0.75942 44.156
0.749296 44.5851
0.769231 44.156
0.73262 44.7147
0.73262 44.8672
0.73262 44.2968
0.734043 44.7087
0.734043 42.7058
0.734043 44.5951
0.734043 44.4998
0.734043 43.8616
0.726316 44.7527
0.726316 44.617
0.71875 44.156
0.675413 44.4603
0.650594 43.5445
0.672702 44.7107
0.62844 44.5871
0.668979 43.5673
0.649158 44.3794
0.649158 44.6508
0.665666 44.2067
0.665666 44.7107
0.615616 44.5653
0.555556 44.1989
0.545946 44.6468
0.518717 43.7216
0.497326 44.617
0.486631 44.5931
0.564103 43.9889
0.580282 43.9116
0.663269 44.6927
0.699121 44.1696
0.754678 44.6828
0.862473 44.7347
0.851264 44.6927
0.808499 44.6708
0.86426 43.6586
0.86426 44.7948
0.818835 44.5831
0.818835 43.8847
0.818835 44.9256
0.821366 43.8385
0.821366 44.607
0.865136 44.5434
0.865136 44.2988
0.865136 44.7387
0.865136 44.4464
0.766909 44.2948
0.766909 44.7467
0.760563 44.5911
0.757835 44.7848
0.700535 43.6548
0.700535 43.8712
0.700535 44.6548
0.700535 44.7367
0.700535 44.3184
0.757835 43.7522
0.780059 44.7828
0.75942 44.7567
0.739255 44.6209
0.739255 44.7808
0.739255 43.7025
0.739255 44.6309
0.739255 44.619
0.739255 43.8078
0.739255 44.7387
0.718663 44.7107
0.738028 43.6224
0.693122 44.7407
0.693122 43.6186
0.721925 44.6329
0.734043 44.6907
0.726316 43.2432
0.71875 44.7848
0.764543 44.7507
0.756164 44.3853
0.756164 44.9944
0.729153 43.3351
0.738142 44.047
0.738142 44.7007
0.772976 43.9831
0.772976 44.6768
0.772976 44.5256
0.800683 44.4682
0.800683 44.7227
0.810083 43.8827
0.818629 44.5613
0.806678 44.7227
0.806678 44.1151
0.828531 44.4879
0.828531 44.2929
0.818835 43.985
0.818835 44.1755
0.818835 44.6947
0.818835 44.0296
0.818835 44.6907
0.818835 43.6338
0.818835 44.7868
0.818835 44.1716
0.818835 44.8471
0.818835 45.2858
0.818835 45.0187
0.806678 45.2202
0.829562 45.104
0.771831 45.1977
0.773109 45.161
0.773109 44.2478
0.773109 44.8893
0.773109 45.0653
0.773109 44.6389
0.773109 44.9297
0.773109 45.1141
0.773109 44.9741
0.763231 44.9924
0.763231 44.9519
0.773109 45.0796
0.773109 44.5494
0.773109 44.018
0.773109 44.841
0.773109 45.1488
0.773109 45.1202
0.773109 45.1692
0.818629 45.0918
0.818629 45.0005
0.818629 45.0532
0.819706 44.9035
0.819706 45.0958
0.819706 45.041
0.819706 44.8069
0.819706 45.1488
0.819706 45.2039
0.819706 44.9964
0.819706 44.6309
0.819706 44.6967
0.819706 44.958
0.819706 44.7287
0.819706 44.8873
0.819706 44.9075
0.819706 45.0796
0.819706 45.1365
0.819706 45.1386
0.819706 44.9297
0.682866 44.7828
0.754821 45.0207
0.71134 45.0227
0.693359 44.8491
0.693359 44.7467
0.693359 44.5553
0.693359 44.5573
0.693359 45.0369
0.693359 44.8793
0.691855 44.7307
0.726316 45.0248
0.724868 45.0572
0.724868 45.0613
0.724868 44.9519
0.724868 44.3203
0.724868 44.8773
0.724868 44.9863
0.724868 45.104
0.724868 45.0674
0.724868 45.0836
0.724868 45.0248
0.724868 45.0025
0.724868 45.0268
0.724868 44.958
0.724868 45.1162
0.724868 45.1223
0.724868 44.7507
0.724868 45.255
0.724868 44.9438
0.724868 44.9802
0.672228 45.041
0.688801 45.0207
0.688801 44.9438
0.688801 45.045
0.688801 44.7848
0.688801 44.7027
0.688801 43.877
0.688801 44.5871
0.688801 44.9297
0.690685 44.7928
0.717857 45.0796
0.717857 45.0999
0.717857 45.0491
0.734043 45.1386
0.724868 44.8591
0.695696 45.0694
0.668979 44.7107
0.642787 44.8591
0.72973 45.0735
0.71123 44.9014
0.71123 45.0836
0.757835 44.4563
0.738028 45.0268
0.782777 45.1998
0.782777 45.0207
0.782777 45.0816
0.839352 45.1345
0.827902 45.1284
0.827902 45.2427
0.80434 44.7407
0.762641 45.1528
0.771015 45.1406
0.781341 45.0227
0.781341 44.9944
0.781341 45.3371
0.769231 45.1223
0.789625 45.1345
0.789625 44.9115
0.731154 45.0755
0.741828 44.7167
0.70123 45.0491
0.702797 45.1406
0.810083 45.0167
0.812311 44.835
0.816437 44.9156
0.781492 45.0045
0.748837 44.839
0.748634 44.8692
0.720384 44.3892
0.71064 44.6409
0.789625 44.9337
0.721925 45.212
0.625 44.8189
0.594658 44.9883
0.594658 44.7908
0.594658 44.837
0.594658 44.1287
0.612035 44.964
0.580933 44.7808
0.612035 45.0775
0.631159 44.9741
0.612319 44.9135
0.593478 45.0674
0.645646 44.9398
0.70825 44.7467
0.87473 45.0045
0.838675 44.7027
0.828531 45.0958
0.771831 45.108
0.715872 45.1162
0.733993 44.5196
0.733993 44.5653
0.733993 44.9762
0.733993 44.8773
0.733993 44.9762
0.726323 44.835
0.682041 44.9438
0.71875 45.0593
0.659288 44.9843
0.71875 44.6269
0.71875 45.1264
0.726316 45.0369
0.734043 44.9095
0.73262 45.0552
0.73262 44.8069
0.73262 45.0857
0.73262 44.4622
0.734043 44.0956
0.680742 44.7207
0.708468 44.5434
0.642717 43.802
0.569562 44.5434
0.541311 44.4682
0.591549 43.6567
0.647887 44.7007
0.715493 44.6528
0.671958 44.287
0.671958 44.6429
0.628269 44.5236
0.68254 44.1092
0.738028 44.7588
0.794728 44.1969
0.794728 44.4306
0.753735 44.5593
0.737202 43.2694
0.767887 44.1326
0.779097 44.2537
0.790307 43.8866
0.791475 44.5792
0.791475 44.156
0.78275 44.0451
0.78275 44.5812
0.738142 44.047
0.738142 42.8192
0.791475 44.4069
0.779097 44.484
0.812253 42.6476
0.812253 44.405
0.812253 44.2693
0.812253 43.4991
0.824111 44.3577
0.829562 44.5812
0.819706 44.4069
0.751048 44.7027
0.726323 44.5196
0.773109 43.4424
0.773109 44.34
0.819706 44.5732
0.732057 43.4047
0.759374 44.5534
0.802734 43.3764
0.772266 44.486
0.876333 44.5712
0.852632 44.2478
0.852632 44.7007
0.818629 44.7007
0.742903 43.5256
0.729153 44.5692
0.738142 44.5196
0.756164 44.3243
0.65696 44.4129
0.727273 44.4761
0.738142 44.2204
0.729153 44.287
0.774214 43.712
0.765863 44.6309
0.79925 44.4346
0.80855 43.592
0.818692 44.4208
0.818692 44.4484
0.826996 43.7963
0.790307 44.4761
0.767887 44.5553
0.72834 44.2341
0.766461 44.1131
0.798122 43.877
0.72834 44.6389
0.747193 44.4741
0.787929 43.4839
0.753918 44.607
0.789701 44.6828
0.752971 44.3813
0.681774 44.4721
0.723046 43.6891
0.745467 44.5355
0.756677 44.5573
0.838675 43.5939
0.72912 44.6488
0.779097 44.4227
0.744554 43.1798
0.745896 44.601
0.745896 44.6269
0.727273 44.3321
0.745022 44.6867
0.800645 43.1518
0.772976 44.5038
0.792169 43.5161
0.786144 42.9148
0.817658 44.4701
0.817658 44.2811
0.817658 43.6072
0.817658 44.4741
0.806391 44.4741
0.771501 43.4839
0.749921 44.4998
0.696758 44.4069
0.706929 44.403
0.738142 44.6548
0.730547 44.3518
0.676126 44.117
0.706929 44.613
0.714194 43.6072
0.752502 44.5117
0.739371 44.6847
0.78187 43.8327
0.698125 44.7688
0.715872 44.6548
0.715872 44.1053
0.715872 44.5454
0.733993 44.6229
0.733993 43.7771
0.773109 44.0956
0.773109 44.3538
0.764543 44.7527
0.718811 44.6748
0.736773 44.4879
0.745896 44.3203
0.699811 44.4959
0.727273 43.6491
0.745022 44.4741
0.745022 44.5256
0.693359 43.7886
0.693359 44.4761
0.693359 43.8116
0.693359 42.9867
0.693359 44.5097
0.700197 43.3595
0.698712 44.5157
0.688801 44.6409
0.752502 43.4802
0.799266 43.9541
0.801923 44.6249
0.822957 43.3482
0.846 44.4168
0.846 44.1326
0.846 44.1189
0.828531 44.6488
0.748288 43.4047
0.767887 43.4443
0.787929 44.4919
0.787929 43.6796
0.787929 44.6768
0.767887 44.6329
0.767887 44.2321
0.779097 44.5573
0.779097 44.3557
0.790307 44.1989
0.791475 44.607
0.745896 43.6529
0.738142 43.8596
0.756164 44.1345
0.800683 43.2601
0.800683 43.6167
0.800683 44.2048
0.759253 43.6034
0.759253 44.7327
0.750742 44.6548
0.747967 44.1696
0.739946 44.7107
0.747967 44.6708
0.764543 44.0373
0.773109 44.607
0.78187 43.0441
0.78187 44.7107
0.780627 44.7047
0.78187 43.8789
0.78187 44.617
0.773109 44.8109
0.773109 43.6853
0.773109 44.5117
0.75493 44.7247
0.772334 44.1384
0.780059 44.8129
0.756598 44.5434
0.756598 43.7579
0.756598 44.8451
0.756598 44.9156
0.768328 44.6369
0.827902 44.8511
0.828966 43.5654
0.818835 44.4543
0.818835 44.7868
0.808949 43.6891
0.808949 44.5991
0.808949 44.8029
0.808949 43.929
0.799298 44.7928
0.799298 44.825
0.789875 44.4919
0.789875 44.6847
0.789875 44.7347
0.789875 44.2126
0.789875 44.7007
0.789875 43.1034
0.789875 44.9256
0.799298 44.7908
0.819706 43.7924
0.829562 44.7648
0.829562 44.6668
0.829562 43.7886
0.829562 44.7067
0.829562 44.7047
0.829562 44.1599
0.829562 44.7167
0.78187 44.619
0.763533 44.0587
0.717857 44.8491
0.781341 44.8732
0.827902 44.6329
0.849305 44.3439
0.849305 43.3332
0.849305 43.8059
0.849305 44.7547
0.837953 43.6091
0.865835 43.4499
0.878357 44.3341
0.831743 43.3445
0.828531 44.2145
0.780627 44.613
0.78187 43.3858
0.773109 43.5407
0.764543 44.6488
0.764543 44.5157
0.764543 44.6688
0.764543 44.6349
0.780627 44.4148
0.777448 44.0509
0.700855 44.1521
0.735043 44.7808
0.693122 44.4662
0.734043 43.9908
0.73262 44.6309
0.73262 44.8934
0.721925 43.6872
0.73262 44.7908
0.73262 43.5654
0.734043 44.611
0.657754 44.9176
0.6 44.0238
0.513514 44.6588
0.567568 44.6568
0.674352 44.2008
0.731988 44.835
0.743516 44.3105
0.755043 44.8773
0.746439 44.843
0.757835 43.7503
0.750716 44.827
0.762178 44.8853
0.716338 43.6091
0.670266 44.7027
0.623962 44.7708
0.623962 43.1779
0.572453 44.9539
0.572453 44.8793
0.526448 44.3813
0.480144 45.106
0.433539 43.9483
0.386628 44.2106
0.293167 44.8591
0.244936 44.117
0.291327 45.0491
0.325642 44.7547
0.317647 44.2752
0.390743 44.9014
0.451264 43.7541
0.512089 44.9843
0.558442 45.0227
0.576889 43.7503
0.630573 43.7713
0.656197 44.9378
0.77176 44.5732
0.792386 44.7547
0.851995 43.4575
0.834783 44.486
0.768958 44.5851
0.846269 44.3302
0.81194 44.5851
0.813126 44.3439
0.761402 43.6567
0.757835 44.8169
0.7277 44.4247
0.771015 43.7235
0.704307 44.7567
0.828966 44.8793
0.828966 44.2067
0.818835 44.7748
0.818835 44.7127
0.818835 44.2497
0.818835 44.7427
0.818835 43.7388
0.829562 44.4998
0.755946 44.6568
0.748083 43.9754
0.798094 44.841
0.781341 44.7347
0.79056 44.2889
0.757835 44.7788
0.778098 44.2145
0.780059 44.3912
0.79056 44.7447
0.747391 43.1704
0.747391 44.9014
0.79056 44.8109
0.79056 43.985
0.79056 44.8752
0.79056 44.7989
0.78445 43.7924
0.827902 44.7547
0.838339 44.7989
0.838339 44.8612
0.803003 44.5434
0.815452 44.6309
0.793128 44.4781
0.839352 44.9115
0.831855 45.3248
0.831855 45.1834
0.911238 45.0918
0.865136 45.1875
0.865136 44.8189
0.818835 44.9903
0.818835 45.104
0.818835 45.0025
0.818835 45.1386
0.776062 45.0552
0.760755 45.041
0.776062 44.7547
0.808949 45.0491
0.808949 45.0369
0.799298 45.1467
0.818835 44.8773
0.87564 44.8833
0.849305 45.1773
0.847151 45.2694
0.774525 45.255
0.860164 44.5772
0.872651 44.9883
0.90789 45.1855
0.90789 45.3083
0.90789 45.2202
0.81864 45.2366
0.90789 45.2776
0.920535 44.7648
0.750682 45.1671
0.69593 44.96
0.831703 45.045
0.747052 45.1712
0.882588 45.0938
0.869893 44.7227
0.869893 44.7447
0.869893 45.0248
0.803003 45.1325
0.825732 45.1712
0.825732 45.1977
0.825732 45.1386
0.825732 45.0369
