0.903973 40.0016
0.899199 28.1381
0.886322 36.5684
0.950346 38.1083
0.855652 38.1665
0.89819 38.5416
0.880451 38.8954
0.871569 37.9147
0.768696 38.6235
0.753623 38.613
0.731014 35.6532
0.715942 38.3553
0.731014 38.5728
0.738551 38.4408
0.753623 38.5015
0.796135 38.555
0.87995 38.7477
0.906153 38.7012
0.906153 38.8319
0.906153 38.9211
0.906153 38.9848
0.898849 38.8184
0.92297 38.8048
0.853276 38.555
0.87343 38.3774
0.851594 38.6175
0.829758 38.7162
0.821449 38.5579
0.839807 38.6369
0.922825 38.8908
0.851093 38.8999
0.869835 38.7913
0.859788 38.847
0.835199 38.9727
0.846575 38.4941
0.883785 38.8636
0.868406 38.6772
0.834783 38.4069
0.82212 38.7222
0.815993 38.549
0.824083 38.7342
0.817927 38.5446
0.831609 38.506
0.837915 38.2102
0.803415 38.5951
0.838069 38.5683
0.858529 38.4586
0.812068 38.6742
0.790358 38.5654
0.833229 38.3862
0.827153 38.5936
0.86911 38.5282
0.818434 38.4482
0.874387 38.5505
0.890653 38.348
0.930126 38.2365
0.835455 37.2884
0.874293 38.1913
0.890635 35.8461
0.883887 38.2541
0.836522 38.184
0.815749 38.2907
0.815749 38.2878
0.837135 38.2205
0.858518 38.3833
0.889057 38.4202
0.906153 38.6997
0.917108 38.5564
0.853335 38.4512
0.856177 38.6071
0.775813 38.7747
0.749382 38.5075
0.773821 38.2482
0.835942 38.2482
0.875634 38.3289
0.932747 38.4675
0.886322 38.3421
0.920157 38.4128
0.884022 38.429
0.882726 38.6235
0.849007 38.6503
0.867256 38.6937
0.851838 38.3774
0.858456 38.5713
0.83843 38.0344
0.892754 38.279
0.903973 38.4911
0.894508 38.3892
0.867589 38.6728
0.778998 38.5267
0.833229 38.7612
0.833229 38.6608
0.768502 38.2585
0.776425 37.955
0.784348 38.429
0.77512 38.345
0.796979 38.3583
0.812454 38.3524
0.855564 38.3642
0.897391 38.3303
0.908884 38.4571
0.900217 38.7702
0.926763 38.3524
0.936613 38.2453
0.81752 38.4852
0.911124 38.8123
0.881982 38.1694
0.855845 38.4956
0.871662 38.6414
0.882413 38.5253
0.848058 38.5371
0.855024 38.503
0.817861 38.6593
0.787764 38.7102
0.778446 38.5907
0.774552 38.3921
0.746951 38.4675
0.808925 38.4305
0.761159 38.3774
0.768696 38.238
0.776232 38.5951
0.841609 38.2907
0.84978 38.3759
0.798841 38.1461
0.827053 38.1025
0.853946 38.5817
0.913833 38.4143
0.922178 38.4852
0.883371 38.5431
0.913833 38.6384
0.890635 38.6175
0.866667 38.5208
0.89418 38.2102
0.861317 38.7057
0.812906 38.616
0.804525 38.7357
0.787764 38.5312
0.779384 38.6548
0.787764 38.6503
0.846561 38.6593
0.855379 38.7432
0.835751 38.7072
0.844275 38.4675
0.864198 38.5728
0.817096 37.5164
0.825267 38.7177
0.820029 38.5193
0.827991 38.7012
0.778358 38.5371
0.749079 38.0793
0.76308 38.0851
0.777082 38.2234
0.791083 38.3068
0.791083 38.4275
0.783911 38.373
0.809824 38.3774
0.815072 38.2132
0.800386 38.3245
0.785701 38.3656
0.771015 38.4438
0.763672 37.8344
0.812068 38.4867
0.804106 38.6593
0.796145 38.3759
0.788184 38.4438
0.796145 38.5267
0.796145 37.7829
0.804106 38.4541
0.812068 38.6026
0.806202 37.9075
0.813953 38.4882
0.829457 38.5446
0.830116 38.1286
0.817491 38.6294
0.797632 38.4231
0.815072 38.4956
0.808433 38.5282
0.800386 38.1127
0.828765 38.2321
0.84978 38.5892
0.84978 38.5817
0.84978 38.3436
0.84978 38.6115
0.825267 38.2029
0.800754 37.8946
0.776241 38.4438
0.825397 37.5206
0.789744 37.6889
0.835751 38.3907
0.844275 38.3039
0.842593 38.3436
0.808925 38.5416
0.817096 38.4808
0.812068 38.3671
0.820029 37.5277
0.820029 38.4823
0.820029 38.4986
0.820029 38.506
0.835952 38.5164
0.844533 38.5922
0.860392 38.622
0.829457 38.7913
0.784412 38.5238
0.747957 38.5
0.719464 38.6458
0.705217 38.2248
0.677561 38.3524
0.719577 38.5609
0.753968 37.2135
0.740753 38.3803
0.720458 38.5119
0.738095 38.5104
0.717593 38.401
0.733025 38.348
0.719577 38.7642
0.734568 38.5624
0.734568 38.5149
0.756173 38.3892
0.756173 38.4941
0.763889 38.8908
0.771605 38.5877
0.779321 38.4586
0.771605 38.7552
0.763889 38.398
0.756173 38.622
0.727072 38.5267
0.712081 38.503
0.683862 38.6264
0.691138 38.5015
0.684303 38.5609
0.691358 38.5208
0.698413 38.5238
0.705467 38.5134
0.712522 38.3509
0.690551 38.6533
0.732872 38.3936
0.740683 38.7432
0.7467 38.5431
0.7467 38.7822
0.728771 38.5773
0.7467 38.3951
0.745077 38.6026
0.776451 38.6698
0.727185 38.3068
0.733686 38.6279
0.690256 38.4541
0.661376 38.5223
0.661376 38.5639
0.666899 38.4615
0.653426 38.6414
0.639954 37.2467
0.626481 38.6728
0.639954 38.5223
0.64669 38.4497
0.626543 38.6847
0.676587 38.4025
0.727513 38.3568
0.779321 38.3789
0.805668 38.4615
0.789779 38.5713
0.773279 38.7102
0.781882 38.7222
0.810438 38.6862
0.804878 38.5683
0.83408 38.9484
0.802787 38.6324
0.852451 38.7837
0.764228 38.7507
0.745098 36.8012
0.662021 38.1141
0.66899 38.3907
0.682927 38.4778
0.689895 38.6473
0.661376 38.6518
0.63933 38.5832
0.645723 38.4216
0.681217 38.6907
0.659962 38.6772
0.689464 38.5015
0.688456 38.6787
0.68299 38.5728
0.681961 38.4231
0.671251 38.6205
0.652116 38.4468
0.623457 38.6698
0.617284 38.5698
0.632937 38.7732
0.660163 38.6488
0.675958 38.552
0.662021 38.7958
0.676887 38.7958
0.687536 38.622
0.694693 38.4971
0.72413 38.6309
0.716747 38.4054
0.735888 38.6399
0.728223 38.6653
0.728223 38.5698
0.720558 38.6862
0.713988 38.613
0.683856 38.2336
0.648084 38.5149
0.61324 38.4202
0.61324 38.503
0.599535 38.3671
0.632598 38.7747
0.646814 38.622
0.733652 38.6473
0.749601 38.7567
0.749601 38.7027
0.749601 38.6354
0.684982 38.6205
0.669312 38.9727
0.689461 38.7312
0.672549 37.9708
0.696569 38.6011
0.727941 38.3362
0.752206 38.7267
0.699572 38.613
0.705882 38.3848
0.698529 38.5015
0.714216 38.2878
0.706618 38.4941
0.683856 38.4897
0.676423 38.6324
0.691422 38.5698
0.683824 38.5119
0.683824 38.7432
0.683824 38.4039
0.683824 38.6982
0.690196 38.6205
0.703676 38.5832
0.690722 38.549
0.716667 38.4675
0.754386 38.5119
0.763158 38.7462
0.77193 38.6892
0.686855 38.5907
0.665019 38.6952
0.68223 38.5862
0.661556 38.549
0.661556 38.4497
0.655285 38.4749
0.69902 38.5907
0.691176 38.4645
0.683824 38.7237
0.669118 38.6742
0.627178 38.6071
0.669686 38.5907
0.684088 38.3612
0.728455 38.0706
0.701849 38.6862
0.691138 38.8954
0.666594 38.7747
0.691289 38.7567
0.683856 38.7477
0.655285 38.8184
0.683856 38.7883
0.721569 38.7702
0.752206 38.9985
0.815789 39.0274
0.737093 38.6817
0.744118 38.8425
0.738941 38.9363
0.758333 38.8184
0.715302 38.9423
0.839243 39.0381
0.758753 38.8772
0.749971 38.8727
0.802941 38.9075
0.780637 39.0183
0.736029 39.0244
0.713726 38.7747
0.721569 38.9484
0.69902 38.9484
0.721569 38.7958
0.673216 39.0016
0.712892 38.619
0.71747 37.0879
0.713589 38.2951
0.679568 38.616
0.69849 38.7417
0.69849 38.7507
0.69849 38.7958
0.713589 38.8591
0.687536 38.3627
0.701976 38.9575
0.670511 38.8199
0.64903 38.6578
0.624782 38.616
0.662037 38.6892
0.705226 38.8425
0.689594 38.5609
0.734495 38.7943
0.712892 38.7777
0.677759 38.625
0.683862 38.7072
0.704586 38.1432
0.704586 38.8169
0.672822 38.4202
0.758598 38.3686
0.723623 38.4689
0.742284 38.5683
0.678818 38.7642
0.679012 38.6011
0.643668 38.7147
0.659612 38.7687
0.640212 38.5431
0.665393 38.7402
0.686114 38.625
0.791226 38.5907
0.714835 38.4556
0.743191 38.8666
0.718014 38.6175
0.756173 38.6772
0.708243 38.8093
0.67388 38.5416
0.705217 38.5149
0.705217 38.5698
0.684475 38.6473
0.631304 38.432
0.643865 38.37
0.698093 38.625
0.637295 38.2731
0.624155 38.3951
0.617585 38.5802
0.662476 38.5802
0.669312 38.6922
0.612442 38.7943
0.609058 38.7642
0.657029 38.7117
0.655982 38.2717
0.663733 38.959
0.687643 38.0402
0.670772 38.5149
0.679909 38.6444
0.774912 38.5877
0.777244 38.7222
0.748376 38.6205
0.711826 38.2307
0.758598 38.5981
0.679076 38.4897
0.729487 38.1039
0.718699 38.5922
0.692711 38.4246
0.730159 38.6802
0.758598 38.6967
0.686237 38.8003
0.746032 38.7717
0.764228 38.6772
0.758188 38.7387
0.72413 38.9287
0.668977 38.8546
0.667185 38.619
0.684475 38.7822
0.705217 38.5015
0.705217 38.6877
0.705217 38.7372
0.705217 38.5743
0.719464 38.7282
0.73371 38.2497
0.747957 38.2336
0.73371 38.4113
0.663575 38.6713
0.650435 38.4423
0.650435 38.4823
0.650435 38.3509
0.650435 38.5193
0.650435 38.4025
0.657005 38.2278
0.657005 38.3539
0.669565 38.2643
0.688696 38.4793
0.700676 38.2438
0.700676 38.5371
0.700676 38.2161
0.700676 38.5149
0.653702 38.4069
0.726957 38.5401
0.726957 38.5104
0.731615 38.5698
0.70396 38.7207
0.649906 38.6264
0.683847 38.5045
0.7467 38.2717
0.776062 38.6668
0.76268 38.5743
0.769327 38.7147
0.696618 38.5877
0.683285 38.3098
0.696425 38.1796
0.682319 38.5802
0.688696 38.5535
0.709565 38.4128
0.716135 38.5431
0.716135 38.463
0.722705 38.2673
0.722705 38.5564
0.722705 38.3818
0.722705 38.4586
0.722705 38.5075
0.722705 38.2966
0.750725 38.2555
0.750725 38.3686
0.723671 38.5669
0.670145 38.5327
0.643865 38.2263
0.676328 37.5052
0.702609 38.2497
0.736425 38.2614
0.716522 38.1854
0.716522 38.1971
0.696618 38.3436
0.696618 38.3171
0.696618 38.1679
0.696618 38.2878
0.683092 38.3803
0.676328 38.0445
0.662802 38.4867
0.662802 38.2599
0.637295 38.3465
0.637295 38.4379
0.650435 38.4172
0.637681 38.3862
0.650435 38.0996
0.652525 38.32
0.676492 37.9248
0.715733 38.3627
0.722181 38.4986
0.735077 38.3966
0.741525 38.6175
0.707811 38.2936
0.729275 38.5238
0.689685 38.5
0.710516 38.6608
0.717065 38.2995
0.738084 38.1621
0.745234 38.2922
0.751613 38.5119
0.75722 38.323
0.75722 38.5238
0.777072 38.3907
0.777072 38.4438
0.798841 38.0648
0.827053 38.3465
0.82331 38.3039
0.82331 38.4704
0.802467 38.3142
0.802467 38.3333
0.802467 38.3391
0.828986 38.4438
0.812147 38.5922
0.851875 38.401
0.791955 38.7072
0.672884 38.3848
0.640037 38.323
0.645173 38.4349
0.632277 38.4202
0.657701 38.2863
0.663965 38.1301
0.648092 38.3098
0.653122 38.3024
0.676492 38.4172
0.640391 38.4586
0.66533 37.8301
0.696896 38.238
0.722707 38.2175
0.742999 38.1243
0.729366 38.4941
0.708917 38.2263
0.676492 37.8043
0.683092 37.3343
0.650435 38.1709
0.638357 38.1476
0.695652 38.2438
0.714976 38.4172
0.722126 38.3142
0.736425 38.2497
0.743575 38.4793
0.751304 38.1679
0.772174 38.6683
0.736668 38.3347
0.73365 38.6623
0.70173 38.0431
0.697241 38.32
0.677773 37.7145
0.707826 38.3347
0.703968 38.2175
0.669565 38.5698
0.636908 38.5446
0.571113 37.9723
0.595431 38.398
0.595431 38.2234
0.620118 38.2526
0.626198 37.9435
0.651437 38.2995
0.657701 38.2117
0.670228 38.1577
0.662675 38.3436
0.674834 38.1519
0.668755 38.2555
0.656595 38.5951
0.650516 38.2804
0.644436 38.1388
0.598535 38.1811
0.626198 38.4231
0.632277 38.5119
0.663188 38.5253
0.669565 38.3024
0.675942 38.1767
0.682319 38.2673
0.688696 38.373
0.688696 38.5683
0.716135 38.345
0.716135 38.5149
0.656595 38.5758
0.636699 38.1534
0.578479 38.4394
0.593957 38.4497
0.595431 38.2526
0.60599 38.3892
0.612174 38.3318
0.618357 38.6264
0.595431 38.0967
0.607222 38.276
0.619013 38.4039
0.630803 38.5149
0.630803 38.2907
0.630803 38.3127
0.630803 38.4749
0.630803 38.1956
0.630803 38.5282
0.630803 38.301
0.59714 38.5788
0.636699 37.2675
0.636699 38.2497
0.644436 38.2132
0.657701 38.4084
0.664149 38.5119
0.626382 38.3259
0.577745 38.2409
0.542557 38.257
0.55969 38.3318
0.55269 38.5253
0.56927 38.3612
0.56927 38.4468
0.588246 38.4275
0.588246 38.4172
0.588246 38.3215
0.582535 38.5045
0.582535 38.3818
0.589536 38.2073
0.57185 38.2161
0.577561 38.2409
0.58364 38.5178
0.599807 38.5594
0.60599 38.5386
0.60599 38.625
0.587053 38.5134
0.587053 38.4527
0.599034 38.4867
0.582535 38.401
0.593957 38.2936
0.593957 38.2555
0.613117 38.5312
0.613117 38.2409
0.60538 38.4364
0.611091 38.3068
0.602432 38.4601
0.60538 38.2658
0.607222 38.3186
0.607959 38.3686
0.637681 38.4897
0.637681 38.2541
0.637681 38.4675
0.637681 38.401
0.637681 38.5535
0.607959 38.5802
0.607959 38.5253
0.607959 38.5104
0.607959 38.503
0.614038 38.6011
0.620118 38.2702
0.626198 38.2468
0.626198 38.3921
0.626198 38.2848
0.626198 38.4601
0.620118 38.2365
0.620118 38.555
0.614038 38.463
0.620118 38.4453
0.626198 38.4216
0.632277 38.4468
0.626198 38.323
0.645173 38.4734
0.638909 38.3494
0.638909 38.6354
0.638909 38.3774
0.638909 36.7404
0.657701 38.3171
0.670228 38.3391
0.68902 38.088
0.68902 38.117
0.68902 38.4689
0.68902 38.622
0.682756 38.4216
0.682756 38.5267
0.676492 38.5149
0.622602 38.4261
0.59278 38.4157
0.575514 38.4453
0.575514 38.4882
0.58127 38.32
0.58127 38.5312
0.587025 38.2409
0.59278 38.2731
0.598535 38.2438
0.580398 38.3391
0.580398 38.1883
0.56226 38.4675
0.573073 38.2541
0.59714 38.3862
0.608301 38.1781
0.59714 38.3186
0.60429 38.4364
0.59278 37.8831
0.59278 38.1971
0.59278 38.2161
0.59278 38.2995
0.598535 38.1665
0.553796 38.1257
0.55902 38.2892
0.571102 38.4305
0.571102 38.1956
0.582857 38.0344
0.582857 37.863
0.577306 38.1301
0.577306 38.2161
0.577306 38.2687
0.554939 38.1869
0.554939 38.2029
0.532898 38.2248
0.551448 38.2205
0.528427 38.1665
0.517963 38.429
0.507499 38.2146
0.497035 38.101
0.513603 38.2585
0.530171 38.2614
0.511837 38.1607
0.517224 38.2482
0.522612 37.9579
0.528 38.1796
0.528 37.8515
0.512 38.0503
0.512 37.3539
0.512 38.1141
0.512 38.1359
0.512 38.279
0.512 38.1374
0.512 38.2059
0.512 38.2453
0.486202 38.004
0.471008 37.7344
0.471008 38.1709
0.471008 37.9737
0.471008 38.323
0.471008 36.9959
0.471008 38.2438
0.471008 37.9579
0.471008 38.2717
0.471008 38.0778
0.455814 37.9824
0.455814 38.1228
0.471008 38.2731
0.475814 38.1141
0.491163 37.8201
0.475814 38.0836
0.475814 38.1796
0.460465 37.7786
0.466202 38.1665
0.461395 37.8058
0.466357 38.0069
0.471318 38.3347
0.476279 38.0084
0.48124 38.2
0.476279 38.1069
0.491163 38.1199
0.486047 38.072
0.491163 37.9622
0.528 38.2175
0.533388 38.3627
0.496 38.2599
0.470204 38.2819
0.434286 38.1811
0.434286 38.1432
0.434286 38.2892
0.434286 38.1927
0.434286 38.2995
0.449796 38.1898
0.449796 38.3539
0.445061 38.238
0.45551 38.3171
0.450612 38.4882
0.45551 38.1374
0.445061 38.32
0.449796 38.3127
0.465306 38.1272
0.460408 38.2468
0.475755 37.8903
0.485878 38.3391
0.451473 38.1913
0.484898 38.0489
0.484898 38.3377
0.465581 38.2512
0.465581 38.0156
0.475814 38.2966
0.500775 37.9824
0.511318 38.0633
0.511318 37.8759
0.516589 38.088
0.516589 38.219
0.516589 38.0243
0.516589 37.9752
0.544 38.0329
0.544 38.4025
0.544 36.9754
0.581095 38.0735
0.581095 37.9867
0.581095 38.0445
0.581095 38.072
0.546913 38.1039
0.529822 38.3759
0.49564 38.2907
0.49564 38.3568
0.49564 38.3098
0.49564 38.1607
0.49564 38.2453
0.49564 38.2395
0.49564 38.0387
0.500698 38.2848
0.500698 38.2263
0.505755 38.3966
0.505755 38.2059
0.505755 38.0662
0.505755 38.3259
0.505755 38.2278
0.523195 37.919
0.523195 38.2263
0.523195 38.1243
0.523195 38.301
0.523195 38.2541
0.517963 38.2614
0.517963 38.3362
0.512731 38.4231
0.529822 38.3524
0.529822 38.1971
0.546913 38.3833
0.546913 38.1403
0.524416 38.1956
0.524416 38.2263
0.524416 38.1403
0.524416 38.2512
0.524416 38.4527
0.524416 37.8158
0.524416 38.1694
0.524416 38.2073
0.524416 38.2643
0.524416 38.0604
0.524416 38.2834
0.524416 38.0141
0.507499 38.4216
0.507499 38.506
0.512731 38.398
0.523195 38.1694
0.528427 38.4941
0.499592 38.0546
0.482939 38.2044
0.487673 38.0431
0.487673 38.1913
0.487673 38.2175
0.487673 38.3391
0.473469 38.1417
0.48 38.1519
0.465306 38.0923
0.465306 38.1738
0.480816 38.2512
0.480816 38.2234
0.480816 38.3951
0.465306 38.1577
0.465306 36.5297
0.470204 37.919
0.490939 37.9593
0.496 38.0822
0.490939 37.9881
0.497035 38.0807
0.460408 38.1112
0.460408 38.2278
0.445061 37.9607
0.445061 38.184
0.429714 37.7273
0.39902 37.8601
0.383673 37.9636
0.364408 38.3333
0.364408 38.37
0.345469 38.5119
0.348797 38.3509
0.336938 38.4172
0.298221 38.3494
0.272061 38.4187
0.24067 38.4571
0.0674891 38.3142
0.0646623 38.0431
0.0697451 38.0865
0.0875973 38.1257
0.0907574 38.03
0.0670412 38.0084
0.0778143 37.9507
0.0800677 38.0272
0.0794824 37.9449
0.0794179 37.8072
0.0859393 37.9075
0.0917524 37.5432
0.0791512 38.1286
0.0827491 37.8458
0.0688749 38.0822
0.0678461 38.0358
0.069653 37.7829
0.0856114 38.0604
0.0972817 37.9838
0.104777 37.942
0.0718828 38.0561
0.0792495 37.8802
0.0792495 38.0055
0.0792495 37.8774
0.0792495 37.7287
0.0400021 37.8201
0.0400021 37.978
0.0400021 37.9838
0.0404672 37.978
0.0413904 38.0952
0.0418486 37.8115
0.00362632 37.9881
0.0035483 37.919
0.00350895 37.8601
0.00350895 37.9104
0.00350895 38.046
0.00350895 37.8544
0.0035589 37.9377
0 37.8201
0.938462 43.8827
0.805654 43.8943
0.734669 44.2145
0.830986 44.5494
0.876532 43.5313
0.821184 44.2302
0.786784 44.6289
0.815213 43.9657
0.776804 43.9271
0.770682 44.3243
0.789146 44.1073
0.869636 44.0995
0.948404 44.3675
0.920971 44.0684
0.866949 43.8539
0.866949 43.9947
0.866949 44.0218
0.866949 44.1034
0.891742 43.7331
0.89257 44.401
0.835913 44.3184
0.865246 44.082
0.778364 43.9812
0.807774 44.34
0.832035 44.082
0.75641 43.9059
0.832035 44.0296
0.832035 44.0373
0.779221 44.1891
0.807774 44.0335
0.783969 44.0587
0.783969 44.1131
0.808219 44.0218
0.859155 44.018
0.858036 44.0626
0.858036 43.9657
0.858036 43.9078
0.858036 44.0975
0.690377 43.9136
0.783969 43.985
0.737787 43.9754
0.737787 43.8789
0.744418 43.9445
0.856506 44.0141
0.856354 43.7905
0.856354 43.9194
0.778486 43.8943
