0.914485 36.3822
0.928815 35.0902
0.827815 35.9324
0.891159 35.317
0.820569 35.6494
0.895238 35.3594
0.90566 36.0841
0.870495 36.0412
0.781485 36.1559
0.870857 36.1559
0.849922 36.0399
0.852349 36.1167
0.864865 36.0503
0.862385 35.9505
0.835189 36.3095
0.860045 36.0075
0.87037 35.9906
0.87037 36.0568
0.827304 36.0114
0.842105 36.0516
0.813559 36.0088
0.706865 35.4648
0.65621 35.7948
0.588508 35.5935
0.618408 35.9208
0.61369 35.8603
0.634166 36.152
0.612142 35.9893
0.648214 36.0192
0.644037 35.9041
0.653048 36.075
0.679403 35.9221
0.700505 35.841
0.699977 35.8732
0.698558 35.8603
0.727633 35.7194
0.748753 35.5581
0.695696 35.9195
0.75881 36.0023
0.717756 35.9467
0.786475 35.6761
0.797607 35.9028
0.772947 35.6138
0.749766 36.001
0.727934 35.8359
0.727934 35.9286
0.727934 35.7143
0.727934 35.7028
0.716418 35.9234
0.716418 35.9919
0.716418 35.9919
0.661781 35.7041
0.680159 35.7296
0.670217 35.4925
0.737589 35.8436
0.727934 35.9958
0.727934 35.8205
0.737589 36.1141
0.724138 36.0023
0.714286 35.935
0.668108 35.9673
0.726126 35.5948
0.679386 35.9402
0.670558 36.1298
0.708429 35.9299
0.802105 36.1481
0.822894 35.9699
0.834783 35.9881
0.822894 35.8886
0.754527 36.0321
0.708885 35.9686
0.669691 35.8847
0.651706 35.9738
0.662031 35.9945
0.680731 36.0023
0.680731 35.8526
0.719424 36.2161
0.690482 36.1939
0.721097 35.8629
0.717453 35.9299
0.777202 35.9855
0.765766 36.1965
0.741325 36.0789
0.769231 35.9855
0.789474 36.0568
0.789474 35.8384
0.778781 35.9868
0.789474 36.1389
0.789474 35.935
0.778781 36.3187
0.718286 36.0257
0.646158 35.9479
0.527883 36.4007
0.43975 36.2595
0.460751 36.2976
0.458637 36.0881
0 36.1376
0.38357 46.3242
0.0112867 46.2385
0 46.6092
0.338912 46.3006
0.0607735 46.5246
0 46.4706
0.338912 46.4382
0.0112867 46.436
0 45.9242
0.316872 47.0455
0.0112867 46.8472
0 46.7858
0.577733 46.3929
0.526604 46.5354
0.454954 46.8099
0.824225 46.7508
0.51755 46.9175
0.566692 46.7617
0.410313 46.7443
0.414057 46.9836
0.367847 46.8647
0.108162 47.0588
0.00581487 47.0367
0 46.8384
0.43131 46.5701
0.144219 45.9643
0 46.8121
0.482462 46.4576
0.144219 46.0045
0 46.2428
0.482462 46.966
0.220708 46.6331
0.0115911 46.8011
0 46.4943
0 46.5224
0.720197 46.5723
0.458515 46.3499
0.520206 46.3843
0.443522 46.644
0.741758 46.3371
0.681935 46.0893
0.72815 46.1021
0.596543 46.0024
0.681935 45.9284
0.735903 46.0914
0.760345 45.7038
0.746792 45.92
0.742188 45.8695
0.715385 45.7896
0.583685 46.1276
0.724863 46.1297
0.774573 46.0808
0.663837 44.0606
0.609284 44.9741
0.609284 45.8358
0.650326 46.3134
0.693516 46.3049
0.755224 46.0936
0.695257 46.1425
0.648216 46.3585
0.624772 45.9411
0.594281 44.6628
0.712092 45.8295
0.758218 45.9474
0.745493 46.0109
0.749936 45.7875
0.774126 45.8652
0.752675 45.8064
0.73609 45.8716
0.676653 45.7624
0.71047 45.9939
0.763216 45.9221
0.736443 46.0384
0.668849 46.0066
0.742188 45.6059
0.742188 45.7268
0.745841 46.0045
0.759369 45.7624
0.736501 46.1915
0.759369 45.3926
0.675567 45.8274
0.693747 45.9137
0.7194 46.1744
0.675567 46.0808
0.745841 46.1766
0.760345 45.8274
0.712209 45.4835
0.687719 45.6913
0.687719 46.2086
0.679502 45.9348
0.687719 45.436
0.687719 46.0214
0.687719 46.1148
0.671076 45.9474
0.683222 45.9474
0.683222 45.2694
0.69 46.0511
0.683222 46.3242
0.683222 46.0999
0.69 46.2193
0.666051 46.2257
0.6596 45.977
0.683222 46.1617
0.687719 46.0723
0.671076 46.0257
0.683222 46.2171
0.683222 45.8968
0.683222 45.9918
0.683222 46.0872
0.683222 46.0024
0.683222 45.5083
0.687719 46.0214
0.679502 45.901
0.687719 45.2161
0.683222 46.1723
0.69 45.6809
0.69 45.9116
0.664179 45.8274
0.69 46.3306
0.69 46.3306
0.69 46.1276
0.69 46.4382
0.69 46.3779
0.69 46.4943
0.666051 46.0193
0.69 46.6853
0.69 37.1899
0.664179 42.9019
0.683222 44.8571
0.683222 45.8589
0.683222 46.0723
0.671076 45.5353
0.683222 45.8716
0.683222 46.0278
0.683222 45.3001
0.683222 45.4401
0.687719 46.1659
0.671076 46.0893
0.683222 45.0857
0.683222 45.6017
0.687719 45.6746
0.675958 45.6308
0.675958 45.5747
0.687719 45.6413
0.683222 45.5373
0.683222 45.7247
0.683222 45.8001
0.647303 45.8106
0.671076 45.7185
0.66388 45.0227
0.687719 41.9498
0.647303 44.0567
0.683222 45.5311
0.683222 45.6704
0.687719 45.2059
0.683222 45.6288
0.683222 45.9242
0.687719 45.6475
0.687719 45.8442
0.687719 45.6767
0.687719 44.7928
0.687719 45.7959
0.683222 45.8589
0.683222 45.9453
0.683222 45.7771
0.683222 45.7268
0.699785 45.1549
0.735547 45.8106
0.757779 45.9432
0.757779 45.8358
0.752223 45.901
0.752223 45.7519
0.740373 45.3803
0.762015 45.5602
0.749858 45.754
0.749858 45.8421
0.749858 45.5685
0.682279 45.8421
0.73836 45.6997
0.670115 44.9378
0.732132 42.6476
0.674526 44.5375
0.682403 45.9095
0.715111 45.9728
0.69697 46.0638
0.755224 46.066
0.768063 46.0999
0.720024 46.2984
0.708309 46.134
0.708309 45.8905
0.755224 46.1638
0.755224 46.032
0.755224 45.7289
0.708309 46.2022
0.755224 46.365
0.755224 45.9982
0.708309 46.1766
0.755224 46.292
0.693516 46.4059
0.693516 46.4102
0.693516 46.2684
0.739027 46.2642
0.739027 46.2727
0.693516 46.5419
0.739027 46.1467
0.697217 46.4598
0.61531 46.2471
0.697217 45.9918
0.695257 46.365
0.724863 46.365
0.739027 46.4037
0.739027 46.2257
0.697217 46.3328
0.655251 46.5333
0.740933 46.1318
0.709426 46.262
0.736501 46.0681
0.708309 46.365
0.708309 46.307
0.755224 46.3285
0.755224 46.2257
0.755224 46.0596
0.663837 46.2086
0.703871 46.0554
0.659785 45.8001
0.663837 46.117
0.708309 46.0024
0.740933 46.2942
0.755224 46.3886
0.655251 46.0999
0.739027 46.1318
0.739027 46.2877
0.755224 46.2942
0.755224 46.2749
0.755224 46.3607
0.708309 45.9812
0.724863 46.2065
0.755224 46.1127
0.755224 46.2642
0.750363 45.7226
0.713037 46.1681
0.703871 46.0766
0.740933 46.3049
0.693516 46.3414
0.693516 45.6704
0.739027 46.1872
0.739027 44.8149
0.755224 45.9897
0.724863 46.2899
0.630687 46.3499
0.724863 45.9538
0.739027 45.8779
0.739027 46.2129
0.739027 46.0617
0.693516 46.2556
0.693516 46.1297
0.739027 46.4037
0.680566 46.0405
0.739027 45.9686
0.741758 46.2171
0.698758 46.1233
0.676692 45.861
0.676692 46.4123
0.676692 46.2899
0.676692 46.1212
0.676692 46.3843
0.655106 46.0999
0.667961 46.2513
0.667961 46.0596
0.667961 45.8211
0.676692 46.4619
0.676692 46.0957
0.69 46.2513
0.676692 46.1021
0.676692 46.2278
0.676692 46.1702
0.676692 46.0405
0.676692 46.1148
0.69 46.3306
0.683222 46.1723
0.664179 46.1958
0.676692 46.1276
0.676692 44.9196
0.676692 43.8712
0.676692 46.4447
0.676692 46.3521
0.676692 46.1318
0.639706 45.5934
0.639706 46.3456
0.641466 46.2449
0.676692 46.2663
0.676692 46.1467
0.676692 46.1531
0.667961 46.151
0.653383 45.4773
0.627914 46.0299
0.641791 46.262
0.672823 46.0702
0.673292 46.1936
0.667118 46.1915
0.645029 46.3371
0.711904 46.1915
0.715647 45.92
0.705791 46.1744
0.733115 46.3263
0.673809 46.2471
0.722813 46.3994
0.524859 46.4554
0.641384 45.2735
0.579862 45.9137
0.674977 46.0045
0.674977 46.1787
0.600456 46.2278
0.619524 45.8589
0.629519 46.0702
0.660377 46.1787
0.730028 45.9601
0.662338 46.183
0.601966 46.0745
0.706667 45.3309
0.741758 46.2385
0.767045 46.3779
0.694823 46.0723
0.742297 46.3973
0.758085 46.3929
0.681839 45.9876
0.70919 46.0257
0.700228 46.2193
0.742297 46.1531
0.742297 46.1744
0.742297 45.9053
0.767045 45.84
0.758085 45.7603
0.783596 46.2235
0.696933 46.134
0.701878 46.0214
0.66168 45.9749
0.667656 46.0681
0.677711 44.8813
0.698758 46.151
0.712957 46.2043
0.688875 45.2591
0.682775 42.9756
0.685931 42.8229
0.68128 43.9309
0.548038 45.1406
0.603424 45.5539
0.688073 45.9876
0.685848 46.0978
0.699565 46.1063
0.642687 46.1744
0.682775 45.8547
0.672802 45.7813
0.68128 46.1127
0.671337 46.2727
0.676064 46.2043
0.691521 46.0554
0.628092 46.0723
0.682451 45.7498
0.686903 45.7185
0.675504 45.5166
0.675504 45.9686
0.659053 46.0999
0.671156 45.9897
0.66491 45.6288
0.725513 45.708
0.727437 45.683
0.736416 45.708
0.714927 45.9411
0.697091 45.9369
0.701878 46.0893
0.679213 46.0681
0.674641 45.498
0.697091 45.4318
0.631478 45.5664
0.631478 45.6788
0.674641 45.5726
0.691329 45.9517
0.677083 46.2043
0.691329 45.7771
0.622601 45.8968
0.66491 46.0851
0.686903 45.5311
0.686903 45.6642
0.672316 45.7834
0.684946 45.8127
0.667395 45.405
0.658051 45.685
0.658051 45.754
0.666318 45.8947
0.661241 45.7268
0.666318 45.66
0.666318 45.8526
0.600196 45.9939
0.632127 45.5415
0.640201 45.5519
0.631944 45.8631
0.657379 45.9664
0.648855 45.4669
0.681855 45.8737
0.698174 45.6976
0.694656 45.6413
0.688559 45.9158
0.670103 45.7352
0.661241 45.5436
0.648676 45.8001
0.657379 45.5934
0.661241 45.7624
0.670103 46.0236
0.675325 45.8884
0.675325 45.4174
0.668607 45.608
0.637191 45.6329
0.675504 45.7477
0.670103 45.9348
0.670103 45.608
0.670103 45.8316
0.675325 45.5913
0.675325 45.3721
0.670103 45.5
0.670103 45.8421
0.670103 45.436
0.675504 45.8022
0.675504 45.5622
0.675504 45.9221
0.675504 45.5726
0.654017 45.8484
0.675504 45.8947
0.667395 45.8463
0.654017 45.8169
0.667395 46.0596
0.667395 45.7666
0.671156 46.0511
0.671156 46.3199
0.667395 45.8253
0.667395 45.8085
0.667395 43.2638
0.671156 44.5792
0.671156 45.2284
0.657303 45.3782
0.636616 45.8358
0.645124 46.0596
0.624964 46.2577
0.62595 45.9749
0.62595 46.0299
0.596319 46.3177
0.566931 46.365
0.615314 46.4231
0.614328 46.1361
0.655848 46.3736
0.655848 45.8947
0.677419 46.0151
0.644333 45.4959
0.666019 45.9284
0.700611 46.1233
0.705521 45.7875
0.661765 45.8926
0.692308 46.134
0.723577 46.032
0.716667 46.1084
0.702479 45.4876
0.674797 45.9369
0.648 45.9834
0.648 45.7917
0.702479 46.0363
0.700865 46.183
0.649145 46.0638
0.69777 46.0936
0.708314 45.958
0.599616 46.2556
0.569854 46.1979
0.411598 45.958
0 46.3134
0.6384 47.081
0.452482 47.0478
0.314506 47.3037
0.165205 47.288
0.14249 47.0168
0.0671921 47.2367
0.048522 47.4631
0.0117048 47.3462
0.128384 45.9242
0.133625 45.0025
0.111857 45.8905
0.0472335 46.3113
0.0189274 46.2428
0 46.3951
0.759155 46.9197
0.42897 47.0765
0.331888 46.9219
0.225019 47.2612
0.166864 47.0588
0.114255 47.1143
0 47.0655
0.876584 47.9662
0.807365 48.1047
0.75983 48.1928
0.712513 48.4191
0.757576 48.0031
0.667674 48.1533
0.713678 47.9111
0.784483 47.5941
0.702128 47.6145
0.664292 47.5556
0.582081 48.0123
0.473656 47.8492
0.390713 48.2719
0.382018 48.5154
0.427596 48.3419
0.338501 48.2765
0.398456 47.3328
0.506494 47.6395
0.432573 48.1951
0.590727 48.3302
0.539085 47.2701
0.501225 48.209
0.565912 48.1974
0.524292 46.9153
0.620121 48.1719
0.499196 48.2812
0.483888 48.1371
0.455926 48.0908
0.544367 48.2137
0.468113 48.3115
0.53683 48.0377
0.574671 48.0815
0.547125 48.3185
0.55914 48.6145
0.511414 48.3138
0.487455 48.3465
0.476868 48.2789
0.487455 48.2021
0.520991 48.3185
0.483576 48.158
0.50773 48.572
0.50773 48.466
0.568 48.0839
0.485219 48.3512
0.530933 48.3512
0.495074 48.3536
0.506203 48.631
0.542804 48.3536
0.50773 48.0492
0.50773 48.2579
0.580645 48.3512
0.580645 48.3279
0.568 48.3022
0.636476 48.2369
0.596774 48.223
0.596774 48.1719
0.568 48.1835
0.580645 48.107
0.542804 48.0446
0.568 48.4144
0.543307 48.3957
0.504354 48.3723
0.559055 48.4168
0.532371 48.2789
0.596774 48.1394
0.596774 48.5037
0.636476 48.1394
0.596774 48.2695
0.578125 48.3419
0.525926 48.2928
0.475177 46.5528
0.460709 46.9594
0.455353 47.8996
0.433333 48.2812
0.468811 48.2532
0.518182 48.2556
0.503983 48.0077
0.548663 48.3442
0.548663 48.2672
0.548663 48.3092
0.583957 48.2183
0.583486 47.7623
0.536901 46.2022
0.536901 43.5407
0.514621 47.533
0.544933 47.6917
0.491628 47.7168
0.526804 47.4496
0.558842 47.0987
0.534777 47.7031
0.566057 48.0815
0.632056 48.2789
0.610714 48.3325
0.572545 47.9754
0.529412 48.01
0.529412 48.2882
0.529412 48.3793
0.529412 48.2742
0.598684 48.1
0.499799 48.1812
0.603856 48.158
0.555072 48.107
0.62069 48.3349
0.62069 48.3465
0.602273 48.1417
0.602273 47.9685
0.62069 48.1812
0.55262 47.9019
0.506985 48.0746
0.506987 47.9662
0.529463 48.2393
0.62069 48.2882
0.660617 47.9249
0.681411 47.8149
0.568123 48.0077
0.627873 48.0008
0.588113 47.9203
0.570063 47.9317
0.537096 47.9455
0.50765 47.8835
0.488029 48.0146
0.530303 47.856
0.508988 48.1093
0.545385 47.9478
0.536384 48.2695
0.588362 48.1209
0.668203 48.07
0.652058 48.0492
0.600753 48.0238
0.547707 48.0284
0.496774 48.0839
0.477707 47.7852
0.431798 48.0307
0.405264 47.9547
0.449428 47.1832
0.486023 47.4068
0.439073 47.6758
0.465517 47.8011
0.439073 48.158
0.439073 48.1464
0.486023 48.1394
0.449428 48.2742
0.467498 48.1626
0.421968 48.2719
0.486023 48.2439
0.486023 47.7259
0.499074 46.1021
0.507772 47.9317
0.521781 46.856
0.521781 48.1556
0.521781 48.107
0.501433 48.04
0.515464 48.1904
0.547707 48.1974
0.450281 48.1
0.515947 48.3302
0.552254 48.1487
0.563468 47.879
0.529412 48.2207
0.529412 47.061
0.496388 48.2137
0.529412 47.8904
0.496388 47.7806
0.563468 48.1255
0.529412 48.1626
0.482239 47.3664
0.485714 47.3373
0.532869 48.04
0.473606 47.4451
0.517564 47.8538
0.618221 47.4316
0.581774 47.5919
0.598684 47.9249
0.5625 47.7418
0.5625 36.8487
0.5625 45.2612
0.488071 45.9369
0.498371 47.4541
0.498371 44.5077
0.513158 46.8099
0.513158 47.1254
0.479715 46.8933
0.479715 47.9985
0.513158 47.9294
0.479715 47.9962
0.541667 48.2532
0.5625 48.1417
0.583808 48.0839
0.621818 48.1974
0.571802 48.1533
0.522201 48.1209
0.536201 47.8515
0.549163 48.1997
0.458303 47.8423
0.498105 47.7327
0.498105 48.1186
0.563468 47.9294
0.555556 47.9524
0.639118 46.7006
0.630257 47.1009
0.611613 47.0478
0.567183 47.6622
0.498537 47.3956
0.458065 47.9455
0.435583 47.6963
0.401496 47.6054
0.417998 47.7464
0.385374 47.7031
0.401496 48.0077
0.401496 48.0654
0.401496 47.8767
0.434894 48.2114
0.418182 48.1232
0.432796 47.6485
0.41439 48.1255
0.423404 48.0169
0.397585 47.5398
0.414703 47.7669
0.398799 48.1325
0.407532 47.9893
0.421993 48.23
0.448952 47.9294
0.496363 47.9823
0.490196 48.0169
0.508248 47.9432
0.495652 48.1974
0.444539 47.9065
0.461868 48.1278
0.427615 47.957
0.427615 47.9593
0.417496 47.8767
0.367171 48.0977
0.404542 48.1556
0.396905 48.2067
0.396905 48.3512
0.381878 47.9455
0.402704 48.1672
0.458036 48.1047
0.404135 48.1881
0.46978 47.9547
0.4875 48.2742
0.478947 48.0815
0.483051 48.4215
0.455298 46.9748
0.400786 48.1186
0.436035 48.1394
0.442774 48.144
0.456897 47.9616
0.418803 47.9939
0.46789 47.7373
0.425191 47.8973
0.539216 47.8698
0.539216 47.9272
0.50699 48.3676
0.50699 48.0215
0.5123 48.0839
0.5123 48.2021
0.471215 47.8698
0.498914 47.8629
0.514051 47.957
0.594262 48.0977
0.613181 47.8194
0.580333 47.1387
0.516569 47.3552
0.54672 47.7327
0.518492 47.3126
0.518492 47.7532
0.518492 47.824
0.595047 47.5715
0.595442 47.4451
0.584719 47.3821
0.584719 47.7122
0.629486 47.5737
0.584087 47.6032
0.538499 47.8446
0.582507 48.144
0.533308 48.2625
0.559426 48.2859
0.559426 47.9317
0.472981 48.1278
0.525615 48.1881
0.514051 48.1186
0.544002 48.3582
0.516569 48.1024
0.548795 48.2021
0.487572 47.8858
0.548795 48.144
0.506839 47.9893
0.54672 48.2393
0.580333 48.1626
0.518492 48.0123
0.553994 47.8377
0.523307 47.735
0.585943 47.5308
0.553994 47.9249
0.501343 47.8881
0.619234 47.895
0.530294 47.8583
0.499106 48.223
0.496291 47.5489
0.524848 48.0238
0.447637 48.2462
