0.904306 49.0388
0.893907 31.1925
0.881877 45.6392
0.910658 45.3803
0.816011 45.8842
0.705481 45.2223
0.644265 46.2471
0.627564 46.6919
0.564098 46.7333
0.570512 46.8977
0.570512 46.8757
0.577073 46.7312
0.535743 46.9462
0.56878 46.4231
0.596955 46.6048
0.604648 46.5679
0.530758 47.9317
0.549127 47.0411
0.518454 47.3866
0.543538 47.3126
0.524065 47.7578
0.524065 47.6622
0.528867 47.9317
0.528867 47.7989
0.540874 47.7395
0.602208 47.669
0.605105 47.6463
0.527412 47.1921
0.455672 47.3306
0.410043 47.4721
0.413654 47.2545
0.409851 46.9814
0.362349 46.8472
0.362082 46.9439
0.415843 47.0876
0.403336 47.5263
0.339118 47.2992
0.271192 47.172
0.176288 47.9708
0.138968 47.0124
0.0566378 48.4896
0.0181416 48.2672
0.00969667 48.1024
0.220939 47.9985
0.162528 47.694
0 50.1102
0.703318 44.7908
0.46173 44.6748
0.313673 44.9843
0.220093 44.5692
0.125965 45.4835
0.814118 43.6548
0.924998 44.0839
0.754195 44.2165
0.807858 43.6586
0.783047 41.6337
0.804052 43.2694
0.85559 42.8835
0.887665 42.7131
0.85559 43.3839
0.887665 45.436
0.764113 45.527
0.714033 45.0958
0.785887 45.0897
0.883413 44.3145
0.816987 45.2182
0.888175 45.4856
0.922253 44.5653
0.88487 45.436
0.706229 44.7127
0.824061 45.436
0.814118 45.3679
0.924401 44.7247
0.887665 45.1406
0.77469 44.0412
0.837249 45.1937
0.924401 45.3618
0.924998 45.212
0.824061 45.3885
0.922033 44.9458
0.792299 45.296
0.904687 42.6112
0 43.8827
0.721053 41.2609
0.753077 41.9798
0.707112 41.6684
0.797637 41.4989
0.71273 41.4319
0.794188 41.198
0.713078 41.295
0.71926 41.3959
0.722384 40.657
0.812309 41.0627
0.752263 42.1159
0.724029 41.4199
0.748669 41.8235
0.665833 41.8113
0.730382 40.9987
0.742744 42.1656
0.747016 41.3753
0.706595 42.203
0.739234 41.6806
0.702712 41.6233
0.68506 41.9445
0.714842 41.6945
0.77489 41.8148
0.679601 41.2984
0.645271 42.0645
0.712255 42.187
0.652748 42.1088
0.58481 42.2869
0.580006 42.1479
0.573126 42.2619
0.536211 41.3291
0.588626 42.1727
0.603417 42.1124
0.591043 41.927
0.629354 42.3603
0.671865 41.3856
0.59632 42.1336
0.570898 41.606
0.566596 42.2869
0.539941 41.8848
0.587688 42.2887
0.594822 42.2119
0.596733 41.5058
0.672927 42.2851
0.611395 41.6563
0.608158 41.9692
0.60326 41.2899
0.635958 42.2887
0.65003 41.9094
0.657146 41.7589
0.650198 42.1745
0.607899 41.1472
0.57191 41.841
0.632101 42.2083
0.594761 42.5369
0.59014 42.7405
0.648812 42.1816
0.660287 42.8137
0.657005 42.203
0.592175 42.6021
0.644752 42.7606
0.58753 42.3227
0.644256 42.2672
0.605679 42.3496
0.680879 42.3657
0.700673 42.6494
0.697538 41.8235
0.650697 42.6985
0.677867 42.5731
0.625721 42.452
0.654926 42.452
0.576795 41.724
0.640161 42.8669
0.555803 41.7049
0.623599 42.1656
0.612408 42.735
0.571325 42.7077
0.600609 42.6712
0.660618 41.3907
0.672833 42.7643
0.661016 42.4304
0.640035 42.8082
0.627877 42.6421
0.67344 42.4989
0.669089 42.5786
0.740312 41.8778
0.783482 42.6512
0.727165 42.7588
0.809782 42.8101
0.798347 42.746
0.684027 42.7991
0.66372 42.6021
0.64499 41.7676
0.624422 42.6058
0.633092 42.6712
0.580843 42.5786
0.601134 42.6603
0.552427 42.5604
0.613427 42.7606
0.605037 42.4484
0.6589 42.6276
0.65458 42.4646
0.722911 42.0451
0.779184 42.7058
0.72859 41.7851
0.772695 42.673
0.661082 42.0133
0.744748 42.3944
0.697535 42.3998
0.724842 41.9463
0.628166 42.5459
0.63058 42.3908
0.533583 42.9424
0.552569 42.9148
0.531006 42.5876
0.548656 42.4827
0.533724 41.8936
0.509982 42.6603
0.566716 42.0681
0.528295 42.6276
0.510004 42.4935
0.544216 42.2315
0.552615 42.983
0.560607 41.7589
0.606754 43.02
0.536671 42.8229
0.573571 42.0557
0.584051 41.3343
0.517295 42.9056
0.534861 42.4448
0.545964 43.1537
0.567772 41.4491
0.603935 42.2458
0.602783 42.7515
0.616077 42.633
0.631565 42.7277
0.647506 41.9059
0.691638 42.6567
0.701198 42.2279
0.617486 41.5489
0.609493 42.7423
0.601704 42.2547
0.594111 42.6367
0.628345 42.613
0.611041 42.0256
0.545362 42.3711
0.596365 42.0911
0.602046 42.7186
0.66252 41.6337
0.662224 42.6567
0.657194 42.8211
0.589296 42.3711
0.601638 42.8449
0.597948 42.2601
0.610213 41.806
0.611337 42.6821
0.623384 41.6788
0.623817 42.7753
0.628612 42.2369
0.648793 42.8009
0.651317 41.731
0.606563 42.9406
0.580032 42.3298
0.530515 42.4773
0.543226 42.6985
0.557481 42.4737
0.560214 42.7972
0.562628 42.9572
0.579095 42.0292
0.581393 42.6385
0.566185 42.5007
0.565998 42.7131
0.522125 42.7515
0.501674 42.0982
0.51545 42.5622
0.48142 41.5991
0.463264 42.2708
0.481477 42.4628
0.460312 42.7277
0.477273 42.7314
0.463357 41.7606
0.510075 42.8486
0.516401 41.9006
0.588227 42.0698
0.555075 42.5098
0.517799 42.0168
0.57239 42.8872
0.53534 42.2565
0.603095 42.7789
0.658197 42.0521
0.67893 40.858
0.691001 42.9203
0.618212 41.6962
0.531606 43.1928
0.516619 42.8651
0.625694 42.9627
0.619413 41.365
0.648905 42.8651
0.63763 43.6015
0.654858 43.2844
0.707952 43.3858
0.645397 43.4216
0.69505 42.4124
0.717256 43.7311
0.68093 43.4688
0.65205 43.1425
0.598047 43.5464
0.545961 42.7606
0.474593 43.6414
0.457226 43.3219
0.53734 43.29
0.622715 43.1686
0.644819 42.5876
0.680295 43.1146
0.74505 43.4122
0.690477 43.1127
0.629675 43.63
0.582832 43.1369
0.619264 43.7694
0.589603 43.5218
0.666728 42.8431
0.670485 44.1969
0.666702 43.5711
0.68554 43.4783
0.72041 43.5996
0.7863 42.9609
0.818066 43.3651
0.834182 43.4896
0.834674 43.6853
0.82991 43.247
0.787186 42.3657
0.727698 43.6319
0.67552 42.4899
0.713046 43.3144
0.737842 43.3445
0.762727 43.3934
0.760142 43.7637
0.879338 42.7991
0.789216 43.4802
0.785518 43.6834
0.744811 43.0812
0.722576 43.7044
0.67773 43.2507
0.708806 44.0412
0.676828 44.2145
0.740909 43.8039
0.787227 43.7464
0.771847 43.6872
0.786469 43.2414
0.860323 43.5939
0.840757 43.691
0.806228 43.7158
0.838232 43.4972
0.851342 43.7522
0.820516 40.7614
0.701139 43.2302
0.65581 43.6167
0.642906 43.1425
0.595786 43.3915
0.624959 43.5066
0.665354 42.6312
0.757677 43.5673
0.719527 42.3316
0.826633 43.1648
0.728446 43.2432
0.683609 43.4084
0.698593 43.6376
0.669527 43.4991
0.681007 43.262
0.65186 43.5768
0.663469 43.5483
0.6491 43.6186
0.758349 43.8693
0.779403 43.4745
0.804396 43.5996
0.804396 43.3088
0.79967 43.4839
0.840345 43.3501
0.854578 43.3727
0.797523 43.5161
0.696609 43.7503
0.656298 43.8231
0.775086 43.5388
0.829729 43.3595
0.776767 43.32
0.822531 43.4556
0.782648 43.2264
0.787457 43.4348
0.746413 43.2638
0.707395 43.8443
0.72217 44.2067
0.701816 44.0199
0.737001 43.9522
0.77919 44.195
0.754922 44.018
0.700238 44.1287
0.708067 44.1092
0.739748 43.8347
0.692868 44.0509
0.740632 43.8231
0.752997 43.554
0.752997 43.8596
0.739465 43.7982
0.716418 43.929
0.668792 43.8924
0.637039 43.7848
0.634494 43.8693
0.637227 43.8078
0.642736 43.6624
0.721804 43.877
0.737781 43.9232
0.739665 43.7292
0.752499 43.9059
0.752415 43.8789
0.791195 44.0121
0.75584 43.9657
0.704597 43.9078
0.71792 44.0898
0.690243 43.3069
0.715737 43.2957
0.745108 43.8654
0.763906 43.712
0.751035 43.8558
0.751035 44.0529
0.738237 43.9618
0.690154 43.8059
0.712953 43.7139
0.730486 43.9657
0.707959 43.987
0.633618 43.8462
0.701665 43.7426
0.664075 43.958
0.694241 44.0839
0.647677 43.8866
0.758973 44.0218
0.792364 44.1287
0.782575 44.0859
0.741321 43.9039
0.734469 44.2831
0.740972 43.956
0.681798 43.9928
0.691433 44.1365
0.713398 44.049
0.668933 44.2321
0.698682 44.2909
0.678658 43.8808
0.684325 44.1034
0.664318 43.8635
0.688499 44.2772
0.674419 44.1462
0.674419 44.2243
0.686481 44.3145
0.686481 44.2184
0.670144 44.047
0.627267 44.1638
0.567999 44.0083
0.559788 44.0859
0.65199 44.0432
0.642416 43.8481
0.6571 43.987
0.653526 43.7886
0.680635 43.7063
0.669823 43.8116
0.695341 43.7656
0.716792 43.902
0.636013 43.6586
0.557808 43.9599
0.552653 44.0199
0.55772 43.9792
0.542008 43.8308
0.529012 43.6987
0.49399 43.7197
0.426267 43.9387
0.439461 43.8443
0.371871 43.9116
0.382504 43.6891
0.327955 43.7464
0.307196 43.3407
0.341734 43.4273
0.326504 43.7216
0.307556 43.4461
0.30748 43.5616
0.244444 43.1239
0.208416 43.4518
0.22678 43.4915
0.208733 43.3727
0.198823 43.1295
0.148435 43.5996
0.139673 43.7445
0.123071 43.4028
0.0997273 43.5142
0.0863758 43.6357
0.0776576 43.6395
0.0499716 43.8059
0.0500335 43.6015
0.0301519 43.5768
0.0358458 43.8558
0.0384953 43.5464
0.0240024 43.7522
0.0331304 44.0412
0.0275958 43.9522
0.0245666 43.8404
0.0266801 43.8789
0.0215279 43.4669
0.0177359 43.852
0.0187338 43.6719
0.0149411 43.8289
0.00963116 43.6376
0.00809688 43.8174
0.00532784 43.802
0.00182264 43.9367
0.000690361 44.1267
0.00177687 43.9967
0 43.9967
0.862027 37.9737
0.91388 37.8358
0.810721 37.7772
0.804521 37.463
0.892055 37.5263
0.846445 37.618
0.875045 37.9708
0.824688 37.5672
0.851373 34.421
0.810425 37.2218
0.788671 36.9809
0.768476 37.5347
0.747363 37.386
0.730619 37.8573
0.728886 37.8086
0.709103 37.8243
0.704298 38.0909
0.700579 38.059
0.691773 38.1025
0.70888 37.9925
0.720762 37.8115
0.702754 38.0604
0.726847 37.9881
0.667229 37.8687
0.680404 37.6946
0.707262 37.8845
0.707262 37.8229
0.714111 37.7031
0.707584 37.6279
0.714031 37.9752
0.691773 37.5389
0.691773 37.6875
0.691773 37.0989
0.691773 36.7525
0.686253 35.859
0.686253 37.319
0.68082 37.9334
0.686253 38.0055
0.689407 37.9983
0.708594 37.7858
0.735504 38.2132
0.748774 38.3098
0.775072 38.017
0.764746 38.0156
0.79539 38.0257
0.779891 38.0127
0.824156 38.1374
0.83063 37.9133
0.855406 38.0749
0.865353 37.5249
0.839504 37.9248
0.805215 37.8387
0.852213 37.7529
0.828648 37.9104
0.799139 37.9795
0.763031 37.955
0.72722 38.1054
0.678182 38.1345
0.645666 37.9507
0.641291 38.1228
0.610901 37.9838
0.615431 38.2263
0.615431 38.0952
0.620028 38.0358
0.620028 38.0127
0.620028 38.0431
0.607956 37.9636
0.625335 37.9377
0.6413 37.9233
0.652256 37.9925
0.66793 37.8831
0.66793 37.9983
0.681014 38.1942
0.68905 37.7415
0.664077 38.0648
0.682018 37.7686
0.689796 37.8788
0.733049 37.6138
0.667229 38.0604
0.762861 37.8272
0.779191 37.8788
0.819817 37.7958
0.796723 37.7729
0.804847 37.8115
0.774306 37.991
0.750987 38.0938
0.676089 37.8788
0.677458 37.4294
0.649293 37.8888
0.652423 38.0228
0.632439 37.8716
0.62666 37.7972
0.632439 37.6776
0.632439 37.8673
0.652721 37.9003
0.667652 37.9723
0.68254 36.1664
0.68254 37.5277
0.691773 37.4883
0.691773 37.8387
0.706333 37.7487
0.712183 37.3427
0.723449 37.7117
0.723449 37.635
0.717616 37.7515
0.717616 37.3692
0.719051 37.4841
0.707375 37.6591
0.671058 37.4672
0.671058 37.6166
0.647595 37.7131
0.666091 37.594
0.687813 37.4462
0.593015 37.6676
0.686623 37.7586
0.726648 37.7003
0.773455 37.7045
0.748662 37.8401
0.763487 37.7958
0.778084 37.6889
0.760667 37.6039
0.754472 37.6676
0.745455 37.8874
0.710427 37.477
0.752613 37.853
0.751871 37.6407
0.740669 37.5333
0.721082 37.7245
0.690895 37.7273
0.696802 37.6605
0.702811 37.652
0.72928 37.2315
0.728604 37.4911
0.695043 37.5009
0.757221 37.4995
0.697187 37.5657
0.655764 37.5404
0.736961 37.4925
0.689155 37.4883
0.765868 37.4209
0.797101 37.6946
0.807937 37.4658
0.852673 37.6265
0.833604 37.7216
0.960415 37.6776
0.863029 37.3706
0.944318 37.6918
0.800391 37.1278
0.811846 37.7031
0.850985 37.6223
0.816532 37.5573
0.79499 37.1374
0.749125 37.7302
0.682142 37.5277
0.744663 37.4995
0.742498 37.2148
0.812246 36.1507
0.853331 36.8881
0.817564 37.0041
0.92557 36.739
