0.934625 42.7734
0.916302 41.176
0.882226 43.1425
0.884045 43.9039
0.954372 43.0108
0.934021 42.3406
0.909091 43.1388
0.965435 43.6224
0.820942 43.1072
0.91475 43.0163
0.787407 42.7533
0.86802 43.247
0.831965 43.2582
0.769596 43.5654
0.737976 43.5578
0.769596 43.7522
0.776042 43.5256
0.855247 43.6605
0.839243 42.8284
0.903748 43.1313
0.851576 42.3424
0.92276 42.244
0.822423 42.2226
0.845303 41.6441
0.933928 41.927
0.773823 42.1727
0.781899 41.9217
0.829999 42.008
0.839442 42.0911
0.82731 41.799
0.83336 41.8288
0.85189 41.7032
0.864031 41.6337
0.836782 41.5991
0.856204 41.4559
0.769889 41.927
0.778344 42.2244
0.832439 42.4106
0.874131 41.4559
0.902461 42.1674
0.928609 42.1212
0.891698 42.3352
0.901266 42.2066
0.851567 41.806
0.888991 42.0468
0.848894 42.0186
0.833601 42.1035
0.823182 41.9639
0.881891 42.4394
0.797951 42.4827
0.802078 42.4845
0.812844 41.7119
0.818562 42.5822
0.833655 42.5858
0.873114 42.5441
0.836778 42.6785
0.850268 42.9978
0.892273 43.2414
0.912118 43.448
0.853179 43.1779
0.870426 43.2171
0.959913 43.1891
0.960061 43.1072
0.901614 43.0775
0.931124 42.9498
0.847953 42.9978
0.883539 42.8266
0.819471 43.02
0.87862 43.0367
0.76528 43.1146
0.859994 43.2994
0.939598 43.3313
0.932897 43.2283
0.853713 43.163
0.901083 43.1109
0.798509 41.4182
0.904415 42.6294
0.859187 42.4376
0.898368 42.7204
0.909243 42.7296
0.851985 42.4196
0.900478 42.9148
0.799557 42.6476
0.947343 43.0219
0.865461 42.517
0.827617 42.0292
0.794072 42.346
0.776876 41.8375
0.764409 42.2601
0.798152 42.1888
0.834682 42.328
0.874956 42.3711
0.864291 42.7588
0.818858 42.8211
0.839864 42.8412
0.825875 42.8229
0.781062 42.5604
0.838118 42.8101
0.883236 42.8853
0.881743 42.8321
0.901148 42.9701
0.930447 43.0422
0.922097 43.2227
0.858343 42.9646
0.898269 42.7661
0.891261 42.9646
0.840329 42.684
0.920087 42.7113
0.834368 43.1481
0.817831 42.889
0.864474 42.9
0.736346 43.0793
0.714389 42.7515
0.887025 42.9295
0.794597 42.9627
0.883817 43.1034
0.879257 43.2919
0.830571 43.3858
0.908965 43.5996
0.899932 43.7388
0.92202 43.9928
0.947218 43.651
0.890962 44.0102
0.856472 44.0083
0.915444 43.9792
0.954731 44.1384
0.906712 44.0529
0.791756 43.9502
0.917257 43.6472
0.931861 43.8808
0.871154 44.2145
0.814996 43.6738
0.894805 43.7158
0.855077 43.6072
0.858006 43.9348
0.848665 44.2909
0.920923 44.1423
0.886996 44.2988
0.916604 44.2713
0.898766 44.1638
0.843566 44.193
0.858247 43.2975
0.94734 44.4978
0.919125 44.4939
0.879185 44.607
0.949887 44.5891
0.864481 44.6628
0.867032 44.0917
0.862407 44.605
0.902894 44.6269
0.878648 44.7487
0.867167 44.6588
0.962688 44.8551
0.907554 44.841
0.890371 44.9944
0.91541 44.8914
0.903021 44.8632
0.880229 44.2595
0.881228 44.7547
0.890845 44.7387
0.910573 44.8793
0.881682 44.8853
0.83662 44.7608
0.849296 44.6409
0.833568 44.7027
0.909395 45.0288
0.894176 45.0572
0.860949 45.0633
0.894021 45.212
0.831359 45.1101
0.898665 44.9701
0.88791 45.1325
0.895492 45.2714
0.819272 45.1467
0.919969 45.4731
0.854298 44.6828
0.913383 45.4071
0.864308 45.6163
0.918248 44.9055
0.831663 45.6184
0.945928 45.5145
0.896257 45.3638
0.967236 44.6688
0.942795 44.9014
0.912433 44.9075
0.899684 45.3309
0.80147 45.2776
0.916102 45.1692
0.921314 45.5768
0.861816 43.2189
0.904391 44.7788
0.88828 43.7503
0.935119 45.0532
0.922807 44.7187
0.937921 45.0511
0.892752 44.9216
0.917911 44.5117
0.796377 45.3206
0.935862 44.964
0.929053 44.9196
0.85237 44.8571
0.895593 44.9822
0.95503 44.6249
0.85309 43.9213
0.90795 44.607
0.886981 44.3774
0.826301 45.0187
0.853022 44.9337
0.872451 45.0106
0.91161 44.839
0.864017 44.6788
0.915285 44.829
0.898536 44.5891
0.923423 44.2615
0.910572 44.1267
0.936883 43.8673
0.827344 44.6289
0.871903 44.1599
0.875331 44.2693
0.873162 44.4682
0.89133 43.9986
0.913546 44.1053
0.956256 44.3557
0.978027 44.1638
0.885501 43.8097
0.888747 43.8289
0.81597 44.4306
0.882508 44.4365
0.869031 43.6053
0.888195 44.5434
0.904757 44.34
0.92511 44.2537
0.893042 44.1989
0.910355 43.8847
0.962455 43.987
0.898138 43.85
0.893946 44.5137
0.811678 44.4603
0.694789 44.5931
0.904313 44.8169
0.948834 44.4326
0.899496 44.5018
0.934826 44.1151
0.887155 43.5407
0.868301 44.0063
0.894668 43.6015
0.854986 43.8654
0.825961 43.8904
0.874648 44.0937
