0.957395 43.4896
0.957395 43.1072
0.928571 34.4364
0.928571 40.7249
0.943172 42.5931
0.914951 43.3557
0.914951 43.7579
0.914951 43.9367
0.914951 43.9792
0.8609 44.1326
0.838131 43.9445
0.78897 44.0762
0.78897 44.1228
0.7686 44.1462
0.787709 44.1638
0.84772 44.0393
0.836755 44.2791
0.836755 43.9541
0.815912 43.9792
0.779013 44.238
0.733243 44.117
0.71434 44.1579
0.762392 44.0199
0.752567 44.4425
0.779013 44.2341
0.825622 44.2223
0.85067 44.3498
0.862012 44.3577
0.903346 44.1112
0.87821 43.8885
0.825622 44.1306
0.810833 44.2321
0.916168 43.9928
0.916168 44.0859
0.849293 43.9232
0.888021 43.7407
0.833333 43.8943
0.888021 43.9792
0.916168 44.1267
0.888603 43.3764
0.835137 43.2339
0.847298 43.8385
0.875 43.4764
0.853659 43.5692
0.832335 43.7139
0.815668 43.7598
0.83043 43.4858
0.809414 43.8289
0.837736 43.6929
0.809414 43.6624
0.809414 43.9252
0.788876 43.8078
0.841121 43.6738
0.83043 43.8635
0.83043 43.6891
0.837736 43.5768
0.837736 43.6091
0.827392 43.2432
0.827392 43.6643
0.80705 43.7158
0.837736 43.6186
0.827392 43.6129
0.827392 43.3783
0.803668 43.2526
0.823337 43.4254
0.80705 43.5199
0.827392 43.735
0.80705 43.6834
0.779828 43.5313
0.827392 43.163
0.827392 43.3445
0.837736 43.5673
0.837736 43.6605
0.841121 43.3107
0.80705 43.735
0.827392 43.4235
0.837736 43.5218
0.837736 43.3445
0.837736 43.1146
0.765576 43.2844
0.803668 43.5388
0.823337 43.3144
0.823337 43.2957
0.827392 43.6719
0.814455 43.0071
0.815451 43.4896
0.797255 43.399
0.770424 43.1537
0.76113 43.1611
0.745538 43.2246
0.729116 42.6076
0.706416 43.3088
0.734235 43.3032
0.680074 43.2059
0.68369 43.2432
0.657228 43.3369
0.695122 43.1351
0.671196 43.63
0.671196 43.6395
0.663849 43.2975
0.672781 43.1909
0.672781 43.32
0.677173 43.518
0.681834 43.2563
0.699232 42.2779
0.724667 43.501
0.753386 43.4461
0.788833 43.1965
0.760979 43.4424
0.739244 43.554
0.724756 43.6395
0.726892 43.6872
0.696446 43.4858
0.694981 43.712
0.635479 43.7426
0.650355 43.6567
0.657895 43.518
0.694981 43.4764
0.694981 43.8539
0.694981 43.3971
0.694981 43.2882
0.694981 43.1369
0.620868 43.3294
0.635479 43.4896
0.650355 43.7311
0.650355 43.3107
0.650355 43.1053
0.694981 43.4348
0.68684 43.5654
0.620868 43.3858
0.644493 42.6585
0.696446 43.0496
0.696446 43.3802
0.727861 43.5275
0.664467 43.416
0.60999 43.0626
0.553749 43.1648
0.462304 43.4707
0.421662 43.4745
0.414424 43.8808
0.356762 43.554
0.300493 42.9886
0.30179 43.573
0.219622 43.5559
0.232603 43.204
0.215686 43.5483
0.202703 43.5047
0.235135 43.5768
0.269608 43.6205
0.296989 43.033
0 43.2189
0.773902 43.2246
0.759287 43.0719
0.428227 43.2246
0.276038 42.5967
0.0825268 43.2601
0 43.4915
0.389654 42.5532
0.471418 42.8706
0.416532 43.0182
0.360681 42.8761
0.44185 42.7223
0.0503621 42.5134
0.0616048 42.5387
0.0557748 42.6639
0.0742099 42.8046
0.0814505 42.8284
0.0605068 42.3549
0 42.7661
0.227209 43.2451
0.395897 43.2227
0.22258 43.0886
0.260916 42.5804
0.167452 43.0182
0.0550102 42.7807
0.0680137 42.9886
0.124225 42.7625
0.0298319 43.1165
0.0156116 43.0552
0 42.7369
0.566126 43.1854
0.478891 43.1555
0.308101 42.9185
0.777521 42.6767
0.510435 42.7387
0.61005 42.9387
0.64624 43.0126
0.64624 42.9092
0.659835 42.9719
0.590184 42.7917
0.534454 42.6348
0.534454 42.8027
0.371429 42.7862
0.384615 42.9793
0.402961 42.5876
0.380259 42.7168
0.380259 42.7277
0.349157 42.5062
0.371429 43.0997
0.342519 42.8541
0.402961 42.8486
0.361345 42.653
0.342519 42.9793
0.339721 43.5882
0.397215 41.8428
0.546985 40.3356
0.495406 42.6949
0.536465 43.2638
0.352648 42.9646
0.387576 43.1165
0.299422 42.8266
0.280288 43.2133
0.246117 43.3332
0.34576 43.2227
0.236166 42.9627
0.244588 43.0942
0.225388 42.7643
0.247834 42.9295
0.0884971 43.0515
0.118966 43.0459
0.105084 43.0608
0.13485 42.8486
0.0976941 42.6167
0.0188679 42.5351
0.00629337 42.735
0.0059687 42.9424
0 42.9056
0.804995 48.2067
0.896228 47.9893
0.563636 48.0146
0.47932 48.2509
0.299967 47.4226
0.237272 47.7989
0.121364 47.3642
0.0939457 47.8744
0.0501002 45.8106
0 47.7281
0.91132 45.1264
0.812593 45.3741
0.681463 45.4194
0.62689 45.4298
0.663957 44.9378
0.695992 45.0106
0.743581 45.1488
0.652588 45.2284
0.695992 45.1794
0.736501 45.161
0.706427 45.0633
0.655042 45.0227
0.647863 45.0532
0.544257 45.1427
0.553236 45.0288
0.64749 44.9378
0.592807 44.8893
0.635981 44.8974
0.71532 44.9681
0.767296 45.4133
0.8594 44.6269
0.90958 44.8491
0.783523 45.0816
0.785358 45.1937
0.797006 44.2909
0.84119 43.1984
0.711605 44.5633
0.728111 45.3782
0.791773 45.1345
0.801093 45.2264
0.861057 45.2427
0.731813 45.1896
0.771476 45.3926
0.750682 45.0836
0.790349 45.2714
0.652842 45.3104
0.68855 45.3371
0.681522 45.3721
0.63241 45.1386
0.666387 45.4504
0.700811 45.4401
0.783411 45.4153
0.782493 45.1365
0.64885 44.5077
0.680613 44.8853
0.703812 45.1977
0.665584 45.2039
0.686326 45.1386
0.708735 45.4918
0.660349 45.5726
0.708735 45.3638
0.660349 45.7624
0.75031 45.61
0.727937 45.7603
0.79599 45.3432
0.752311 45.2735
0.667273 45.5643
0.752311 45.294
0.708735 45.0775
0.79599 45.6163
0.789242 45.7226
0.727937 45.7729
0.708735 45.8526
0.762185 46.1127
0.752277 45.8085
0.765673 46.0575
0.752277 45.7268
0.726199 46.0151
0.667152 46.2214
0.667244 46.0003
0.62775 46.0087
0.607485 46.0532
0.590005 46.0511
0.667152 45.9749
0.590083 46.0617
0.724138 46.032
0.647469 46.1191
0.748593 46.2299
0.647773 45.9728
0.614458 46.1553
0.68873 45.9031
0.59586 46.1255
0.602267 46.1681
0.634188 46.2321
0.667244 45.9538
0.565769 46.0893
0.614849 46.1766
0.653207 45.8295
0.578231 46.3671
0.614849 46.292
0.651892 46.2899
0.578231 46.4382
0.65365 46.0681
0.708703 46.151
0.724138 46.0045
0.74026 46.1297
0.715603 45.9158
0.74103 46.0384
0.74103 46.3113
0.654968 46.1808
0.696203 46.2706
0.74026 46.1063
0.589248 46.1063
0.640834 46.0448
0.634043 45.5581
0.67435 45.775
0.660106 45.8505
0.693431 45.8589
0.57091 46.1255
0.57712 46.1553
0.57712 46.1404
0.627665 46.1595
0.681416 45.9538
0.74026 45.9031
0.723763 44.6648
0.704757 45.9411
0.712805 46.1404
0.712805 46.1766
0.712805 46.2342
0.704704 45.901
0.704767 46.0681
0.717267 45.996
0.709372 45.3968
0.709372 45.9538
0.637051 45.7603
0.651768 46.0066
0.659226 45.8842
0.659313 45.9559
0.659313 45.6913
0.651768 45.5
0.701555 45.8526
0.70165 45.6038
0.717267 45.7247
0.708622 45.6517
0.752014 45.3535
0.752014 45.5581
0.752014 45.9686
0.752014 45.3022
0.743106 45.5726
0.734406 45.958
0.725339 45.8442
0.802025 45.7477
0.763257 45.6225
0.754634 45.5145
0.754634 44.9802
0.709372 45.5851
0.684926 45.6788
0.701222 45.6663
0.701555 45.7917
0.701555 45.6017
0.717605 45.403
0.725339 45.608
0.74204 45.5519
0.74204 45.3556
0.67327 45.5872
0.697243 45.6059
0.653731 45.7875
0.646466 45.6621
0.605758 45.8127
0.605758 45.6288
0.605137 45.527
0.725726 45.5622
0.681522 45.7457
0.639361 45.8463
0.632127 45.8106
0.666387 45.2448
0.604977 45.6163
0.580588 45.8001
0.586592 45.1671
0.615475 45.2776
0.621933 45.2653
0.620049 45.3556
0.753157 45.208
0.744624 45.4504
0.744624 44.9944
0.753157 45.1182
0.753157 45.0816
0.744943 45.4876
0.704692 45.3042
0.713767 45.4918
0.686222 45.5311
0.686222 45.6413
0.686222 45.7143
0.731463 45.8568
0.730735 45.5063
0.671355 45.4794
0.644006 44.3459
0.650988 43.7943
0.658123 45.1386
0.658123 43.7886
0.665416 44.9095
0.665416 45.556
0.665416 45.1223
0.665416 45.8295
0.665416 45.901
0.657104 45.6329
0.693354 45.8842
0.685936 45.6288
0.643398 45.6059
0.643398 45.8526
0.602953 45.7457
0.601658 45.4525
0.722345 44.6788
0.730735 45.6725
0.73885 45.6371
0.730201 45.6621
0.7098 45.498
0.718023 45.5747
0.726439 45.7226
0.735055 45.8863
0.726439 45.6976
0.7098 45.683
0.701762 45.7813
0.65786 45.403
0.658123 45.6767
0.616405 45.5934
0.616405 45.5436
0.587198 45.1488
0.587198 45.405
0.587198 39.6888
0.620904 43.5977
0.620904 45.1814
0.620904 44.4425
0.627484 45.21
0.627484 45.4835
0.634205 45.3248
0.693167 45.4607
0.700998 45.8358
0.700998 45.5083
0.64836 45.8295
0.64836 45.5042
0.599511 45.8547
0.59297 45.6454
0.548181 45.5498
0.547445 45.1834
0.584181 45.6308
0.698664 45.5892
0.578577 45.3782
0.698664 45.4401
0.706667 45.8905
0.714286 44.8591
0.730028 45.6184
0.734918 45.5187
0.680593 45.469
0.688102 45.4773
0.734918 45.3165
0.734918 45.4794
0.683302 45.0735
0.646438 45.7624
0.639687 45.7415
0.579863 44.2028
0.699718 45.7834
0.663795 45.683
0.663795 45.1896
0.663795 45.8169
0.663795 45.2325
0.663795 45.3432
0.663795 46.1021
0.678725 45.6746
0.686445 45.5104
0.702425 45.5539
0.702425 45.7959
0.702425 45.8947
0.700998 46.2492
0.69287 45.6809
0.633487 45.0775
0.633487 45.8926
0.626688 45.6809
0.580047 45.7582
0.574101 45.4298
0.574101 45.9284
0.574101 45.4669
0.574101 46.0448
0.654994 45.8884
0.62792 45.6558
0.62792 46.2022
0.642237 45.9664
0.64836 45.6558
0.655488 46.0109
0.655488 45.7896
0.655488 45.7917
0.653333 45.8442
0.69863 45.3083
0.690755 45.3947
0.690755 45.7436
0.683302 45.6538
0.683302 45.7352
0.677632 45.9664
0.685509 45.7813
0.732072 45.8484
0.78128 45.9242
0.683646 45.8358
0.631875 45.7729
0.646645 45.8926
0.641921 45.4071
0.702425 45.9284
0.710697 45.7959
0.710697 45.5539
0.662776 45.8589
0.662776 45.7477
0.655488 45.6767
0.700998 45.4897
0.693167 45.996
0.693167 45.6204
0.740478 45.7436
0.740478 45.8484
0.685509 45.9601
0.678019 45.7164
0.67069 45.608
0.67069 45.8547
0.715819 45.8526
0.627874 45.8106
0.634843 45.7185
0.664312 45.6288
0.679891 45.3865
0.719166 45.7143
0.710697 45.5083
0.656787 46.1042
0.694343 45.6746
0.7331 45.7038
0.724629 45.7687
0.724629 45.5872
0.635202 45.045
0.635202 45.88
0.678725 45.4628
0.678725 46.0426
0.634557 45.7896
0.678019 45.8379
0.723854 45.8484
0.678725 45.6308
0.63493 44.6748
0.554591 45.9242
0.593878 45.0268
0.635202 45.5685
0.635202 45.8821
0.678725 45.7206
0.593878 45.9517
0.593878 45.5892
0.635202 45.8505
0.635202 45.6371
0.678725 45.61
0.678725 44.8833
0.678725 45.9474
0.635202 45.3576
0.635202 45.7708
0.635202 45.798
0.678725 45.7394
0.678725 45.7457
0.714286 45.7834
0.683263 45.8484
0.748051 45.9284
0.748051 45.9474
0.672836 45.754
0.672836 45.9306
0.719166 45.8968
0.769058 45.7185
0.821932 46.0808
0.709008 45.4318
0.74908 45.6788
0.74177 45.2694
0.716604 45.9348
0.767149 45.7687
0.646145 46.1446
0.673989 46.0172
0.563686 45.9284
0.667696 45.527
0.665669 45.5976
0.714227 45.5498
0.714227 46.0172
0.619787 45.8821
0.665669 45.6809
0.665669 45.7143
0 45.436
0.952025 44.4188
0.952025 44.4267
0.78476 44.3912
0.732792 44.2576
0.732792 43.8308
0.719266 43.5426
0.621351 43.9329
0.553681 43.8174
0.553681 43.8539
0.553681 43.9445
0.539523 43.9097
0.439645 43.4896
0.416336 44.2791
0.341615 43.9367
0.671495 44.0665
0.656155 44.0567
0.656155 44.0917
0.266633 44.1443
0.248555 44.1735
0.248555 43.929
0.173205 44.3223
0.213231 44.342
0.213231 44.0025
0.213231 44.2713
0.213231 43.9618
0.148408 44.2087
0.204876 44.2439
0 44.1911
0.941423 49.456
0.910849 49.4071
0.909402 48.8377
0.84693 48.9356
0.844444 48.8186
0.827957 48.986
0.829787 49.0822
0.742574 48.8998
0.670988 48.3162
0.751579 48.6689
0.751579 48.9836
0.634825 49.0172
0.673534 49.1642
0.651064 49.2732
0.630565 49.099
0.662198 48.5296
0.661017 49.2781
0.58307 49.0798
0.617035 48.3582
0.626016 49.128
0.615339 49.2756
0.615339 48.79
0.580428 48.7377
0.594984 49.01
0.585441 49.3437
0.558925 49.1376
0.581176 49.1957
0.58209 48.6334
0.573529 48.9956
0.565832 48.7615
0.54715 48.8162
0.550265 48.8926
0.531034 48.962
0.527027 49.0196
0.507548 49.1545
0.507548 49.1666
0.521445 48.5013
0.521445 49.0196
0.521445 49.3559
0.503756 48.9476
0.484334 48.4943
0.484334 47.4383
0.484334 49.2902
0.465407 48.9021
0.461866 48.3746
0.468414 49.3267
0.427902 49.6376
0.451348 49.3657
0.458278 49.4242
0.447885 49.3389
0.438596 49.5835
0.466667 49.3072
0.478261 49.3194
0.433537 49.0388
0.463623 49.2053
0.457961 48.8114
0.457961 49.5688
0.452436 49.2878
0.452436 49.3583
0.452436 49.1135
0.439908 49.6648
0.439908 49.0942
0.452436 49.1908
0.442978 48.9668
0.426564 49.6204
0.458278 49.2659
0.418215 49.1763
0.452436 49.5393
0.464286 49.5025
0.461078 49.5221
0.46988 49.4169
0.46988 49.5688
0.46988 49.5835
0.472298 49.3949
0.458278 48.9237
0.455621 49.4927
0.433526 49.4633
0.425361 49.3974
0.425361 48.9596
0.428482 49.3121
0.439698 49.0124
0.439698 48.8878
0.439698 49.2393
0.428482 49.6081
0.448539 49.4511
0.412345 49.3827
0.474576 49.1739
0.450257 49.5835
0.473638 49.4144
0.473638 49.317
0.473638 49.7043
0.473638 49.5099
0.439807 49.5295
0.469589 49.2199
0.439807 49.5344
0.451413 49.2029
0.451413 49.4633
0.439807 49.3705
0.451758 49.2878
0.451758 49.5442
0.408344 49.4413
0.431263 48.8639
0.471096 49.6278
0.462264 49.2951
0.467882 49.1039
0.482759 47.9409
0.466975 49.373
0.466975 49.6155
0.461336 48.8138
0.461336 49.3925
0.455729 49.6524
0.443978 49.186
0.43869 48.7424
0.43869 49.39
0.450257 49.3583
0.450257 49.3316
0.462264 48.9644
0.462264 49.5565
0.435264 49.5
0.465473 49.1618
0.469012 48.7995
0.428482 49.4389
0.467882 49.2708
0.479537 49.2587
0.491788 49.5491
0.478802 49.7315
0.478802 49.5099
0.478802 48.7116
0.485586 49.5148
0.464789 49.4193
0.459245 49.4022
0.459245 49.5589
0.459245 49.7686
0.459245 49.5589
0.438097 49.4511
0.455568 49.5393
0.464464 49.2029
0.455387 49.3608
0.468 49.14
0.455568 49.7983
0.464464 49.7141
0.468 49.334
0.455387 48.8043
0.468 49.3462
0.468 49.39
0.468 49.5417
0.468 49.01
0.459245 49.1328
0.459245 49.3364
0.459245 49.3194
0.459245 49.5197
0.459245 49.7636
0.468 49.5417
0.436893 49.4389
0.453831 49.351
0.462451 49.6574
0.450033 49.7884
0.462451 49.6672
0.438113 49.0701
0.42259 49.5393
0.446563 49.4951
0.458855 49.3389
0.446563 49.4829
0.458855 49.682
0.458855 49.7067
0.4501 49.4486
0.438113 49.6032
0.438113 49.2562
0.438113 49.4609
0.438113 48.4567
0.462451 47.6622
0.462451 48.1139
0.465517 49.4047
0.464789 49.4315
0.457768 49.3437
0.443578 49.3974
0.482255 49.2975
0.469134 49.0196
0.469134 48.9788
0.482255 49.3194
0.482255 49.3998
0.482255 49.3048
0.463381 49.2005
0.470468 49.3803
0.464789 49.4364
0.464789 49.4218
0.452289 49.0942
0.464789 49.3559
0.41493 49.4903
0.467866 49.3852
0.402848 49.1352
0.452716 49.4193
0.470468 49.4413
0.472241 49.7315
0.485477 49.478
0.485477 49.586
0.472241 48.6689
0.472241 49.7661
0.476289 49.3949
0.476289 49.0605
0.470468 49.2927
0.452716 49.7141
0.447316 49.5197
0.44342 49.4511
0.44342 49.4169
0.431664 49.0461
0.44342 49.5319
0.461171 49.5516
0.464789 49.434
0.473684 49.3462
0.473684 49.7562
0.473684 49.4535
0.473684 49.581
0.473684 49.6524
0.473684 49.5319
0.468 49.4633
0.462451 49.4486
0.457031 49.6032
0.457031 49.6081
0.448544 49.2223
0.448544 49.2975
0.448544 49.4854
0.448544 48.9189
0.448544 49.6032
0.436611 49.0148
0.457031 49.0388
0.457031 48.998
0.403928 48.9572
0.479508 49.3072
0.482255 49.351
0.482255 49.5983
0.423791 49.6253
0.491597 49.4022
0.442323 47.0854
0.485477 49.317
0.479508 49.2174
0.466486 49.3048
0.479508 49.2514
0.479508 49.4609
0.479508 49.4707
0.479508 49.4756
0.466486 49.4267
0.479508 49.3291
0.440639 49.4609
0.440639 49.5761
0.452716 49.3316
0.470468 49.2999
0.470468 49.5417
0.470468 49.1497
0.470468 49.3681
0.470468 49.215
0.452716 49.4927
0.436928 49.5491
0.470468 49.6376
0.470468 49.0629
0.470468 49.3121
0.470468 49.6352
0.457768 49.3827
0.464789 49.334
0.464789 49.1183
0.473684 49.6524
0.447316 49.2126
0.476611 49.3389
0.482358 49.3559
0.477941 49.4315
0.483721 49.4438
0.474804 49.1957
0.474804 48.2253
0.454545 49.7463
0.472393 49.6426
0.454545 49.6303
0.45126 50.0025
0.478682 50.2841
0.469427 49.7934
0.469427 50.2058
0.469427 50.04
0.469427 50.2033
0.469427 49.6796
0.469427 49.7611
0.478682 49.99
0.478682 50.1027
0.478682 50.0425
0.478682 50.0475
0.478682 49.7364
0.472727 49.9226
0.463623 49.8504
0.457961 50.0125
0.454284 49.8206
0.466919 50.0225
0.466919 50.1303
0.466919 50.3347
0.457961 50.1932
0.457961 49.9975
0.457961 50.0425
0.461078 50.6611
0.443787 51.6396
0.461078 51.2426
0.461078 49.9002
0.46988 51.1091
0.46988 51.2663
0.46988 51.4007
0.46988 49.682
0.46988 51.1195
0.466919 51.5916
0.466919 51.6422
0.466919 51.5996
0.441689 51.1692
0.466919 51.4562
0.46988 51.6876
0.46988 51.0308
0.46988 51.2033
0.46988 51.3189
0.46988 50.9424
0.457961 51.6929
0.466919 51.3663
0.466919 51.4642
0.466919 51.5251
0.466919 51.8323
0.466919 51.5145
0.466919 51.036
0.466919 51.24
0.457961 51.4509
0.428276 51.5092
0.424452 51.5517
0.40389 51.5863
0.423219 50.5536
0.448236 50.615
0.456716 51.4615
0.46988 51.3558
0.440371 50.7357
0.46988 51.4986
0.443787 51.1247
0.461078 51.3901
0.461078 51.3637
0.46988 51.6956
0.459906 51.3637
0.459906 51.2689
0.449568 50.888
0.449568 51.488
0.439024 51.7224
0.449568 51.3373
0.449568 50.6432
0.449568 50.8828
0.449568 51.5305
0.449568 50.888
0.441261 50.8518
0.406101 51.435
0.441261 51.5384
0.422372 51.4139
0.422372 50.6432
0.441261 51.4271
0.449568 51.1378
