0.95 42.4322
0.926536 31.7571
0.881262 40.7432
0.901852 42.704
0.821947 42.5044
0.840453 43.4556
0.79223 41.0762
0.771382 41.561
0.751603 43.0942
0.751603 42.704
0.6875 43.2133
0.751603 43.482
0.751603 43.7044
0.796154 43.5028
0.781187 43.4292
0.670103 43.3294
0.6875 43.3614
0.766569 43.1574
0.751603 43.63
0.751603 43.2732
0.6875 43.5673
0.6875 43.7445
0.621541 43.4631
0.629155 43.2227
0.732995 43.7407
0.751603 43.4348
0.796154 43.4896
0.77651 43.5313
0.748669 43.3915
0.731154 42.9424
0.754885 43.1611
0.684115 43.0126
0.633262 43.1034
0.648819 43.1481
0.642807 43.1146
0.650926 42.6603
0.642761 42.684
0.56242 42.9406
0.537358 42.6931
0.54133 42.2012
0.566646 42.5062
0.619856 42.5985
0.676809 42.0451
0.706814 42.6603
0.676809 42.7022
0.671409 42.4052
0.671409 42.508
0.671409 42.6676
0.609569 42.6239
0.609569 42.8688
0.609569 43.0256
0.636906 42.4376
0.609569 42.6112
0.594995 42.8872
0.594995 42.7314
0.636906 42.8522
0.636906 42.8761
0.636906 42.8982
0.636906 42.7661
0.557545 42.1106
0.58313 42.653
0.686111 42.5804
0.671409 42.5224
0.642761 42.6876
0.642761 42.8376
0.557545 42.5532
0.609569 42.8945
0.636906 42.4304
0.58313 42.4376
0.58313 42.7771
0.508779 42.5967
0.508779 42.5315
0.508779 42.4791
0.58313 40.0112
0.58313 42.6239
0.650926 42.7131
0.650926 42.7314
0.609569 42.5134
0.532775 42.2476
0.532775 42.7936
0.462974 42.6894
0.532775 42.8504
0.636906 42.4574
0.636906 42.7716
0.636906 42.1621
0.642761 42.1567
0.650926 42.8394
0.636906 42.5641
0.58313 42.4124
0.508779 42.389
0.58313 42.9682
0.650926 42.5188
0.609569 42.9941
0.686111 42.9221
0.671409 42.8339
0.642761 42.6348
0.615078 42.8504
0.592807 42.9295
0.54133 42.6167
0.54133 42.6658
0.54133 42.6512
0.54133 42.7077
0.592807 42.5695
0.592807 42.4809
0.647841 42.2529
0.671409 42.1301
0.671409 42.7314
0.706814 42.6003
0.671409 42.5007
0.686111 42.673
0.686111 42.9719
0.686111 42.6967
0.615078 42.3245
0.615078 42.584
0.615078 42.8321
0.5517 42.8486
0.557545 42.5695
0.650926 42.8522
0.609569 43.0737
0.508779 42.8211
0.508779 42.5622
0.609569 41.869
0.609569 42.6985
0.686111 42.8706
0.671409 42.653
0.671409 42.7113
0.642761 42.4899
0.642761 42.7058
0.615078 42.8706
0.619856 42.6967
0.623932 42.6676
0.570248 42.6913
0.623932 42.303
0.566646 42.7551
0.566646 42.526
0.566646 42.5659
0.647841 42.6239
0.647841 42.1354
0.56242 41.215
0.588312 42.8725
0.537358 42.6421
0.485524 42.6403
0.513087 42.4719
0.537358 42.715
0.50361 42.8651
0.532775 42.6985
0.505674 42.4935
0.609569 42.5786
0.58313 42.6494
0.58313 42.7698
0.615078 42.9867
0.58313 42.5622
0.609569 42.7478
0.642761 42.7131
0.58313 42.6348
0.609569 42.8541
0.609569 42.6858
0.609569 42.5749
0.609569 42.584
0.636906 42.9719
0.608102 42.935
0.650926 42.9923
0.650926 42.8284
0.650926 42.5532
0.650926 42.8982
0.609569 42.746
0.49736 42.9609
0.431633 42.6476
0.544636 42.9793
0.569412 42.8798
0.608102 42.673
0.608102 43.0052
0.608102 42.8082
0.608102 42.9572
0.650248 42.9387
0.667726 42.8927
0.670494 42.878
0.681592 42.7625
0.682418 42.704
0.630376 43.1742
0.705682 43.1835
0.781845 42.8596
0.831329 42.8578
0.889873 42.7022
0.795685 42.7369
0.798664 42.6767
0.881568 42.4466
0.829936 42.5985
0.697732 42.8266
0.846988 42.5224
0.867901 42.6312
0.868001 42.9406
0.827059 42.9498
0.727836 43.0367
0.71576 42.8872
0.78 42.996
0.714841 42.9479
0.665906 43.204
0.74 42.9646
0.732292 42.8192
0.70845 42.7277
0.723221 41.2014
0.67969 42.7661
0.6002 42.5062
0.588451 42.5858
0.577154 42.6457
0.566282 42.7113
0.694055 42.7259
0.651912 43.0608
0.629911 43.2302
0.664077 42.7442
0.658463 42.8559
0.592369 43.0775
0.650748 42.7643
0.685529 42.7478
0.685529 42.6985
0.657407 42.5767
0.567749 42.7296
0.570175 42.3083
0.489679 42.4106
0.491667 42.4899
0.465355 42.6785
0.467213 42.7058
0.491667 42.6185
0.509841 42.8376
0.514824 42.7058
0.567749 42.5206
0.654455 42.7369
0.654455 42.8559
0.654455 42.7625
0.685529 42.6603
0.595623 42.5677
0.570175 42.4016
0.454472 42.6348
0.527548 42.4989
0.553567 42.7369
0.698192 42.398
0.681442 42.715
0.667152 42.6931
0.746661 42.5062
0.694197 42.6094
0.683221 42.1195
0.620839 42.5423
0.67916 42.8339
0.742269 42.3245
0.685529 42.2976
0.624507 42.6276
0.595623 42.4304
0.540832 42.5279
0.595623 42.5804
0.685529 42.6221
0.654455 42.8872
0.624507 42.4845
0.654455 42.1834
0.627273 42.3657
0.63598 42.5188
0.63598 41.9815
0.598214 42.3837
0.657407 42.4376
0.657407 42.4124
0.688679 42.4989
0.721154 42.6949
0.808081 42.5007
0.808081 42.7972
0.688679 42.2137
0.688679 41.7973
0.570175 41.3326
0.543103 42.6076
0.543103 42.6785
0.516949 42.5315
0.516949 42.5478
0.595623 42.6749
0.595623 42.8247
0.595623 42.6221
0.627273 42.6367
0.627273 42.155
0.627273 42.2494
0.627273 42.5459
0.721154 42.5351
0.721154 42.555
0.685529 42.6512
0.685529 42.6913
0.685529 42.8009
0.751314 42.8614
0.751314 42.6639
0.751314 42.6276
0.751314 42.2279
0.751314 42.4809
0.717791 42.5858
0.567749 42.6276
0.465355 42.7405
0.489679 42.5568
0.516949 42.0946
0.570175 42.6967
0.570175 42.8596
0.5646 42.4394
0.620918 42.5967
0.620918 42.2565
0.620918 42.4538
0.620918 42.5224
0.620918 42.555
0.666704 42.6512
0.63598 42.4971
0.63598 42.4899
0.63598 42.7113
0.63598 42.5949
0.63598 42.0203
0.63598 42.5007
0.667152 42.4286
0.681442 42.7679
0.72415 42.3227
0.546186 42.3513
0.580487 42.5876
0.570175 42.746
0.543103 42.7679
0.577809 42.5894
0.550247 42.4088
0.550247 42.7168
0.516949 42.7113
0.467213 42.4646
0.441813 42.5931
0.491667 42.4268
0.543103 42.4214
0.570175 42.4827
0.598214 42.7241
0.627273 42.7022
0.657407 42.1941
0.657407 42.6385
0.657407 42.3603
0.537883 39.968
0.681442 42.5514
0.5646 42.1923
0.592261 42.123
0.592261 42.2905
0.63598 42.3747
0.63598 41.7763
0.598214 42.2565
0.598214 42.6931
0.516949 42.5949
0.543103 42.294
0.570175 42.3012
0.516949 42.5044
0.570175 42.6585
0.657407 42.6257
0.627273 42.8761
0.657407 42.4286
0.73175 42.4646
0.73175 42.6385
0.698605 42.704
0.666704 42.6967
0.598214 41.6771
0.543103 42.5713
0.543103 42.6185
0.543103 42.5441
0.514824 42.7991
0.543103 42.4448
0.543103 42.3872
0.543103 42.1567
0.543103 42.5876
0.543103 42.959
0.543103 43.0034
0.543103 42.6949
0.543103 42.4899
0.570175 42.9
0.598214 42.9129
0.595623 43.0459
0.595623 42.7551
0.595623 42.7954
0.627273 42.7954
0.657407 42.8376
0.63598 42.6112
0.61739 42.4592
0.686774 42.9479
0.606368 42.6112
0.63598 42.5822
0.598214 42.8412
0.598214 42.7296
0.567749 42.6967
0.598214 42.9479
0.550247 42.7606
0.523632 42.6931
0.577809 42.4448
0.598214 42.878
0.667152 42.7991
0.678154 42.889
0.685529 42.6003
0.717791 42.9185
0.751314 42.8137
0.808081 42.6421
0.721154 42.7972
0.698605 42.6913
0.63598 42.653
0.577809 42.9627
0.577809 42.6076
0.606368 42.1301
0.606368 42.8633
0.577809 42.7625
0.550247 42.7314
0.606368 42.8651
0.63598 42.6058
0.666704 42.8339
0.698605 42.7789
0.666704 42.6221
0.63598 42.6603
0.606368 42.5641
0.63598 42.4304
0.666704 42.7625
0.698605 42.7734
0.698605 42.4989
0.657407 41.7833
0.688679 42.7478
0.73175 42.7771
0.698605 42.8321
0.698605 42.7789
0.698605 42.2155
0.666704 42.7004
0.627273 42.5351
0.606368 42.8339
0.698605 42.4719
0.698605 42.2315
0.698605 42.5731
0.691486 42.6112
0.691486 42.5152
0.752731 42.3496
0.686774 42.3765
0.629736 42.6785
0.666704 42.8266
0.666704 42.5876
0.802079 42.3191
0.73175 42.4683
0.698605 42.7771
0.63598 42.6421
0.606368 42.704
0.577809 42.7515
0.596647 42.5876
0.563478 42.7789
0.568708 42.555
0.568708 42.4484
0.568708 42.461
0.655622 42.6257
0.655622 42.6548
0.686774 42.4484
0.71912 42.6785
0.714768 42.3352
0.714768 42.0663
0.714768 42.0398
0.714768 42.0822
0.714768 42.1408
0.714768 41.9657
0.752731 42.0628
0.752731 42.3765
0.752731 41.6719
0.752731 42.219
0.752731 42.1265
0.752731 42.4683
0.752731 42.3926
0.752731 42.2851
0.752731 41.5628
0.752731 41.6528
0.752731 42.2297
0.805687 41.9868
0.805687 41.9622
0.787683 42.0433
0.686774 41.8655
0.6256 42.3048
0.71912 42.4016
0.71912 42.2511
0.71912 42.1603
0.686774 42.2315
0.686774 42.3944
0.655622 42.0221
0.6256 41.978
0.686774 42.2386
0.655622 42.1745
0.577809 42.2922
0.577809 42.2797
0.550247 42.6367
0.577809 41.7641
0.577809 42.3066
0.606368 42.2119
0.657407 42.2511
0.688679 42.2351
0.688679 42.5496
0.688679 42.3926
0.688679 42.2708
0.820563 42.508
0.73175 41.9358
0.666704 42.1977
0.73175 42.3388
0.73175 42.3531
0.73175 42.5315
0.73175 42.4863
0.73175 42.5315
0.820563 42.4646
0.820563 42.407
0.698605 42.389
0.606368 42.1301
0.577809 42.6476
0.538789 42.4286
0.579025 42.1852
0.498773 42.5441
0.498773 42.5622
0.52828 42.3298
0.646199 42.3819
0.646199 42.452
0.679912 42.1638
0.639764 42.5749
0.705743 42.1514
0.741365 42.2797
0.741365 42.4358
0.705743 42.4466
0.67155 42.6403
0.6387 42.5985
0.6387 42.3801
0.607116 42.5695
0.575186 42.6931
0.669648 42.4953
0.669648 42.4845
0.669648 42.7004
0.605463 42.2779
0.54603 42.5822
0.490841 40.9702
0.517934 42.3962
0.486042 42.1799
0.439456 42.0274
0.467152 42.9037
0.467152 42.7332
0.484161 42.5532
0.534789 42.3711
0.563126 42.8247
0.563126 42.6276
0.563126 42.9074
0.654783 43.0145
0.654783 42.8137
0.623059 42.5297
0.563126 42.4917
0.572988 42.715
0.572988 42.7625
0.572988 41.5369
0.572988 42.7478
0.603105 42.8357
0.603105 42.7643
0.603105 42.8229
0.634397 42.3603
0.666936 42.7917
0.700796 42.6403
0.654783 42.7862
0.654783 43.0422
0.654783 42.7497
0.623059 42.7058
0.623059 42.4196
0.623059 42.6148
0.563126 42.6712
0.563126 42.6094
0.563126 42.555
0.623059 43.1351
0.623059 42.8743
0.687772 42.2744
0.722103 43.1109
0.739797 42.7899
0.687772 42.2476
0.687772 42.7661
0.687772 42.6221
0.623059 43.0849
0.623059 43.0219
0.534789 42.7826
0.534789 42.3747
0.563126 42.7899
0.654783 42.7771
0.722103 42.757
0.687772 43.0478
0.687772 42.878
0.592529 42.6367
0.592529 42.6021
0.592529 42.5967
0.592529 43.0108
0.592529 42.6457
0.687772 42.9719
0.722103 42.8633
0.739797 42.7643
0.682581 43.0552
0.649937 42.7004
0.716542 42.8669
0.716542 42.9719
0.716542 42.5876
0.649937 42.9738
0.649937 42.8633
0.559187 42.294
0.682581 42.9479
0.716542 42.5116
0.682581 43.0348
0.682581 43.1239
0.588307 42.9369
0.588307 43.1835
0.618535 42.704
0.716542 43.0719
0.716542 43.2264
0.613121 42.983
0.55447 42.8266
0.474077 43.3445
0.55447 43.1016
0.583253 43.1276
0.644138 43.1965
0.644138 42.9203
0.613121 43.0533
0.583253 42.8009
0.55447 43.2451
0.526716 42.8229
0.474077 43.1053
0.583253 43.2919
0.613121 43.0812
0.55447 42.8669
0.644138 43.1369
0.583253 43.2358
0.613121 43.0478
0.583253 42.5405
0.676372 42.9904
0.692967 43.1593
0.676372 43.1593
0.644138 43.0812
0.613121 43.1369
0.613121 43.2751
0.676372 42.9424
0.676372 42.9037
0.644138 43.1388
0.676372 43.122
0.676372 43.0997
0.613121 43.2189
0.676372 43.1183
0.613121 43.2395
0.613121 43.1742
0.55447 43.2171
0.613121 43.0942
0.583253 42.7423
0.676372 43.0552
0.644138 42.0628
0.644138 42.9185
0.676372 43.0422
0.676372 42.878
0.644138 43.2807
0.644138 43.1183
0.644138 43.0034
0.676372 43.0034
0.682581 42.8467
0.682581 42.0716
0.649937 42.8908
0.649937 42.704
0.649937 42.9812
0.682581 43.0459
0.649937 41.3531
0.682581 42.5369
0.682581 42.757
0.682581 42.9332
0.644138 42.9646
0.692967 43.0552
0.644138 43.02
0.583253 43.0756
0.676372 43.0867
0.644138 42.8046
0.583253 42.6403
0.644138 42.9997
0.676372 43.0645
0.644138 43.2096
0.692967 42.9498
0.644138 43.0256
0.613121 42.673
0.613121 42.8761
0.682581 42.935
0.716542 42.8266
0.649937 43.2395
0.649937 43.0404
0.649937 43.2844
0.649937 42.7917
0.588307 42.935
0.588307 43.0719
0.588307 42.6712
0.623059 43.2657
0.588307 39.5054
0.588307 42.8835
0.588307 42.2066
0.588307 43.3144
0.618535 43.1686
0.618535 42.5297
0.649937 43.3839
0.649937 43.0311
0.682581 43.1053
0.682581 43.1965
0.644138 43.176
0.716542 42.9553
0.716542 43.3426
0.613121 42.6821
0.583253 43.1072
0.583253 43.4669
0.583253 43.6681
0.583253 43.5977
0.583253 43.2638
0.618535 43.4726
0.618535 43.2807
0.618535 43.2432
0.618535 43.3802
0.618535 43.4273
0.676372 43.5711
0.613121 43.6091
0.55447 43.4915
0.499935 43.5692
0.613121 43.2451
0.613121 43.6796
0.644138 43.6072
0.613121 43.6586
0.676372 43.7178
0.644138 43.6072
0.644138 43.5407
0.644138 43.6053
0.644138 40.7199
0.583253 43.3069
0.526716 43.3125
0.474077 43.4122
0.474077 43.2283
0.503876 43.5825
0.530943 43.7407
0.530943 43.7082
0.530943 43.8078
0.530943 43.7369
0.530943 43.7063
0.503876 43.7311
0.530943 43.8308
0.503876 44.047
0.47775 43.8289
0.503876 43.7828
0.503876 43.8827
0.542567 43.5597
0.542567 43.6987
0.570505 43.5806
0.633865 43.6681
0.633865 43.902
0.633865 43.9773
0.588109 43.5294
0.618323 43.7139
0.618323 43.5483
0.633865 43.875
0.588109 43.8039
0.633865 43.7178
0.633865 43.4953
0.559002 43.6072
0.588109 43.7905
0.559002 43.3388
0.559002 43.5256
0.542567 43.9155
0.542567 43.5825
0.614362 43.9618
0.614362 43.7656
0.614362 43.3501
0.614362 43.8904
0.614362 43.6243
0.614362 43.8231
0.614362 43.6987
0.599473 43.7924
0.599473 43.8135
0.599473 43.4028
0.614362 43.3802
0.614362 43.6453
0.570505 43.8116
0.570505 43.712
0.570505 43.8596
0.570505 43.4613
0.614362 43.6319
0.633865 43.6491
0.633865 43.7809
0.633865 43.6777
0.633865 43.8097
0.618323 43.735
0.618323 43.262
0.618323 43.4443
0.618323 43.6129
0.618323 43.3351
0.618323 44.1073
0.618323 43.5294
0.618323 42.3711
0.618323 43.2432
0.618323 43.4405
0.599473 43.5142
0.599473 43.7445
0.599473 43.6148
0.599473 43.6243
0.599473 43.7178
0.599473 43.7637
0.599473 43.9522
0.599473 43.8039
0.599473 43.6796
0.614362 43.6395
0.614362 43.7809
0.614362 43.5654
0.599473 43.8827
0.54386 43.6224
0.516813 44.016
0.516813 43.8847
0.571889 43.9638
0.571889 43.9792
0.571889 43.8808
0.571889 43.8289
0.571889 43.7101
0.571889 44.0354
0.599473 43.9715
0.599473 43.9638
0.599473 43.9502
0.588109 43.4991
0.588109 43.8193
0.644138 43.827
0.644138 43.554
0.633865 43.6167
0.618323 43.7809
0.633865 43.7541
0.633865 43.7713
0.633865 43.5635
0.633865 43.6053
0.614362 43.8078
0.614362 43.6453
0.586288 43.6205
0.586288 43.7905
0.54386 43.6148
0.54386 44.0587
0.54386 43.5369
0.54386 43.7656
0.465465 43.7139
0.465465 43.9676
0.465465 43.7733
0.465465 44.0859
0.465465 44.0315
0.571889 43.5901
0.586288 43.7963
0.571889 43.3858
0.571889 43.8904
0.571889 43.8731
0.586288 43.9638
0.586288 44.1345
0.586288 43.8596
0.586288 43.6738
0.586288 44.0063
0.614362 43.9754
0.599473 44.0257
0.570505 43.8558
0.614362 42.5985
0.633865 43.0404
0.633865 43.1053
0.618323 43.4802
0.588109 43.7235
0.633865 43.9097
0.618323 43.5388
0.618323 43.5996
0.618323 43.4386
0.633865 43.8885
0.614362 43.8693
0.586288 44.0373
0.54386 43.9464
0.54386 43.8251
0.586288 43.9928
0.586288 43.9831
0.516813 43.6624
0.516813 43.7311
0.571889 44.0451
0.571889 43.987
0.571889 43.6796
0.571889 43.9967
0.571889 43.9522
0.571889 43.8808
0.571889 44.0606
0.571889 43.6929
0.571889 44.1248
0.536028 44.1151
0.549645 44.2126
0.549645 44.1248
0.549645 43.9928
0.549645 44.0354
0.549645 43.4386
0.549645 43.8577
0.549645 44.0645
0.586288 43.7943
0.586288 43.987
0.586288 43.9792
0.570505 43.9734
0.570505 43.4518
0.570505 43.67
