0.955419 39.6385
0.939403 26.7996
0.827957 28.2773
0.828216 35.9492
0.705997 39.0503
0.787142 38.9347
0.839619 39.2989
0.755207 39.4836
0.800141 39.7883
0.849325 39.5319
0.947022 39.5023
0.867329 39.7314
0.913029 39.571
0.822736 39.4929
0.855781 39.6369
0.833881 39.7204
0.883163 39.7488
0.868376 39.7867
0.86337 39.8375
0.796931 39.4337
0.830054 39.2927
0.809783 39.4275
0.848092 39.0915
0.798904 39.412
0.862584 38.9894
0.899129 39.3825
0.869297 39.412
0.725888 39.3794
0.841874 39.0915
0.762431 39.2311
0.744521 39.1665
0.810406 39.1114
0.726316 39.061
0.780679 39.2157
0.853475 39.0808
0.841949 39.1129
0.910026 39.1252
0.903132 39.0076
0.887954 39.1236
0.887097 38.5609
0.87704 38.8154
0.874876 38.8184
0.872941 38.9636
0.846041 38.3494
0.81099 39.1635
0.785873 39.185
0.791162 39.2943
0.869612 39.3499
0.818146 39.4135
0.870788 39.6589
0.871369 39.7899
0.863812 39.1435
0.810275 39.1068
0.833793 39.1942
0.816474 39.4929
0.78611 39.3654
0.775895 39.3345
0.781784 39.1114
0.780952 38.9332
0.786948 38.9712
0.750476 39.3174
0.768932 39.2265
0.738878 39.2095
0.789623 39.3499
0.751801 38.2497
0.772518 39.4058
0.701019 38.3553
0.749267 39.2049
0.746647 39.1405
0.810238 39.0137
0.803083 39.3005
0.794703 38.5356
0.857362 39.5007
0.857362 39.1696
0.829996 39.5554
0.84815 39.4602
0.781128 39.5007
0.721085 39.0518
0.84815 39.3654
0.84815 39.6275
0.746016 39.4633
0.831645 39.353
0.778175 39.3314
0.831645 39.1236
0.751707 39.1635
0.846268 39.2989
0.794703 38.3789
0.863587 39.482
0.865066 38.5386
0.853515 39.6306
0.862361 39.2696
0.863252 39.604
0.872414 39.8629
0.841463 39.6354
0.80627 39.7567
0.799954 39.3654
0.76672 39.8057
0.760171 39.9313
0.729185 39.5398
0.741179 39.7741
0.752602 39.8137
0.763457 39.2958
0.787441 39.7962
0.819557 39.9553
0.845372 39.5476
0.880594 39.8295
0.889394 39.5523
0.907851 39.7425
0.850034 39.7567
0.92603 39.917
0.897688 39.7425
0.86534 39.4306
0.890132 39.6731
0.892039 39.8883
0.832886 39.8724
0.872401 39.6008
0.91744 39.5946
0.842731 39.9186
0.95649 39.6259
0.88465 39.8057
0.925234 39.8947
0.829293 39.6778
0.865285 39.5632
0.904762 39.5601
0.884817 39.6354
0.846704 39.8248
0.924021 39.9233
0.893385 39.7456
0.881968 39.1466
0.84456 38.9454
0.845338 39.7772
0.924324 39.5617
0.913511 40.0128
0.913511 39.9218
0.913511 39.7519
0.934527 39.9505
0.955511 39.6511
0.915279 39.9696
0.905172 40.0593
0.905172 39.8788
0.876623 39.336
0.80069 39.6338
0.81 39.9968
0.80346 39.0579
0.829286 40.0449
0.829286 39.8057
0.856405 39.9856
0.836616 40.0481
0.836254 39.96
0.826531 39.8931
0.789948 39.6401
0.79867 39.9441
0.781112 39.8995
0.747622 40.1188
0.748228 39.6511
0.724997 39.9265
0.740434 39.7125
0.732515 40.1091
0.748228 40.1316
0.727333 40.0962
0.74328 40.308
0.805504 40.0497
0.814356 39.9728
0.823404 40.0641
0.832656 39.5773
0.815309 39.874
0.824574 39.5883
0.807746 39.7693
0.81703 40.0769
0.830442 39.8819
0.897313 39.9728
0.874776 39.9568
0.895118 39.7947
0.854392 39.9728
0.894686 39.6621
0.821124 39.8867
0.795905 39.9744
0.876773 39.6558
0.829929 39.5695
0.772626 39.8613
0.829929 39.8454
0.838493 39.8883
0.864989 39.7283
0.855591 39.6747
0.833224 39.8963
0.861526 39.9058
0.917866 39.8057
0.842439 39.7931
0.825577 39.7725
0.832265 39.546
0.761817 39.5617
0.835203 39.4493
0.776188 39.208
0.789721 38.4039
0.777451 39.9106
0.734453 39.8375
0.629152 39.8613
0.593281 39.9329
0.538207 39.7377
0.315068 40.5959
0.238583 41.0981
0 42.1124
0.727804 36.3016
0.581605 36.2937
0.429801 36.5177
0.383 36.3994
0.295767 36.5831
0.270296 36.7566
0.29692 36.3557
0.258568 36.8067
0.330553 36.6314
0.358616 36.3623
0.413932 36.539
0.37093 36.0828
0.364153 36.4471
0.393803 36.2805
0.262604 36.2542
0.16753 35.9751
0.0642202 35.8963
0.00404609 30.8718
0 37.0769
0.462575 34.6512
0.208582 34.2079
0.0745076 33.67
0.00138558 35.9247
0 35.9531
0.37926 36.2358
0.160394 35.9415
0.036629 35.8256
0 35.8397
0.37926 36.2568
0.164244 36.0685
0.0473593 36.1089
0 36.0776
0.382368 36.0153
0.194453 36.049
0.0763799 35.7513
0.0114265 35.5821
0 35.9958
0.462575 36.3861
0.21855 36.0724
0.0800574 36.0049
0.010904 35.9919
0 35.8667
0.45948 36.3174
0.225659 35.8218
0.0898141 36.0776
0.0157051 36.1011
0 35.7309
0.442698 36.2897
0.208582 36.0881
0.0820799 35.8925
0.0101444 36.3108
0 36.2713
0.417876 36.483
0.188807 36.1272
0.0631362 35.1198
0 36.0153
0.426298 36.2253
0 36.1664
0.833373 43.6872
0.711061 43.1499
0.660779 43.5369
0.636364 42.7753
0.501295 43.2825
0.53369 43.7522
0.54376 43.4839
0.589435 44.0063
0.593743 43.518
0.572952 43.033
0.533121 43.3745
0.471234 43.9599
0.522431 43.8539
0.495084 43.6967
0.526154 43.7426
0.533844 43.4141
0.533042 43.4802
0.536344 43.8174
0.503359 43.7924
0.519501 43.8116
0.533858 43.4915
0.529461 43.6357
0.526695 43.8039
0.533844 43.9812
0.533844 44.2145
0.529461 43.7771
0.545771 43.877
0.567766 43.9367
0.550292 43.6129
0.506096 43.8193
0.436458 43.6624
0.405852 43.8693
0.412291 44.0315
0.400418 43.8596
0.407602 44.0393
0.408805 43.985
0.430277 43.9445
0.450724 43.7006
0.432183 44.2439
0.4358 43.9657
0.4358 44.0859
0.409154 44.018
0.374507 44.1579
0.376383 43.8366
0.33578 44.3046
0.352829 44.1638
0.364261 44.1482
0.398754 44.2008
0.453596 44.0141
0.483623 44.0373
0.466154 43.929
0.441296 43.7541
0.460229 44.2595
0.422489 44.1092
0.407803 44.2008
0.359307 44.2145
0.353793 44.3931
0.360799 43.5711
0.363354 44.3557
0.366535 44.3105
0.359134 43.7178
0.380695 42.8761
0.407066 43.6681
0.410598 44.0393
0.388597 44.1872
0.366293 44.5871
0.355702 44.4622
0.343624 44.5097
0.334724 44.6209
0.335831 44.7828
0.337487 44.6887
0.338023 44.7608
0.365579 44.9317
0.366015 45.0511
0.387805 44.8773
0.404058 44.831
0.434044 44.4919
0.392945 44.3675
0.373629 45.1345
0.360375 44.8853
0.343356 45.1202
0.331608 44.7447
0.341532 44.6847
0.347085 45.039
0.332526 45.0897
0.333998 44.9176
0.343384 44.8712
0.366525 45.0816
0.371708 45.0836
0.374511 44.9701
0.392732 45.3104
0.38821 45.0086
0.393757 45.0167
0.392982 44.9802
0.39862 45.1223
0.406332 45.0126
0.418214 44.9944
0.42269 45.0572
0.42651 44.7247
0.434592 44.8893
0.434592 44.7207
0.428812 44.3892
0.413067 44.8049
0.407503 44.8732
0.412968 44.6847
0.409289 43.6395
0.417838 44.8009
0.424648 44.7327
0.425414 44.6349
0.452514 42.7698
0.44325 43.9425
0.492565 44.4385
0.503655 44.3597
0.477704 44.405
0.468691 44.5077
0.437126 44.5216
0.438899 44.4326
0.428636 44.3774
0.420837 44.5931
0.421432 44.7367
0.41983 44.6608
0.433432 44.1384
0.453935 44.482
0.462451 44.2439
0.479508 43.4179
0.478607 43.5445
0.472384 44.0005
0.48 44.0296
0.477941 44.2439
0.473246 43.9599
0.454411 44.5851
0.438214 44.5077
0.451327 44.5712
0.453852 44.4781
0.45712 44.6828
0.47304 44.7788
0.446753 44.7247
0.44413 44.5951
0.446729 44.3675
0.453252 44.9458
0.435311 44.9458
0.460526 44.3991
0.463511 44.5395
0.476575 44.3616
0.44926 44.8149
0.434861 44.9075
0.425279 44.7648
0.425279 44.5454
0.436316 44.5295
0.410947 44.7648
0.460281 44.7808
0.403979 44.8149
0.404513 44.7227
0.426087 44.615
0.443769 44.0218
0.443123 44.6508
0.477273 44.5991
0.446019 44.3912
0.466695 44.6608
0.439305 44.619
0.429548 44.6209
0.42828 44.611
0.455871 44.6768
0.454545 44.5157
0.503579 44.2321
0.525714 44.4662
0.584828 44.3007
0.586071 44.1306
0.577924 44.482
0.590643 44.238
0.567643 44.1326
0.479734 44.0432
0.488348 44.3754
0.503926 44.2184
0.459085 44.2263
0.440631 44.405
0.44741 44.3616
0.461613 44.3479
0.469059 44.2184
0.497991 44.3223
0.527531 44.5196
0.545535 44.3282
0.552548 44.342
0.596037 44.3243
0.650394 44.2576
0.664224 44.2831
0.637327 43.9522
0.573763 43.8078
0.59974 43.2302
0.621209 43.6662
0.613112 43.7388
0.600274 44.0432
0.557498 44.0238
0.565233 43.9696
0.59944 44.156
0.616254 44.0665
0.579805 44.2184
0.594162 44.195
0.606868 44.0742
0.545826 43.9136
0.587897 43.9059
0.631467 43.8577
0.659881 43.9116
0.672707 43.8366
0.656984 43.1574
0.667476 43.8174
0.683681 43.9387
0.697039 43.7369
0.670648 43.7158
0.668912 43.7101
0.573581 43.9696
0.573307 43.6319
0.643766 43.5844
0.622414 43.4311
0.6314 43.9348
0.664481 43.9638
0.573407 43.9812
0.638549 44.1209
0.651777 44.1053
0.57001 43.9213
0.577205 44.2556
0.571776 44.0548
0.559909 44.2537
0.542067 44.1034
0.524304 44.0956
0.511727 44.0121
0.497988 44.1852
0.493819 43.8866
0.481079 43.6548
0.47688 44.0044
0.480635 44.0995
0.480135 44.1501
0.478336 44.2302
0.489182 44.1092
0.501881 44.3223
0.519875 44.4306
0.529365 44.1716
0.530973 44.3046
0.536927 44.2615
0.532002 44.4247
0.523394 44.3734
0.52766 44.1034
0.52071 43.8443
0.524304 44.2243
0.515852 43.7216
0.503002 44.1287
0.524396 43.9252
0.524229 44.2968
0.550459 44.1813
0.557432 44.4504
0.576854 44.2615
0.592506 44.3577
0.611407 43.1965
0.647716 43.8231
0.623271 43.6262
0.646867 44.195
0.567287 44.2048
0.570206 44.3007
0.558324 44.24
0.602649 44.3538
0.575731 44.1735
0.521673 44.3951
0.535753 44.4129
0.516856 44.1774
0.50261 44.3184
0.505995 44.48
0.528549 44.238
0.519688 44.3027
0.508594 44.3951
0.512668 44.0762
0.508513 44.1657
0.512764 43.8693
0.518519 43.8558
0.521092 43.5825
0.519053 43.63
0.52008 43.5521
0.509916 43.592
0.5099 42.4376
0.509236 41.9586
0.509236 39.5085
0.511695 42.604
0.522891 42.8229
0.535559 42.9166
0.546397 42.8651
0.540721 42.9535
0.549645 43.1872
0.549296 43.4972
0.286869 43.8808
0.226079 44.1345
0.187416 44.24
0.170055 44.1521
0.135271 44.4346
0.116616 44.2674
0 44.5931
0.528644 39.7757
0.321838 39.6212
0.174762 39.3592
0.0859149 39.6873
0.0322581 39.7567
0.00153366 39.7678
0 39.7267
0.574708 39.7425
0.292331 39.2989
0.146304 39.6291
0.0652409 39.4166
0.0122507 39.7836
0 39.7567
0.459568 39.6542
0.2545 39.5742
0.141304 39.185
0.038053 39.0656
0.00700618 39.2927
0 39.5132
0.528644 39.4135
0.242391 39.3825
0.110721 39.5257
0.0422278 37.7601
0 38.8003
0.451791 39.5273
0.249876 39.4415
0.118566 39.6306
0.0438695 39.5241
0.00209568 39.6212
0 39.8581
0.451791 39.5867
0.250932 39.5804
0.11939 39.3856
0.0413789 39.3902
0.00269606 39.7693
0 39.6416
0.528644 39.8042
0.321838 39.782
0.167269 39.7062
0.0551668 39.8454
0.011422 39.8343
0 39.9584
0.528644 39.5054
0.266758 39.7219
0.135045 39.3918
0.0475899 39.5664
0.00558528 39.582
0 39.8422
0.528644 39.5007
0.313369 39.6668
0.146304 39.4508
0.0670659 39.4508
0.0229204 39.4291
0.00302712 39.6024
0 39.7046
0.721937 39.5288
0.580046 39.7978
0.534418 39.7046
0.396373 39.5538
0.416339 39.4649
0.354536 39.7219
0.321487 39.703
0.297527 39.8661
0.297902 38.9727
0.209362 39.5883
0.203405 39.9824
0.130124 39.9473
0.134293 40.0192
0.089087 39.8121
0.0991833 39.8216
0.0762034 39.9042
0.0627943 39.6448
0.0425987 39.5883
0.0324684 39.909
0.00772388 39.7994
0.0227542 39.4322
0.00545681 38.9712
0.00182893 38.5282
0.0148395 37.9377
0.0401954 38.133
0.014289 37.7986
0.0431689 37.7373
0.0290609 37.635
0.0447245 37.618
0.0344778 36.8528
0.038816 36.762
0.031016 35.0349
0 35.8051
0.875592 40.7133
0.839004 40.6802
0.755196 40.8013
0.686985 40.3242
0.669666 40.6851
0.615468 40.715
0.606977 40.848
0.555556 41.0341
0.555873 40.6454
0.535199 41.1607
0.511375 40.8363
0.464173 40.7631
0.452151 41.1303
0.399944 41.4233
0.398037 40.6521
0.420348 41.0543
0.43054 41.0728
0.43054 40.9484
0.447154 40.8513
0.502049 41.2235
0.514131 40.7531
0.527887 41.0981
0.524155 40.6405
0.540541 40.853
0.554362 40.6868
0.573276 40.0208
0.573276 39.4275
0.551262 40.9383
0.551262 40.833
0.559172 41.0391
0.528644 41.266
0.5231 41.6146
0.507806 41.6372
0.496335 41.5973
0.494326 41.651
0.490559 41.3155
0.510623 41.1472
0.488186 39.917
0.477766 41.3736
0.458802 41.1117
0.449438 41.5731
0.479477 41.511
0.479477 41.7589
0.479477 41.8288
0.47415 41.5749
0.478709 41.7955
0.443841 41.6997
0.410526 41.3753
0.410616 41.6112
0.371915 41.8218
0.371915 41.5783
0.371915 41.8918
0.371915 41.934
0.38 41.7206
0.388444 41.8918
0.397273 42.0009
0.387611 41.5973
0.386165 41.6979
0.393339 41.4027
0.393339 41.9674
0.393339 41.684
0.393339 41.5973
0.393339 40.5795
0.386165 41.3138
0.372036 41.6858
0.383874 41.5455
0.398583 41.6858
0.393339 41.869
0.37303 41.5973
0.426199 41.2354
0.38413 40.9484
0.391102 41.5369
0.403315 41.6181
0.42333 41.5265
0.428375 41.4542
0.411673 41.5783
0.37551 41.4508
0.37551 41.7327
0.379505 41.8183
0.379505 41.6927
0.383586 41.9094
0.392016 41.5628
0.396372 41.6216
0.388444 41.5887
0.380828 41.4886
0.373504 41.401
0.380828 41.3445
0.396372 41.6945
0.40463 41.3291
0.413239 41.3924
0.431605 41.7415
0.441414 41.3787
0.441414 41.0155
0.441414 41.5041
0.441414 41.7728
0.441414 41.9903
0.441414 41.3189
0.441414 41.6684
0.441414 42.0875
0.441414 41.4164
0.441414 41.6129
0.441414 41.9111
0.420455 41.7519
0.420455 41.5852
0.415834 41.437
0.427175 41.48
0.422631 41.8848
0.422631 41.2848
0.422631 40.7598
0.422631 41.6892
0.422631 41.827
0.422631 41.625
0.422631 41.5231
0.422631 41.7119
0.422631 41.7049
0.422631 41.7136
0.413826 41.561
0.401286 41.3582
0.393339 41.5127
0.393339 41.1828
0.421242 41.5472
0.393339 41.6406
0.393339 41.4542
0.393339 41.365
0.393339 41.5162
0.370989 41.6441
0.367387 41.1201
0.363855 40.2139
0.363855 40.7564
0.363855 41.4491
0.381993 41.4113
0.381993 41.336
0.381993 41.3326
0.381993 40.8714
0.393339 41.4456
0.40538 41.3343
0.418182 41.2167
0.447847 41.5403
0.447847 41.0931
0.447847 41.3959
0.46034 41.4233
0.4689 41.2048
0.4689 41.0644
0.4689 41.2712
0.4689 41.2524
0.4689 41.2967
0.500239 40.6091
0.500239 41.1777
0.500239 41.2763
0.491143 41.3582
0.480293 40.9836
0.445997 40.8497
0.458553 41.2848
0.444894 41.2337
0.419711 41.3189
0.411939 41.3445
0.404449 41.0863
0.397226 41.0374
0.398741 40.783
0.393785 41.5818
0.396023 41.3702
0.400575 41.5489
0.405233 41.4542
0.41 41.4817
0.419206 41.2133
0.434178 41.2286
0.445083 41.1489
0.437887 41.0038
0.471264 41.437
0.4905 41.5507
0.455608 41.413
0.436727 41.4594
0.42251 41.1879
0.389163 41.3343
0.386649 41.3959
0.375741 41.0576
0.375741 41.3497
0.375741 41.3274
0.375741 41.4233
0.386792 41.4903
0.40258 41.6563
0.415293 41.3087
0.424224 41.4542
0.428835 41.5507
0.457862 41.336
0.45283 40.8614
0.447908 41.1286
0.443092 41.4714
0.451613 40.5976
0.455569 41.1404
0.444894 40.3258
0.453973 40.6752
0.464836 41.2065
0.457789 41.1997
0.424764 40.9802
0.408806 41.4199
0.37794 41.4921
0.394847 41.5489
0.397742 41.2729
0.431611 41.6129
0.397626 41.511
0.414414 41.5939
0.417459 41.5144
0.444444 41.5265
0.440213 41.6146
0.453531 41.3445
0.479298 41.0492
0.470072 41.6788
0.476802 41.7519
0.44648 41.8953
0.428571 42.0292
0.40273 41.7816
0.425078 41.8218
0.384656 41.6979
0.405602 41.8778
0.409972 42.0256
0.415945 42.1283
0.332284 41.8095
0.40708 42.0362
0.445946 41.8673
0.44 42.1959
0.455434 42.0893
0.412949 42.1834
0.449393 42.0327
0.388854 42.2547
0.396648 41.9692
0.414265 42.0734
0.391231 42.1106
0.399071 42.1532
0.391272 42.0946
0.407232 42.1461
0.440276 42.0504
0.440276 41.792
0.435716 41.8183
0.43125 42.0805
0.435042 41.9727
0.43125 42.1888
0.470707 42.0592
0.47561 41.8603
0.470707 41.7641
0.43573 41.7659
0.431448 42.0769
0.423131 41.841
0.443287 41.8183
0.426888 41.8866
0.422883 41.6146
0.430741 42.0203
0.418953 41.6927
0.418953 41.9252
0.426715 42.0292
0.426715 41.7223
0.426888 41.9199
0.443287 41.6962
0.452065 41.5282
0.456585 41.3428
0.457199 41.5956
0.439527 41.7938
0.439527 42.1124
0.439527 42.1852
0.439527 41.8831
0.430648 42.1265
0.42212 41.869
0.413924 42.0999
0.41625 42.0203
0.444712 41.5662
0.471138 42.0999
0.46183 42.0999
0.443565 42.0628
0.471138 42.1283
0.46183 42.0433
0.46183 42.0999
0.471138 41.9006
0.461219 41.7101
0.447487 41.9886
0.421337 41.9868
0.429693 41.8918
0.425463 41.8918
0.39685 42.1816
0.40081 42.2244
0.3778 41.9569
0.37426 42.2351
0.393055 42.2779
0.381407 41.9199
0.408669 40.9752
0.421053 41.9199
0.404584 41.4044
0.417262 41.7868
0.434613 41.7432
0.434613 41.8673
0.443449 41.8936
0.434211 41.2609
0.429734 41.8165
0.421053 40.6901
0.416842 41.7903
0.405097 40.7481
0.417249 41.2933
0.417249 40.6157
0.417249 41.7467
0.425396 41.6649
0.404663 41.9041
0.412791 41.9076
0.404584 41.3121
0.371631 41.6198
0.395781 41.1828
0.404427 41.8655
0.363036 41.5231
0.374877 41.9322
0.375516 40.7183
0.412949 41.6823
0.376118 41.2269
0.356849 40.657
0.365989 41.978
0.365989 40.6372
0.37561 41.7938
0.432879 41.4267
0.430337 41.4594
0.409396 40.9685
0.380846 41.8218
0.403715 41.0088
0.377785 39.8963
0.391753 41.8515
0.380886 41.6649
0.39548 41.7101
0.391608 41.0576
0.370915 41.9956
0.367357 42.2529
0.376552 41.7659
0.349332 41.9463
0.345455 41.3121
0.317206 41.8918
0.326552 41.5852
0.333095 42.3675
0.336465 41.1252
0.321501 41.8883
