0.960816 47.1498
0.913767 48.1371
0.903747 45.1488
0.908816 45.2653
0.797432 46.5853
0.739962 46.4662
0.808133 39.8995
0.737176 46.7705
0.671983 47.0699
0.750133 47.6622
0.738357 47.5647
0.692067 47.3283
0.738357 47.4834
0.719898 47.3485
0.719898 46.9043
0.767857 47.4158
0.749129 47.7031
0.797412 47.4316
0.822593 47.61
0.870652 47.1854
0.836478 47.2634
0.870652 47.3037
0.821823 47.2836
0.817347 47.1631
0.783854 47.5172
0.703145 47.3126
0.756366 47.1809
0.657888 47.0212
0.657447 47.5105
0.633218 47.3552
0.605976 47.1476
0.639657 47.5308
0.537631 46.9748
0.6 45.2571
0.598215 43.7388
0.698379 42.8137
0.678412 47.1787
0.811302 46.8845
0.853665 46.9594
0.853665 47.1276
0.718382 47.0168
0.719288 47.1009
0.853665 46.5549
0.819368 46.5593
0.679248 46.9153
0.794098 46.9043
0.859706 46.2899
0.859706 47.0057
0.907417 46.594
0.905367 46.9263
0.821048 46.0978
0.886494 47.2813
0.905367 46.3392
0.905367 46.9969
0.905367 46.834
0.864162 47.3037
0.821048 46.6157
0.821048 46.845
0.864162 47.0743
0.740537 46.9241
0.798436 47.4181
0.713418 46.9704
0.771501 47.0743
0.79436 46.2086
0.814887 47.0765
0.79627 46.3951
0.72646 46.9417
0.719164 46.7858
0.764653 47.0323
0.812995 47.0633
0.855299 47.0788
0.864162 46.9395
0.867992 47.0102
0.678412 46.6396
0.713105 46.9682
0.846456 46.5051
0.846335 46.8318
0.867992 46.6135
0.825502 46.9219
0.7711 46.3908
0.731957 47.0433
0.689909 47.2858
0.711309 47.2791
0.731957 47.172
0.7711 47.1254
0.658847 46.7399
0.577304 47.1921
0.649772 47.1098
0.685684 47.1387
0.724665 46.9175
0.746401 47.0765
0.623095 47.1098
0.656072 47.2724
0.715154 47.0566
0.773281 47.0898
0.773281 46.9417
0.6954 46.4296
0.675624 41.6753
0.647714 45.3721
0.682306 46.0702
0.561501 46.4749
0.561501 46.834
0.609915 46.9131
0.609547 46.729
0.687048 46.6092
0.703855 46.9329
0.763997 47.2121
0.805166 46.9594
0.870652 47.1254
0.848302 47.2746
0.795528 46.8779
0.846456 47.0478
0.914946 47.0455
0.891558 47.0943
0.898057 47.061
0.907417 46.7639
0.853665 47.0345
0.875715 46.9594
0.80998 46.8604
0.718382 47.0655
0.795528 46.9881
0.712203 47.3015
0.726254 47.112
0.756459 47.3709
0.717587 47.0876
0.684468 47.3911
0.797037 47.2478
0.822249 47.297
0.870652 47.2634
0.839535 47.0345
0.861547 47.1453
0.843599 47.259
0.891558 47.3283
0.882337 47.1076
0.905367 47.2769
0.864162 47.344
0.861547 47.2322
0.817935 47.0943
0.799 47.1098
0.766145 47.4473
0.757865 47.3395
0.764442 47.1387
0.824884 47.1076
0.825995 47.5511
0.848302 47.5624
0.870652 47.288
0.861547 47.3261
0.870652 47.4744
0.870652 47.3507
0.867992 47.2277
0.886494 47.3373
0.837908 47.0301
0.755059 47.1698
0.72639 46.9241
0.837486 47.25
0.800886 47.353
0.835787 47.2255
0.835787 47.2344
0.814617 47.3619
0.831069 47.3485
0.819901 47.0832
0.886494 45.9369
0.867992 45.1528
0.867992 45.8568
0.786977 46.8735
0.779741 46.8647
0.718382 46.6919
0.836531 47.0102
0.853665 46.8362
0.862352 46.9219
0.864162 46.9439
0.886494 47.1743
0.772273 47.0079
0.778311 46.7574
0.8146 46.9395
0.699256 47.0256
0.81971 46.705
0.852437 46.9241
0.86431 46.5398
0.75611 46.7355
0.879578 46.4878
0.811378 46.4857
0.898057 46.5116
0.898057 46.5268
0.853665 47.0301
0.882337 46.6614
0.795528 46.9131
0.843599 46.8955
0.805166 47.1165
0.869787 47.0411
0.782617 46.9616
0.838414 47.0544
0.828587 47.1876
0.846069 46.8538
0.846069 46.8779
0.846069 46.8757
0.846069 47.1654
0.846069 46.9616
0.846069 46.8121
0.794599 46.9087
0.678614 47.0035
0.692044 47.1231
0.586195 47.2166
0.608247 46.3843
0.728395 45.9601
0.690507 46.5506
0.703801 46.8845
0.826209 47.2836
0.76802 47.3037
0.898602 47.0478
0.809505 47.5014
0.752809 47.1231
0.642105 47.4383
0.76802 47.3866
0.854935 47.3597
0.842478 47.5828
0.852983 47.2545
0.937957 47.4496
0.783498 47.4181
0.937957 47.1898
0.644925 47.2701
0.783246 47.2701
0.799249 47.3395
0.63289 47.3866
0.783246 47.0389
0.84164 46.6157
0.943331 47.2858
0.846134 47.2032
0.805511 47.1365
0.895645 47.1587
0.843225 47.05
0.808011 47.1921
0.773125 47.0633
0.736773 46.449
0.801669 47.132
0.882124 46.7574
0.913576 47.0212
0.794659 47.288
0.805398 47.0566
0.743454 46.5571
0.758058 46.9021
0.727132 47.2411
0.801669 46.9881
0.843415 47.1476
0.843415 47.0965
0.843415 46.9506
0.891341 46.8977
0.806966 47.1565
0.758269 46.6788
0.752571 46.9969
0.783246 47.0057
0.719352 47.3619
0.843225 47.297
0.66637 46.9043
0.791653 47.2121
0.775589 46.9925
0.687571 47.1276
0.898602 47.2434
0.80091 47.4203
0.842478 47.3642
0.781664 47.3485
0.875292 47.4721
0.891493 47.5443
0.865235 46.8955
0.847571 47.1743
0.89424 47.0655
0.875292 47.1409
0.89424 46.9462
0.913576 47.132
0.93331 47.2389
0.896092 47.201
0.934765 46.7705
0.907336 46.9197
0.935792 46.8801
0.874482 46.7202
0.943331 47.4113
0.937957 47.6531
0.809505 47.1921
0.852983 47.4406
0.835294 47.3507
0.835294 47.524
0.892479 46.4792
0.761177 47.7509
0.902439 47.172
0.898602 47.3664
0.838509 47.1921
0.875292 47.0965
0.89424 46.7661
0.89424 46.6374
0.913576 46.4857
0.913576 46.8691
0.868066 46.5073
0.850122 46.7268
0.89424 46.7246
0.783246 46.8494
0.84164 46.9682
0.850243 46.9506
0.895645 46.9087
0.798989 46.6679
0.798989 46.7443
0.773125 46.3865
0.805398 46.5701
0.846134 46.7968
0.758058 46.834
0.797555 46.6941
0.821979 46.6527
0.806966 46.9704
0.84164 46.4123
0.783246 46.7836
0.89424 46.8187
0.846134 46.5398
0.805398 46.5051
0.885677 46.8077
0.868066 46.7661
0.838509 46.4425
0.856718 46.6832
0.815248 46.8472
0.832519 46.7683
0.832519 46.7508
0.832519 46.7268
0.832519 46.7202
0.832519 46.9329
0.832519 46.7552
0.832519 46.9175
0.765666 46.753
0.714962 46.834
0.706676 46.7355
0.84164 46.8999
0.808011 46.7617
0.942507 46.7596
0.781664 46.8713
0.832519 47.1254
0.832519 46.9682
0.875292 47.0057
0.808011 47.112
0.89424 46.6723
0.850122 46.6636
0.849081 47.0079
0.850243 46.9197
0.937957 46.8713
0.918078 47.0765
0.798299 46.5095
0.791653 46.8516
0.832519 47.2099
0.793103 47.0079
0.756834 46.8933
0.746273 46.5051
0.702657 46.9219
0.760552 46.9307
0.810491 47.2389
0.852059 46.9704
0.852059 46.8143
0.830976 47.0455
0.830976 46.9153
0.911278 47.1409
0.911278 46.4684
0.843184 46.9903
0.804733 47.1254
0.829118 46.6744
0.793354 47.2277
0.804916 47.2322
0.806041 47.1342
0.824837 46.8845
0.844531 47.3956
0.817502 46.8977
0.906895 47.0168
0.906895 47.1498
0.88688 47.3261
0.88688 46.3542
0.91082 46.9219
0.832725 46.6919
0.851644 47.0765
0.863525 47.221
0.870958 47.4451
0.847965 47.1631
0.839033 46.705
0.870958 47.2746
0.832725 47.4361
0.811179 47.2077
0.851644 47.23
0.786441 47.1276
0.863525 47.297
0.814189 47.2567
0.890679 47.4203
0.851644 47.201
0.863525 47.0035
0.83489 47.2367
0.863525 47.2858
0.863525 47.0854
0.863525 47.3261
0.863525 47.0278
0.853881 47.5851
0.863525 47.4428
0.863525 47.1898
0.863525 47.6259
0.886277 47.3328
0.803634 47.2836
0.91082 46.9043
0.845057 47.1743
0.890679 47.1943
0.886277 47.0921
0.91082 47.4203
0.866924 47.3418
0.870958 47.1498
0.786441 46.8604
0.863525 46.8187
0.832725 47.2344
0.795136 47.0721
0.832725 47.1654
0.870958 46.7858
0.811179 47.297
0.821162 47.1876
0.890679 47.3306
0.870958 47.353
0.91082 47.3979
0.866924 47.2054
0.866924 47.0256
0.866924 47.2277
0.886277 46.799
0.91082 46.1127
0.819639 47.1943
0.91082 47.1654
0.870958 47.2411
0.863525 47.3776
0.863525 47.4518
0.863525 47.644
0.863525 47.6463
0.863525 47.4091
0.863525 47.5828
0.870958 47.4473
0.890679 47.2188
0.847965 47.3911
0.870958 47.4699
0.851644 47.4271
0.829387 47.3934
0.832725 47.1809
0.863525 47.3507
0.853881 47.5398
0.816284 47.2478
0.817931 47.3261
0.773168 47.7737
0.780181 47.6009
0.769706 47.0965
0.812635 47.3037
0.769706 46.9881
0.830891 46.6505
0.786579 47.4428
0.853881 47.669
0.853881 47.5037
0.853881 46.5636
0.83489 47.4969
0.83489 47.1076
0.816284 46.5636
0.795136 47.4518
0.795136 47.5037
0.795136 47.4271
0.675493 47.515
0.753149 47.1921
0.675493 46.7486
0.795136 47.3776
0.817931 47.1809
0.795678 47.5195
0.795678 47.5308
0.795678 47.3799
0.795678 47.567
0.759988 47.6644
0.777194 47.4541
0.775829 47.5353
0.769572 46.9197
0.832725 47.2188
0.863525 46.9991
0.853881 47.3373
0.829387 46.8406
0.821162 47.288
0.866924 47.4901
0.795136 47.6804
0.795136 47.5285
0.795136 47.3395
0.817931 47.4024
0.817931 47.2144
0.816284 47.2478
0.79474 45.4504
0.714481 47.344
0.729834 45.685
0.795136 46.9175
0.840157 47.1876
0.840157 47.4518
0.795136 47.3126
0.803634 47.3799
0.821162 47.6122
0.853881 47.1587
0.817931 47.7555
0.817931 47.2277
0.796959 47.6758
0.753727 47.6894
0.795871 47.6077
0.830891 47.1876
0.83489 47.5217
0.83489 47.6463
0.83489 47.0721
0.811179 47.1298
0.811179 47.6622
0.840157 47.5851
0.853881 47.6395
0.863525 47.7829
0.863525 47.23
0.853881 47.6894
0.863525 47.6508
0.863525 47.5308
0.786579 47.3462
0.795678 47.4383
0.817931 47.4654
0.795678 47.8538
0.817931 47.6304
0.752766 47.694
0.795136 47.7304
0.744361 47.7008
0.840157 47.4924
0.840157 47.3821
0.752637 47.5376
0.773168 47.3732
0.773168 47.6145
0.83489 47.4271
0.83489 47.0544
0.786579 47.3889
0.786901 47.4136
0.744659 47.5489
0.628662 47.0788
0.672486 47.6485
0.795678 47.3732
0.744361 47.5737
0.711395 47.5805
0.830891 47.3306
0.830891 47.4586
0.786579 47.25
0.863525 47.5489
0.840157 47.3507
0.863525 46.9859
0.840157 47.259
0.863525 47.4563
0.817931 47.5556
0.816284 47.4518
0.830891 47.4541
0.863525 47.4203
0.817931 47.2144
0.817931 45.2223
0.83489 47.6372
0.744361 47.5014
0.786579 47.2791
0.744361 46.4511
0.689672 47.4001
0.769706 47.5466
0.812635 47.0898
0.830891 47.5376
0.853881 47.6259
0.83489 47.61
0.83489 47.5624
0.808799 47.1609
0.817931 47.6804
0.773562 47.567
0.752766 47.0743
0.728763 47.3687
0.753149 47.5466
0.736898 46.8757
0.798051 47.221
0.720947 47.567
0.778218 47.288
0.832725 47.2456
0.826572 47.3306
0.88688 47.2746
0.761208 46.9704
0.76138 47.1453
0.691841 47.0743
0.786441 46.8428
0.736053 46.7727
0.752266 46.8252
0.744361 46.9506
0.853881 47.3126
0.83489 47.23
0.853881 47.2925
0.853881 47.3373
0.795136 47.6872
0.853881 47.6463
0.83489 47.4091
0.814189 47.3171
0.870958 47.6485
0.839033 47.5014
0.853881 47.4654
0.863525 47.1898
0.786901 47.5285
0.863525 47.2947
0.840157 46.9197
0.863525 47.2478
0.795136 47.2746
0.863525 47.5014
0.795136 47.3082
0.853881 46.6548
0.812635 47.0478
0.890679 46.9395
0.866924 46.6027
