0.979616 46.1894
0.979616 49.0773
0.91041 37.1885
0.90301 38.844
0.848154 46.9241
0.877888 46.8669
0.895533 47.5308
0.819454 47.7259
0.915825 46.4447
0.953214 47.0323
0.896561 48.0515
0.851847 46.2214
0.830413 47.735
0.960234 48.107
0.904637 48.0931
0.886519 48.5673
0.813242 48.4801
0.803346 48.3723
0.73122 48.0815
0.80248 48.4285
0.710591 48.3536
0.78006 48.0354
0.762631 48.2276
0.719033 47.9409
0.829031 47.9432
0.808293 47.6644
0.918167 47.6872
0.927892 47.1943
0.899516 46.5853
0.835862 44.2008
0.902891 45.6976
0.894911 46.7377
0.835878 47.4113
0.845996 47.7897
0.845996 47.7852
0.855537 47.9754
0.849863 48.1672
0.844551 48.1765
0.834125 47.5805
0.78684 48.1812
0.846285 47.5127
0.881215 47.7213
0.902235 47.576
0.891667 47.6077
0.880025 47.6758
0.866571 47.5534
0.823474 47.7418
0.821161 47.6236
0.791136 48.2416
0.777795 47.8652
0.751365 48.0908
0.844551 48.2789
0.800987 47.6985
0.770486 47.7464
0.72558 48.0654
0.764152 48.2207
0.70437 48.5413
0.70437 48.452
0.70437 48.5531
0.818959 48.3536
0.818959 47.9317
0.808071 48.1464
0.760814 47.8057
0.778075 47.9524
0.808666 47.5579
0.815629 47.6554
0.835659 46.8121
0.835659 46.7814
0.835659 47.5805
0.829998 47.6032
0.834706 47.4406
0.828941 47.6508
0.830326 47.335
0.86032 46.8252
0.86032 46.8955
0.850213 47.0411
0.809524 47.4699
0.833861 47.6554
0.833861 47.3552
0.850213 47.0921
0.865415 47.353
0.795835 47.1676
0.851182 47.4316
0.831643 47.2769
0.831643 47.6236
0.831643 47.4091
0.831643 46.9263
0.83633 46.9506
0.878468 46.6027
0.883071 46.2684
0.869655 47.1453
0.831627 47.4518
0.822549 47.4834
0.822462 47.3059
0.817832 47.1165
0.83559 47.2679
0.789279 46.3027
0.795495 46.7355
0.77847 47.1409
0.774516 47.7783
0.81847 47.2545
0.804303 47.3507
0.86267 47.0433
0.878082 47.7966
0.861648 47.3216
0.861648 47.7692
0.861648 47.1254
0.861648 47.6349
0.856135 47.7213
0.835659 47.61
0.830405 47.3754
0.850693 47.6236
0.851224 47.1298
0.871986 46.7071
0.861875 46.9219
0.851739 47.5082
0.841576 47.2724
0.836485 47.4203
0.831387 47.2791
0.826283 47.2813
0.862411 46.9462
0.880069 47.2054
0.908947 47.669
0.919641 47.7168
0.896568 47.6713
0.850384 47.4699
0.859377 47.3799
0.80861 47.1832
0.799333 47.7213
0.786585 47.3552
0.811831 47.5014
0.807385 47.2858
0.811389 47.3619
0.872371 47.25
0.872434 47.081
0.890912 46.7006
0.874303 46.7464
0.804838 47.2322
0.800818 47.1009
0.839526 47.1476
0.816184 47.172
0.803964 46.8165
0.811914 46.7464
0.884818 47.0411
0.921208 46.9748
0.88599 47.0633
0.853723 47.0677
0.885046 47.335
0.885046 47.1409
0.874897 46.5875
0.884345 47.1609
0.88109 47.3328
0.861453 47.4271
0.861453 47.4879
0.754896 46.9881
0.845407 47.1898
0.811405 46.8231
0.871323 45.1773
0.876248 45.5539
0.821671 46.7159
0.807563 47.1076
0.855586 47.1565
0.78161 47.1609
0.831521 46.4403
0.80562 47.3171
0.819492 46.8165
0.747874 47.221
0.752856 46.9439
0.781497 45.9749
0.73355 46.9814
0.71017 46.7902
0.888106 46.3973
0.877554 46.607
0.866993 46.3134
0.882438 45.9348
0.884903 45.7854
0.884903 46.3435
0.88257 46.8296
0.898397 46.7443
0.892461 46.6832
0.884637 46.4576
0.883878 46.2942
0.862635 46.032
0.909025 46.7968
0.892528 46.6505
0.892528 46.3263
0.865402 46.4102
0.865402 46.5831
0.883855 46.7399
0.86147 46.6788
0.866417 46.9881
0.866417 47.0943
0.78506 47.0234
0.786852 46.6614
0.910854 46.8143
0.890872 47.1143
0.814477 47.0455
0.752759 46.5658
0.718213 46.6679
0.892024 46.5614
0.869275 46.7268
0.825499 47.0146
0.735596 46.1936
0.873487 46.3908
0.829143 46.6266
0.806428 46.1723
0.764815 46.6483
0.884068 46.1936
0.884068 46.6266
0.884068 46.594
0.889511 46.7312
0.86834 45.819
0.887325 45.66
0.79378 46.8318
0.802585 46.8099
0.827649 46.9881
0.858439 46.9153
0.908099 46.5246
0.930253 46.6744
0.935554 46.4166
0.935528 46.7443
0.930223 44.7107
0.885758 44.9236
0.874433 45.8716
0.813793 46.6744
0.794945 46.6744
0.813793 46.5138
0.794945 46.6157
0.771691 46.032
0.793935 46.5506
0.769224 46.0978
0.740672 45.9306
0.83761 45.527
0.806779 46.5549
0.758789 46.1255
0.767911 46.1723
0.899976 45.8926
0.859948 45.405
0.822405 46.1553
0.746795 46.2792
0.836818 46.4619
0.777078 46.5528
0.746528 46.4727
0.870417 46.5636
0.84119 46.5875
0.83165 46.2899
0.862842 45.9538
0.763815 46.4619
0.802323 46.6461
0.830288 46.2727
0.868961 46.2214
0.890155 46.0066
0.784642 46.3607
0.804276 46.322
0.839614 46.436
0.884817 46.6548
0.903478 46.7399
0.893266 46.2899
0.870433 46.3349
0.880336 46.3435
0.887901 46.3542
0.882773 46.2129
0.871902 45.6413
0.840896 46.7377
0.899779 46.9373
0.904692 46.7486
0.860465 46.7727
0.798217 46.4749
0.845474 46.6853
0.864086 46.3456
0.872251 45.9812
0.823868 46.7202
0.874853 46.799
0.834819 46.503
0.811052 46.3779
0.811052 46.1531
0.917305 46.5896
0.885931 46.3306
0.838346 46.6353
0.86593 46.3435
0.847058 46.9638
0.837764 46.9329
0.86593 46.3736
0.870709 46.9638
0.866541 46.2257
0.871185 44.1131
0.852097 45.4339
0.799953 46.2642
0.85688 45.8463
0.85272 46.4188
0.885085 46.2193
0.837127 46.5289
0.85092 47.1342
0.803571 46.7399
0.833007 46.8187
0.876091 46.8165
0.843298 46.7071
0.824407 46.9484
0.802052 46.9814
0.811363 46.6679
0.813686 46.2663
0.858126 45.608
0.898067 46.3414
0.89316 46.6005
0.883504 46.7399
0.846098 46.3542
0.815219 46.5311
0.792055 46.1681
0.79802 46.2321
0.861021 45.819
0.892442 46.1723
0.892442 46.1872
0.896232 46.066
0.831057 45.6976
0.865509 46.0469
0.845836 45.8737
0.791311 45.7247
0.803931 45.7813
0.799599 46.2214
0.794404 45.9306
0.790171 46.2129
0.806671 46.2684
0.814555 46.1787
0.852535 45.8758
0.852535 45.9791
0.839817 45.9053
0.829714 45.8631
0.839817 46.1233
0.852535 46.1021
0.855156 45.7331
0.831792 45.7394
0.857848 45.3926
0.824057 46.2257
0.823744 46.2556
0.853268 46.0957
0.852778 46.2342
0.852535 45.8463
0.843607 45.9116
0.839214 45.7813
0.874825 45.2776
0.875716 44.9863
0.830811 44.5236
0.853256 44.8571
0.84159 45.3145
0.874692 45.7561
0.850724 45.4442
0.812648 45.3556
0.84702 45.2448
0.91086 45.2448
0.861692 42.0115
0.804781 42.5931
0.833545 45.4731
0.897718 45.6579
0.883624 45.583
0.79656 44.4365
0.838661 42.4953
0.862183 42.7844
0.85944 43.3877
0.876193 44.9863
0.923859 45.2386
0.923748 45.2714
0.919227 45.2202
0.900118 45.2223
0.900118 45.3412
0.906055 45.3432
0.885679 45.3371
0.862024 45.1569
0.850367 45.4814
0.851635 45.3309
0.843137 45.2571
0.838713 45.4731
0.83049 45.3248
0.826439 45.6496
0.868784 45.4814
0.868606 45.3474
0.868606 45.21
0.868606 45.0187
0.859532 44.9075
0.829849 45.2632
0.840326 45.4236
0.828761 45.3906
0.842078 45.3145
0.817245 45.3391
0.883006 45.1162
0.851133 44.7487
0.91406 44.4879
0.877357 44.6987
0.846508 44.4069
0.824982 44.9559
0.797776 44.6249
0.811151 44.4978
0.824982 44.4701
0.839293 44.9337
0.850151 44.7768
0.857372 44.8451
0.868176 44.5177
0.87177 44.8632
0.87536 44.9741
0.878947 44.1716
0.871419 44.2713
0.871419 44.4208
0.863951 44.6528
0.821563 44.7768
0.818249 44.9378
0.79664 44.4504
0.817291 44.6429
0.800035 44.6209
0.79965 44.5276
0.815722 44.0354
0.821923 44.6768
0.814321 44.6449
0.803606 44.6508
0.789751 44.0238
0.779669 41.6008
0.769841 44.5157
0.763426 44.3302
0.754001 44.0373
0.801942 44.0839
0.801942 43.6015
0.851359 43.5445
0.862001 43.3896
0.852426 43.6034
0.829154 43.3802
0.804448 43.1239
0.81444 42.8964
0.789245 43.1332
0.789245 43.163
0.789245 43.176
0.789245 43.3595
0.78344 42.8596
0.774704 43.0071
0.762477 43.2227
0.780279 43.2882
0.800934 43.1165
0.813057 42.8688
0.802906 42.9904
0.812023 42.8211
0.814684 43.0052
0.821825 43.1462
0.813225 43.0552
0.801704 43.2059
0.798465 43.0348
0.792432 43.0626
0.789244 43.1165
0.812256 43.0441
0.843037 42.9664
0.865314 43.033
0.861728 42.6894
0.858349 42.8706
0.851669 42.8835
0.841842 42.9203
0.83224 42.8504
0.872666 42.084
0.842282 42.2476
0.876605 42.2476
0.872666 42.4556
0.88262 42.7241
0.866772 42.4358
0.859476 42.5044
0.846382 42.0911
0.808086 41.7467
0.797071 41.5282
0.797071 41.4062
0.779195 41.6597
0.779195 41.8113
0.787393 41.8375
0.793022 41.8778
0.801444 41.7955
0.813815 41.9762
0.803874 41.6892
0.878538 41.5041
0.86842 41.1963
0.86842 41.841
0.86842 41.7868
0.875867 41.7223
0.857346 41.9833
0.833212 42.1248
0.821134 40.235
0.82647 41.1167
0.814651 41.0593
0.808392 41.9094
0.825479 41.6302
0.819652 41.5766
0.831003 41.7467
0.7849 41.6719
0.809801 41.5058
0.880539 41.1387
0.870694 41.3514
0.870022 41.5956
0.860438 41.4525
0.83182 41.0189
0.781151 41.377
0.791163 41.198
0.715113 40.6835
0.723966 40.7415
0.701052 40.4727
0.766191 40.4629
0.847008 40.5515
0.826868 40.4187
0.789048 41.3685
0.7742 41.2712
0.779258 41.2814
0.784305 40.7216
0.76175 41.4062
0.782733 41.3326
0.81019 41.4972
0.805386 40.321
0.746261 41.2882
0.833173 41.468
0.902118 41.7903
0.802784 41.9094
0.819673 42.0929
0.901613 42.107
0.816536 42.4899
0.830793 42.2369
0.870518 42.8284
0.882032 42.8541
0.890599 42.9664
0.902954 42.6367
0.853417 42.2922
0.805276 40.8614
0.805276 41.437
0.809424 43.2507
0.818013 43.4556
0.82246 43.1444
0.819269 43.2882
0.833927 42.9756
0.833927 43.0348
0.871628 42.9904
0.863964 42.7095
0.863964 42.7679
0.863964 42.9406
0.871628 43.0997
0.871628 42.5749
0.894546 43.0589
0.866468 42.9682
0.857377 42.9923
0.857377 43.0274
0.865382 43.1239
0.816418 43.3257
0.8316 43.3952
0.783184 41.1489
0.797775 42.1265
0.802469 43.6319
0.815787 43.1239
0.859619 42.8064
0.859619 42.7771
0.859619 42.8266
0.859619 43.1295
0.860371 42.8467
0.860371 42.5913
0.835946 42.8449
0.856577 43.1798
0.854466 43.1984
0.851544 43.1425
0.840053 42.5804
0.826117 42.6749
0.815297 42.7807
0.811135 42.4719
0.801022 42.1852
0.793602 42.3263
0.793602 42.5333
0.793602 42.6658
0.793602 42.6603
0.787496 42.4088
0.789138 41.324
0.785728 40.8247
0.790147 39.3871
0.799419 40.9937
0.80429 42.1834
0.80429 42.3872
0.805496 41.9516
0.805496 41.7903
0.818455 41.9094
0.836237 41.9322
0.848662 41.9305
0.848662 41.9375
0.848662 41.9094
0.848662 41.8655
0.845597 41.5369
0.845597 42.2976
0.845597 42.3675
0.845597 42.2083
0.838333 42.3263
0.823975 42.3298
0.795922 41.9305
0.845597 41.9094
0.845782 42.3263
0.843399 42.0274
0.843539 42.008
0.841247 41.6181
0.826616 41.9147
0.828491 42.0539
0.826748 42.2083
0.826748 42.187
0.826748 42.1834
0.806743 42.155
0.772516 41.0223
0.808405 41.1455
0.799208 41.3223
0.799208 41.3001
0.799208 41.4611
0.792811 41.7362
0.770779 41.5921
0.802499 41.3856
0.802499 38.7627
0.802499 40.1881
0.802499 40.9316
0.802499 40.1945
0.801306 40.4678
0.801306 40.4285
0.801306 40.2414
0.792534 40.4416
0.780926 40.6207
0.772383 41.0021
0.770324 40.4122
0.768276 40.8513
0.76624 41.0357
0.759996 40.6636
0.758458 40.5482
0.764684 40.4989
0.771437 40.2269
0.784377 40.494
0.803614 40.476
0.795143 40.5416
0.768308 40.235
0.797415 40.8263
0.790869 40.823
0.780421 40.7581
0.738549 40.95
0.734675 40.7647
0.710074 40.9115
0.674208 40.7017
0.723985 40.6421
0.696517 40.5499
0.670137 38.5282
0.743454 39.8645
0.741604 40.563
0.732166 40.151
0.75743 39.9872
0.784831 39.5632
0.787874 39.0747
0.800752 38.8757
0.815701 39.1343
0.815701 39.6385
0.82013 38.9712
0.832954 39.0305
0.83936 38.8697
0.843565 39.188
0.839208 38.9499
0.843311 39.0976
0.830629 39.09
0.818941 39.4446
0.806786 39.6024
0.800928 39.6684
0.806786 39.5632
0.806786 39.6637
0.806786 39.6621
0.806097 39.4073
0.806097 39.2019
0.801173 38.8108
0.807307 38.6235
0.766979 38.2175
0.804646 38.0561
0.802774 38.1913
0.80091 37.4981
0.803827 38.0996
0.804501 38.2395
0.806693 37.9406
0.801074 37.4392
0.797371 38.0865
0.792343 37.6619
0.788822 37.5305
0.782864 37.9435
0.779222 38.4054
0.781123 38.3642
0.781123 37.9809
0.781873 37.5672
0.789412 37.3972
0.801954 37.2065
0.822535 37.3065
0.828196 37.6946
0.780245 37.428
0.806246 37.8788
0.827126 38.0865
0.821691 37.7259
0.810748 37.4897
0.810436 37.7929
0.803103 37.9233
0.797689 37.3818
0.799103 37.7216
0.80226 37.6974
0.803549 37.3371
0.803494 37.4266
0.803494 37.154
0.802128 37.1402
0.799856 36.5898
0.815502 36.2937
0.820804 36.27
0.798689 36.0127
0.796511 35.572
0.785561 35.8539
0.756295 35.1062
0.776412 35.3895
0.771917 35.9015
0.751429 35.4685
0.758739 35.3807
0.753026 35.6328
0.743298 35.3507
0.74813 35.6189
0.743513 35.4208
0.743513 35.041
0.70209 34.8687
0.739606 34.5471
0.759715 34.4578
0.775792 34.4163
0.796992 34.4353
0.806887 34.2255
0.821513 33.9363
0.83588 33.7712
0.778004 33.9847
0.798207 33.8776
0.81102 33.5525
0.799176 33.8043
0.781659 33.7007
0.768341 33.9951
0.775381 34.2278
0.785063 34.283
0.791889 34.1215
0.792398 34.0275
0.7713 34.1052
0.792798 34.3088
0.79725 34.2877
0.801697 34.5531
0.807972 33.9512
0.797347 33.5244
0.791339 34.1344
0.780819 33.9271
0.775278 34.4495
0.768461 34.5006
0.763094 34.4305
0.763094 34.3891
0.763094 34.5793
0.763094 34.3974
0.761357 34.5066
0.761357 34.8238
0.761357 34.709
0.761357 34.6296
0.761357 35.0079
0.761357 34.8092
0.744462 34.8784
0.732563 34.7186
0.715009 34.2618
0.720907 34.3289
0.728113 34.2877
0.73423 34.4566
0.735466 34.3572
0.73795 34.4234
0.739198 34.1425
0.739198 34.0866
0.739198 34.0136
0.717892 33.8181
0.739198 34.2032
0.739198 34.4697
0.739198 33.8501
0.709855 34.323
0.712156 34.6009
0.694266 34.7584
0.691934 34.9871
0.681924 34.8165
0.681084 34.6729
0.660896 34.4542
0.676337 34.1285
0.676588 33.9986
0.662484 34.3489
0.652544 34.7005
0.63651 35.0484
0.667944 34.9614
0.695486 33.3522
0.726057 34.9809
0.72478 35.057
0.722239 34.9773
0.720975 35.1593
0.720975 34.9553
0.720975 35.2137
0.720975 34.876
0.720975 34.8991
0.71635 34.7126
0.71635 34.4792
0.71249 34.6105
0.700214 35.0165
0.690889 34.8141
0.695554 34.8882
0.700283 35.0963
0.705077 34.7983
0.705077 34.6861
0.705077 34.7717
0.705077 34.8008
0.705077 34.8712
0.705077 34.75
0.705077 34.8262
0.708716 35.0189
0.707378 34.8153
0.71104 34.9443
0.71104 35.0054
0.706622 34.8675
0.713791 35.2212
0.711253 35.6049
0.708732 35.2175
0.703753 35.1296
0.702553 34.7536
0.700165 34.7983
0.698977 34.8323
0.695437 34.9932
0.691934 34.6536
0.688465 34.8967
0.688465 35.0766
0.690384 35.0951
0.690384 35.292
0.687316 35.1481
0.686172 34.8299
0.685031 35.0214
0.685031 34.8882
0.685031 34.4483
0.685031 34.887
0.685031 35.0447
0.685031 34.8129
0.685031 35.014
0.685031 34.4364
0.685031 35.057
0.686827 35.317
0.694603 35.6773
0.69966 35.9389
0.7051 35.0877
0.702117 35.4333
0.697449 35.6278
0.690773 35.4648
0.690773 35.0177
0.690773 35.1161
0.692775 35.189
0.692775 35.727
0.692775 35.8025
0.692775 35.4899
0.692775 35.6659
0.692775 35.6812
0.692775 35.392
0.689194 35.5252
0.684477 35.6583
0.680981 35.5986
0.680981 35.5076
0.680981 35.7935
0.680981 35.6341
0.692103 35.3732
0.696505 35.3669
0.707596 35.2796
0.703968 35.0803
0.701571 35.3319
0.698005 35.1494
0.702768 35.2299
0.708813 35.142
0.713725 35.0385
0.713725 34.943
0.713725 35.2659
0.713725 35.2262
0.708579 34.8177
0.708579 34.6813
0.708579 34.5817
0.708579 34.6801
0.708579 34.727
0.708579 34.6717
0.71126 34.9969
0.710034 35.3794
0.707596 35.2833
0.707596 35.3432
0.708018 35.3282
0.708018 35.6252
0.711797 35.6799
0.715618 35.7105
0.719479 35.5796
0.718187 35.7168
0.715618 35.495
0.71434 35.7679
0.710034 35.5923
0.705173 35.1494
0.701571 35.1976
0.698005 35.1828
0.693307 35.292
0.689824 35.2187
0.686377 35.2696
0.680163 34.9016
0.676905 34.7935
0.676905 34.6885
0.676905 34.4947
0.676905 35.0287
0.676905 34.8529
0.676905 34.7041
0.676905 34.8833
0.680163 34.5985
0.684555 34.8456
0.687887 34.8651
0.686773 34.9247
0.684555 34.9467
0.683452 34.808
0.692057 34.887
0.700636 34.9981
0.70919 35.0643
0.709454 34.7887
0.709454 34.6717
0.709454 34.229
0.706202 34.5805
0.699609 34.6416
0.696268 34.6789
0.691643 34.4542
0.691643 34.3513
0.691643 34.44
0.699636 34.0368
0.703058 34.3832
0.710938 34.27
0.719901 34.2477
0.724377 34.3903
0.733318 34.303
0.734515 34.3985
0.73692 34.1577
0.738129 34.2877
0.765225 34.2079
0.796688 34.2689
0.7642 33.4739
0.811414 33.8547
0.831743 34.1064
0.858307 34.0217
0.858307 33.6067
0.858307 34.0391
0.858307 33.7348
0.856682 33.5976
0.851565 34.1775
0.849962 33.9489
0.815405 33.7963
0.785043 34.1355
0.750198 33.9651
0.709171 33.5458
0.728172 33.2447
0.728172 33.6134
0.732467 33.4784
0.73676 33.7405
0.784399 33.9397
0.763283 34.1169
0.763283 34.0797
0.676038 34.046
0.696685 33.987
0.700473 33.9294
0.702698 33.9489
0.702698 34.167
0.702698 33.8181
0.702698 33.8639
0.701584 34.0356
0.701584 33.9374
0.700473 34.2477
0.700473 33.8364
0.700473 33.9974
0.700473 33.9593
0.702698 33.8685
0.702225 33.9374
0.704466 33.8364
0.736264 33.8513
0.684172 33.9317
0.732853 33.9018
0.721695 33.6553
0.750331 34.0727
0.718008 34.5746
0.718008 34.2571
0.718008 34.5973
0.718008 34.3289
0.718008 34.2524
0.718008 34.459
0.758856 34.3206
0.618216 34.5734
0.653868 34.1892
0.653868 34.0646
0.656969 34.2208
0.661689 34.2091
0.678608 34.2431
0.681805 34.5256
0.681805 34.6861
0.603429 34.7741
0.629961 34.3088
0.638261 34.7066
0.647794 34.4947
0.640758 34.7222
0.638009 34.565
0.631087 34.082
0.634386 34.1332
0.634386 34.6909
0.637682 34.5746
0.650842 33.8719
0.663965 34.427
0.713995 34.8056
0.695225 34.9601
0.697652 34.7814
