0.960514 45.3206
0.960514 39.0915
0.960514 34.1542
0.917854 38.8229
0.882926 40.5039
0.852485 41.4834
0.866757 42.2726
0.837897 42.5279
0.797946 42.8669
0.830786 42.4574
0.810885 42.7661
0.791915 42.6094
0.792492 42.5786
0.760595 42.9516
0.760237 42.9221
0.766425 42.8137
0.772242 42.5441
0.778571 42.8376
0.777124 42.7241
0.716279 42.959
0.677419 42.9092
0.677419 42.5931
0.620443 42.6767
0.62509 40.657
0.644494 42.0486
0.584479 43.0256
0.626382 43.0071
0.636822 43.3689
0.663035 43.2115
0.674466 43.3107
0.605007 43.1872
0.600233 43.247
0.624122 43.3858
0.564487 43.2208
0.550606 43.1202
0.526271 42.5134
0.515 42.4214
0.507175 42.4971
0.496545 42.3765
0.530199 42.673
0.550606 42.6985
0.590145 42.5369
0.591954 42.5279
0.602339 42.746
0.60517 42.6658
0.548731 42.7186
0.530997 42.2297
0.529777 42.407
0.480762 42.4899
0.47758 42.5387
0.473666 42.5044
0.46281 42.704
0.48156 42.7606
0.518505 42.4232
0.586895 42.2976
0.619487 42.4935
0.65579 42.452
0.674466 42.2083
0.60433 42.3693
0.603869 42.6003
0.631559 42.4935
0.621591 42.5116
0.611594 43.176
0.656937 43.2638
0.702352 43.1332
0.759067 43.3238
0.712428 43.096
0.667463 43.0849
0.637696 42.9719
0.636514 43.3501
0.630355 43.3482
0.658781 42.9553
0.647615 42.1692
0.631559 43.1072
0.584231 43.122
0.584231 43.0274
0.548308 43.3952
0.548308 43.5616
0.65315 43.3595
0.641611 43.0608
0.692158 43.2451
0.678926 42.6112
0.634976 42.7387
0.600292 43.3727
0.577194 43.0552
0.563934 42.6894
0.606993 42.8339
0.580206 41.9006
0.641589 42.7844
0.690336 42.0115
0.745299 42.7497
0.714785 42.9314
0.778571 43.1499
0.75286 42.6931
0.722153 42.4214
0.658781 43.1258
0.642173 43.1406
0.612146 42.7277
0.561818 43.416
0.575633 43.4858
0.595146 43.2432
0.610672 43.2732
0.655104 43.0552
0.660901 42.9978
0.702265 43.1686
0.701529 42.8522
0.655739 43.096
0.655104 43.1127
0.656874 42.9148
0.621525 42.9443
0.58899 42.9756
0.551451 43.1667
0.573073 43.1537
0.61844 42.6457
0.60538 42.9166
0.689328 43.1202
0.717843 43.122
0.693302 43.2694
0.670382 42.9867
0.64893 42.9461
0.597528 43.1537
0.592713 43.07
0.592713 43.1462
0.566349 42.8927
0.607169 43.2844
0.655146 42.9221
0.655146 42.7661
0.660606 43.2713
0.7 42.9314
0.621999 43.0589
0.595628 42.6876
0.567154 42.757
0.61324 43.0849
0.629566 43.3971
0.643213 42.7095
0.66821 42.6639
0.655589 43.0682
0.728419 43.2003
0.728419 43.0348
0.728419 43.2545
0.722817 43.07
0.66512 43.2227
0.636082 43.3708
0.631923 43.32
0.64378 43.8039
0.633721 43.367
0.610324 43.1239
0.634182 42.7771
0.677419 43.07
0.751811 43.0608
0.667751 43.0552
0.611501 41.691
0.581333 43.0571
0.57672 42.8284
0.530968 43.1686
0.530685 43.0034
0.585531 43.3294
0.640546 42.1425
0.659963 42.8945
0.696078 43.02
0.671803 43.0274
0.607169 43.2208
0.597455 42.8835
0.605556 43.2208
0.561709 43.4311
0.592713 43.2133
0.649776 42.7643
0.687426 43.3877
0.658781 43.2582
0.655104 43.109
0.666802 43.4179
0.608407 43.3877
0.539437 43.0034
0.473527 43.3125
0.440479 43.29
0.442023 43.3501
0.472949 43.1295
0.51976 43.1518
0.573126 42.6476
0.603915 42.8559
0.573284 43.3783
0.633515 43.3783
0.694902 43.2938
0.612536 42.3944
0.522004 43.2302
0.460939 43.3595
0.478376 43.4707
0.469537 43.4537
0.473441 42.9387
0.529915 43.32
0.50464 43.1611
0.574476 43.0812
0.559224 42.7716
0.549498 43.2825
0.531659 42.878
0.503502 43.204
0.484947 43.1648
0.460611 43.2507
0.469259 43.1499
0.473128 42.6676
0.488988 43.1965
0.568448 42.5062
0.653262 42.8046
0.730435 43.1258
0.686734 43.2919
0.711143 42.3066
0.588455 41.799
0.560526 43.1295
0.554987 43.1816
0.544542 43.0849
0.564369 42.5767
0.591885 42.7899
0.618988 42.8357
0.596239 42.7131
0.574724 43.3407
0.587413 42.5044
0.551971 41.4766
0.495455 42.6403
0.494978 43.0737
0.509091 42.8578
0.510779 43.1984
0.526496 43.0404
0.536615 43.1779
0.608295 43.1704
0.660826 42.7954
0.687445 43.29
0.722874 43.2732
0.722212 43.1127
0.705546 42.6548
0.706051 42.8321
0.690476 42.7332
0.636757 43.0571
0.656133 43.29
0.694856 43.2376
0.651917 43.1462
0.677419 43.0385
0.740796 43.0459
0.668022 43.2096
0.658602 42.735
0.550107 43.0274
0.549006 43.122
0.55805 43.1388
0.549615 42.8467
0.564638 42.7551
0.604675 43.0589
0.586381 42.9923
0.615001 42.7991
0.661747 42.9719
0.707371 42.7972
0.685935 42.7259
0.639889 43.0793
0.586667 43.2957
0.622222 43.0942
0.614517 42.9221
0.693173 43.2975
0.662366 43.1202
0.682235 43.0478
0.654389 42.4773
0.597214 43.0015
0.582518 42.9258
0.475553 42.6894
0.483896 43.1276
0.505263 43.1891
0.51462 43.1313
0.538933 42.9941
0.56 43.2807
0.573563 42.7058
0.61465 42.746
0.657342 42.9886
0.653333 42.9185
0.612588 42.8027
0.623813 43.0478
0.666667 42.7643
0.626252 43.1555
0.701994 43.1276
0.661538 42.9553
0.61193 43.1351
0.551462 43.0775
0.505288 42.8027
0.496795 41.1523
0.480441 43.2489
0.472629 43.0108
0.464857 43.1313
0.461783 43.02
0.495169 43.0849
0.527241 43.4103
0.527497 43.3971
0.538415 43.0256
0.481283 43.5332
0.444652 43.247
0.406114 42.9997
0.388874 42.9886
0.382064 43.2003
0.36701 43.0145
0.368525 43.0571
0.368485 43.3388
0.373432 43.4386
0.374336 43.2807
0.386857 43.0089
0.387409 43.0682
0.38416 43.1072
0.383962 43.02
0.379065 43.1183
0.369322 43.1406
0.362637 43.1258
0.351955 42.9314
0.336286 43.0608
0.317956 43.0348
0.304144 42.9867
0.310016 42.5478
0.316662 42.4845
0.322177 42.6785
0.343089 42.2797
0.363302 41.9129
0.390115 42.7095
0.370787 42.7223
0.352632 42.4646
0.335903 42.3855
0.341232 42.7625
0.343387 42.7625
0.331258 42.9609
0.360057 42.7314
0.375133 42.4791
0.43403 42.9314
0.386954 42.4755
0.400224 43.0404
0.382805 42.8853
0.361685 42.924
0.3458 42.7661
0.325352 42.6585
0.348853 42.4917
0.376507 42.5586
0.400304 42.2208
0.418046 42.1621
0.439655 42.3908
0.462908 42.2583
0.430896 42.1941
0.415081 42.0875
0.392945 41.9569
0.388541 42.0929
0.384146 42.4448
0.379768 42.4574
0.444004 42.203
0.525258 41.6268
0.656654 42.2922
0.668342 42.2333
0.68608 42.0751
0.674957 42.2887
0.510909 42.084
0.400858 42.0628
0.354437 42.735
0.380217 42.7917
0.377883 42.5044
0.438092 42.3012
0.503291 42.4466
0.527873 42.4628
0.554966 42.3729
0.552002 42.1852
0.522644 42.3603
0.473207 42.5478
0.461211 42.4899
0.441744 42.3352
0.463012 42.2565
0.462238 42.0239
0.503584 42.2012
0.490231 42.0256
0.504716 42.1852
0.497416 42.1888
0.479027 41.8989
0.479362 42.2315
0.450253 42.3801
0.432244 42.0858
0.454153 41.8655
0.428604 42.4773
0.461264 42.2494
0.499112 42.3908
0.526076 42.3944
0.543919 42.4845
0.525368 42.4322
0.515246 42.4214
0.513375 42.2333
0.535227 42.4881
0.539706 42.5822
0.542006 42.2976
0.567625 42.526
0.594648 42.5641
0.652602 42.4304
0.639663 42.328
0.638441 42.6821
0.634768 42.889
0.666618 42.8119
0.737578 42.7734
0.758709 42.8669
0.72012 43.1593
0.667465 43.1072
0.669337 43.2919
0.679763 43.1462
0.627507 43.109
0.671512 43.367
0.688525 43.305
0.686734 43.4802
0.663821 43.2563
0.688492 43.1947
0.662857 42.8964
0.568563 43.2676
0.638808 42.996
0.636735 43.352
0.663973 42.6749
0.650503 43.0367
0.643918 43.3557
0.63388 42.9793
0.652542 43.0274
0.695758 43.367
0.756718 43.5218
0.744888 43.0034
0.665723 43.0015
0.631148 43.6414
0.606299 43.2414
0.520464 42.7168
0.519589 43.4518
0.554707 43.2713
0.616 43.4726
0.705167 43.4197
0.705914 43.3858
0.65812 43.5464
0.662646 43.3032
0.693512 43.416
0.660747 43.1704
0.649539 43.163
0.654497 43.448
0.632054 43.2657
0.641667 43.5407
0.691445 43.4896
0.709229 43.2152
0.672667 43.4953
0.702279 43.4537
0.696328 43.4802
0.611059 43.2938
0.608295 43.5559
0.573023 43.6567
0.551642 43.3934
0.590331 43.5863
0.548057 43.2676
0.600122 43.4745
0.593797 42.5098
0.589277 43.2713
0.603886 43.2227
0.590278 43.29
0.553311 43.4613
0.509021 43.4461
0.534413 43.6129
0.561787 43.5218
0.63104 43.399
0.635684 43.3257
0.581368 42.7972
0.555884 43.2358
0.482759 43.5161
0.423558 43.5597
0.394928 43.5996
0.470229 43.6091
0.553544 43.2657
0.607498 43.4179
0.644444 43.3294
0.646557 43.1891
0.648509 43.4991
0.652651 43.5502
0.614736 43.5256
0.614362 43.5066
0.664032 43.4953
0.714952 43.2582
0.6892 43.6491
0.631884 43.0942
0.539437 43.6719
0.470715 43.6643
0.483408 43.096
0.537513 43.8193
0.637427 43.9367
0.619779 43.651
0.648421 43.4311
0.631078 43.5218
0.634561 43.4877
0.626016 43.2975
0.592694 43.5332
0.645926 43.7158
0.679922 43.3463
0.662677 43.4028
0.685722 43.5294
0.637427 43.7273
0.591186 43.5977
0.581333 43.7025
0.54213 43.4047
0.545213 43.4575
0.529784 43.5388
0.570395 43.8327
0.577504 43.8904
0.596708 43.5806
0.647392 43.8039
0.650919 43.6129
0.683628 43.7464
0.613565 43.7771
0.68753 43.5597
0.650834 43.2657
0.67757 43.448
0.658414 43.6034
0.648915 43.4537
0.641593 43.6567
0.630161 43.5654
0.615058 43.1947
0.607584 43.5426
0.596708 43.5958
0.588671 43.2844
0.592259 43.7082
0.614764 43.4537
0.613636 43.2376
0.596825 43.4594
0.549787 43.5711
0.563532 43.7369
0.593192 43.7924
0.609224 43.2807
0.683992 43.8116
0.718537 43.7464
0.69235 43.4537
0.762846 43.0533
0.746975 43.3839
0.739048 43.3219
0.718518 43.3407
0.681291 43.3013
0.632016 43.4028
0.66819 43.352
0.626786 43.1984
0.650077 43.8885
0.694247 43.6777
0.783424 43.7733
0.875291 43.5616
0.8225 43.9425
0.694853 43.4594
0.702804 43.2489
0.612176 42.8927
0.596939 43.7905
0.574334 43.6567
0.574334 43.0867
0.593478 43.5749
0.593478 43.8039
0.567992 43.5388
0.596359 43.6395
0.614865 43.4839
0.632432 43.7044
0.627747 43.5996
0.646579 43.5104
0.663158 43.5597
0.648415 43.554
0.605917 43.7484
0.634058 43.5369
0.699004 43.7369
0.6825 43.7139
0.636867 43.8001
0.636414 43.7771
0.636414 43.7637
0.621375 43.6967
0.624561 43.8789
0.611018 43.2601
0.631206 43.5578
0.676608 43.6586
0.744997 43.448
0.709091 42.5333
0.664054 43.6357
0.633901 43.5218
0.657479 43.5142
0.689394 43.465
0.760163 43.7006
0.775934 43.3426
0.747934 43.3501
0.702811 43.3351
0.783333 43.3501
0.752 43.4972
0.675 43.7331
0.638514 43.6738
0.648915 43.6605
0.576219 43.5996
0.585 42.996
0.575679 43.6167
0.571099 43.4745
0.601248 43.305
0.626406 43.6395
0.695744 43.7178
0.656782 43.2189
0.633987 43.2601
0.555556 43.6624
0.582333 43.6643
0.542141 43.3426
0.541564 42.9185
0.596825 43.2788
0.694602 43.2769
0.756104 42.9074
0.726786 43.399
0.700722 43.4631
0.652885 42.9923
0.640566 43.6643
0.617741 43.554
0.587786 42.8706
0.628704 42.0875
0.615421 42.9129
0.638835 43.5388
0.658 43.4707
0.667857 43.262
0.688404 43.3013
0.681689 43.3877
0.638835 43.0775
0.614953 43.5559
0.60367 43.6167
0.602809 43.6491
0.616292 43.3708
0.587302 43.247
0.598182 43.3501
0.622936 43.4122
0.71996 43.3764
0.753638 43.3257
0.798239 43.4009
0.775151 43.1165
0.759958 42.9185
0.773273 43.1313
0.759214 42.9812
0.759587 43.1555
0.700483 43.3539
0.739058 43.3539
0.759214 43.1109
0.752924 43.2844
0.710714 43.2432
0.701068 43.2957
0.684376 42.8688
0.703883 42.6621
0.7015 43.3407
0.69378 43.305
0.653153 43.2246
0.596792 43.4991
0.602159 43.4518
0.589191 43.0256
0.58657 43.352
0.531362 43.1481
0.498493 43.3689
0.451852 42.9646
0.428845 43.2077
0.483289 43.1854
0.487703 43.1537
0.523511 43.2601
0.471513 43.1127
0.415512 42.9646
0.377258 43.0756
0.329024 43.1723
0.333538 42.7077
0.32055 42.7991
0.321596 43.0793
0.319725 42.735
0.334127 42.7625
0.349629 42.526
0.36801 42.6858
0.382609 42.5026
0.370684 42.5786
0.359375 42.6112
0.350173 42.4881
0.350494 42.4683
0.350438 42.4665
0.318037 42.526
0.359443 41.6597
0.417801 40.9702
0.426035 41.154
0.384694 42.2012
0.392944 42.0575
0.40133 42.0999
0.392808 42.6294
0.390093 42.5007
0.381818 42.461
0.408669 42.6367
0.440252 42.2048
0.472623 42.7606
0.424242 42.8229
0.379997 42.3155
0.344816 42.6148
0.340692 42.7954
0.338973 43.176
0.334008 42.9572
0.315036 42.8229
0.290545 43.0385
0.269115 42.7679
0.28436 42.8302
0.301686 42.4304
0.294915 42.9369
0.333114 43.1016
0.359168 43.0256
0.373588 43.2283
0.357704 43.3463
0.358037 43.3633
0.356623 43.2208
0 44.1228
0.878718 43.9754
0.835838 43.802
0.441917 43.3557
0.278643 43.8827
0.404278 43.399
0.24321 43.7331
0 43.4707
0.326214 43.2395
0.125171 43.3839
0.0245747 43.0552
0 43.3351
0.401928 43.5749
0.238329 43.1165
0.0931834 43.2751
0.0210639 43.3689
0 43.465
0.516875 43.1388
0.311075 43.3482
0.169374 42.8688
0.0775266 42.9498
0.0196252 43.2938
0 43.6796
0.620478 43.2339
0 43.2938
0.627622 43.3764
0.457393 43.3971
0.535528 43.3238
0.53239 43.2694
0.552247 43.3858
0.548317 43.416
0.588292 43.7905
0.544514 43.5597
0.514634 43.6433
0.496367 42.3083
0.374723 43.6777
0.384259 43.8327
0.401399 43.1555
0.415901 44.1112
0.4534 44.0917
0.469717 44.0723
0.508937 43.5882
0.487445 44.156
0.546748 44.195
0.503919 44.0937
0.521322 43.8423
0.530723 43.7254
0.519935 43.6815
0.494335 43.4348
0.436812 43.7618
0.516469 44.1053
0.522974 43.9696
0.508998 43.9348
0.456669 44.082
0.466988 43.9059
0.470774 44.285
0.453455 43.7963
0.416992 44.4642
0.429238 44.5653
0.360231 44.24
0.406226 44.4425
0.397777 44.4603
0.434368 44.4267
0.505618 44.1716
0.573001 44.2556
0.549587 44.3636
0.558704 44.3833
0.509361 44.2028
0.501762 43.9406
0.478417 44.3774
0.507472 44.34
0.501362 43.8481
0.49379 44.0781
0.490767 44.2517
0.486121 44.2106
0.501037 44.2595
0.509265 44.4385
0.524715 44.4523
0.502464 44.4405
0.466783 44.338
0.469115 43.9155
0.429966 44.4484
0.423352 44.5653
0.396995 44.1462
0.404644 44.1599
0.415314 44.7868
0.423694 44.7367
0.444191 44.34
0.44434 44.3086
0.471284 43.3971
0.449725 44.5038
0.429574 44.3971
0.406664 44.4405
0.38472 44.24
0.397652 44.7047
0.413904 44.5295
0.428948 44.3754
0.46175 44.4741
0.495343 42.704
0.499389 44.2595
0.505252 44.401
0.5152 43.8251
0.506388 44.5077
0.507739 44.6508
0.502218 44.4109
0.482162 44.5414
0.467166 44.4563
0.448154 44.4267
0.457402 44.2458
0.468379 44.0315
0.477288 44.3125
0.454943 44.5236
0.42351 44.5514
0.400075 44.2263
0.431041 44.1073
0.463235 44.617
0.490521 44.4998
0.524454 44.3203
0.525552 44.4484
0.525242 44.7788
0.598549 44.7247
0.668151 44.236
0.691307 44.3243
0.686226 44.8612
0.671525 44.5395
0.618726 44.5038
0.692485 44.5058
0.749706 44.837
0.803459 44.8069
0.684627 44.5117
0.676614 44.6309
0.570766 45.0126
0.575337 44.9095
0.566879 44.8049
0.555094 44.4879
0.564576 44.6688
0.668135 45.1243
0.739723 45.1773
0.678818 44.835
0.661428 44.8833
0.576162 45.1345
0.558385 45.1814
0.535608 44.7387
0.486486 44.7307
0.520934 45.039
0.59204 45.1365
0.6375 44.5216
0.697052 44.482
0.708295 44.9661
0.758782 44.9903
0.670426 44.5553
0.669804 44.5295
0.654839 44.7127
0.686513 44.6867
0.68618 44.0141
0.672717 44.236
0.694962 43.9078
0.71925 44.4069
0.689014 44.4781
0.680341 44.2909
0.730878 44.4978
0.591043 44.843
0.553484 43.6281
0.607128 42.9701
0.601499 43.7637
0.646501 44.6887
0.695899 44.3066
0.673839 44.5534
0.784667 44.5732
0.742875 44.5971
0.714233 44.3991
0.643182 44.4741
0.584213 43.9812
0.557756 44.6648
0.554983 44.5712
0.53298 44.0839
0.544933 44.2087
0.564519 44.6429
0.579604 44.5851
0.582312 43.9947
0.565329 44.3007
0.509206 44.1151
0.412089 44.4721
0.353194 44.016
0.33228 44.48
0.380623 44.3872
0.438999 44.5177
0.458698 44.0393
0.470202 43.8943
0.470202 44.3538
0.450911 44.2106
0.450911 44.4642
0.391892 44.2126
0.366279 44.7928
0.336526 44.7507
0.352363 44.4622
0.372819 44.5077
0.392186 44.8149
0.398693 44.4899
0.446186 44.7688
0.491228 44.843
0.443348 44.8873
0.40141 44.9458
0.368103 44.7808
0.365426 44.3734
0.364218 44.9741
0.362056 44.8873
0.391026 43.7445
0.425776 44.5256
0.450017 44.7087
0.488493 44.7307
0.504668 44.6249
0.479866 44.5851
0.471326 44.825
0.424876 44.7989
0.381505 44.6608
0.443348 44.7868
0.482861 44.7748
0.539415 44.6568
0.519087 44.5831
0.480824 44.156
0.43956 45.0816
0.436842 44.9519
0.442709 44.6708
0.44176 44.7347
0.442858 44.839
0.472141 44.4089
0.475706 44.3184
0.466303 43.518
0.468089 44.2184
0.467112 44.5256
0.471406 44.7788
0.476098 44.0005
0.479452 43.9889
0.440639 44.9176
0.400332 44.7007
0.393024 44.7027
0.371085 44.831
0.396507 44.4208
0.41388 44.9176
0.424375 44.8934
0.446281 44.9924
0.520161 44.3597
0.499405 44.9721
0.487239 44.5474
0.468661 44.4701
0.498195 45.0045
0.490725 44.9297
0.471595 44.6588
0.446429 44.3518
0.485162 44.6229
0.518596 45.0816
0.531274 44.6389
0.502215 44.2321
0.484057 45.1202
0.487495 44.5534
0.482567 44.5236
0.444178 44.4701
0.479452 45.3083
0.483215 44.9256
0.450237 45.0126
0.516507 44.9499
0.487625 44.2733
0.537716 44.7127
0.521627 44.6967
0.513385 44.6808
0.496488 44.7728
0.480051 44.7187
0.468308 44.6967
0.453657 44.7808
0.492251 44.7507
0.521233 44.607
0.494769 44.7828
0.517766 44.1833
0.523342 44.6588
0.50837 44.7588
0.478992 44.3439
0.461538 44.4504
0.431091 44.1189
0.487805 44.7507
0.472997 44.0839
0.441748 44.4879
0.448734 44.6249
0.438813 44.9035
0.424293 44.6389
0.473725 44.7287
0.481711 44.6468
0.529755 44.9256
0.513131 44.603
0.492423 44.617
0.519504 42.9203
0.488014 42.8908
0.490218 44.3282
0.436715 44.1521
0.439476 44.4543
0.512183 44.619
0.547595 44.3066
0.535129 44.2302
0.498551 44.403
