0.891408 43.1555
0.870917 31.6766
0.799731 34.8189
0.758301 38.8154
0.737249 40.1011
0.749848 42.4646
0.944991 43.4915
0.90366 43.1518
0.907421 42.9664
0.769337 42.3747
0.762692 41.3736
0.772433 41.5783
0.808639 41.6684
0.888972 42.0045
0.825228 42.5913
0.80798 42.4845
0.781364 42.3442
0.893563 43.0812
0.873194 42.8082
0.825105 42.7606
0.840993 42.7643
0.765957 42.3137
0.750972 40.7382
0.684523 41.6927
0.679148 41.9533
0.679692 41.9886
0.700671 41.684
0.693807 41.5593
0.694275 41.8428
0.687414 41.7275
0.689284 41.6181
0.767865 42.1834
0.75745 42.1816
0.755386 41.9903
0.751253 42.1035
0.749184 42.0575
0.747113 42.3424
0.747113 41.9199
0.745041 42.2333
0.738858 42.3119
0.771031 42.3908
0.752486 40.0882
0.756608 41.1252
0.758667 42.0274
0.762779 42.3083
0.766885 42.6567
0.770985 42.4827
0.775079 42.3603
0.804389 42.4034
0.761297 42.1603
0.815676 41.8323
0.824042 41.7746
0.82812 41.6441
0.819083 41.1032
0.819083 41.792
0.819083 41.7101
0.819083 41.7293
0.772971 41.7885
0.788957 41.5213
0.788957 41.1658
0.788957 41.3411
0.788957 41.266
0.788957 40.9199
0.788957 41.4989
0.788957 41.4559
0.788957 41.0846
0.745315 41.1353
0.775563 40.9199
0.775563 40.823
0.771139 40.9551
0.764499 40.9853
0.76007 40.7681
0.76007 40.9484
0.757856 40.7797
0.757856 40.6851
0.779874 41.0694
0.740874 41.413
0.720421 41.0155
0.700497 41.1692
0.681111 41.2814
0.662244 41.4611
0.666067 41.2746
0.710081 41.3531
0.71422 41.4353
0.716508 41.2848
0.722431 41.1506
0.724629 41.1658
0.720975 41.4473
0.702033 41.6441
0.698552 41.4439
0.708215 41.3035
0.723695 41.4817
0.73344 41.4353
0.73344 41.0576
0.73344 41.3873
0.73344 41.4388
0.746999 41.2371
0.760772 41.425
0.774764 40.3031
0.760772 40.9635
0.746999 40.7697
0.73344 41.0998
0.72009 41.3753
0.72009 41.6632
0.706944 41.4955
0.73344 39.6621
0.760772 40.9216
0.788979 41.2746
0.791204 38.9045
0.802932 38.6713
0.804546 40.9534
0.78894 41.6632
0.773201 40.935
0.763979 42.3657
0.753736 42.6148
0.753736 42.5188
0.753736 42.1638
0.74136 42.6058
0.735324 42.5822
0.723541 42.0805
0.730328 42.3155
0.748106 42.0168
0.756268 42.1514
0.758504 42.0345
0.758548 42.4142
0.742445 42.517
0.748619 42.6021
0.761282 41.7188
0.767775 42.5405
0.761282 40.798
0.748619 42.5188
0.735136 42.4989
0.695807 42.9277
0.692304 43.1462
0.707632 42.8284
0.707632 42.8908
0.710643 42.7058
0.730382 42.4448
0.723241 42.6203
0.714555 42.757
0.734384 42.2333
0.73558 42.0203
0.718049 42.8651
0.726404 42.8266
0.730047 43.5294
0.712063 43.4631
0.725036 43.305
0.776764 43.518
0.785003 43.2938
0.760234 43.4292
0.75189 43.482
0.758874 43.6872
0.756902 43.4367
0.759623 43.3182
0.796875 42.9148
0.804612 42.9812
0.804612 41.8165
0.802105 43.5426
0.802105 43.6357
0.825361 43.2358
0.842454 43.1928
0.840181 43.2189
0.840181 43.0608
0.840181 43.1313
0.840181 43.2339
0.848637 43.0422
0.848797 43.083
0.852307 43.0256
0.860642 43.29
0.860642 42.8504
0.869143 42.8725
0.858088 42.9978
0.858088 43.1798
0.844772 42.7771
0.833028 43.1016
0.839458 42.7917
0.82923 42.9664
0.841795 43.2507
0.841648 43.2451
0.789692 43.3257
0.810846 43.3463
0.819276 43.1798
0.837906 43.1053
0.819626 43.2264
0.769767 43.2115
0.751295 43.4292
0.770037 43.1667
0.78184 43.4329
0.785474 43.5426
0.794238 43.4839
0.817559 43.2395
0.817559 43.352
0.809903 43.3257
0.802389 43.32
0.800736 42.7881
0.816098 43.0571
0.80358 43.1034
0.810812 42.6457
0.81351 42.4791
0.806467 42.3245
0.778006 42.1727
0.82294 41.9498
0.82294 42.0982
0.82294 41.7502
0.82294 42.0982
0.82294 41.9992
0.799797 42.0858
0.788247 42.1674
0.763997 42.1035
0.740427 41.8533
0.757965 41.9886
0.765605 42.1959
0.755303 42.4502
0.712428 42.2833
0.796616 42.7387
0.789783 42.6239
0.796616 42.684
0.796616 42.6094
0.796616 42.6312
0.785257 42.878
0.785257 42.7058
0.785257 42.8596
0.785257 42.7588
0.776956 42.1656
0.753316 41.5058
0.770898 41.9006
0.76647 41.8078
0.677729 40.5696
0.718427 39.8438
0.792344 41.2201
0.791387 41.4233
0.803406 40.9082
0.815444 40.8363
0.825434 38.7492
0.812287 41.056
0.793333 40.9149
0.775354 40.6124
0.761752 40.5729
0.740395 41.2831
0.71023 41.0576
0.677579 40.9886
0.697885 40.71
0.722165 40.1945
0.718654 40.1155
0.718654 40.4924
0.715158 40.5778
0.727534 40.4989
0.759438 40.0673
0.770317 39.6008
0.779225 40.1155
0.785565 39.9792
0.793238 40.2123
0.800762 39.482
0.69761 39.5491
0.753088 38.8003
0.726921 38.7822
0.674138 38.9105
0.730253 39.0671
0.683856 38.7462
0.790179 38.7417
0.740743 38.7537
0.779624 38.4482
0.757642 38.4615
0.69619 38.0387
0.754444 38.1738
0.732948 38.348
0.727366 37.8874
0.722454 38.0402
0.72062 37.8874
0.732946 37.1844
0.734465 37.5968
0.734465 37.4644
0.734465 37.237
0.73602 37.442
0.748503 37.3023
0.752526 37.4813
0.752473 37.47
0.749312 37.2995
0.712926 37.1154
0.756399 37.3888
0.731284 37.4827
0.71182 37.4925
0.734258 37.2481
0.725134 37.9133
0.722114 38.2263
0.729797 37.8029
0.739305 38.2673
0.747298 38.4025
0.750453 38.348
0.750453 38.2541
0.753621 38.2395
0.760462 38.4571
0.764196 37.78
0.77131 37.8544
0.799016 37.9564
0.799837 38.1679
0.804182 38.4453
0.837575 36.0244
0.856308 37.9896
0.765738 38.1679
0.807777 38.0199
0.827312 38.0214
0.853866 38.3715
0.812215 38.4882
0.783728 38.0546
0.814499 38.4734
0.76846 38.398
0.838097 38.8969
0.859576 39.8026
0.729658 39.5351
0.783801 39.782
0.841857 39.7519
0.890416 39.8168
0.792313 39.4882
0.853724 39.8327
0.755103 39.593
0.849084 39.4462
0.931457 39.2573
0.820846 39.3778
0.878212 39.3298
0.753884 39.2773
0.834856 39.119
0.933645 39.5726
0.820963 39.7567
0.860433 39.6841
0.897084 39.8597
0.752452 39.6165
0.809216 39.7741
0.854127 39.801
0.696085 39.6841
0.81195 39.0961
0.877513 39.3144
0.78396 39.4384
0.870195 39.1328
0.75403 39.3778
0.835457 39.3128
0.725148 39.2634
0.808315 39.142
0.790724 39.2188
0.788367 39.2711
0.807485 39.353
0.749749 39.3159
0.80721 39.0976
0.733689 39.3996
0.787991 39.1435
0.689862 38.8848
0.761038 38.9226
0.739025 39.3856
0.749668 39.4571
0.742558 39.2974
0.739025 39.1757
0.757389 39.2542
0.768502 39.0823
0.787246 39.1911
0.778677 39.0335
0.776055 39.3376
0.767468 39.3128
0.771271 39.4073
0.821341 39.4384
0.770452 39.8883
0.797727 39.6385
0.767259 39.4882
0.746694 39.703
0.747223 39.8089
0.708145 39.3654
0.729173 39.0839
0.73263 39.165
0.73263 39.384
0.744838 39.2203
0.744838 39.3314
0.744838 39.2311
0.744838 39.5116
0.744838 39.1681
0.744838 39.3453
0.744838 39.2588
0.77457 39.6778
0.743525 39.4867
0.727272 39.5194
0.723654 39.7488
0.723654 39.9233
0.720051 39.5773
0.802649 39.9776
0.788416 40.5828
0.784391 40
0.812602 40.3242
0.82132 40.5778
0.857417 40.4776
0.839323 40.1429
0.824527 40.3031
0.859937 40.2317
0.873037 40.6141
0.883154 41.3565
0.84395 41.468
0.84395 41.606
0.871028 41.4989
0.83927 41.2558
0.825408 40.808
0.778716 40.3096
0.818441 40.2334
0.82073 40.3877
0.829497 40.2139
0.831792 40.256
0.828578 40.3177
0.815544 40.8197
0.751649 40.843
0.774669 40.1091
0.768922 40.2722
0.89419 40.3145
0.88638 40.4351
0.889567 40.18
0.866506 40.4122
0.83127 40.2755
0.894944 40.4547
0.843469 39.984
0.817998 40.1832
0.832768 40.4057
0.867487 40.3584
0.890767 40.2301
0.897635 40.2042
0.873748 40.7598
0.876199 41.088
0.878275 41.1252
0.814501 41.1658
0.927461 41.6389
0.828149 41.3924
0.767994 40.657
0.757757 41.0223
0.788738 40.9937
0.778262 41.0004
0.764862 41.1083
0.742351 41.132
0.816907 40.3112
0.797995 41.0172
0.770691 41.0273
0.819033 40.5252
0.819033 41.0779
0.811966 40.9769
0.782215 41.1777
0.817944 41.5162
0.817944 41.4921
0.80501 41.6164
0.807385 41.1709
0.810684 41.1862
0.796337 41.0004
0.760855 41.1083
0.803648 41.5179
0.795445 41.4628
0.795445 41.4662
0.793341 41.4302
0.789148 41.5904
0.793341 41.5524
0.788471 41.587
0.795445 41.5369
0.795445 41.4662
0.795445 41.4422
0.795445 41.266
0.795445 41.3189
0.795445 41.1455
0.793798 41.3548
0.787836 41.8778
0.77986 41.9006
0.77386 41.7066
0.77386 41.5334
0.77386 41.5783
0.77386 41.7885
0.77386 41.6112
0.77386 41.7119
0.77386 41.6719
0.77986 41.1777
0.787836 40.843
0.793798 41.5818
0.793798 41.6806
0.793798 41.6372
0.793798 41.4869
0.793798 41.5904
0.78082 40.7398
0.795445 40.9719
0.789277 41.0458
0.781032 41.0004
0.774833 41.0088
0.774833 40.828
0.774833 40.803
0.774833 40.1494
0.772745 40.9082
0.77386 41.4869
0.77386 41.6615
0.77386 41.9657
0.77386 41.6719
0.77386 41.6354
0.77386 39.1834
0.771856 41.1692
0.758264 41.3411
0.774833 40.7034
0.774833 40.94
0.776901 41.3445
0.778967 41.2269
0.783096 41.2201
0.778958 41.0661
0.787353 41.0122
0.720263 40.6042
0.720276 40.7398
0.7295 40.4744
0.735025 40.3177
0.742371 40.6058
0.716912 40.6918
0.704285 40.5778
0.679789 40.568
0.691583 40.7747
0.691583 40.818
0.703544 40.8781
0.691583 40.8047
0.668158 40.848
0.656688 40.0465
0.658379 40.4008
0.671623 40.5959
0.673353 40.6355
0.704285 40.873
0.729102 40.843
0.787538 39.9265
0.808504 40.7315
0.808493 40.5647
0.806373 39.6479
0.810572 39.6385
0.816907 39.874
0.821106 39.7519
0.823236 39.9361
0.823236 40.0192
0.772033 40.1768
0.778131 40.2787
0.772191 40.0465
0.774822 40.1849
0.797372 39.9281
0.797364 39.8533
0.802159 39.6149
0.827636 39.4867
0.859146 39.1435
0.887822 39.2943
0.876743 39.2526
0.84606 38.8515
0.833193 38.8018
0.836375 39.4058
0.84766 39.681
0.856331 39.9122
0.840647 39.9904
0.808438 40.3112
0.784942 40.5894
0.748483 40.6009
0.730922 40.4106
0.697059 40.5861
0.710381 40.6223
0.711641 40.657
0.73239 41.0796
0.852547 40.9082
0.828419 40.6653
0.817528 40.992
0.846058 41.1404
0.823366 40.9584
0.802168 40.987
0.840915 41.0055
0.864786 41.0627
0.795648 41.1828
0.773411 41.2218
0.777413 40.9752
0.762756 41.0576
0.799036 40.3828
0.847828 41.0492
0.866362 40.9567
0.861694 40.818
0.849279 40.8864
0.799272 40.6025
0.826892 40.1816
0.830016 40.2059
0.82868 40.0866
0.856815 40.3161
0.856751 40.6025
0.861584 40.6322
0.870626 40.863
0.875976 40.6009
0.882819 40.6207
0.866222 40.8513
0.850035 40.6124
0.831908 40.5894
0.812563 40.6256
0.810317 40.6967
0.790715 40.5696
0.822928 40.7997
0.832986 40.9584
0.835397 40.8497
0.857758 40.8831
0.874625 40.778
0.85791 40.7034
0.835192 40.7914
0.791607 41.0576
0.761978 41.0796
0.770064 41.1336
0.788322 41.1777
0.807048 41.2984
0.832316 41.3976
0.839859 40.9584
0.834189 40.7166
0.857209 40.8831
0.847932 40.5482
0.699966 40.798
0.716264 40.1623
0.719893 40.201
0.736695 40.7116
0.732956 40.3861
0.732956 40.9836
0.729234 40.7747
0.75795 40.6934
0.798167 41.0408
0.823464 40.863
0.808644 40.7598
0.794064 40.863
0.779716 40.868
0.777748 40.8965
0.792042 41.0273
0.788014 40.308
0.819028 40.8614
0.839877 40.8063
0.848703 40.808
0.891662 40.9853
0.862269 41.2371
0.824531 41.0694
0.84287 40.7814
0.827259 40.9266
0.813867 41.0172
0.813867 41.1049
0.813867 40.2641
0.81159 41.1946
0.805275 41.2712
0.801089 40.9853
0.796923 41.5041
0.788647 41.2916
0.780448 41.0981
0.772323 41.6476
0.772323 41.3736
0.774443 41.0796
0.79914 40.8147
0.809747 41.0509
0.816274 40.7531
0.827259 41.0021
0.833827 41.1489
0.832053 41.3104
0.825506 41.4113
0.829866 41.5127
0.829866 41.2201
0.788822 41.0458
0.809974 41.029
0.814265 40.8063
0.814671 40.9366
0.840928 40.5976
0.838706 40.2204
0.84099 40.2398
0.836533 40.6157
0.827682 40.6091
0.823289 40.7365
0.832097 40.5614
0.836533 40.2479
0.838069 39.9584
0.847717 40.7067
0.847686 40.6636
0.836502 41.0897
0.825123 40.6851
0.814188 40.9065
0.79938 40.9484
0.797228 41.3326
0.774608 41.4989
0.772606 41.0189
0.788987 40.5614
0.760545 41.056
0.776673 40.8413
0.780759 41.024
0.788987 40.8847
0.79313 40.563
0.797292 40.8013
0.79938 40.9484
0.79938 40.8513
0.809784 41.0796
0.786695 40.9417
0.801304 40.5351
0.801304 39.032
0.801304 40.823
0.801304 40.7034
0.787288 40.4367
0.804007 40.2609
0.789103 40.6058
0.789103 40.3307
0.789103 40.4253
0.789103 40.6686
0.78656 40.591
0.754878 40.6537
0.73288 40.7481
0.810051 40.95
0.788835 40.6984
0.793038 40.9333
0.780518 40.833
0.757183 40.8597
0.807141 40.9668
0.774813 41.0931
0.801504 40.7531
0.797261 40.8847
0.812294 40.8864
0.830365 40.591
0.846941 40.8831
0.746378 40.6141
0.7785 40.8047
0.80143 40.9165
0.860902 41.0711
0.887564 41.0779
0.887564 41.0998
0.756152 40.8147
0.784251 40.935
0.812759 40.778
0.847333 41.0391
0.864198 41.0678
0.868793 40.6603
0.852641 40.2901
0.814902 40.6289
0.814611 41.1506
0.81401 40.803
0.836286 40.6488
0.836286 40.715
0.836286 40.4482
0.804679 40.6388
0.763154 40.5729
0.794777 39.6526
0.784902 39.6291
0.75939 39.874
0.860042 40.0336
0.848489 40.3779
0.821903 39.9233
0.848579 40.2204
0.841493 40.2123
0.822395 40.3063
0.800078 39.9473
0.846406 39.8549
0.852791 39.4431
0.883367 39.6715
0.787862 39.8248
0.823378 39.984
0.846276 39.8947
0.858921 39.4976
0.87437 39.7488
0.830535 39.1374
0.746529 37.6818
0.780732 37.6279
0.784602 38.4438
0.800531 38.0431
0.804484 38.2263
0.858641 38.3539
0.872461 38.5282
0.802822 38.4615
0.841524 38.3436
0.86784 38.1883
0.882798 37.9752
0.869935 37.7915
0.853006 38.1679
0.832134 37.7686
0.878096 38.1403
0.888103 38.4527
0.843627 38.4143
0.832759 35.6405
0.829991 32.0133
0.820841 36.1533
0.817207 38.2132
0.794789 37.9766
0.826568 37.8515
0.831018 38.0575
0.793332 38.1025
0.842484 38.1986
0.856123 37.7658
0.859392 37.81
0.874222 37.7287
0.810145 37.8229
0.840154 37.9363
0.818118 38.0793
0.854337 37.2495
0.839449 37.2065
0.861675 37.3371
0.700688 37.456
0.728437 37.2481
0.760167 36.9836
0.79692 37.2662
0.835239 37.3511
0.841786 37.5206
0.834242 37.4056
0.821016 37.262
0.811627 37.4294
0.815391 37.3274
0.822965 37.1168
0.824868 37.2814
0.824868 37.463
0.824868 37.1706
0.799172 37.2495
0.827438 36.8148
0.825485 36.6972
0.807144 36.8582
0.762675 36.8161
0.802194 37.1195
0.783357 37.1872
0.779483 37.0083
0.781871 36.8243
0.808468 36.7255
0.770475 36.6946
0.809573 37.0261
0.824719 37.1292
0.817197 37.4448
0.81346 37.2079
0.791107 35.736
0.785751 36.9658
0.765548 35.7564
0.758853 36.6596
0.745687 36.9699
0.737428 36.7688
0.724596 36.6569
0.707526 36.7431
0.698699 36.8895
0.864419 36.6636
0.864419 36.5885
0.862475 36.4591
0.854737 36.6569
0.837088 36.4751
0.832451 36.365
0.81571 36.2582
0.813548 36.6287
0.813548 37.2662
0.813548 36.9317
0.813548 37.0727
0.813548 37.2912
0.813548 37.1512
0.822843 36.9809
0.795443 37.3874
0.855187 37.3706
0.776508 37.3246
0.833527 37.3622
0.838739 38.1098
0.82429 38.1388
0.819647 37.6903
0.828401 37.3176
0.821583 37.125
0.841058 37.0261
0.83452 37.2384
0.849794 37.1692
0.860707 37.1113
0.869431 37.0453
0.869431 37.1126
0.869431 37.07
0.869431 37.1706
0.869431 37.1927
0.869431 37.0851
0.869431 37.0083
0.814387 37.1692
0.830025 36.8813
0.83899 37.0151
0.830765 37.0659
0.846604 37.2675
0.846604 37.6932
0.846604 37.5883
0.846604 37.5686
0.846604 37.2745
0.849242 37.7117
0.838803 38.2629
0.842965 38.3068
0.84295 37.7401
0.842942 38.1127
0.838739 38.3245
0.810191 38.2292
0.783221 38.0764
0.799096 37.7929
0.789805 37.9219
0.812192 37.0727
0.816451 37.5714
0.816451 36.8378
0.816451 37.0521
0.816451 37.456
0.816451 36.9973
0.816451 37.3288
0.816451 37.4518
0.805126 37.4
0.80615 37.6676
0.793583 37.4336
0.819963 37.5714
0.870185 37.9032
0.84243 37.8573
0.868044 37.4546
0.868044 37.6974
0.868044 37.6861
0.861618 37.319
0.853042 37.5192
0.839831 37.7003
0.844456 37.6407
0.842308 37.3009
0.84016 37.5643
0.842942 37.7786
0.842942 38.1461
0.837297 38.345
0.820196 38.2643
0.842942 38.1199
0.842942 38.0865
0.824096 38.2526
0.819779 38.2702
0.787776 38.0373
0.736799 37.9219
0.787776 37.1443
0.8071 38.4069
0.806985 38.6742
0.811042 38.7267
0.789221 38.2175
0.836635 38.0416
0.853437 38.301
0.861731 38.2731
0.868044 38.0822
0.870185 38.0604
0.857546 38.2643
0.872274 37.9968
0.876451 38.6145
0.856608 38.8274
0.858702 38.8093
0.840488 38.4823
0.842532 38.9757
0.84864 38.7207
0.870185 38.6056
0.863352 38.9181
0.863352 39.2588
0.82841 38.9772
0.840592 38.8893
0.858573 39.4664
0.812416 39.1665
0.86126 39.0946
0.834842 38.8818
0.870185 39.0305
0.840993 39.0885
0.850896 38.4069
0.824962 38.7282
0.770453 38.3642
0.791056 39.1359
0.80621 39.3902
0.825705 38.7252
0.836651 38.8757
0.838739 39.1727
0.838739 39.2095
0.845043 39.3949
0.819827 39.3283
0.853042 38.7943
0.844456 38.8923
0.809924 38.8923
0.82357 38.8048
0.825104 39.2141
0.820797 39.1114
0.806246 38.8954
0.80818 39.1911
0.812276 39.4073
0.812176 39.1252
0.810019 38.9166
0.7994 39.3639
0.784838 39.5194
0.727359 39.3825
0.773894 38.9636
0.753191 39.2943
0.759995 39.5085
0.753733 39.6322
0.705932 40.0721
0.716099 40.0705
0.67653 40.2382
0.686267 39.8979
0.684113 40.3877
0.664553 40.6488
0.657023 40.6521
0.636919 40.6951
0.595665 41.0357
0.617927 40.4924
0.620985 41.0779
0.624075 40.619
0.626831 40.9702
0.610287 41.2014
0.565998 41.3633
0.594871 41.2712
0.601218 41.5024
0.586963 41.6268
0.565325 41.971
0.520495 42.0521
0.54638 41.7763
0.549784 41.7973
0.534324 42.6348
0.523812 42.5822
0.52668 41.5162
0.528126 42.8137
0.527767 42.5351
0.509175 42.3012
0.514861 43.0052
0.497948 42.8872
0.502693 42.8064
0.508614 42.9535
0.472955 43.5199
0.478512 42.0769
0.482767 43.5464
0.448073 43.305
