0.817444 46.3242
0.817444 47.081
0.726397 38.5832
0.817444 39.7046
0.614414 46.2856
0.726397 46.1702
0.726397 47.4879
0.817444 47.735
0.817444 47.9455
0.614414 47.8675
0.817444 47.7441
0.817444 47.9662
0.817444 47.808
0.777778 48.1626
0.777778 48.1162
0.777778 47.3149
0.764706 48.2672
0.578947 48.209
0.777778 48.0885
0.697595 48.1881
0.663609 48.1278
0.663609 47.9593
0.648953 47.9157
0.735593 47.8538
0.723519 47.8515
0.684211 48.0192
0.52014 47.934
0.726397 48.1974
0.732852 48.07
0.777778 47.7054
0.613008 47.6281
0.693291 48.1649
0.693291 48.1186
0.735593 47.9731
0.687273 47.9294
0.72973 46.8187
0.72973 46.2684
0.619672 47.1542
0.697595 46.0681
0.620795 46.4511
0.735593 47.5263
0.7 46.5333
0.65 47.5285
0.684211 47.1254
0.825095 45.9749
0.723519 47.5624
0.722222 47.4563
0.823529 46.6027
0.732026 47.4181
0.693291 47.1609
0.62536 46.0003
0.648953 46.5246
0.739437 47.3216
0.684211 46.365
0.777778 47.4699
0.684211 46.0236
0.684211 46.7683
0.724907 46.0024
0.777778 47.5828
0.777778 46.799
0.551839 46.9241
0.723519 47.6213
0.722222 47.3082
0.825095 46.9153
0.735593 47.1453
0.619672 46.117
0.619672 47.6417
0.825095 47.2077
0.646655 45.9517
0.646655 47.4181
0.732026 47.4158
0.732026 45.9137
0.693291 46.6461
0.692833 47.7031
0.613008 46.2342
0.613008 47.5624
0.777778 47.6213
0.684211 46.5333
0.613008 46.1042
0.524339 47.524
0.588406 46.3607
0.591281 47.6985
0.658824 47.4563
0.59893 46.9263
0.658824 47.4001
0.658824 46.2471
0.693291 47.576
0.693291 47.3037
0.723519 46.2877
0.723519 47.694
0.684211 47.5828
0.777778 46.8209
0.684211 47.3709
0.722222 47.5105
0.777778 46.1702
0.723519 46.9969
0.735593 47.533
0.645963 47.0323
0.658824 47.3732
0.658824 47.5217
0.62536 45.8674
0.62536 47.4068
0.62536 47.3149
0.62536 46.1617
0.562327 47.5579
0.620795 47.5715
0.611765 45.9517
0.735593 47.5919
0.684211 47.2612
0.777778 46.9351
0.723519 47.576
0.722222 47.5037
0.693291 46.4209
0.691358 47.4271
0.691358 47.6168
0.622222 46.2449
0.622222 47.5737
0.622222 46.5354
0.589474 46.2065
0.560724 45.9601
0.589474 47.0124
0.56 46.066
0.56 46.6832
0.56 47.4654
0.591281 45.7687
0.591281 47.5443
0.56 47.0013
0.589474 46.788
0.535885 47.5466
0.535885 47.2411
0.56 46.1915
0.56 47.5217
0.56 47.4091
0.533333 45.6913
0.533333 47.1565
0.56 47.3687
0.581006 45.8463
0.691358 47.5986
0.691358 47.5376
0.735593 46.0957
0.735593 46.3263
0.654971 47.5376
0.525253 45.4525
0.45614 47.4496
0.45367 47.3911
0.525253 46.2364
0.451656 47.201
0.526797 47.0743
0.589474 45.8421
0.535885 46.4145
0.535885 47.1143
0.589474 47.2367
0.589474 46.6092
0.589474 47.5014
0.473118 45.5042
0.451656 47.0079
0.58153 47.3037
0.581006 45.5726
0.654971 46.5224
0.451282 47.5489
0.611765 47.259
0.473118 46.9263
0.611765 47.3889
0.684211 47.3015
0.52381 46.4684
0.777778 47.5082
0.56051 42.5804
0.737589 46.7115
0.737589 43.0886
0.329412 45.66
0.637681 45.5436
0.533333 47.5082
0.62249 47.5692
0.4375 46.4511
0.266781 47.5964
0.655738 47.6554
0.553846 47.2612
0.467532 47.1498
0.105263 47.1587
0.09375 47.7464
0.166667 47.5783
0.028169 47.4924
0.028169 47.7464
0.0294118 44.1891
0 45.4938
0.830609 52.8681
0.598938 52.6316
0.598938 52.7315
0.401523 52.7482
0.769437 52.3259
0.609143 52.8067
0.590255 52.5569
0.487127 52.6732
0.343256 51.4986
0.609143 51.9886
0.420317 52.1757
0.452055 51.8135
0.309797 52.6427
0.256021 52.2166
0.323502 51.4615
0.323502 52.1812
0.257045 52.7732
0.257045 52.8989
0.242194 52.5928
0.334542 51.5863
0.313113 52.0996
0.313113 52.9073
0.211464 52.3095
0.289365 52.4356
0.391154 51.4748
0.280128 52.2985
0.211496 52.7037
0.211496 52.7621
0.0841122 52.9017
0.235053 51.2899
0.221053 51.725
0.207366 53.118
0.207366 52.843
0.205109 52.1186
0.353086 51.036
0.268364 51.8807
0.260193 52.8067
0.270512 52.7037
0.338016 52.9213
0.425631 51.0673
0.313113 51.8834
0.292362 52.9185
0.224631 52.7454
0.141471 53.0223
0.353474 51.6316
0.516649 52.5431
0.432099 52.9213
0.456238 52.8067
0.411314 52.9409
0.39759 51.9292
0.443763 52.7371
0.416838 52.9269
0.355996 52.8821
0.368524 52.7204
0.156069 52.1159
0.206651 52.2794
0.299233 52.3177
0.317607 52.8318
0.360374 52.203
0.341335 52.9801
0.175125 52.8318
0.175933 52.1648
0.132318 51.5597
0.0233877 50.4872
0.0711864 52.2166
0.12928 52.7343
0.121443 52.5901
0.178702 51.7411
0.0694904 52.222
0 51.4562
0.691489 46.9726
0.749775 46.6396
0.691906 47.1165
0.805014 47.1209
0.868852 46.0978
0.809524 47.2612
0.791045 47.0854
0.632458 46.8999
0.838313 47.019
0.835032 47.2791
0.62963 46.0554
0.358009 47.4631
0.596399 46.9021
0.734311 46.9528
0.505503 46.4706
0.672372 47.1654
0.837064 46.9065
0.808072 47.3664
0.86494 46.2406
0.86494 47.2679
0.808072 47.2545
0.808072 45.8358
0.651106 47.2992
0.614296 47.2478
0.785832 45.92
0.66641 46.9969
0.477322 45.9242
0.731646 47.4473
0.731646 47.2188
0.711129 46.0342
0.711129 47.3037
0.66641 47.2746
0.548902 46.3199
0.694323 47.2121
0.694323 46.9682
0.651482 46.0448
0.651482 47.3216
0.495327 45.9749
0.572566 46.9947
0.583039 47.4226
0.550173 46.1382
0.550173 47.3171
0.583039 46.9351
0.583039 46.6287
0.564424 47.3754
0.564424 47.1988
0.546961 46.7202
0.553488 47.0544
0.587413 46.0469
0.587413 47.3171
0.588585 45.4607
0.588585 47.3328
0.553488 47.2545
0.538284 47.152
0.588585 47.019
0.588585 47.297
0.530547 47.2858
0.545455 47.2947
0.545455 47.1498
0.530547 47.0146
0.545455 47.2166
0.530547 47.4091
0.530547 47.4608
0.530547 47.2389
0.530547 47.4024
0.529412 47.0323
0.515088 47.2456
0.472222 47.3776
0.48 47.1098
0.466667 46.8121
0.467422 46.8538
0.467422 47.061
0.48105 47.5195
0.48105 47.3238
0.514286 47.3664
0.514286 47.2992
0.514286 47.533
0.48 47.3956
0.48 47.0876
0.467422 47.1965
0.438441 47.1542
0.438441 47.4271
0.45 47.0234
0.4375 47.2813
0.4375 47.5489
0.4375 47.3709
0.415867 47.0124
0.438441 47.3821
0.438441 47.4113
0.454545 46.9065
0.430894 47.4271
0.430894 47.5896
0.454054 47.6599
0.454054 47.4473
0.454054 47.3418
0.454054 47.2478
0.454054 47.4676
0.442105 47.0124
0.414474 46.9903
0.403846 47.1476
0.403846 47.4271
0.430809 47.4316
0.442105 47.4631
0.430809 47.1409
0.414474 47.3934
0.414474 47.1254
0.464744 46.7924
0.441617 47.3642
0.441176 47.3261
0.46875 47.2612
0.46875 47.221
0.516667 46.9903
0.449275 47.3261
0.484375 47.1765
0.455882 46.8999
0.455882 47.0411
0.468998 47.2769
0.468998 47.4113
0.409015 47.3776
0.328597 47.1965
0.0532125 45.1121
0.0537374 47.2925
0.0481976 47.1876
0.0243902 47.6349
0.008 47.3799
0 47.1965
0.767442 41.6476
0.855782 41.7554
0.801361 41.4869
0.76 41.1506
0.648338 41.0223
0.80695 41.1066
0.675591 40.987
0.737536 41.3633
0.821596 41.4096
0.664036 41.1438
0.856423 41.3907
0.81323 41.1794
0.778882 41.2116
0.650986 40.945
0.710769 41.0038
0.828947 41.1641
0.693572 41.198
0.693572 41.2371
0.722714 41.0273
0.654391 40.9534
0.796923 41.1269
0.713499 41.3976
0.596316 40.9165
0.54603 41.1879
0.515789 41.1235
0.561822 41.1269
0.578555 38.1767
0.561822 41.3291
0.551523 40.9836
0.536909 41.0745
0.567063 41.1235
0.506494 41.249
0.493671 41.4233
0.493671 41.2729
0.447471 41.1963
0.485454 41.2235
0.434365 41.1336
0.437775 41.1658
0.402784 40.8597
0.402784 40.9417
0.452278 41.2967
0.438138 40.8931
0.443243 41.1929
0.395329 41.2439
0.401305 39.7852
0.367018 41.0172
0.417902 41.0576
0.367118 41.1929
0.362832 40.9417
0.356522 41.2558
0.354071 41.2303
0.356522 41.154
0.379489 40.9149
0.380805 40.9132
0.349776 41.0846
0.398591 40.7997
0.399571 41.0728
0.376939 41.1032
0.395003 40.5006
0.403567 40.3616
0.357039 40.9316
0.384487 40.8781
0.402185 40.7548
0.380997 40.568
0.394243 40.7282
0.373968 40.9199
0.38817 41.0458
0.418998 40.935
0.374943 40.7481
0.444757 40.4384
0.433763 40.7647
0.45382 40.6835
0.435636 40.3779
0.402675 40.6769
0.402643 40.7232
0.388989 40.6537
0.403022 39.7883
0.405405 40.6951
0.43514 40.4547
0.441667 40.5252
0.418033 40.5416
0.388609 40.4253
0.397816 40.6802
0.421348 40.563
0.413417 40.5564
0.438336 40.7681
0.448859 40.6488
0.401682 40.7232
0.405405 40.5351
0.416013 40.7
0.372079 40.5055
0.381608 35.3732
0.389429 40.122
0.435306 40.4662
0.433904 40.4744
0.416273 40.4531
0.40723 40.5022
0.416688 40.4367
0.397148 40.793
0.418405 40.5383
0.393548 40.4694
0.424235 40.4645
