0.897471 36.5925
0.861926 37.3051
0.848051 37.9809
0.831363 37.6081
0.814244 37.6534
0.791577 37.8286
0.782465 38.1228
0.786108 38.4763
0.774456 38.4645
0.769328 38.4971
0.697757 38.5015
0.729328 38.5698
0.716288 38.9545
0.738855 38.9727
0.796883 39.2311
0.821988 39.4337
0.814694 39.3685
0.836128 39.3716
0.844499 39.4368
0.806535 39.6542
0.771865 38.5892
0.75772 39.3949
0.75044 39.4446
0.740325 39.3035
0.706464 39.0442
0.730392 38.4261
0.722016 39.9568
0.69561 39.6448
0.784546 40
0.811443 40.6289
0.778341 40.2576
0.768875 40.6223
0.790355 40.404
0.76921 40.5449
0.764593 40.6719
0.790355 40.2512
0.779639 40.6223
0.774707 40.6471
0.748123 40.6174
0.778164 40.9651
0.706223 39.8105
0.692575 40.662
0.697149 40.7034
0.763161 40.1687
0.794862 40.8213
0.803802 40.987
0.793376 40.6141
0.825624 40.9819
0.781546 40.783
0.787076 40.8197
0.781546 40.9065
0.829681 41.1066
0.809051 41.029
0.767551 40.9316
0.748203 41.0172
0.745731 41.0408
0.733152 41.4182
0.680279 41.2371
0.782611 41.0829
0.692145 40.9651
0.802629 41.1879
0.786397 40.8563
0.783566 40.8664
0.798087 40.6174
0.818535 40.8313
0.777841 40.7266
0.791076 41.0998
0.802837 40.848
0.759459 41.0189
0.781055 40.9249
0.781055 40.9366
0.679056 40.7631
0.702119 40.7232
0.741577 40.6967
0.774946 40.7067
0.808354 40.7963
0.797337 40.7432
0.802811 40.3356
0.790356 40.5745
0.759147 40.5186
0.761639 40.2447
0.772901 40.3551
0.766864 38.7807
0.745764 39.8533
0.73941 39.8042
0.771293 39.6197
0.730792 39.7504
0.757311 39.8708
0.711343 39.4027
0.760246 39.4508
0.792364 39.6338
0.789244 39.2866
0.827865 39.228
0.832398 38.6698
0.810132 38.6742
0.785109 38.7597
0.767049 38.5579
0.775023 38.4926
0.754105 38.5208
0.728424 37.9809
0.725111 38.4704
0.70811 38.4069
0.738429 37.9752
0.75263 38.0619
0.80813 37.7572
0.8329 37.8043
0.85864 38.0662
0.846638 37.8903
0.852557 37.7786
0.874115 37.0769
0.833458 37.0329
0.839021 36.523
0.829201 36.2884
0.802869 36.527
0.784204 36.5484
0.782869 36.5257
0.764493 36.5738
0.776143 36.4325
0.802521 36.0347
0.816974 35.8461
0.869632 35.9609
0.897581 35.2373
0.875089 35.7935
0.813037 35.2386
0.797195 34.7826
0.801085 34.2372
0.860331 34.139
0.836113 34.009
0.812107 34.1204
0.80961 34.2618
0.805245 34.4851
0.798931 34.4566
0.796195 34.4471
0.802247 34.5054
0.850085 34.4199
0.877215 34.3808
0.817097 34.4353
0.815334 34.5089
0.796832 34.4911
0.727082 34.1693
0.773056 33.3233
0.782534 34.2642
0.802856 34.3796
0.844516 34.5841
0.846838 34.1472
0.859053 35.0877
0.821462 34.4685
0.812002 34.756
0.816585 34.8833
0.836337 35.4723
0.837513 35.9389
0.807169 35.7054
0.798988 35.6087
0.748758 35.8474
0.856003 35.7436
0.863371 36.2174
0.856693 36.4644
0.836983 36.6636
0.831187 36.8202
0.795439 36.9303
0.787549 37.0343
0.78842 37.0151
0.784242 36.9208
0.76988 37.3413
0.836994 37.0343
0.858649 37.5657
0.85295 37.6251
0.868387 37.6407
0.841436 37.6407
0.80872 37.7273
0.790472 37.7843
0.828161 37.9348
0.799687 37.5742
0.78609 37.679
0.819484 37.9161
0.783604 37.9521
0.782234 38.0344
0.775405 37.863
0.791 37.8831
0.801398 37.7045
0.83111 38.2044
0.822485 38.2234
0.834412 38.1359
0.78937 38.298
0.796723 38.1359
0.793404 38.1359
0.785987 38.0996
0.787392 38.2658
0.766027 38.4202
0.727868 38.2102
0.729836 38.3347
0.798776 38.4497
0.781559 38.4098
0.812779 38.4867
0.817506 38.2395
0.780441 38.613
0.763182 38.5297
0.870762 38.4763
0.865835 38.4763
0.836066 38.1898
0.763227 38.2629
0.750466 38.2234
0.776547 38.004
0.83292 38.2044
0.937598 37.6648
0.789653 37.8487
0.73415 37.7515
0.695417 37.6918
0.697345 38.1869
0.695569 38.0489
0.709512 38.1956
0.770788 37.733
0.421192 38.3024
0.347826 38.2746
0.22054 38.3362
0.232226 38.2
0.218343 38.0055
0.209541 38.2702
0.176086 37.9694
0.133826 37.9651
0.17931 37.515
0.141225 37.048
0.143528 36.5791
0.172666 36.7823
0.1736 36.2897
0.142667 35.9299
0.0522367 35.4333
0.135415 35.3932
0.185853 35.2262
0.15878 35.1272
0.157382 35.1161
0.0643965 35.163
0.0388151 35.2274
0.0142615 35.158
0.00246596 35.1519
0 34.9711
0.818126 44.8652
0.628339 45.0349
0.613965 44.8591
0.705374 44.829
0.823557 44.7427
0.786163 44.6907
0.716132 44.2439
0.6111 44.3518
0.566623 44.285
0.541733 43.9986
0.472212 43.8059
0.488344 44.3912
0.559115 43.5085
0.53055 44.1599
0.562562 43.8327
0.569453 43.9136
0.584945 44.2556
0.570108 43.8962
0.555139 44.2145
0.504762 43.8154
0.505241 43.9232
0.521637 44.0684
0.542337 43.4669
0.55592 44.0742
0.539093 44.0509
0.538462 44.1989
0.534682 44.1677
0.513193 44.3616
0.500363 44.3203
0.492362 44.3223
0.479284 43.7656
0.537488 44.0937
0.493214 43.8059
0.506844 44.1735
0.441118 43.9657
0.500165 43.9541
0.514738 44.1735
0.521886 43.9812
0.494881 43.6472
0.522064 43.8193
0.482506 43.7656
0.440282 44.1794
0.383254 43.9715
0.388346 44.1579
0.44901 44.0587
0.471141 44.1365
0.469841 44.2831
0.478211 44.1638
0.452145 44.5216
0.410284 44.3616
0.448315 44.1443
0.461276 44.2693
0.450158 44.5117
0.450158 44.3636
0.438125 44.3675
0.399361 44.5077
0.439974 44.9741
0.407521 44.9479
0.39959 44.601
0.398058 44.7588
0.411001 44.9762
0.376439 44.6708
0.399085 44.6588
0.357308 45.4628
0.403562 45.5789
0.396047 45.1875
0.386182 45.5311
0.420485 45.5768
0.404905 45.6038
0.416529 45.5913
0.414775 45.4133
0.402711 45.6142
0.383121 45.7185
0.400662 45.7143
0.428973 45.5622
0.418734 45.6038
0.395916 45.5789
0.358362 45.6704
0.409134 45.4339
0.440298 44.9802
0.408221 45.3391
0.427536 45.4256
0.371462 45.8043
0.437577 45.7771
0.427509 45.1162
0.426656 45.6475
0.40888 45.6392
0.416629 45.6329
0.418935 45.5125
0.42446 45.4814
0.438805 45.635
0.416101 45.7938
0.433824 45.21
0.444588 45.4236
0.468384 45.3844
0.45663 45.2878
0.446708 45.2858
0.426835 45.9517
0.439942 45.8526
0.430111 45.754
0.430056 45.8022
0.405405 45.8337
0.391554 45.1977
0.42006 45.8505
0.41965 45.8064
0.420273 45.8674
0.420074 45.6663
0.407143 46.134
0.395018 45.3865
0.460811 46.0511
0.388708 45.9876
0.416058 45.8358
0.397849 45.6142
0.423035 45.4752
0.435784 45.9728
0.384184 45.8589
0.359141 45.7813
0.368381 45.6704
0.387938 46.1127
0.346693 45.9664
0.366108 45.5851
0.368421 46.013
0.398643 45.9263
0.342614 46.0405
0.371507 45.5477
0.402254 46.0278
0.34309 45.7352
0.344501 46.2022
0.350569 46.0426
0.36177 46.0257
0.355049 46.1787
0.313531 45.9116
0.315873 45.7206
0.31821 45.9263
0.337756 45.9897
0.353357 45.529
0.372703 45.8695
0.353566 45.685
0.397849 45.5789
0.37751 45.4483
0.41568 45.4483
0.397032 45.61
0.439356 45.3741
0.456446 45.1264
0.445381 45.0268
0.437421 45.6663
0.372384 45.3494
0.377778 45.3165
0.351425 45.2653
0.379844 45.3145
0.418685 44.9924
0.401993 45.0593
0.404525 44.9984
0.430932 45.296
0.416804 44.7788
0.412612 44.405
0.447233 44.5633
0.455848 44.3754
0.452229 44.4701
0.449215 44.0354
0.43755 44.4385
0.421107 44.3951
0.422561 44.2615
0.428091 44.3439
0.464238 44.1677
0.412295 44.2165
0.475167 43.7733
0.451878 42.8651
0.43489 43.1835
0.430946 44.0121
0.441669 43.877
0.455848 43.852
0.46396 43.9638
0.47849 44.1599
0.459075 43.9618
0.472504 43.3482
0.448202 43.4802
0.482642 43.8712
0.51192 43.7216
0.482492 44.1891
0.449076 43.7101
0.483724 43.0052
0.492781 44.2282
0.497957 44.1404
0.476462 44.1638
0.488475 44.2458
0.489803 44.0354
0.477587 44.1482
0.500705 44.2517
0.500908 44.2537
0.485677 44.4583
0.46903 44.4721
0.454458 44.3734
0.463441 44.3872
0.494042 44.8873
0.500216 44.4464
0.51509 44.4267
0.490692 44.6768
0.48954 44.3597
0.497402 44.9135
0.466143 44.8069
0.47894 44.9559
0.462803 44.9924
0.491129 44.841
0.49004 45.2735
0.424495 44.9216
0.431617 45.2366
0.44974 45.0857
0.451477 44.8652
0.452642 45.296
0.477467 44.9519
0.483062 45.1325
0.455013 45.0288
0.432127 45.0167
0.432486 44.8209
0.441409 45.0653
0.433394 45.2591
0.446989 45.0106
0.452894 45.436
0.466376 44.9964
0.455931 45.4318
0.442882 44.8511
0.385557 45.4009
0.399619 45.5373
0.434599 45.3926
0.405858 45.66
0.439331 45.469
0.432815 44.5752
0.442188 45.333
0.443478 45.1182
0.402593 44.8069
0.464686 45.0816
0.449725 44.4326
0.452213 45.4298
0.463861 45.403
0.403125 45.4009
0.42514 45.5622
0.418327 45.3782
0.436071 45.5125
0.438017 45.0248
0.458515 45.4009
0.4601 45.2694
0.407959 45.1101
0.401774 45.4277
0.437448 45.3289
0.458255 44.8692
0.457627 45.2448
0.478569 45.4835
0.474365 44.9924
0.458263 44.8451
0.439609 45.2386
0.409751 45.2796
0.397869 45.4483
0.418493 45.3906
0.413279 45.4649
0.441193 44.8994
0.429202 45.041
0.407959 45.212
0.39284 45.0025
0.408572 44.8873
0.430222 45.3432
0.428939 45.045
0.446333 45.21
0.451909 45.2653
0.446135 45.1365
0.440032 45.0613
0.471329 44.827
