0.830024 38.2175
0.926761 26.9949
0.829856 30.3822
0.829856 36.539
0.90795 38.1505
0.90795 38.2804
0.813842 38.3951
0.862709 38.0344
0.842134 38.3848
0.873134 38.2936
0.873134 37.8759
0.876872 38.1534
0.876872 38.149
0.862709 38.2219
0.88015 38.1476
0.910948 38.1709
0.87607 38.1243
0.791246 37.863
0.837866 38.133
0.842134 38.2234
0.842134 37.1195
0.842134 37.5587
0.794858 38.2059
0.856663 38.2966
0.833421 38.2234
0.833421 38.298
0.794073 38.2351
0.763951 38.2336
0.801139 38.072
0.801139 38.0967
0.801139 37.8358
0.829684 38.1607
0.876872 38.3553
0.814042 38.2629
0.780088 38.0967
0.765222 38.2438
0.814591 38.3966
0.860517 38.1956
0.819058 38.3289
0.819058 38.2468
0.78141 38.0113
0.78141 38.1942
0.78141 38.0865
0.802653 38.2717
0.799028 38.0822
0.876086 37.9535
0.876086 38.4379
0.924252 38.1112
0.904587 38.432
0.763806 38.2555
0.884874 38.2088
0.85213 38.2409
0.870886 38.2161
0.821319 38.5075
0.821319 38.5193
0.821319 38.184
0.729666 38.3583
0.752472 38.4556
0.869565 38.432
0.870886 38.1388
0.808561 38.2892
0.808561 38.1738
0.769231 38.3421
0.82593 38.3509
0.824242 38.549
0.804089 38.1505
0.85213 38.4586
0.899729 38.0373
0.848761 37.9449
0.804697 38.3671
0.834171 38.5669
0.809639 38.2834
0.792363 38.2234
0.809639 38.1185
0.718044 38.2746
0.764982 38.2263
0.729003 38.2307
0.770642 37.8201
0.809639 38.1577
0.792363 38.3362
0.834171 38.0894
0.900804 38.2059
0.877857 38.1388
0.739244 38.2205
0.84 37.393
0.87358 38.0604
0.873472 38.0228
0.793195 38.1199
0.671257 38.0127
0.716291 38.4039
0.721461 38.2395
0.721461 37.9507
0.689204 38.1141
0.689204 37.7501
0.734602 38.2629
0.734602 38.1709
0.808878 38.165
0.833333 38.2482
0.775401 38.1534
0.854417 38.0952
0.799293 37.9291
0.779349 38.1636
0.850291 38.4497
0.799293 38.4394
0.819209 38.4054
0.875706 38.1942
0.757535 38.0199
0.809779 38.238
0.809779 38.2395
0.809779 38.3686
0.858322 38.3289
0.809779 38.2292
0.858322 38.3274
0.809779 38.1825
0.683657 38.1141
0.894893 38.4084
0.837158 38.3656
0.837158 38.3112
0.832317 38.4837
0.740319 38.2907
0.698925 38.3421
0.890706 38.3156
0.838528 38.3995
0.699294 38.398
0.66443 38.4675
0.756385 38.1069
0.756385 38.1403
0.722543 38.3289
0.722543 38.3715
0.77381 38.3127
0.722543 38.1869
0.729207 38.3068
0.699294 38.4689
0.781285 38.4675
0.846154 38.345
0.652667 38.4571
0.717656 38.4246
0.787966 38.3818
0.768421 38.5981
0.787966 38.5743
0.846154 38.6026
0.909402 38.2922
0.849338 38.1461
0.888981 38.0532
0.888981 38.4275
0.888981 38.2438
0.888981 38.1869
0.888981 38.3774
0.88547 37.7915
0.88547 37.6974
0.722092 38.4675
0.807456 38.2234
0.827672 38.32
0.88547 38.3583
0.561333 38.3745
0.802198 38.5817
0.866558 38.2746
0.757094 38.2687
0.760171 37.978
0.716672 37.7316
0.724138 38.1519
0.724138 37.896
0.724138 38.4734
0.706485 38.3612
0.693069 38.4941
0.685279 38.5713
0.619835 38.4793
0.793103 38.4763
0.808383 38.5609
0.706215 38.4246
0.859873 38.345
0.859873 38.5966
0.859873 38.2863
0.859873 38.5743
0.859873 38.4527
0.837303 38.2497
0.837303 38.219
0.841463 38.2717
0.864198 38.3627
0.813953 38.4453
0.706215 38.3362
0.600614 38.1913
0.836066 38.2117
0.836066 38.546
0.670669 38.3642
0.830827 38.398
0.752051 38.5342
0.744361 38.1461
0.721804 38.3024
0.721804 38.3494
0.744361 38.4364
0.691887 38.1577
0.691887 38.0836
0.744361 38.4852
0.744361 38.3406
0.709372 38.3112
0.766122 38.3612
0.732171 38.2278
