0.965107 45.5602
0.965107 45.4009
0.965107 42.1799
0.894251 42.6967
0.839162 42.9461
0.827623 43.7063
0.850029 43.5787
0.851312 43.6777
0.896536 43.4934
0.898743 43.1648
0.861613 43.7292
0.861613 43.611
0.837727 43.4839
0.821645 43.6987
0.821645 43.8001
0.821645 43.8885
0.821301 43.875
0.821301 43.8116
0.813327 43.9174
0.805757 43.7713
0.798041 43.7445
0.783045 43.8673
0.758436 43.7292
0.744646 43.8673
0.779281 43.5388
0.837727 43.7311
0.860234 43.8789
0.860234 43.9174
0.84701 43.4953
0.892385 43.4197
0.862553 43.5218
0.816689 43.4877
0.816689 43.5749
0.806175 43.5578
0.776543 43.2489
0.790984 43.2825
0.862194 43.6319
0.915198 43.5294
0.940693 43.4953
0.876125 43.4688
0.838143 43.4084
0.846661 43.4915
0.87308 43.3821
0.876501 43.4405
0.843809 43.3576
0.843809 43.3294
0.843809 43.352
0.843809 43.3745
0.843809 43.4631
0.843809 43.1481
0.843809 42.7405
0.888296 43.3595
0.860928 43.367
0.789918 43.4103
0.783377 43.3783
0.784675 42.7716
0.86856 43.1555
0.852249 43.0626
0.811216 43.2376
0.797824 43.1295
0.827179 43.2077
0.803507 42.9886
0.78985 42.9498
0.83034 43.0867
0.829881 43.1127
0.824847 43.083
0.824847 43.2302
0.852005 43.0812
0.852005 42.959
0.852005 43.0182
0.852005 43.0552
0.760206 43.0293
0.764745 43.4103
0.783779 43.3144
0.783779 43.3182
0.783779 43.4292
0.783779 43.3313
0.783779 43.3971
0.813724 43.176
0.847741 43.2059
0.864696 43.0422
0.900725 43.2339
0.915982 43.1704
0.897873 43.1034
0.905758 43.4499
0.926285 43.4934
0.919908 43.3651
0.905701 43.4009
0.90411 42.9923
0.886011 43.3501
0.905701 43.4443
0.858893 43.4235
0.820337 43.4556
0.87007 43.5692
0.852365 43.592
0.776112 43.4858
0.792758 43.4688
0.835894 43.4329
0.822729 43.3501
0.807781 43.6205
0.807781 43.4197
0.808349 43.4783
0.816167 43.4405
0.875907 43.3313
0.833308 43.4707
0.837235 43.5616
0.847352 43.4028
0.820339 43.204
0.898255 43.3351
0.827962 43.3163
0.905988 43.4575
0.859409 43.5502
0.822554 43.3651
0.787284 43.0886
0.91873 43.0663
0.821434 43.2769
0.761708 42.4538
0.777346 42.8964
0.79163 43.1351
0.748557 43.0496
0.806146 43.4424
0.777346 43.5673
0.838898 43.4405
0.777346 43.501
0.802689 42.9295
0.760179 43.4537
0.801407 43.4443
0.819248 43.2601
0.821699 43.7618
0.844153 43.2208
0.847634 43.4028
0.866773 43.4424
0.839924 43.3971
0.867053 43.3445
0.882974 43.1369
0.844562 43.535
0.855659 43.3934
0.778231 43.3877
0.863732 43.4424
0.808286 43.3163
0.823132 43.1928
0.800896 43.2582
0.772309 43.1593
0.786608 43.4972
0.77886 43.2994
0.837418 43.4537
0.814934 43.4688
0.814934 43.6662
0.829624 43.4953
0.829624 43.5616
0.829632 43.4953
0.829624 43.5825
0.837058 43.4461
0.855659 43.5597
0.835208 43.4273
0.874476 43.3557
0.869606 43.4556
0.875106 43.465
0.875106 43.4518
0.828377 43.4858
0.809969 43.5996
0.803229 43.4575
0.825397 43.5085
0.779435 43.6319
0.751314 43.7082
0.758974 43.8174
0.780793 43.4764
0.786581 43.4934
0.842333 43.5369
0.826271 43.5901
0.80148 43.6815
0.810811 43.3351
0.862966 43.501
0.874725 43.3369
0.871435 43.3708
0.851574 43.6853
0.881396 43.8462
0.888538 43.8558
0.882006 43.1593
0.865651 43.3125
0.897133 43.5028
0.879836 43.6567
0.899024 43.6853
0.881681 43.7848
0.864477 43.7464
0.855856 43.7369
0.855856 43.7006
0.864477 43.8116
0.802953 42.8156
0.802945 43.6034
0.851715 43.6872
0.851621 43.779
0.881396 43.8616
0.881396 43.4009
0.881396 43.7503
0.881071 43.6948
0.90339 43.7407
0.830719 43.8481
0.844242 43.7905
0.828095 43.3651
0.848136 43.4877
0.795529 43.1183
0.810461 43.3257
0.859827 43.5559
0.881396 42.9997
0.881396 43.3032
0.831659 43.4537
0.839607 43.4858
0.872887 43.2208
0.881396 43.5369
0.854733 43.2863
0.871483 43.2657
0.74013 42.8614
0.773871 43.2096
0.826296 43.1239
0.835535 43.3069
0.855244 43.3633
0.897232 43.2975
0.881396 43.29
0.818734 43.1127
0.884026 43.3013
0.859827 43.1891
0.859827 43.0385
0.854733 43.2694
0.905907 43.204
0.905907 43.2227
0.832772 43.0812
0.885961 42.9203
0.914752 43.247
0.842074 43.3407
0.853681 42.9166
0.917372 43.2676
0.864477 43.4367
0.899603 42.517
0.844947 43.1704
0.822315 43.0552
0.89693 42.9941
0.812999 42.8376
0.89355 43.3032
0.832198 43.204
0.864696 42.0751
0.832198 43.0942
0.857209 41.7676
0.848304 43.2582
0.844251 43.3595
0.876752 43.0163
0.879364 43.1369
0.88056 43.4424
0.820098 42.8964
0.895458 42.9332
0.839793 43.2844
0.871036 43.1016
0.812751 43.2526
0.871043 42.9092
0.839793 43.305
0.831574 43.4197
0.872093 43.3727
0.796884 42.8504
0.872771 43.2732
0.840161 43.1593
0.781351 43.2489
0.881381 43.0812
0.827158 43.2171
0.788488 43.2115
0.921826 42.8798
0.811901 43.2957
0.761543 43.1444
0.874602 43.232
0.84558 43.1313
0.9022 42.996
0.885762 43.0589
0.887166 42.8229
0.815611 42.8064
0.853184 43.0997
0.887613 42.8394
0.864696 43.1611
0.800813 43.2844
0.832198 43.29
0.799145 43.2358
0.864327 42.9664
0.808883 43.1686
0.81639 42.7022
0.816776 43.4764
0.80113 43.3708
0.793712 43.4594
0.824498 43.8673
0.786431 43.7848
0.824524 43.4877
0.828431 43.6815
0.840473 43.3727
0.764192 43.5996
0.770771 43.0015
0.784238 43.2957
0.847911 43.5692
0.83585 43.5407
0.842936 43.0552
0.819064 43.4594
0.782228 43.573
0.808961 43.5085
0.847733 43.5483
0.798526 43.4386
0.844156 42.8706
0.803073 43.4367
0.81761 43.399
0.802668 43.4424
0.802469 43.3595
0.802469 43.2863
0.802469 43.4972
0.802469 43.4575
0.795107 43.5294
0.824825 43.4934
0.81746 43.6758
0.810226 43.5332
0.839821 43.5692
0.821155 43.4141
0.854671 43.5161
0.858093 43.3351
0.81787 43.2882
0.855113 43.262
0.825203 43.262
0.777147 43.5104
0.753906 43.5237
0.802469 43.3971
0.802469 43.6338
0.817724 43.1593
0.780781 43.535
0.81746 43.573
0.818024 43.4311
0.839807 43.3858
0.789272 43.5939
0.789272 43.5882
0.826764 43.501
0.878282 43.3952
0.897893 43.3877
0.870745 43.2676
0.890108 43.2376
0.878282 43.2788
0.840253 43.2077
0.878282 43.3539
0.804513 42.613
0.889423 43.3107
0.796304 43.1798
0.854934 42.9738
0.821605 43.3069
0.859596 42.9572
0.870745 43.1481
0.833341 42.996
0.892577 42.8596
0.870853 43.2938
0.870853 43.2788
0.881772 43.1909
0.892944 42.9406
0.854869 43.0034
0.892944 43.033
0.854869 43.083
0.892944 43.0367
0.912574 43.2657
0.840293 42.6876
0.865214 43.0533
0.804555 43.1779
0.833037 43.2601
0.829376 43.2638
0.819446 43.2863
0.763057 43.4122
0.811611 43.232
0.769204 42.9904
0.759587 43.0923
0.783874 43.2171
0.854671 43.1258
0.866427 42.9332
0.805625 41.5334
0.763234 42.7789
0.793664 42.996
0.800353 42.7588
0.794153 42.9572
0.844315 42.9886
0.899244 42.8192
0.815346 42.3012
0.82124 42.7917
0.819649 42.7734
0.823865 42.7259
0.836813 42.6712
0.729989 42.7771
0.741637 42.7551
0.817518 42.9978
0.7103 42.9037
0.774618 42.983
0.824067 42.4989
0.804513 42.5315
0.847176 42.6985
0.868977 42.7077
0.767056 42.2708
0.802121 42.7936
0.874215 42.9664
0.87982 42.8027
0.829765 42.5206
0.887103 42.7387
0.884958 42.7606
0.830812 42.6821
0.861226 42.5604
0.797176 42.6403
0.788018 42.6512
0.759492 42.3783
0.774636 42.633
0.746675 42.1727
0.761453 42.4052
0.774636 42.4358
0.759492 42.6203
0.788018 42.1301
0.742254 42.5767
0.695872 42.633
0.813953 42.6348
0.810658 42.452
0.838326 42.7899
0.803507 42.5731
0.776528 42.5985
0.793651 42.4466
0.750865 42.7716
0.716026 42.5767
0.722073 42.2119
0.733333 42.6931
0.709787 42.6367
0.675655 42.8192
0.675643 42.6239
0.751512 42.9756
0.727731 42.9129
0.710807 42.7899
0.722872 42.6185
0.765331 43.0385
0.740085 42.9627
0.727731 42.6749
0.727731 42.935
0.728685 42.7844
0.752285 42.8706
0.758639 40.9685
0.781761 41.5231
0.7753 42.684
0.768945 42.5622
0.781761 42.5405
0.782831 42.8761
0.771003 42.7716
0.787677 42.5677
0.804646 42.7826
0.805015 42.6858
0.837064 42.9221
0.716119 42.6658
0.644923 40.6901
0.675626 40.3584
0.614462 42.5967
0.669983 42.7478
0.64261 42.2869
0.633929 42.8596
0.698677 42.9221
0.628783 42.3908
0.640426 41.934
0.623024 42.7515
0.669834 42.7259
0.733457 42.7077
0.772278 42.6221
0.770074 42.328
0.628636 42.3855
0.638681 42.7259
0.655461 42.6494
0.635204 42.5152
0.637121 42.4665
0.641962 42.8064
0.59554 42.6803
0.592358 42.3263
0.640712 42.8064
0.673791 42.398
0.789263 40.6075
0.772245 39.2542
0.75924 42.0769
0.786746 42.6858
0.815829 42.6185
0.806083 42.6494
0.827652 42.5188
0.783123 42.7077
0.802246 42.7972
0.795011 42.9129
0.758836 42.5044
0.802269 42.6512
0.734368 42.8835
0.759108 42.6203
0.734857 42.7387
0.760111 42.7734
0.735109 42.9037
0.710807 42.889
0.735109 42.6239
0.722872 42.7881
0.710397 42.7972
0.772885 42.7954
0.747521 42.3926
0.747521 43.2021
0.791321 43.2171
0.751885 43.3727
0.740518 43.305
0.762362 43.416
0.768107 41.8866
0.781627 41.5559
0.773273 42.9166
0.807132 43.1518
0.800066 43.3276
0.74944 43.1481
0.761827 42.9609
0.845829 43.1872
0.729552 43.3238
0.817097 43.1295
0.730393 43.4934
0.762908 43.7426
0.769669 43.7082
0.760374 43.6453
0.750735 43.8404
0.763282 43.8866
0.790554 43.7484
0.754527 43.1295
0.72715 43.7197
0.770498 43.7733
0.778642 43.1555
0.761789 43.1295
0.776483 43.4707
0.831418 43.5635
0.870796 43.2807
0.86381 43.5047
0.8839 43.3952
0.905878 43.6243
0.917927 43.5066
0.832905 42.7899
0.921444 43.1518
0.796844 43.4783
0.775401 43.1854
0.796406 43.2133
0.873086 43.592
0.873812 43.2507
0.854334 43.4669
0.838093 43.2676
0.848004 43.5028
0.806167 43.4235
0.812786 43.6414
0.824887 43.7101
0.787557 43.4669
0.787557 43.3595
0.814734 43.4972
0.828092 43.3802
0.8839 43.5825
0.872673 43.1109
0.877896 43.4764
0.844795 43.4518
0.772453 42.9867
0.7622 43.3257
0.779925 43.2227
0.740917 43.4084
0.755081 43.1258
0.766337 43.465
0.81645 43.2657
0.77093 43.367
0.836797 43.3088
0.790774 43.4197
0.782893 43.3896
0.886551 43.1127
0.824887 42.7332
0.805393 43.4839
0.850637 42.4466
0.791768 42.3191
0.774221 43.2957
0.86388 43.6815
0.824887 43.4216
0.89492 43.1183
0.874463 43.367
0.887446 43.3915
0.818281 43.2657
0.803335 42.9037
0.775124 43.3107
0.782066 43.3839
0.68968 42.5786
0.682313 43.1351
0.755104 43.2526
0.801206 43.0404
0.887375 43.0904
0.888141 43.3482
0.883854 43.2882
0.872463 43.2264
0.896021 42.8982
0.900098 43.4065
0.923654 43.0071
0.944296 43.1313
0.944296 43.3539
0.84529 43.3877
0.867704 43.4367
0.867704 42.983
0.834033 43.3369
0.847981 42.9
0.865758 43.0682
0.780137 42.7826
0.799237 43.1574
0.849057 42.9609
0.833406 42.9664
0.816584 43.0867
0.78385 42.9627
0.816584 43.1518
0.78484 42.9664
0.823755 43.3501
0.764575 43.4009
0.741345 42.613
0.792708 43.3369
0.79028 43.4273
0.778986 43.2994
0.74991 43.2638
0.764085 43.4292
0.725753 43.4688
0.704599 43.367
0.650728 43.5294
0.650728 43.5313
0.621622 43.0515
0.661538 43.1369
0.677242 43.3294
0.682848 43.176
0.667585 43.0571
0.701493 43.0441
0.724874 43.096
0.742836 43.122
0.754765 43.1872
0.735541 43.1034
0.760353 42.4809
0.772299 43.2882
0.759539 43.1518
0.734564 41.4577
0.734479 43.033
0.731728 43.0256
0.733908 43.2189
0.75265 43.2694
0.751504 43.4367
0.788249 43.0867
0.75876 43.2208
0.787036 42.5116
0.785391 43.1351
0.815525 43.033
0.7454 42.7789
0.770081 42.9923
0.869468 43.1891
0.822965 42.5514
0.843507 43.2844
0.864555 42.8467
0.864555 42.4376
0.82902 42.5532
0.902716 43.3915
0.749767 43.1779
0.773283 43.3276
0.773242 43.4537
0.829643 43.1947
0.852871 43.5483
0.855397 43.3689
0.782461 43.5161
0.777694 43.4669
0.81083 43.1499
0.821643 43.573
0.791449 43.7503
0.709516 43.3088
0.763627 42.9646
0.719517 43.1239
0.815837 43.3069
0.689367 43.2975
0.864555 42.9904
0.845909 43.2003
0.834488 43.3557
0.860689 43.2227
0.749233 43.3821
0.845909 43.3032
0.736781 43.2432
0.768308 42.8578
0.895624 43.1555
0.721195 43.2171
0.864555 42.9498
0.697538 43.1072
0.664698 43.1593
0.82902 43.2115
0.761865 43.1593
0.768308 43.2283
0.789864 42.9867
0.757132 42.8964
0.837161 42.8743
0.739015 43.07
0.757132 43.0219
0.803238 42.9
0.742474 42.3801
0.770544 42.9056
0.757132 43.1146
0.870506 42.8504
0.766346 43.1798
0.860153 43.0404
0.714515 42.8908
0.770044 42.9295
0.701781 43.3182
0.719521 43.3369
0.775535 43.3032
0.722147 43.5768
0.747774 43.4216
0.793195 43.3313
0.761083 43.6243
0.747774 43.2994
0.774176 43.3708
0.762583 43.4499
0.790835 43.3934
0.73451 43.29
0.807463 43.3369
0.72594 43.2283
0.705316 43.1854
0.807631 42.878
0.790249 43.1053
0.710326 43.0237
0.791897 43.1276
0.732505 43.0034
0.826415 42.9314
0.712032 43.1555
0.790614 42.9719
0.735052 43.2807
0.785211 43.0942
0.717961 43.2021
0.765571 42.9664
0.777889 43.0737
0.751783 42.8633
0.78897 42.996
0.803047 42.7972
0.824955 43.1928
0.766232 43.1667
0.818441 43.1258
0.830881 42.9221
0.778337 43.0459
0.790379 43.1723
0.823741 43.2432
0.753423 42.9627
0.795551 43.1332
0.741441 43.1369
0.790379 42.6076
0.777889 43.0942
0.776594 43.0034
0.707753 43.083
0.708352 43.2208
0.687836 42.9258
0.658293 43.0496
0.639672 42.9664
0.64016 43.1481
0.645794 43.1499
0.646359 42.9572
0.646359 42.983
0.636519 43.0682
0.636519 42.9479
0.652673 43.0942
0.68078 43.0533
0.687897 43.0182
0.709323 42.8669
0.685267 42.9719
0.721005 43.0237
0.694072 42.4538
0.712726 42.1994
0.742672 42.4484
0.685566 42.8982
0.677936 43.0849
0.674734 42.8945
0.712373 42.8174
0.799746 42.8284
0.760358 42.9719
0.827062 42.9056
0.814251 42.8835
0.75072 42.8725
0.76465 42.7497
0.774809 42.9812
0.723048 42.9572
0.842569 43.1239
0.799854 43.2208
0.786802 43.0589
0.74362 43.0663
0.777099 43.0942
0.770042 42.6003
0.856046 42.9479
0.819445 43.0737
0.813098 42.8302
0.801724 42.7826
0.765686 43.0459
0.817467 42.3334
0.791087 42.7679
0.79018 42.6712
0.784579 42.5062
0.740057 42.8266
0.813253 42.8596
0.760471 42.6257
0.730797 43.0589
0.674714 42.8614
0.621081 42.6712
0.673674 42.1408
0.678689 42.8596
0.678834 42.7917
0.712866 42.9461
0.712866 42.9406
0.701369 42.7625
0.684893 42.6985
0.703777 42.4088
0.727214 42.8431
