0.915688 44.4642
0.879538 45.9749
0.82 34.9186
0.82 40.3177
0.82 42.1763
0.82 43.9271
0.82 45.0552
0.82 45.6663
0.82 45.683
0.82 45.4752
0.82 45.529
0.82 45.635
0.82 45.6746
0.863717 45.66
0.850615 45.6809
0.850615 45.8253
0.868712 45.7624
0.835493 45.8947
0.681509 45.3535
0.75 45.3782
0.75 45.6225
0.772727 45.3535
0.796053 45.4794
0.82 45.6433
0.863717 45.6997
0.863717 45.7436
0.863717 45.6767
0.863717 45.5581
0.850615 45.6371
0.850615 45.6184
0.850615 45.7603
0.723077 45.6538
0.794122 45.8106
0.8 45.7457
0.8 45.6038
0.8 45.6038
0.824957 45.4752
0.744641 45.0796
0.789431 45.4669
0.731272 45.1671
0.622481 45.4174
0.790722 45.3083
0.766752 45.2182
0.772727 45.3926
0.723077 42.0911
0.723077 43.5901
0.727848 44.154
0.775717 45.2202
0.775717 45.5145
0.685185 45.405
0.727848 45.7101
0.811092 45.7624
0.744568 45.3371
0.808436 45.5498
0.702532 45.2919
0.724359 45.043
0.652621 45.3659
0.680381 45.2223
0.688674 45.0126
0.697172 45.1712
0.697172 45.0086
0.766667 45.1712
0.716831 44.9115
0.636589 45.1692
0.636589 45.0877
0.636589 45.045
0.676486 45.1304
0.761529 45.1528
0.718376 43.9097
0.765419 44.6389
0.76835 45.1019
0.671316 45.0958
0.749619 44.9863
0.643836 44.8531
0.685552 44.833
0.685552 44.9539
0.661818 44.9035
0.72855 45.0308
0.711142 44.96
0.796053 45.0796
0.776806 45.1569
0.817568 45.104
0.721851 45.1916
0.752768 44.6429
0.666667 45.1549
0.706231 45.045
0.716418 44.5971
0.763926 44.7427
0.752768 45.2182
0.763926 45.0025
0.752768 45.0755
0.763926 45.0532
0.686217 44.8773
0.706231 45.0025
0.686217 44.8229
0.730869 44.7407
0.688674 44.8451
0.730869 45.0045
0.774332 45.0308
0.733766 45.1549
0.729321 45.0775
0.648488 45.0572
0.688674 45.0694
0.709512 44.833
0.688674 44.4879
0.709512 44.8531
0.688674 45.1569
0.709512 45.0918
0.78 44.4188
0.711538 43.4726
0.711538 44.1969
0.612791 44.0781
0.668402 44.9741
0.662069 44.9721
0.736486 45.0146
0.629964 45.0491
0.688674 44.1521
0.661155 45.1182
0.700964 44.7387
0.652062 44.6528
0.663402 44.5573
0.59981 45.0207
0.627216 45.0979
0.610242 45.0714
0.610242 44.7227
0.593618 43.9425
0.610242 44.9196
0.559735 44.8752
0.627216 44.9378
0.627216 44.5891
0.705422 45.0187
0.667176 44.7507
0.667176 45.0694
0.64869 44.8914
0.561379 44.7668
0.619003 44.837
0.66289 44.9822
0.709178 44.8813
0.729795 45.0146
0.666086 44.9519
0.709178 44.9297
0.685274 44.964
0.70491 45.0572
0.776637 44.8571
0.797736 44.4247
0.729164 45.045
0.766871 44.8009
0.871234 43.4915
0.871234 44.8752
0.821178 44.9135
0.815222 44.4563
0.786648 44.4089
0.729382 44.8974
0.729382 44.9539
0.729382 44.9216
0.775336 44.9176
0.671774 44.9055
0.729382 45.0999
0.749477 45.0065
0.797281 45.0877
0.796085 45.0593
0.712603 45.1406
0.733015 45.1162
0.779468 44.9741
0.617881 44.5732
0.685727 44.7007
0.744747 44.8069
0.711181 44.835
0.78024 44.9337
0.753425 44.8934
0.803457 44.9438
0.778816 44.9297
0.853315 44.3892
0.827111 44.9883
0.865952 45.0288
0.741274 44.7227
0.865672 44.5991
0.89295 45.1101
0.90642 45.3042
0.799231 45.1284
0.825047 45.0755
0.851615 44.9559
0.851615 45.0857
0.863874 45.1365
0.891512 44.7327
0.892675 44.8994
0.860927 45.0593
0.829082 45.108
0.797138 44.7367
0.797138 44.9539
0.797138 45.1101
0.797138 45.1732
0.797138 45.1977
0.678238 45.1896
0.71487 44.8089
0.71487 44.962
0.763841 44.829
0.763841 45.1937
0.763841 45.0714
0.811966 44.7247
0.790109 44.9458
0.752018 44.9944
0.772686 44.9721
0.779718 45.1732
0.758461 44.9964
0.758461 44.9883
0.737705 45.0735
0.737705 44.9539
0.737705 44.9014
0.737705 44.7948
0.737705 44.9661
0.737705 45.0694
0.737705 44.9055
0.767629 44.8652
0.812274 44.5772
0.82297 45.039
0.82297 44.96
0.82297 44.9782
0.671193 45.0126
0.690867 44.619
0.710078 44.7888
0.710078 44.8652
0.690867 44.7848
0.760563 44.8511
0.77426 44.3754
0.728461 44.2772
0.752549 45.0694
0.752549 44.7648
0.728461 44.7307
0.752549 44.3971
0.752549 44.8612
0.752549 44.8813
0.77426 44.4286
0.77426 44.5673
0.77426 44.3892
0.773035 44.9782
0.751025 44.3656
0.652551 44.605
0.72973 43.875
0.750164 44.4129
0.753081 44.9277
0.788108 44.6508
0.790554 44.7588
0.755931 44.7588
0.753081 44.6887
0.718054 44.9216
0.718054 44.8049
0.783972 44.8813
0.809802 45.0511
0.786282 45.0816
0.719275 45.045
0.740313 44.4543
0.743452 44.4701
0.789259 44.2145
0.690078 44.7608
0.749846 44.8692
0.752594 44.8551
0.805462 44.8692
0.805462 44.8511
0.795279 44.486
0.775253 44.6369
0.772718 44.7608
0.730621 44.7728
0.747036 44.7447
0.755523 45.108
0.713335 44.7788
0.702101 43.6948
0.713335 44.2478
0.735802 44.5335
0.747036 44.4939
0.747036 44.5414
0.747036 43.9213
0.747036 43.8059
0.727628 44.3675
0.688266 44.1306
0.787189 44.236
0.747036 44.2948
0.747036 44.7207
0.688266 44.3616
0.688266 44.4504
0.766884 44.0509
0.727628 44.5991
0.688266 44.6389
0.809232 44.3833
0.767472 44.3262
0.767472 44.4385
0.767472 44.4939
0.767472 44.4899
0.767472 44.5137
0.767472 44.3184
0.747036 44.4781
0.747036 44.6668
0.706195 43.4216
0.797517 44.1267
0.778245 44.5871
0.71979 44.4227
0.730298 44.1482
0.821664 44.611
0.758269 44.486
0.723197 44.6708
0.70541 43.9445
0.773791 44.2145
0.709767 43.5787
0.72973 44.156
0.72973 44.5177
0.750164 44.7067
0.753081 44.3262
0.767472 44.238
0.749846 44.5593
0.730298 44.5494
0.761821 44.2048
0.792253 43.6091
0.772329 44.605
0.815474 44.4405
0.794281 44.3361
0.733102 44.3321
0.678294 44.2556
0.745032 44.4286
0.71979 44.5196
0.716814 44.34
0.703041 43.8404
0.695575 44.4346
0.716814 44.48
0.709282 44.403
0.810172 44.5177
0.789607 44.4741
0.789607 44.236
0.727434 44.0393
0.709282 44.4444
0.709282 44.3145
0.665267 44.5335
0.778175 44.3046
0.751314 44.3203
0.740806 44.3853
0.800968 44.5494
0.769503 44.4168
0.709282 44.4484
0.709282 43.9425
0.789607 44.4741
0.758269 44.5295
0.735802 44.5514
0.701735 44.1306
0.709288 44.4603
0.703565 44.3892
0.686144 44.5871
0.686144 44.5216
0.648521 43.9502
0.664277 44.4208
0.729452 44.4959
0.710392 44.5752
0.710392 44.5752
0.708904 44.5792
0.689949 44.5494
0.662732 43.4896
0.626045 44.3086
0.641737 44.3125
0.688356 44.5295
0.679727 44.4543
0.679727 44.5295
0.662732 44.5613
0.689909 44.3813
0.744162 44.5911
0.771236 44.6369
0.771236 44.5812
0.750623 43.2844
0.709627 44.4306
0.709627 44.3145
0.688234 43.592
0.814523 43.7637
0.771136 44.6967
0.727074 44.5891
0.750211 44.2595
0.730485 44.0529
0.708202 44.5831
0.730485 44.5077
0.708202 44.5434
0.750623 44.3636
0.750623 44.287
0.750623 44.4959
0.738596 44.5573
0.762261 44.3971
0.762261 44.2028
0.783011 44.4662
0.73977 44.4346
0.762018 44.0898
0.713542 44.0684
0.734375 44.3538
0.734375 44.3223
0.734375 43.9445
0.734375 44.0257
0.723958 44.3675
0.703125 44.3302
0.692708 44.3912
0.703125 43.9908
0.713542 44.2909
0.764637 44.2126
0.764637 44.2811
0.764637 44.3105
0.784267 44.3321
0.784267 44.3538
0.830109 44.2517
0.808811 44.0451
0.808811 43.9986
0.808811 44.5276
0.764637 44.1365
0.784267 44.401
0.759624 44.0432
0.759624 44.5117
0.78184 43.852
0.770591 44.2635
0.75798 43.9271
0.77759 44.4109
0.79234 44.5236
0.654639 44.3518
0.710526 44.0335
0.731579 44.2811
0.752632 44.2067
0.655502 44.3734
0.671498 43.5673
0.671498 43.6643
0.671498 44.3734
0.687805 44.0141
0.687805 44.3636
0.697561 44.2576
0.73399 44.1423
0.743842 44.2576
0.743842 44.1326
0.794737 44.4109
0.776042 43.0441
0.700483 43.9059
0.714286 44.0218
0.721393 43.4009
0.621328 44.1852
0.650845 44.049
0.650845 44.2145
0.721393 43.6129
0.721393 43.9618
0.635954 44.2988
0.650845 43.8789
0.650845 43.9541
0.704434 44.1034
0.683259 44.3361
0.621328 44.1151
0.650845 44.1092
0.721393 44.2693
0.6995 44.3027
0.73 44.3597
0.771277 44.3498
0.734375 44.4464
0.716495 44.4247
0.775639 44.4642
0.775639 44.4781
0.716495 44.4721
0.775639 44.4642
0.775639 44.5931
0.820449 44.3066
0.799507 44.3636
0.799507 44.6728
0.665 44.5494
0.69898 44.236
0.69898 44.3262
0.69898 43.6777
0.716495 44.5573
0.63981 44.3892
0.687805 44.3282
0.687805 44.3066
0.687805 44.2968
0.687805 44.4365
0.687805 44.3007
0.687805 44.3341
0.687805 44.4464
0.653995 44.1891
0.678153 43.9676
0.696359 43.8866
0.663203 44.1267
0.694821 44.047
0.703453 43.802
0.664577 43.2283
0.615914 44.1599
0.579939 43.6605
0.568497 43.1109
0.568497 43.9348
0.55722 44.1053
0.54284 44.0606
0.52127 43.5901
0.50689 44.2067
0.538809 44.1034
0.559771 44.0335
0.593632 43.8231
0.593632 44.1969
0.593632 44.1189
0.631146 44.342
0.631146 42.2119
0.555424 42.9793
0.553548 43.779
0.593632 44.1326
0.593632 44.1112
0.593632 43.6605
0.610008 44.0548
0.671817 43.9947
0.674674 44.0276
0.756098 43.8847
0.756098 44.3164
0.67653 44.3027
0.679796 43.4594
0.676807 43.1742
0.664338 44.2223
0.664338 44.1813
0.596278 44.1326
0.610295 43.8231
0.610295 43.3783
0.596278 44.0898
0.596278 43.6243
0.643178 43.6548
0.72292 44.0665
0.774324 44.117
0.774324 43.5104
0.774324 44.0975
0.822511 43.9116
0.690645 44.0684
0.754855 43.4311
0.788825 43.5844
0.788825 43.8423
0.770355 43.8366
0.828431 43.4499
0.735012 43.9232
0.797524 43.9947
0.734642 43.7006
0.814736 43.9252
0.73835 44.0878
0.754855 43.9078
0.771678 42.8614
0.745754 43.6395
0.653182 43.9329
0.673242 43.6472
0.607742 43.8616
0.552563 43.9039
0.584201 43.8827
0.524422 43.5977
0.538662 43.6987
0.576852 43.8596
0.528041 43.8693
0.549431 43.7484
0.549431 43.7369
0.560352 43.9078
0.528041 43.802
0.5607 43.4367
0.594697 43.9059
0.547763 43.8693
0.5822 43.63
0.5822 43.7771
0.630119 43.8251
0.639884 43.5104
0.632653 43.6948
0.681648 43.2919
0.707339 43.5066
0.619433 42.8376
0.624811 42.6439
0.637848 43.5635
0.683761 43.9792
0.599352 43.3463
0.637848 43.1723
0.637848 43.7178
0.578433 43.9078
0.602351 43.5806
0.602351 43.2919
0.608445 43.6967
0.590302 43.5882
0.590302 43.712
0.602351 43.7025
0.609928 43.7292
0.625082 43.4575
0.632658 43.6987
0.596372 43.2339
0.608287 42.8908
0.620381 43.6205
0.632658 43.6224
0.632658 43.0422
0.638867 43.7063
0.638867 43.232
0.638867 43.63
0.620381 43.3614
0.620381 43.573
0.632658 43.6853
0.632658 43.5407
0.640235 43.6853
0.635421 43.6643
0.64294 43.5123
0.64294 43.5673
0.655389 43.6738
0.655389 43.7637
0.6779 43.3764
0.664852 43.7063
0.686747 43.7063
0.686747 43.592
0.686747 43.2751
0.639272 43.6034
0.669455 43.5483
0.669455 42.4592
0.669455 43.5882
0.608122 43.4783
0.608122 43.1351
0.596765 42.9535
0.67594 43.5161
0.669455 43.2938
0.619642 43.2882
0.625464 43.4518
0.619642 43.5332
0.577262 42.2672
0.587984 43.3482
0.593399 43.3614
0.593399 43.1854
0.574257 42.2905
0.580858 42.6767
0.55653 43.2395
0.565359 43.232
0.60022 43.5199
0.619582 43.2844
0.6139 43.1313
0.621286 43.3764
0.638944 42.7972
0.631683 42.7186
0.618547 42.1603
0.599739 43.1611
0.617162 43.1667
0.599739 43.2339
0.65051 42.3819
0.644219 43.5863
0.588331 43.1854
0.65051 42.9646
0.631778 43.5256
0.588331 43.4594
0.617162 43.2975
0.617162 43.1537
0.611312 43.5616
0.65051 43.4103
0.588331 42.5767
0.599739 42.4412
0.611312 43.4084
0.588331 43.2059
0.617162 43.3934
0.599739 43.4575
0.548934 42.935
0.617162 42.8596
0.588331 43.232
0.65051 43.0682
0.631778 43.1593
0.599739 43.4802
0.611312 43.262
0.65051 41.9604
0.599739 43.4613
0.611312 43.3595
0.617162 43.1351
0.617162 43.2807
0.611312 43.1034
0.617162 43.1481
0.617162 43.4424
0.598417 43.29
0.620708 43.3125
0.609417 42.924
0.557303 42.9867
0.562796 43.1202
0.544929 42.9682
0.518863 43.1667
0.461489 43.0663
0.518863 42.9221
0.572361 43.1854
0.562455 43.2246
0.535875 43.1891
0.510184 42.9295
0.535875 42.8578
0.604097 43.0571
0.614667 43.3182
0.618678 43.352
0.553045 43.4065
0.533173 42.8761
0.613303 42.5713
0.579931 43.3633
0.533173 42.7296
0.613303 42.2601
0.585124 43.2507
0.559889 42.8541
0.556138 42.1745
0.57265 42.7716
0.57265 42.1692
0.546219 42.5858
0.546219 42.613
0.485912 42.8394
0.485912 42.6494
0.6 42.5351
0.599197 42.7277
0.571096 43.0256
0.571096 42.8284
0.571096 42.9166
0.571096 42.8339
0.689875 41.9657
0.689875 42.8064
0.689875 42.9775
0.689875 42.6312
0.628322 42.7881
0.628322 42.9461
0.571096 41.9445
0.571096 42.8321
0.571096 42.9498
0.689875 42.3729
0.74012 43.1406
0.705536 43.232
0.699419 42.7807
0.692455 43.0145
0.678515 43.0775
0.671539 42.5894
0.605399 42.8669
0.717388 42.7917
0.692115 42.6094
0.660985 42.684
0.695436 42.9092
0.695436 42.8174
0.666815 42.9406
0.633648 43.1109
0.596936 41.927
0.596936 42.6894
0.705532 42.9646
0.705532 42.6803
0.677021 42.8192
0.633648 42.7679
0.607196 42.6548
0.660985 42.8192
0.633648 42.7332
0.660985 42.1799
0.612376 41.9745
0.639144 42.8137
0.586469 42.1035
0.661356 42.7423
0.672334 42.633
0.667166 42.4881
0.654015 42.6512
0.627493 42.434
0.59892 42.4665
0.683364 42.5206
0.657904 42.5351
0.638693 42.2833
0.619835 42.5804
0.675424 42.2636
0.649574 42.219
0.619803 42.2262
0.633803 42.2708
0.608629 42.1159
0.659777 42.2476
0.633803 42.008
0.757576 40.6388
0.714286 42.2833
0.686591 42.1977
0.644978 42.2761
0.644978 42.0097
0.739605 42.3729
0.739605 42.1799
0.725425 42.3496
0.670947 42.0345
0.670947 42.1621
0.619595 42.3711
0.708893 42.139
0.695538 42.1834
0.669444 41.8323
0.619595 41.9622
0.708893 42.0362
0.679809 42.3585
0.604581 42.4737
0.562044 42.3621
0.633588 42.6148
0.562044 42.555
0.562044 42.5532
0.621287 42.4106
0.622956 42.6239
0.728497 42.673
0.641437 42.555
0.654614 42.398
0.659224 42.4358
0.620999 42.0822
0.600308 42.337
0.559652 42.2297
0.619344 42.4484
0.577731 42.4628
0.598619 42.3048
0.612443 41.8848
0.659901 42.1585
0.607595 42.244
0.580694 42.1354
0.602782 41.9956
0.633204 42.0964
0.64176 42.0239
0.646071 42.008
0.59088 41.7362
0.626987 41.7206
0.626987 41.6493
0.530084 40.9836
0.571065 41.5351
0.610625 41.8288
0.652229 41.7571
0.571065 41.8165
0.590599 41.8305
0.610625 41.6181
0.579225 41.511
0.476598 41.6945
0.454621 41.6563
0.393808 41.2065
0.384566 41.2541
0.331759 41.3462
0.382344 40.8247
0.400534 41.0307
0.414523 41.2133
0.354497 41.0981
0.350616 41.1862
0.333428 40.6256
0.306916 40.5449
0.332965 40.085
0.292462 40.2172
0.283826 39.9042
0.225155 39.8073
0.219173 39.7551
0.209164 39.2141
0.203826 39.0503
0.169639 38.9818
0.178049 38.9029
0.186544 38.8018
0.177176 38.6384
0.169813 38.3568
0.160441 38.1039
0.145023 38.2263
0.160082 37.7017
0.161896 37.8888
0.173413 37.8659
0.169818 37.7387
0.19327 37.6209
0.189719 37.5714
0.197609 37.4167
0.191124 37.4
0.198862 37.2592
0.199587 37.5361
0.195691 37.4869
0.196191 37.3469
0.205235 37.3706
0.218399 37.2884
0.205028 37.393
0.198673 37.372
0.204788 37.3371
0.188671 37.1181
0.179782 37.4139
0.182875 37.3706
0.148408 36.8582
0.181068 37.0659
0.1625 37.037
0.181949 37.0192
0.15592 37.0425
0.157987 37.1333
0.163613 36.2056
0.156405 37.1816
0.154827 37.1733
0.161952 37.0398
0.161153 36.9426
0.147036 36.4073
0.173457 35.7897
0.164989 35.9712
0.178515 35.8847
0.178389 35.8938
0.178389 35.8706
0.17728 36.2135
0.159568 36.3425
0.167386 36.398
0.15898 36.3795
0.162728 35.9751
0.162728 36.4312
0.162728 36.0036
0.162728 36.4179
0.14875 36.2924
0.151769 35.9273
0.166641 35.9105
0.163327 35.6799
0.158413 36.0088
0.155174 35.6392
0.151953 35.7054
0.144098 35.9376
0.140966 35.9764
0.136459 36.0516
0.141591 35.966
0.136997 35.8886
0.142472 35.8539
0.151071 35.8744
0.174546 36.1246
0.174546 35.9312
0.174546 36.2227
0.174546 35.8166
0.174546 36.2792
0.174546 35.685
0.174546 36.0127
0.179835 36.1834
0.181489 36.0998
0.186927 36.0101
0.190334 36.0776
0.189984 36.1011
0.19343 35.9583
0.202006 36.0166
0.19944 36.1089
0.196213 35.7003
0.196213 36.0114
0.196213 36.1428
0.196213 35.8757
0.184821 35.9415
0.171979 36.0192
0.160857 35.6532
0.16405 35.791
0.170424 35.8115
0.173607 36.0114
0.184821 35.782
0.196213 36.0399
0.207789 35.9945
0.207789 35.9312
0.2097 35.8796
0.2097 35.8564
0.2097 35.9376
0.199557 35.8513
0.183677 36.0101
0.166731 35.7718
0.148146 35.7846
0.122049 35.8089
0.107431 35.8564
0.0958176 36.0321
0.0823403 36.0737
0.0785468 36.0685
0.0622881 35.9015
0.0588465 35.8899
0.027899 36.036
0.0306375 35.8706
0.00129414 35.6557
0.00920508 35.9881
0 35.9376
0.885716 43.5806
0.920665 43.5426
0.909993 43.7158
0.823068 43.5332
0.786391 43.5313
0.727786 43.0571
0.775198 42.2369
0.857592 42.9148
0.717791 43.0311
0.788719 43.0071
0.869801 43.0886
0.867705 42.7004
0.842431 42.6749
0.914155 43.1704
0.865183 43.2432
0.896035 42.7058
0.9021 43.4405
0.791508 43.5711
0.765028 42.9424
0.784602 42.5985
0.726554 42.6913
0.674622 42.3639
0.726554 42.0911
0.726554 42.6567
0.66155 42.757
0.654088 42.6621
0.640461 42.9406
0.677919 42.5586
0.68192 42.9682
0.709727 42.8743
0.721691 43.1611
0.795939 43.083
0.718157 43.1891
0.814946 42.8633
0.809789 42.9111
0.814946 42.8872
0.814946 43.2077
0.814946 42.8872
0.814946 43.3125
0.814946 42.9185
0.799563 43.1891
0.789451 43.0867
0.718157 43.1165
0.809789 43.0422
0.759787 43.2432
0.70923 43.1239
0.70923 43.0441
0.659367 42.9443
0.779728 42.9978
0.827816 43.0812
0.818565 43.2507
0.818565 43.4575
0.828783 43.176
0.828783 43.3482
0.797932 42.0911
0.782493 43.0812
0.751592 43.0496
0.742712 42.8761
0.72522 42.3478
0.716604 42.8284
0.708075 42.5659
0.66173 42.983
