0.890484 36.328
0.86808 35.9312
0.890536 32.8591
0.882813 30.848
0.791274 31.0684
0.862228 33.2557
0.844894 34.3053
0.82767 34.3914
0.90692 34.7766
0.942542 34.8602
0.882477 34.632
0.898342 34.876
0.891574 34.6236
0.907959 34.7826
0.914636 34.5925
0.928012 34.6416
0.923506 34.9491
0.934055 35.2286
0.923575 35.2038
0.92835 35.0853
0.889679 35.0201
0.880181 35.2746
0.858321 35.0951
0.802441 35.0951
0.886578 34.9601
0.834405 35.0177
0.810679 35.246
0.876675 35.1605
0.885576 35.297
0.820199 35.7347
0.834072 35.5101
0.804685 35.6265
0.839403 35.4522
0.807257 35.4862
0.844117 35.5265
0.834623 35.7334
0.815327 35.9324
0.907614 35.7232
0.907161 35.9066
0.921919 35.75
0.937521 35.6824
0.937228 35.966
0.858101 35.6735
0.925102 35.0816
0.90564 35.4133
0.82106 35.4736
0.854443 35.0459
0.83363 35.0926
0.81224 34.9907
0.80647 35.4635
0.783701 35.4962
0.780257 35.5202
0.794437 35.61
0.78718 35.3732
0.827462 35.4534
0.859594 35.3895
0.949737 35.3519
0.94079 34.9822
0.902666 35.1333
0.888 35.3819
0.869044 35.0607
0.874869 35.0656
0.88069 34.8809
0.904189 35.2945
0.882403 35.2014
0.885159 35.0766
0.868059 35.1087
0.843198 34.6669
0.825338 34.0971
0.799238 35.2721
0.805941 35.3519
0.787061 35.5467
0.794971 35.4786
0.800489 35.5328
0.80922 35.4685
0.838048 35.322
0.858289 34.9956
0.863761 35.1741
0.89358 35.2821
0.896602 35.4108
0.891904 35.1729
0.933715 35.1791
0.931589 35.2026
0.948869 35.3819
0.952087 35.1
0.922493 35.1013
0.876176 34.9369
0.796907 35.2883
0.843677 35.3444
0.883216 34.559
0.945071 34.0483
0.934803 34.2618
0.895853 34.3336
0.884212 34.3536
0.972799 34.1146
0.979115 34.2056
0.944787 34.4935
0.941477 35.0779
0.928813 34.8675
0.931367 35.292
0.865375 35.0803
0.785149 34.5793
0.851882 34.5375
0.871345 34.1892
0.850334 34.3171
0.836927 34.4982
0.836653 34.2806
0.823778 34.3974
0.823778 34.4258
0.823778 34.5018
0.823778 34.2395
0.830032 34.1717
0.850088 34.1146
0.852692 33.1104
0.874113 33.987
0.853449 34.29
0.832605 34.031
0.886408 34.195
0.89772 34.3525
0.89762 34.3124
0.914878 34.2079
0.920632 34.29
0.911811 34.0774
0.899867 34.5185
0.891169 34.4768
0.879626 34.323
0.882638 34.3395
0.88884 34.4507
0.892031 34.2138
0.90343 34.1612
0.915076 34.2736
0.947844 32.9881
0.944869 34.0344
0.917177 33.8696
0.875457 34.1892
0.811207 34.0553
0.808415 33.5773
0.875598 33.7154
0.882153 34.0901
0.915629 34.1309
0.879325 34.7899
0.866409 35.2609
0.799769 34.8772
0.793292 33.9662
0.861627 34.6117
0.82972 35.2659
0.808183 34.8359
0.791349 34.0716
0.942795 32.2685
0.844399 34.644
0.865213 35.2063
0.832618 35.0594
0.836569 34.7476
0.930681 34.9138
0.952016 34.6105
0.885705 35.2274
0.876044 35.2162
0.809662 34.5913
0.900096 34.7572
0.91295 34.9467
0.916114 34.2983
0.883759 32.9989
0.874128 34.1542
0.880014 34.5066
0.870302 34.6009
0.885898 34.6933
0.866709 34.8833
0.886049 34.8238
0.892811 35.2609
0.912553 35.057
0.870622 35.3369
0.859756 35.1272
0.824015 35.2187
0.880234 35.1457
0.883736 35.2808
0.884119 34.9993
0.946653 35.1939
0.881113 35.5745
0.860791 35.1543
0.781879 35.3344
0.912867 35.2224
0.915566 35.1605
0.908006 35.1815
0.876617 34.9907
0.837236 35.4673
0.904322 35.495
0.876304 35.6176
0.894831 35.7066
0.844325 35.8938
0.840887 35.9028
0.806708 35.3982
0.840347 35.6379
0.854173 35.6341
0.83058 35.7449
0.854115 35.8809
0.857465 35.2237
0.80209 35.1444
0.805211 35.7692
0.811453 35.1865
0.817695 35.4547
0.823937 35.7628
0.830179 35.7462
0.8333 35.8102
0.839542 35.3982
0.825655 35.6481
0.817964 35.8141
0.857119 36.001
0.85037 36.0023
0.840596 35.9015
0.830821 36.0959
0.817789 35.966
0.801498 36.1272
0.788466 35.8796
0.840026 36.0907
0.850354 36.2911
0.849829 36.2805
0.835185 36.0244
0.809732 36.2266
0.754431 35.9208
0.864125 36.1324
0.856049 36.2713
0.859459 36.2358
0.806443 35.868
0.810058 35.8397
0.808147 36.0464
0.752848 35.3819
0.813374 36.2345
0.82761 36.4418
0.887141 35.5745
0.857261 36.4259
0.817291 36.6555
0.809331 36.519
0.849326 36.6946
0.810278 36.7607
0.855941 36.9727
0.859568 37.1113
0.866821 36.8677
0.870448 36.7742
0.824289 36.9454
0.827724 36.7363
0.827724 36.827
0.827724 36.5043
0.827724 36.7431
0.827724 36.7161
0.830912 36.7782
0.833999 37.0316
0.847655 37.0192
0.830734 37.1885
0.824398 37.1416
0.780039 37.0782
0.805636 36.9877
0.805636 37.1471
0.800812 37.1581
0.787538 36.9699
0.782533 37.0521
0.785906 36.6005
0.792652 37.011
0.751016 36.487
0.781007 36.7904
0.787466 36.2647
0.787466 35.9337
0.742953 36.8514
0.778564 36.9385
0.787466 36.9276
0.786815 37.0851
0.834572 37.4756
0.815985 37.47
0.817188 37.2024
0.81349 37.1678
0.804551 37.4364
0.808208 37.3986
0.799228 37.4672
0.800889 37.4925
0.802844 37.5784
0.778973 37.5742
0.819174 37.0989
0.819852 37.5249
0.824048 37.611
0.814141 37.7515
0.797619 37.7316
0.79484 37.6875
0.815758 37.9853
0.793724 37.7344
0.799401 37.6832
0.784101 37.2315
0.740781 37.5066
0.731856 37.2787
0.731856 37.3413
0.735426 37.5347
0.726457 37.365
0.729984 37.5052
0.73351 37.2717
0.767249 37.4448
0.762283 37.9363
0.803213 37.6138
0.807086 37.6478
0.772935 38.1156
0.752436 37.5926
0.757235 37.6818
0.753594 37.5052
0.780962 37.6974
0.773288 37.8458
0.775834 37.9348
0.764255 37.6747
0.748815 37.8458
0.687917 37.5615
0.698986 37.57
0.706267 37.5432
0.709908 37.3594
0.746958 37.6648
0.737382 37.7686
0.731519 37.5122
0.721894 37.3874
0.736021 37.6322
0.756037 37.7929
0.746037 37.8501
0.752219 37.7772
0.752219 37.8172
0.740764 37.8015
0.739164 37.7915
0.774045 37.8774
0.769928 37.9061
0.794019 38.2951
0.801304 37.8
0.805612 37.6776
0.790449 38.5164
0.826828 38.4852
0.824286 38.5624
0.781105 38.5
0.782655 38.3583
0.790291 38.5743
0.797992 38.6429
0.805761 38.4645
0.764345 38.6488
0.776382 37.9896
0.788114 38.1869
0.7919 38.3509
0.765729 38.4349
0.783457 38.619
0.789486 38.2438
0.755818 38.1301
0.768819 38.0677
0.768819 38.1927
0.768819 38.1534
0.768819 38.0518
0.772952 38.1781
0.777086 37.9651
0.781219 38.0286
0.781219 37.9766
0.781219 38.1796
0.781219 38.2088
0.770216 38.2878
0.770216 38.0055
0.706215 38.0156
0.708333 37.8759
0.728416 37.9925
0.720498 38.219
0.756531 38.059
0.745587 38.3068
0.73423 38.2687
0.752351 38.3509
0.752351 38.0735
0.752351 38.1461
0.752351 38.0677
0.752351 38.2029
0.752351 38.3597
0.752351 38.3833
0.752351 38.0981
0.752351 38.2161
0.752351 38.4349
0.741287 38.2175
0.741287 38.1986
0.730223 37.9651
0.730223 38.4734
0.681143 38.298
0.669791 38.1854
0.654655 37.9248
0.643302 38.1374
0.643302 38.0967
0.643302 38.0981
0.643302 38.4084
0.647086 38.1854
0.65087 38.276
0.654655 38.2263
0.691192 38.5401
0.691192 38.4394
0.691192 38.4556
0.724228 37.6464
0.724228 38.257
0.712912 38.6503
0.659291 37.8917
0.644907 38.2878
0.634335 38.37
0.637409 38.2482
0.606392 38.3436
0.608837 38.2175
0.642818 38.2044
0.694924 38.4571
0.736142 38.5713
0.740577 38.8319
0.69911 38.5892
0.703297 38.7898
0.703297 38.0735
0.692308 38.4556
0.692308 38.4645
0.692308 38.622
0.72173 38.5743
0.72173 38.7702
0.714315 38.8425
0.707715 38.0127
0.725016 38.5505
0.747849 38.7822
0.751163 38.997
0.751163 38.9681
0.698448 38.1461
0.690133 38.5431
0.681818 38.4408
0.681818 38.6802
0.681818 38.6772
0.681818 38.7868
0.685976 38.9226
0.69429 38.5178
0.698448 38.5356
0.698448 37.9809
0.698448 38.7522
0.698448 38.7312
0.698448 38.7672
0.698448 38.4468
0.698448 38.6847
0.698448 38.9454
0.698448 38.6937
0.659341 38.7057
0.647567 38.2365
0.639717 38.1112
0.665188 38.5832
0.665188 38.6026
0.665188 38.7552
0.627943 38.8712
0.631868 38.3465
0.673503 38.3274
0.677661 38.6444
0.681818 38.9378
0.685976 38.4187
0.690133 38.9666
0.690133 38.1286
0.690133 38.5356
0.690133 38.9332
0.69429 38.4615
0.69429 38.7177
0.698448 38.4837
0.698448 38.8048
0.694925 36.7215
0.687922 37.4406
0.679658 38.2731
0.634023 38.4453
0.635793 38.3936
0.635793 38.4734
0.635793 38.2922
0.635793 38.5966
0.639717 38.613
0.647567 38.7973
0.651491 38.0503
0.651491 38.546
0.651491 38.5149
0.690133 38.5773
0.701635 38.8697
0.701635 38.6399
0.673208 38.8833
0.665097 38.1767
0.656986 38.5609
0.687361 38.7357
0.687361 38.8561
0.698448 38.5743
0.659341 38.4202
0.659341 38.6653
0.702813 38.7492
0.702813 38.8636
0.695953 38.7027
0.677661 38.7087
0.716263 38.9196
0.716882 38.7237
0.729005 39.0092
0.733437 38.8063
0.737868 38.9423
0.7423 38.9803
0.746732 38.9894
0.754644 38.8169
0.690915 38.7868
0.708841 38.7732
0.700249 38.8787
0.702813 38.622
0.694083 38.7372
0.694083 38.7267
0.698448 38.7807
0.689085 38.9788
0.693368 38.6817
0.701933 38.7357
0.715909 38.8093
0.720274 38.5505
0.72464 38.7747
0.670972 38.5089
0.688187 38.6713
0.688187 38.4941
0.688187 38.4926
0.688187 38.37
0.688187 38.6683
0.688187 38.3612
0.675824 38.616
0.667582 38.4113
0.65522 38.5342
0.659341 38.6369
0.667582 38.5609
0.671703 38.4986
0.675824 38.546
0.684066 38.6593
0.688187 38.4615
0.692308 38.3642
0.72173 37.8673
0.726026 38.4734
0.726026 38.5609
0.726026 38.7312
0.726026 38.5683
0.726026 38.8003
0.726026 38.5134
0.726026 37.9161
0.717433 38.4084
0.713137 38.6115
0.704545 38.6309
0.704545 38.7237
0.704545 38.8063
0.704545 38.546
0.708841 38.4719
0.713137 38.9257
0.717433 38.8138
0.72173 38.7072
0.668458 38.7372
0.68943 38.6862
0.68943 38.4482
0.700549 38.2614
0.700549 38.6593
0.700549 38.4763
0.700549 38.6967
0.700549 38.3583
0.692308 38.5817
0.684066 38.5045
0.675824 38.3274
0.669152 38.4128
0.673208 38.4202
0.66634 38.5981
0.67432 38.7297
0.67831 38.5564
0.68629 38.7267
0.726996 38.3951
0.731222 38.7732
0.731222 38.622
0.74571 38.4971
0.7613 38.9712
0.7613 38.9287
0.7613 39.0305
0.731222 38.6071
0.727571 38.7747
0.731222 38.3745
0.731222 38.6294
0.731222 38.6608
0.74321 38.7672
0.755197 39.0031
0.767184 38.2424
0.767184 38.6309
0.767184 38.8878
0.713469 38.8003
0.724228 38.5654
0.728414 38.6115
0.668087 38.6324
0.684492 38.1141
0.695187 38.3553
0.695187 38.3907
0.695187 38.2365
0.658439 38.1577
0.658439 37.9752
0.65087 37.7572
0.643302 38.1069
0.635734 37.8215
0.664823 38.1519
0.668757 37.7929
0.66218 38.0185
0.666052 38.088
0.666052 38.0156
0.669924 38.2746
0.663102 38.2029
0.652406 38.257
0.686813 38.4468
0.691225 38.7177
0.711925 38.8154
0.693092 38.8108
0.697087 39.0396
0.703893 38.844
0.704486 38.8485
0.67214 38.8003
0.667648 38.8093
0.671115 38.3642
0.6823 38.5728
0.68943 38.4882
0.700549 38.7582
0.702205 38.7252
0.715856 38.5579
0.727041 38.8093
0.709544 38.6982
0.676707 38.3862
0.704223 38.5164
0.708341 38.3539
0.697769 38.2278
0.701826 38.1156
0.701826 38.4275
0.702429 38.4852
0.702429 38.2453
0.683468 38.3377
0.675403 38.432
0.656627 38.2453
0.653316 38.5164
0.653316 38.4615
0.649776 38.3303
0.633313 37.8372
0.630602 38.6264
0.613584 38.5654
0.617204 38.4719
0.624444 38.503
0.628064 38.85
0.628064 38.8697
0.628064 38.7072
0.628064 38.5193
0.625799 38.7357
0.625799 38.7552
0.623549 38.8727
0.612768 38.5356
0.671115 39.1022
0.659341 38.8954
0.67033 39.09
0.661202 39.0518
0.681319 39.0579
0.681319 39.1803
0.696429 38.8969
0.696429 38.8108
0.676542 39.2542
0.708791 38.5223
0.717033 37.5996
0.717033 38.9864
0.721154 39.3159
0.760086 39.0854
0.725694 38.8651
0.756789 39.4322
0.761126 39.4524
0.682121 39.4027
0.717033 39.1727
0.708791 39.0076
0.700549 38.7117
0.696429 39.2403
0.688187 39.0594
0.692308 38.9029
0.685374 39.0335
0.686011 39.1343
0.693485 39.032
0.697541 39.0625
0.701596 39.2943
0.705651 38.9196
0.713762 39.029
0.717818 38.4512
0.717818 38.9788
0.71023 39.1635
0.71023 39.0213
0.71023 39.1389
0.71023 39.0351
0.71023 39.0411
0.709707 39.1497
0.697541 39.1435
0.69294 39.1037
0.707483 39.1129
0.707483 39.0457
0.666555 39.093
0.683201 38.8863
0.691192 38.4275
0.699183 38.4025
0.699183 38.5802
0.699782 38.6384
0.703178 38.5817
0.703178 38.4911
0.699782 38.3171
0.699782 38.3597
0.699782 38.4971
0.697003 38.6071
0.697003 38.7222
0.68906 38.61
0.678423 38.619
0.670511 38.4556
0.670511 38.5907
0.670511 38.6787
0.670511 38.6473
0.664191 38.7117
0.6707 38.4749
0.664131 38.3245
0.674427 38.5178
0.646163 38.3054
0.65285 38.3597
0.656517 38.301
0.656517 38.1986
0.660185 38.2673
0.685967 38.3759
0.676384 38.6369
0.624802 37.9954
0.596069 38.2219
0.550826 38.0764
0.54453 37.6719
0.62083 37.8888
0.617221 38.2497
0.587945 38.1986
0.564706 38.1228
0.571311 37.9161
0.583591 37.8702
0.624451 38.0011
0.628019 37.7173
0.669791 38.3391
0.673575 38.4084
0.677359 38.4926
0.681143 38.1286
0.681143 38.4069
0.681143 38.4571
0.681143 38.0228
0.691622 38.3818
0.691622 38.4408
0.702102 38.373
0.6904 38.1199
0.682599 38.3597
0.670897 38.4837
0.674798 38.4778
0.678698 38.4601
0.682599 38.1257
0.680095 38.0865
0.68778 38.4335
0.684928 38.5149
0.681842 38.3833
0.685568 38.429
0.643281 38.1156
0.646739 37.9723
0.617544 38.101
0.620846 37.9276
0.594527 38.1461
0.609469 38.1112
0.583548 38.101
0.545474 37.6449
0.53964 37.1678
0.565023 37.3288
0.595788 37.7131
0.592515 37.8286
0.55576 37.8215
0.558848 37.5235
0.561935 37.7088
0.565023 37.5516
0.571198 37.3692
0.577373 37.449
0.583548 37.6364
0.586636 37.2564
0.586636 37.6039
0.589724 37.5827
0.589724 37.6818
0.589724 37.449
0.62525 37.7686
0.621977 38.0865
0.621977 38.0546
0.618703 37.7672
0.61543 38.0909
0.608883 38.0098
0.605609 38.0387
0.61797 37.9003
0.61797 37.919
0.630429 38.059
0.633801 38.1942
0.637172 37.9737
0.640543 37.78
0.680031 38.0575
0.687152 37.6818
0.690712 37.6733
0.690712 37.9118
0.690712 37.9046
0.690712 37.8444
0.687152 37.7758
0.6806 37.8659
0.671106 37.6861
0.658151 37.7544
0.651093 37.9492
0.638254 37.635
0.596088 37.8086
0.608883 37.8917
0.599795 37.9867
0.603019 37.6549
0.609469 38.0518
0.612694 37.8917
0.615918 37.7472
0.622368 37.8229
0.660681 37.7173
0.660681 38.0156
0.664087 37.7245
0.664087 37.4869
0.660681 37.7273
0.619143 37.8329
0.615918 37.9161
0.618703 37.8043
0.608883 38.0373
0.611326 37.8115
0.61797 37.5784
0.633801 36.9194
0.676471 37.6832
0.677046 37.8444
0.684154 37.8272
0.690712 37.4939
0.697833 37.8745
0.704954 37.853
0.712074 37.8931
0.712074 37.8774
0.712074 37.3162
0.712074 38.046
0.708514 37.8315
0.65509 37.7644
0.654517 38.0011
0.64455 37.8315
0.634583 38.0662
0.624615 37.8329
0.627938 37.7644
0.640543 37.9636
0.643915 37.8058
0.647286 38.0387
0.660087 37.8472
0.663507 37.8644
0.670347 37.8845
0.683393 37.4111
0.690331 37.8515
0.725889 37.8903
0.729051 37.2439
0.729051 36.5805
0.729051 37.0989
0.729051 37.78
0.725889 37.0782
0.70867 37.6138
0.697739 37.7672
0.680685 37.8344
0.680685 37.8487
0.648284 37.8086
0.662579 37.7131
0.666048 37.6464
0.663507 37.8186
0.704334 37.4728
0.69837 37.8444
0.705478 37.9219
0.705263 37.8158
0.705263 37.8917
0.705263 37.9061
0.705263 37.7501
0.705263 37.5714
0.705263 37.8487
0.705263 37.743
0.708514 37.6563
0.670347 37.8931
0.672986 37.9018
0.682464 37.5066
0.682464 37.7287
0.730753 37.6209
0.738287 37.7544
0.74582 37.9708
0.692219 37.9449
0.71691 37.8687
0.71691 38.0546
0.720477 37.5601
0.668928 37.6847
0.688848 37.3594
0.698157 37.7943
0.701613 37.7472
0.705069 37.4083
0.708525 37.6648
0.751209 37.7216
0.751209 37.8444
0.751209 37.9463
0.747545 38.0084
0.771746 37.6875
0.761223 37.5122
0.679126 38.0185
0.666644 37.2342
0.680184 37.7173
0.721161 37.8329
0.711145 37.9997
0.646495 38.2614
0.677281 38.0807
0.683825 37.8444
0.705338 38.1636
0.717067 38.0793
0.660488 38.3406
0.682113 38.1505
0.687608 38.1869
0.687608 38.2673
0.690369 38.2702
0.696774 38.3509
0.690138 38.2599
0.696359 36.3782
0.667749 38.0604
0.679038 38.0662
0.681334 38.0503
0.683646 38.0735
0.698157 38.0011
0.6947 38.0127
0.628811 38.0778
0.65544 37.9219
0.704516 38.1942
0.736028 38.1738
0.725661 38.4586
0.727903 38.3862
0.727903 38.133
0.724617 38.506
0.765178 38.5208
0.747126 38.6683
0.747126 38.5877
0.69584 38.7297
0.65558 38.7162
0.690116 38.7057
0.692721 38.7342
0.741078 38.6309
0.757261 38.7402
0.745678 39.0213
0.731052 38.8939
0.723368 38.6787
0.759776 38.906
0.748013 39.2742
0.657734 39.0472
0.680198 38.6952
0.680198 38.8184
0.72056 39.0976
0.638397 38.9788
0.680198 39.1405
0.680198 38.9818
0.680198 39.0839
0.604314 38.8621
0.629063 38.7537
0.642106 38.8425
0.688079 38.6892
0.669926 39.061
0.567233 38.997
0.622624 38.5431
0.631571 38.7507
0.592948 38.9196
0.601629 38.8682
0.58584 38.7597
0.65148 38.8515
0.633254 38.9651
0.611133 39.0016
0.582968 38.8561
0.607467 38.9727
0.613711 39.2326
0.649756 39.1497
0.586396 39.1988
0.609854 38.8682
0.631893 38.9287
0.669231 39.1512
0.607055 39.6464
0.675249 39.4135
0.671736 39.5007
0.608959 39.4431
0.562744 39.5883
0.580475 39.0396
0.635493 39.744
0.658143 39.3484
0.651454 39.6873
0.634214 40.1606
0.539918 40.1881
0.555529 40.2917
0.570721 39.7693
0.58718 40.0721
0.519975 39.6244
0.551175 40.0128
0.59011 40.2398
0.572307 40.0689
0.598541 40.2479
0.643741 40.1719
0.625452 40.3177
0.566656 40.6554
0.540082 40.0449
0.558267 40.0304
0.532466 40.1913
0.550055 40.5696
0.52249 40.4842
0.568104 40.5647
0.557022 40.793
0.525515 40.7083
0.531304 40.7282
0.532155 40.6868
0.515441 40.6306
0.515441 40.5039
0.474477 40.1043
0.496435 40.7714
0.449714 40.4678
0.470933 40.7282
0.481128 41.0458
0.48165 41.0543
