0.964912 42.2958
0.899099 28.8792
0.897665 39.8216
0.941593 37.2745
0.877035 37.7373
0.897401 40.6884
0.876317 41.561
0.8962 41.8673
0.917958 42.0787
0.865306 41.9358
0.8962 41.3736
0.917958 41.8393
0.929432 41.8725
0.941245 41.934
0.919 42.1461
0.833676 42.0256
0.919 42.0929
0.833668 41.799
0.908844 41.8708
0.876892 41.9287
0.877524 41.8831
0.919346 41.792
0.941244 41.6649
0.941244 41.8375
0.941244 41.8305
0.918671 41.6719
0.855381 41.8725
0.89754 41.5593
0.919346 41.4233
0.89754 41.6892
0.918671 42.0787
0.952661 42.0716
0.952661 41.9305
0.897936 42.0345
0.919346 41.9657
0.897936 41.876
0.929682 41.4972
0.930626 41.4938
0.888291 40.6769
0.867554 41.3428
0.908249 41.5282
0.838323 41.2439
0.897865 41.2677
0.886567 41.4302
0.897865 41.3548
0.866205 40.7498
0.887438 41.437
0.888026 40.5894
0.888797 40.843
0.878738 41.0526
0.839969 41.3087
0.878738 41.5887
0.888797 40.7914
0.826364 41.5749
0.888797 40.4711
0.888797 41.0509
0.888797 41.3052
0.888026 40.6818
0.888026 41.198
0.888026 40.9601
0.878215 41.4611
0.878215 40.2658
0.826364 41.4388
0.888797 40.4318
0.888797 41.6424
0.826364 41.389
0.888797 40.6058
0.867517 41.3976
0.888797 41.2286
0.888797 41.7171
0.888797 40.7232
0.888797 41.2814
0.86696 41.6198
0.86696 40.662
0.835729 41.3668
0.845074 40.8898
0.845074 41.6164
0.845074 40.858
0.845074 41.2916
0.845074 41.4852
0.835729 41.5921
0.845074 40.8981
0.845074 40.7897
0.845074 41.4611
0.79877 41.1879
0.845074 41.056
0.845074 41.5403
0.835729 41.48
0.845074 41.5887
0.845074 40.9618
0.79877 41.5766
0.836557 40.8563
0.836557 40.9886
0.828209 41.4886
0.812004 40.1107
0.804137 41.4938
0.820027 41.1557
0.828209 41.5386
0.845074 41.324
0.845074 40.9987
0.845074 41.2984
0.83429 41.2984
0.816356 41.4164
0.836557 41.542
0.836557 41.834
0.836557 41.7571
0.836557 41.5024
0.836557 41.9147
0.836557 42.0133
0.836557 41.4817
0.836557 41.8253
0.836557 41.9024
0.828209 41.2558
0.828209 41.8235
0.807131 42.0663
0.785985 41.7816
0.76477 41.6701
0.743485 41.7153
0.743485 41.5749
0.722132 41.7345
0.72463 41.9692
0.72463 41.8989
0.722132 41.9921
0.738806 42.0734
0.738806 41.869
0.750931 41.9622
0.750931 41.8743
0.750931 41.6771
0.750931 41.5472
0.7304 41.7101
0.709781 41.5265
0.689073 41.7851
0.6975 41.9586
0.703558 41.7188
0.709723 41.8375
0.709723 41.8043
0.709723 41.7327
0.709723 41.8305
0.709723 41.7293
0.709723 41.3548
0.709723 41.8305
0.709723 42.0203
0.709723 41.8883
0.709723 41.8989
0.709723 42.0504
0.709723 41.6406
0.709723 41.8393
0.709723 41.9674
0.709723 41.806
0.709723 42.0787
0.709723 42.0734
0.709723 41.8796
0.709723 41.8883
0.709723 41.6736
0.709723 41.8533
0.709723 41.6823
0.709723 41.9674
0.709723 41.9533
0.709723 42.0009
0.709723 41.5438
0.709723 41.6979
0.704956 41.9851
0.704956 41.9481
0.704956 42.0115
0.704956 41.8743
0.704956 42.008
0.704956 41.7101
0.704956 41.7101
0.704956 41.9903
0.704956 41.6667
0.704956 42.0575
0.684211 42.0115
0.684211 42.1532
0.663343 41.58
0.663343 42.1177
0.663343 41.7798
0.663343 41.8113
0.663343 40.1671
0.663343 41.5991
0.663343 40.7581
0.673589 41.7223
0.638893 41.1336
0.54717 41.9252
0.513733 41.48
0.504307 41.3257
0.485454 41.6337
0.466602 40.6207
0.480608 41.6458
0.446456 41.468
0.460789 41.7537
0.432401 41.4628
0.446456 41.7484
0.417019 41.7032
0.397395 40.987
0.354666 41.6962
0.367958 40.8463
0.334598 41.7571
0.359523 41.115
0.392405 41.4353
0.424552 41.58
0.459752 41.1557
0.475716 41.5991
0.377881 41.0813
0.4313 41.5231
0.4313 41.3411
0.4313 41.4628
0.4313 41.425
0.370438 40.7448
0.385199 41.4062
0.365825 40.8313
0.355191 41.1997
0.392546 40.9886
0.373907 41.0526
0.362932 41.029
0.384073 40.5844
0.388383 40.8047
0.376846 40.0914
0.392806 40.5088
0.39952 40.4645
0.449964 40.858
0.429383 40.6454
0.518255 40.6653
0.487156 40.6951
0.461894 40.9031
0.457875 41.1353
0.44702 41.3599
0.488842 41.1862
0.486263 41.0711
0.493361 41.324
0.489468 40.6108
0.476104 41.1777
0.48961 41.2031
0.520136 41.2337
0.533734 40.8447
0.557925 40.823
0.571617 41.1692
0.563896 40.9149
0.574529 41.0829
0.574529 41.2235
0.543055 41.2031
0.553406 40.7498
0.595614 39.7614
0.601258 40.2706
0.584446 41.4972
0.595614 40.3926
0.601258 41.2933
0.60933 41.1709
0.618355 41.3976
0.558428 40.4547
0.635237 41.5403
0.666223 41.4062
0.655999 41.3035
0.687791 41.5076
0.609018 41.1133
0.64913 41.425
0.649904 41.0038
0.597632 41.3326
0.622131 41.6406
0.556481 41.3223
0.622131 41.1573
0.657078 40.997
0.602237 41.3001
0.654685 40.4531
0.634165 41.4508
0.616491 39.8899
0.634165 41.3633
0.634165 41.5282
0.596073 40.8881
0.584742 41.5144
0.59287 40.8513
0.59287 41.4577
0.597034 41.2882
0.597034 40.7681
0.618021 41.3445
0.659767 39.7962
0.673826 41.3856
0.680527 40.9987
0.659767 41.4886
0.606763 41.3582
0.606763 41.1489
0.641715 41.5248
0.641715 41.3599
0.641715 41.6233
0.659767 41.511
0.617329 41.0172
0.612187 41.0543
0.606763 40.8914
0.641715 41.2388
0.659767 40.6289
0.680527 41.2899
0.680527 41.1658
0.680527 41.413
0.680527 41.5351
0.662281 41.6181
0.680527 41.7136
0.680527 41.6823
0.680527 41.5939
0.680527 41.3599
0.680527 41.5144
0.680527 41.1862
0.634382 41.6875
0.744198 41.9129
0.692097 41.8078
0.72539 41.587
0.714359 41.1404
0.669007 40.3763
0.638364 41.1235
0.716522 41.2729
0.741762 41.5541
0.750487 41.6667
0.633434 41.731
0.652753 41.7171
0.699024 41.7973
0.676837 41.834
0.612323 41.48
0.682176 41.9024
0.685906 41.9692
0.644343 41.8813
0.737913 42.0097
0.663176 41.9727
0.716448 41.9498
0.619591 41.9798
0.681802 42.1124
0.65161 41.8866
0.632329 41.9903
0.687819 41.9569
0.66707 41.8866
0.68354 41.9041
0.688585 41.587
0.76434 41.691
0.76434 41.5541
0.818589 41.841
0.704987 41.8866
0.719336 41.53
0.719336 41.2746
0.699923 41.7066
0.723491 42.0027
0.801663 41.7188
0.819691 41.5731
0.796733 41.8113
0.78435 41.8428
0.745668 41.7537
0.713004 41.927
0.692461 41.9182
0.713615 41.9164
0.689815 42.203
0.689815 42.1923
0.674312 42.0415
0.6479 42.084
0.652343 42.1674
0.687795 42.2012
0.663401 42.171
0.735867 41.8288
0.73071 42.1319
0.715376 42.1195
0.761564 42.0769
0.739278 42.2315
0.705871 42.1923
0.756593 42.2833
0.739164 42.2779
0.70429 42.2797
0.679085 42.0557
0.707076 41.971
0.725703 42.0999
0.668483 42.2869
0.647487 42.2636
0.675545 42.0557
0.769358 42.2779
0.772702 41.6962
0.770183 42.0982
0.770183 42.1727
0.749346 42.1177
0.715925 42.1763
0.724823 42.203
0.756614 42.4268
0.728643 41.9358
0.684211 41.9692
0.632287 42.0645
0.591504 42.2958
0.558796 42.5007
0.503477 42.1283
0.512744 42.1941
0.49927 42.2494
0.492795 42.3209
0.508865 42.2601
0.514521 42.3549
0.531687 42.2958
0.531687 42.2422
0.52658 42.1195
0.52658 41.9956
0.520289 42.2083
0.516574 42.1248
0.488372 42.2315
0.4608 42.398
0.454737 42.4034
0.444329 42.4628
0.488055 42.3245
0.509073 42.0999
0.517592 41.5714
0.520225 40.4957
0.530228 42.123
0.532678 41.9868
0.520225 42.2815
0.496745 42.1301
0.485152 42.1923
0.458595 42.346
0.431834 42.346
0.41059 41.1489
0.419909 42.0433
0.43471 42.3549
0.44517 42.2654
0.463278 42.2905
0.475693 42.2815
0.494089 42.3137
0.50831 42.3478
0.517281 42.0698
0.481481 42.1354
0.447918 41.9375
0.426321 41.4336
0.422287 42.2208
0.456098 42.2779
0.494521 42.1977
0.514887 42.2386
0.558052 42.0521
0.587587 41.9657
0.633789 42.2708
0.630526 41.9428
0.61805 41.9868
0.604289 42.2101
0.599859 42.3173
0.576324 42.2922
0.540173 42.2386
0.531857 41.6806
0.517287 40.5992
0.504514 41.7502
0.518561 42.2048
0.540039 42.0415
0.579947 42.2226
0.598073 41.7728
0.642857 42.1585
0.663673 42.0911
0.678244 42.1265
0.694133 42.1781
0.656013 42.1248
0.605469 42.0929
0.575353 41.7833
0.528224 42.3496
0.491015 41.9569
0.48825 42.3155
0.480852 42.4899
0.507023 42.0362
0.533038 42.0115
0.563622 41.8603
0.599917 42.3639
0.636684 42.3352
0.681132 42.389
0.716803 42.2905
0.688378 41.9006
0.666836 42.2851
0.694287 42.123
0.734103 42.1816
0.729263 42.3496
0.723718 42.3513
0.683114 42.3334
0.686241 42.4232
0.686241 42.4088
0.702133 42.1212
0.702133 42.0557
0.677419 42.3837
0.650224 42.3048
0.656713 42.1212
0.656713 42.2654
0.656713 42.2529
0.656713 42.328
0.656713 42.1621
0.656713 42.4196
0.656713 42.3424
0.645035 42.3173
0.651254 42.3442
0.639774 42.3531
0.639774 42.2155
0.626832 42.2869
0.61997 42.1621
0.61997 42.2458
0.61997 42.1959
0.625812 42.3783
0.641819 42.2851
0.645755 42.3496
0.65538 42.4646
0.667805 42.508
0.63011 42.5026
0.628319 42.3173
0.649523 42.1124
0.68743 42.4394
0.720251 42.4809
0.760796 42.3729
0.750467 40.8013
0.702949 42.0858
0.750467 42.2905
0.731796 42.3478
0.63 41.6632
0.700113 42.0203
0.717574 41.9657
0.701299 42.1852
0.661491 42.2101
0.654545 42.1834
0.591429 42.4719
0.592416 42.6257
0.613498 42.5496
0.620515 41.9921
0.553599 41.8725
0.523965 42.673
0.562211 42.3316
0.51192 42.4827
0.560017 42.4088
0.585503 42.6913
0.564185 42.6003
0.589946 42.452
0.63576 42.5532
0.661987 42.3747
0.801385 41.1963
0.717461 40.0432
0.778562 40.032
0.758603 40.1252
0.73151 40.151
0.73151 40.0432
0.73151 40.1188
0.73151 40.1623
0.668702 40.7664
0.633055 43.2264
0.64 43.2844
0.64 43.2227
0.64 42.2601
0.64 43.6586
0.662916 43.4764
0.704218 43.247
0.726653 43.2919
0.719073 43.4575
0.751554 43.1611
0.74359 43.3388
0.750548 43.4103
0.723547 43.4764
0.744125 43.0942
0.722 43.3032
0.686528 42.8174
0.653084 43.29
0.653084 43.3802
0.650805 43.2376
0.616879 43.2059
0.553785 43.2582
0.552941 43.5123
0.548476 43.4915
0.566265 43.2957
0.607595 43.2601
0.587551 43.4707
0.628205 43.3576
0.649179 43.7675
0.671233 43.4461
0.662162 43.6605
0.666667 43.0849
0.657895 43.2863
0.65438 43.3689
0.674188 43.4084
0.672154 43.1742
0.693059 43.4934
0.740203 43.0645
0.706373 43.5749
0.671634 43.0812
0.691489 43.2957
0.730781 43.5977
0.750988 43.3013
0.711441 43.3858
0.691271 43.4292
0.693821 43.3858
0.72332 43.0719
0.815331 43.6605
0.745223 43.3783
0.842927 43.5123
0.731579 43.6357
0.689674 43.5388
0.635348 43.2694
0.590931 43.4367
0.549209 43.3332
0.556485 43.482
0.52917 43.3557
0.561684 43.4235
0.610248 43.3407
0.614035 43.0775
0.675955 43.5483
0.716044 43.448
0.780347 43.4311
0.867323 43.5123
0.898429 43.4197
0.921764 43.4103
0.872791 43.0496
0.919269 43.3539
0.774199 43.4028
0.796007 43.3858
0.692098 43.501
0.688652 43.2115
0.701079 43.4934
0.785959 43.1891
0.854448 43.4405
0.881783 43.1072
0.839483 43.3294
0.801056 43.1239
0.777286 43.4934
0.744921 43.7713
0.712222 43.6376
0.672673 43.6967
0.636989 43.7063
0.604619 43.6872
0.649926 43.63
0.702194 43.6072
0.76318 43.3745
0.756316 43.6453
0.751447 43.4972
0.744921 43.4802
0.688716 43.7331
0.644399 43.4386
0.601171 43.5692
0.597712 43.6948
0.583537 43.399
0.579809 43.6453
0.612072 43.1518
0.626888 43.3238
0.674636 43.3125
0.656064 43.4122
0.670057 43.7216
0.643355 43.4745
0.630447 43.7407
0.608525 43.5426
0.57002 43.6662
0.607504 43.5825
0.615097 43.5028
0.630039 43.7618
0.650396 43.6548
0.676269 43.5313
0.699442 43.6796
0.669967 43.2713
0.636567 43.7771
0.621816 43.4915
0.599874 43.6891
0.579428 43.8039
0.56033 43.535
0.566998 43.3821
0.566998 43.691
0.573589 43.6777
0.604167 43.1742
0.650396 43.5882
0.683042 43.5066
0.650155 43.501
0.612274 43.5901
0.584416 43.4688
0.570136 43.5104
0.548471 43.2938
0.532678 42.9443
0.565228 43.6053
0.595226 43.0719
0.636162 43.3745
0.628341 43.5426
0.62972 43.5161
0.621592 42.8816
0.623471 42.9701
0.566577 43.2769
0.507045 43.0886
0.488926 43.2133
0.509429 43.0441
0.432105 43.0071
0.366746 42.7004
0.320741 42.8119
0.274814 42.8174
0.313621 42.8449
0.362995 42.7168
0.416744 42.8156
0.343072 42.7405
0.345943 42.8982
0.304806 42.7753
0.380214 42.2922
0.393848 42.4484
0.411197 42.4628
0.420176 42.5985
0.498456 42.303
0.488654 42.4791
0.475738 42.5949
0.413953 42.6257
0.39769 42.3872
0.429864 42.6021
0.429611 41.5438
0.441132 42.061
0.431622 42.0982
0.427928 42.4178
0.418786 42.3209
0.42958 42.5405
0.438596 42.6567
0.370213 42.5116
0.39371 42.443
0.396995 42.7405
0.303371 42.9443
0.259635 42.4917
0.235955 42.5423
0.197804 42.5913
0.126191 42.9997
0.103867 42.0645
0.0348322 42.7095
0 42.8596
0.78558 40.1316
0.746695 40.1043
0.753731 40.5992
0.588082 40.2609
0.645881 39.7662
0.779232 39.8422
0.761037 40.2463
0.6905 40.2123
0.680973 39.8676
0.680973 39.9648
0.601645 39.7109
0.671375 39.3918
0.646452 39.6495
