0.896351 44.3951
0.93292 37.6336
0.90511 33.4683
0.825543 35.8397
0.854786 42.1141
0.841354 41.3223
0.879301 41.5593
0.882527 42.508
0.92686 42.7826
0.890312 41.9586
0.835292 41.4182
0.798479 41.9586
0.834634 41.855
0.897487 42.061
0.774955 41.8989
0.915971 42.0062
0.832656 41.4319
0.85595 40.0962
0.843816 41.3599
0.827506 41.6077
0.799312 41.3274
0.84745 41.389
0.848761 41.4353
0.920203 41.1387
0.817497 41.1862
0.936664 41.5196
0.82451 41.4645
0.879146 41.2218
0.89049 41.1336
0.765118 41.1235
0.860388 41.2609
0.829191 41.5127
0.819503 41.511
0.828 41.5593
0.835913 41.468
0.814815 41.1218
0.823304 41.249
0.774281 41.4062
0.745342 41.3514
0.741818 42.3298
0.745342 42.7296
0.745342 41.5438
0.745342 41.3976
0.745342 41.4938
0.72832 41.2405
0.734194 41.088
0.734194 40.803
0.734194 40.9366
0.769857 41.0105
0.777991 40.7847
0.771256 41.7781
0.827027 43.0293
0.810108 43.0459
0.810108 43.1444
0.823184 43.2844
0.836689 43.3802
0.832927 43.1239
0.84296 43.0849
0.848183 42.2297
0.833303 41.1879
0.820097 41.2643
0.811475 41.2763
0.799462 40.7814
0.804769 40.9685
0.824091 41.1303
0.827187 41.1066
0.833756 41.2014
0.833093 41.3394
0.80924 41.266
0.83849 40.3861
0.843316 41.2643
0.804419 41.0206
0.860449 41.2167
0.794128 41.0745
0.835767 40.9433
0.886727 40.9266
0.842971 41.3155
0.844845 41.1472
0.855242 41.0846
0.811073 41.324
0.822227 41.1845
0.753869 41.3087
0.811966 41.9375
0.820722 42.5532
0.803364 40.1252
0.787172 41.0223
0.776471 40.7614
0.820312 41.2899
0.817855 41.2286
0.908599 41.3702
0.862644 41.2371
0.894325 41.1692
0.909786 41.1879
0.842975 42.0805
0.861486 42.3316
0.838816 41.0796
0.778032 41.813
0.802969 42.3801
0.782895 41.307
0.776425 41.2882
0.763038 40.5614
0.756783 41.2746
0.770208 40.9232
0.784104 41.2099
0.828178 41.2388
0.781478 41.2524
0.870047 41.2473
0.918525 41.3018
0.883731 41.0055
0.875339 41.8445
0.840659 42.633
0.840659 42.8339
0.833333 41.4267
0.833333 41.336
0.840659 42.2048
0.840659 43.262
0.790486 43.2208
0.850103 42.5985
0.858669 41.6043
0.874829 41.606
0.841611 41.6945
0.841611 41.7711
0.778584 41.4439
0.864351 41.5731
0.853686 41.5835
0.951263 41.658
0.887515 41.3018
0.897004 41.4439
0.871698 41.3616
0.847484 41.2388
0.809579 41.4353
0.82846 41.8095
0.835518 43.0942
0.827569 43.1481
0.850851 43.1276
0.835381 43.2938
0.813138 42.9812
0.798872 43.2825
0.813138 43.2021
0.843254 43.1555
0.859164 43.1891
0.876129 42.3962
0.900804 41.1997
0.751605 41.511
0.819442 41.4903
0.808163 41.4388
0.784003 41.5231
0.796351 41.6632
0.789996 41.6458
0.801619 41.1506
0.837468 41.6268
0.879259 41.6701
0.843364 41.5179
0.88109 41.7014
0.816773 42.0133
0.8098 43.0997
0.721196 42.5333
0.689564 41.6563
0.677262 41.3924
0.780556 41.3565
0.802878 41.4508
0.842892 41.5007
0.9024 41.5472
0.940081 41.8095
0.871528 41.8428
0.889463 41.5593
0.881298 40.8714
0.846632 41.5196
0.810564 41.7746
0.863378 41.7484
0.826277 42.0009
0.837083 40.5121
0.821782 41.8393
0.72906 41.4834
0.78847 41.2712
0.788875 40.4891
0.77584 41.3719
0.78127 41.731
0.785949 41.7101
0.769315 41.6528
0.769315 41.6354
0.769315 41.684
0.769315 41.6684
0.784154 41.7014
0.784154 41.7763
0.810842 41.8989
0.840167 41.8463
0.861199 41.9094
0.882638 41.7816
0.862094 41.6736
0.861199 41.8533
0.861199 41.8568
0.852433 41.5076
0.861199 41.9006
0.840874 41.876
0.831892 41.738
0.831892 41.4285
0.831892 41.9024
0.831892 41.7432
0.840167 41.7484
0.840167 41.7885
0.840874 41.7938
0.861199 41.5058
0.861199 41.7188
0.854156 41.927
0.854156 41.8218
0.854156 41.8638
0.854156 41.9551
0.861199 41.232
0.840167 41.1438
0.840167 41.6025
0.840167 41.58
0.818182 41.6684
0.860539 42.0256
0.860539 41.7119
0.877814 41.6771
0.83321 41.8498
0.810891 41.7415
0.766221 41.4645
0.758816 41.9569
0.761348 41.8778
0.771689 41.9956
0.779817 42.1106
0.772989 42.1461
0.781334 41.6389
0.776988 41.7519
0.788562 41.9322
0.780846 41.5766
0.780846 41.9252
0.788562 41.7537
0.788562 41.5818
0.770235 41.5144
0.76049 41.848
0.734266 41.731
0.776956 41.9974
0.823529 42.0327
0.797101 42.139
0.835624 42.1656
0.817207 39.4477
0.844968 41.7746
0.844968 41.7973
0.844968 41.8113
0.868566 42.1017
0.868566 42.2672
0.868566 42.452
0.868566 42.3513
0.868566 42.3173
0.868566 42.3442
0.868566 41.8305
0.868566 42.0362
0.799177 42.2422
0.835624 41.5007
0.844968 42.171
0.868566 42.187
0.799177 42.1053
0.835624 41.9798
0.83608 42.3621
0.817218 41.8883
0.868566 41.9076
0.817218 42.328
0.844968 42.1159
0.858601 42.123
0.837535 42.4034
0.860113 42.3478
0.860113 42.4556
0.837535 42.3424
0.858601 42.2137
0.868566 42.2101
0.845665 42.1799
0.827722 41.8725
0.827627 42.2708
0.837535 42.3603
0.827722 42.346
0.829226 42.4286
0.860113 41.9745
0.860113 42.1674
0.8377 42.452
0.860113 42.3872
0.860113 42.2905
0.777447 42.3298
0.761586 42.3693
0.786152 42.4178
0.806738 42.3711
0.786152 42.5007
0.806738 42.452
0.794274 42.2654
0.815169 41.8043
0.823778 42.425
0.85033 42.1905
0.859351 41.1269
0.859338 40.9601
0.869704 41.9815
0.824588 42.2619
0.853424 41.9921
0.767462 42.3173
0.802258 42.2279
0.853424 42.2369
0.836242 42.3442
0.836974 42.407
0.752856 42.4268
0.846203 42.5152
0.823511 42.3765
0.846203 42.2208
0.847213 42.0645
0.847213 41.5334
0.846203 42.1941
0.846203 42.3173
0.846203 42.2851
0.751904 42.4286
0.843711 42.2422
0.767462 41.8078
0.820175 41.927
0.821116 42.3711
0.836242 42.1994
0.846203 42.1638
0.7237 42.3298
0.802484 43.4047
0.785888 43.367
0.765484 43.2563
0.726044 43.3501
0.786477 43.0385
0.702201 43.0422
0.715532 43.2021
0.847213 43.4028
0.847213 43.4047
0.847213 43.2919
0.847213 43.2919
0.847213 43.0626
0.824482 43.3896
0.847138 43.1779
0.846203 43.3407
0.836242 43.2171
0.836242 43.0756
0.81664 42.8266
0.853424 43.1499
0.843711 42.9129
0.818577 43.1928
0.818912 43.0886
0.802681 43.1928
0.797267 43.2115
0.837121 42.935
0.795592 43.1183
0.852648 43.0737
0.855484 43.1537
0.833231 43.1165
0.844526 43.3915
0.826389 43.1555
0.818912 42.8853
0.818912 43.1947
0.788808 43.0311
0.7974 43.1425
0.782368 42.5026
0.794805 42.9756
0.779508 43.1947
0.779508 43.163
0.779508 42.8192
0.779508 43.1518
0.794805 43.0719
0.802681 42.3729
0.818912 43.0182
0.783098 43.0923
0.820175 43.0849
0.861776 43.0459
0.845364 43.02
0.837873 43.4084
0.828736 43.3896
0.828232 41.587
0.828232 42.6294
0.806717 43.3971
0.828232 43.204
0.828232 43.1276
0.828232 42.8137
0.828232 43.2582
0.828232 43.1109
0.828232 43.1332
0.764233 42.2708
0.828736 43.1109
0.828736 43.2507
0.837873 43.1425
0.856948 43.1891
0.843484 43.5218
0.866533 43.3163
0.866533 43.3219
0.866533 43.399
0.856764 43.4216
0.847213 42.9
0.837873 43.0404
0.837873 43.2115
0.837873 41.855
0.837121 42.8137
0.837121 43.2003
0.83496 43.1499
0.844526 42.2262
0.853424 40.9517
0.825452 41.3155
0.866533 43.2358
0.876526 43.2825
0.886754 43.3934
0.897222 43.2732
0.87381 43.3407
0.87381 43.3445
0.898571 43.5578
0.898571 43.4594
0.898571 43.3952
0.898571 42.4827
0.898571 43.3313
0.87381 43.3388
0.898571 43.3839
0.806228 43.2657
0.8529 43.5559
0.754491 43.5388
0.863278 43.4802
0.846599 43.3614
0.945904 43.4348
0.919207 43.4028
0.867953 43.4707
0.919207 43.4518
0.907449 43.6472
0.910037 43.2638
0.873913 43.4707
0.898678 43.3445
0.873913 43.5066
0.898678 43.4972
0.873913 43.5901
0.898571 43.2601
0.862609 43.5464
0.873913 43.4896
0.816469 43.4934
0.863278 43.1947
0.909617 43.5199
0.89669 42.8431
0.905852 43.2189
0.867337 42.1141
0.867337 42.6439
0.918538 43.535
0.931118 43.573
0.875529 43.4745
0.956825 43.4594
0.903969 43.592
0.813276 43.4745
0.84562 43.2414
0.87962 42.5242
0.87962 42.8394
0.830088 43.0163
0.87962 42.8982
0.87962 42.8945
0.830088 43.0496
0.87962 42.9369
0.87962 43.0108
0.90681 42.9369
0.892482 42.704
0.888289 42.8046
0.873533 42.8101
0.873533 42.7862
0.846648 43.1146
0.847514 42.2012
0.874439 42.6712
0.792019 43.0256
0.780347 42.7515
0.822485 42.7881
0.79784 42.5604
0.79784 42.7899
0.822485 42.8009
0.822485 42.7168
0.822485 42.555
0.822485 42.5405
0.80117 43.691
0.80117 43.4839
0.810651 43.5635
0.857687 43.6891
0.856777 43.6034
0.896226 43.6091
0.897912 43.4764
0.896486 43.7598
0.886364 43.7733
0.862832 43.7464
0.840517 43.7331
0.826726 43.9078
0.826726 43.6586
0.801431 43.7848
0.801431 43.7158
0.681135 43.8654
0.681135 43.9252
0.785714 43.9155
0.793563 43.3069
0.816309 43.4594
0.856324 43.7426
0.88643 43.802
0.8599 43.5123
0.819444 43.7445
0.8599 43.1388
0.808901 43.8308
0.848128 43.6605
0.777417 43.7541
0.81467 42.9997
0.81467 43.4028
0.81467 41.8708
0.81467 43.1593
0.864471 43.8885
0.81467 43.7963
0.864471 43.8308
0.876311 43.4896
0.848128 42.9516
0.900499 43.5749
0.885316 43.7637
0.82996 43.6948
0.819444 43.8904
0.871429 43.5692
0.808901 43.9155
0.8599 43.7924
0.871429 43.4556
0.8599 43.7886
0.913859 43.2077
0.888479 43.2582
0.81467 43.7484
0.841727 43.8635
0.843096 43.2171
0.819328 43.7713
0.795359 42.8247
0.815311 43.6987
0.825668 43.8827
0.847191 44.1053
0.820598 44.1053
0.847191 44.0102
0.847191 44.1287
0.847191 43.7407
0.820598 44.0354
0.832877 44.1287
0.847191 44.1657
0.847191 44.2713
0.847191 44.2733
0.847191 44.1989
0.847191 44.2811
0.845518 44.2067
0.845518 43.9889
0.819001 43.8558
0.811232 43.9329
0.811232 44.1073
0.833946 43.9136
0.833946 43.9097
0.845518 44.0878
0.845518 44.1326
0.819001 44.1189
0.845518 44.1384
0.819001 44.0238
0.845518 43.7025
0.847191 44.08
0.820598 44.2087
0.860056 44.2791
0.847191 44.2791
0.847191 44.2341
0.847191 44.2067
0.820598 44.1462
0.847191 43.9889
0.820598 44.2028
0.847191 44.1852
0.847191 44.1891
0.847641 43.9812
0.790027 44.0587
0.923472 44.3498
0.860242 44.2831
0.909253 44.1306
0.868779 44.3223
0.88381 44.1579
0.870891 43.9889
0.88381 44.3734
0.801598 44.2517
0.871546 44.3439
0.832313 44.338
0.821097 44.3027
0.821097 44.287
0.770915 44.405
0.821992 43.9947
0.760153 44.0703
0.836291 44.0393
0.81019 44.1423
0.858379 44.195
0.896185 44.1638
0.891932 44.2772
0.922007 43.9252
0.877591 44.0102
0.850409 43.7484
0.877591 44.0898
0.890656 44.1618
0.890656 44.1891
0.813953 44.2204
0.862464 44.2693
0.837889 43.9445
0.837889 44.0529
0.862464 44.1306
0.862464 44.2223
0.851996 44.1638
0.861057 44.1365
0.877591 44.0276
0.877591 44.2028
0.877591 44.1092
0.877591 44.2048
0.890656 44.3223
0.851996 44.1677
0.800497 44.0606
0.862464 44.0995
0.862464 43.5901
0.862464 43.7331
0.862464 43.8327
0.862464 43.6605
0.862464 43.7848
0.862464 43.7867
0.862464 43.735
0.862464 43.7637
0.823157 43.6605
0.823157 43.1611
0.790634 43.5654
0.813953 43.6072
0.813953 43.6948
0.787966 43.7063
0.827089 43.8712
0.851996 43.7618
0.837889 43.7082
0.862464 43.7235
0.877591 43.8327
0.877591 43.9387
0.879469 43.9116
0.795033 42.6712
0.893617 42.4088
0.863291 43.02
0.893004 43.8193
0.863291 43.7331
0.863874 43.8231
0.863874 43.7886
0.893617 44.1501
0.782188 43.9908
0.782188 44.117
0.836392 43.7273
0.863291 44.08
0.863291 43.9001
0.893004 43.9406
0.827089 43.6186
0.877591 43.9947
0.863291 43.877
0.868 43.7733
0.831683 43.7484
0.785352 44.0781
