0.961097 44.3695
0.961045 45.0308
0.90605 42.878
0.904762 43.1816
0.851957 43.9986
0.824911 40.7166
0.776144 42.3478
0.750272 42.8945
0.724401 44.0451
0.67027 44.1774
0.686744 43.987
0.671815 44.2478
0.702703 44.1599
0.74955 44.2752
0.781467 44.2948
0.837838 44.0354
0.717848 44.1716
0.769578 44.2204
0.787136 44.2713
0.872009 44.2615
0.716571 44.2968
0.821131 44.4583
0.904762 44.2537
0.877345 43.9947
0.860803 44.3872
0.88813 44.3971
0.92381 44.2478
0.914286 42.0097
0.837905 43.9174
0.782579 44.0898
0.860743 44.2988
0.849639 44.1228
0.776573 44.0199
0.793028 44.1443
0.787818 44.1989
0.796182 44.1034
0.804544 43.7082
0.812903 44.2165
0.79665 44.1345
0.798421 44.236
0.784698 44.0373
0.738065 44.0354
0.864571 44.1716
0.817766 44.3597
0.805452 43.8673
0.876747 43.9039
0.778584 43.8866
0.709931 44.0937
0.740086 43.9792
0.826035 44.0063
0.802784 44.1228
0.835917 44.1599
0.795691 43.8558
0.788183 43.9309
0.770379 44.1462
0.779396 43.8635
0.743017 43.9155
0.815444 43.9078
0.789931 44.047
0.776985 43.9464
0.844298 43.7963
0.884342 43.6758
0.837086 43.8308
0.818396 43.4179
0.895872 43.5616
0.912037 43.9792
0.84254 44.0257
0.87963 43.9387
0.920823 43.8116
0.92779 43.9252
0.90991 44.018
0.892268 44.016
0.860932 43.8039
0.778584 43.9059
0.88531 44.1443
0.842105 43.827
0.774549 43.7388
0.702554 44.1092
0.76678 43.6796
0.734062 43.5047
0.63699 43.8731
0.771812 43.7809
0.685248 43.8385
0.844512 43.8174
0.70077 43.7713
0.802541 43.9059
0.893618 43.6186
0.746092 43.7331
0.837768 43.8423
0.87963 44.1365
0.905003 43.9715
0.938171 40.5663
0.920403 41.9762
0.905266 43.877
0.756801 43.8385
0.880323 43.2994
0.749804 43.2938
0.759058 43.7637
0.834341 43.85
0.846271 43.3821
0.757848 43.5237
0.866409 41.5265
0.804162 41.7798
0.757062 43.6815
0.725743 43.7637
0.845867 43.8193
0.832614 43.8135
0.775821 42.983
0.869391 43.7292
0.797394 43.7407
0.88411 43.4726
0.804865 43.6262
0.922862 43.8558
0.907099 43.651
0.861782 43.3257
0.92131 43.6662
0.810131 43.7503
0.899331 43.6319
0.845676 43.7158
0.805094 43.4934
0.745081 43.4084
0.74224 43.7331
0.692159 43.5407
0.767442 43.7063
0.767442 43.6738
0.850454 43.3689
0.771522 43.735
0.789687 43.7235
0.74873 43.5768
0.751996 43.7618
0.741298 43.7216
0.725705 43.7752
0.776206 43.67
0.74359 43.1276
0.901036 43.5388
0.849546 43.6872
0.901159 43.6148
0.865259 43.5256
0.830072 43.4009
0.783843 43.2863
0.723058 43.3971
0.707214 43.5161
0.772104 43.7484
0.870156 43.6758
0.82639 43.5844
0.793864 43.8059
0.754452 43.6567
0.777997 43.6987
0.752434 43.5123
0.804531 43.7771
0.781545 43.802
0.796782 43.6205
0.766175 43.5332
0.772859 43.7426
0.764143 43.4518
0.732095 41.365
0.857095 42.1567
0.769356 43.7924
0.888043 43.5692
0.771686 43.4499
0.917632 43.1891
0.795897 43.6567
0.776614 43.6815
0.88002 43.554
0.872697 43.5483
0.805035 43.7848
0.888268 43.6967
0.80151 43.735
0.759457 43.651
0.858703 43.7158
0.788466 43.6681
0.733802 43.3708
0.8288 43.6834
0.744697 43.9001
0.787019 43.4802
0.754223 41.468
0.727887 43.7963
0.786036 43.9116
0.844547 43.7905
0.835753 43.85
0.881963 43.9078
0.861957 43.4991
0.775358 43.6148
0.848957 41.7938
0.875694 43.6338
0.768139 43.827
0.784309 43.3426
0.831295 43.7235
0.728742 43.4311
0.79408 43.611
0.883365 43.352
0.777291 43.6186
0.800689 43.7982
0.772385 43.5483
0.798071 43.5844
0.786084 43.4311
0.844641 43.1537
0.73598 42.0875
0.786601 40.1429
0.84194 43.5388
0.773747 43.6262
0.849275 43.5294
0.714899 43.6414
0.777984 43.8135
0.853186 43.3257
0.743789 43.163
0.834113 43.6472
0.88002 43.5882
0.747294 43.6453
0.799257 43.1854
0.841403 43.232
0.874955 43.5711
0.77882 43.4122
0.809575 43.1183
0.792826 43.3482
0.82336 43.3388
0.826004 43.5464
0.799581 43.3614
0.8007 43.2096
0.784307 42.0751
0.821412 43.0089
0.733956 42.0398
0.740823 43.0293
0.797486 42.6694
0.804824 42.9314
0.804824 43.109
0.795376 43.482
0.795376 43.4745
0.82324 43.4292
0.83762 43.4235
0.866183 43.2526
0.885113 43.2769
0.870741 43.0942
0.890369 43.2601
0.882749 43.5142
0.759627 42.9682
0.765808 43.0515
0.746199 42.8266
0.783255 43.2227
0.727177 43.0108
0.649396 43.0052
0.693755 43.3257
0.745913 43.3445
0.680785 43.0997
0.706105 43.3407
0.772869 43.5388
0.719407 43.2507
0.768571 43.3069
0.713515 43.2938
0.773659 43.2003
0.712704 43.3595
0.77218 43.2825
0.73164 42.8009
0.772154 42.9849
0.764288 43.3839
0.834102 43.4367
0.740921 43.1648
0.769089 43.2807
0.710268 43.0719
0.765601 43.1127
0.658337 41.9322
0.719559 43.3069
0.759282 43.1984
0.693724 42.9498
0.719656 43.2339
0.788293 43.4047
0.680815 43.4047
0.753454 43.2507
0.798872 43.204
0.754931 43.6624
0.771114 43.4556
0.816632 43.6414
0.808225 43.4594
0.676721 43.2694
0.704557 43.3238
0.730446 42.9553
0.802594 43.5028
0.7105 43.3257
0.78208 43.0145
0.775106 42.7241
0.69026 43.0626
0.684459 43.2302
0.740715 43.2825
0.674264 41.2882
0.726572 43.3896
0.687276 43.3163
0.733737 43.2713
0.662133 42.8559
0.733737 43.3294
0.700465 43.2863
0.776018 42.7771
0.681039 43.2788
0.748111 43.465
0.655271 43.262
0.73403 43.262
0.692322 43.399
0.774717 43.6167
0.747782 42.7004
0.77042 43.0552
0.670277 43.1202
0.686503 43.1295
0.658779 43.2582
0.695743 43.2302
0.707138 43.2694
0.706371 43.2825
0.712172 43.2414
0.650955 43.5256
0.611277 43.1109
0.674283 43.3557
0.65001 42.5062
0.693268 43.5313
0.668771 43.1202
0.699918 43.2975
0.6161 43.2096
0.645485 43.4084
0.56037 43.2077
0.582557 43.4367
0.610564 43.1369
0.533829 43.4688
0.579395 43.4613
0.613335 43.1258
0.637791 43.5369
0.573698 43.2694
0.596869 43.4292
0.635994 43.6205
0.686567 43.7963
0.647969 42.6512
0.701179 43.6129
0.619124 43.9618
0.637708 43.8135
0.589837 42.8945
0.668619 43.5958
0.617884 43.8135
0.604506 43.7503
0.68245 43.5388
0.636401 43.6433
0.59893 43.4065
0.56347 41.8025
0.529875 41.606
0.53511 39.2141
0.544996 40.6851
0.550437 41.1438
0.635649 41.6545
0.642638 42.6076
0.667654 42.6276
0.628949 42.2119
0.579039 42.5677
0.601893 41.5438
0.576973 41.5973
0.558075 42.1088
0.591783 41.9939
0.554111 42.604
0.543167 42.2048
0.600708 42.5224
0.557635 42.6821
0.507738 42.7058
0.565673 42.7551
0.521716 42.5134
0.421109 42.6257
0.456042 42.5913
0.448327 42.1923
0.482163 42.3908
0.541094 42.5297
0.515789 42.604
0.622028 42.416
0.578859 42.7241
0.633681 42.5659
0.659555 41.9815
0.605925 42.0027
0.615876 42.3334
0.620065 42.3585
0.621276 42.3334
0.72657 42.7277
0.721168 42.6931
0.668445 42.7296
0.636588 42.407
0.62253 42.6439
0.594758 42.5804
0.499327 42.4773
0.558294 42.5279
0.473939 42.3227
0.538303 42.3191
0.519949 42.3711
0.494651 42.3998
0.529945 42.0468
0.610409 42.294
0.51087 42.3155
0.561519 42.425
0.644198 42.2779
0.588139 42.3245
0.662053 42.3227
0.614627 42.452
0.693724 41.6997
0.627156 42.3352
0.55914 42.2779
0.613389 42.1994
0.560903 42.5405
0.618498 42.3209
0.526722 42.2744
0.463842 41.542
0.459594 42.2422
0.485754 42.2994
0.482341 42.2226
0.469649 42.6294
0.423632 42.4556
0.410571 42.4538
0.380271 42.5387
0.441488 42.6239
0.374607 42.4953
0.416216 42.5333
0.412913 42.7606
0.434451 42.2119
0.468219 42.061
0.49111 41.48
0.573657 42.4124
0.58669 42.5026
0.569177 42.5731
0.548776 42.4538
0.51307 42.6603
0.495225 42.7734
0.494824 42.1177
0.475489 42.2422
0.519279 42.2905
0.45902 42.2048
0.518199 42.5206
0.441526 42.6494
0.468585 42.8945
0.441311 42.8872
0.487166 42.4953
0.479251 42.9812
0.458873 42.7186
0.446204 42.9056
0.519548 42.8357
0.544235 42.7204
0.612886 42.3585
0.565126 42.7734
0.668826 42.7917
0.679593 42.746
0.617267 42.7844
0.643917 42.5949
0.578463 42.2119
0.523265 42.008
0.515212 42.2636
0.538303 42.4466
0.498848 42.6658
0.555469 42.8266
0.458532 42.6003
0.468097 42.3926
0.489967 42.6221
0.498895 42.633
0.459483 42.8798
0.470045 42.996
0.450609 42.8046
0.474007 42.9498
0.462111 42.746
0.500386 42.6567
0.580829 42.9756
0.531567 43.0478
0.581794 42.9923
0.613369 43.1388
0.664901 43.0145
0.690432 42.6185
0.687836 42.9479
0.742534 42.9019
0.751534 43.033
0.635649 42.4989
0.624857 42.6457
0.469185 42.4755
0.526521 42.5496
0.600648 42.7954
0.53873 42.4737
0.481878 42.8449
0.625776 42.7022
0.554044 42.7277
0.507924 42.6785
0.515984 42.1248
0.487961 42.7168
0.494897 42.6585
0.567139 42.6694
0.554667 42.9332
0.57209 42.9
0.644776 42.2155
0.64404 42.8137
0.647701 42.7899
0.691166 42.8431
0.693537 42.9609
0.68105 42.9203
0.654649 42.7862
0.701001 42.9997
0.674985 42.4863
0.673171 42.7423
0.695169 42.9793
0.666152 42.7259
0.669524 42.9627
0.709745 42.6894
0.762614 42.8982
0.715639 42.9019
0.680158 42.7588
0.605269 43.0942
0.750294 43.0942
0.76055 43.0608
0.644223 42.8908
0.594865 43.0367
0.735637 42.7168
0.683052 42.7077
0.688506 42.6148
0.748637 42.8192
0.755129 42.8192
0.761733 42.6767
0.746022 42.746
0.749821 42.7497
0.702166 42.6567
0.701682 42.5279
0.722628 42.7771
0.688034 42.6294
0.674581 42.7734
0.655028 42.7314
0.649835 42.4971
0.728529 42.7716
0.709445 42.6021
0.678214 42.7204
0.62837 42.8284
0.681142 42.8798
0.79769 42.6603
0.698743 42.7478
0.758879 42.3872
0.706382 42.7296
0.612625 42.7753
0.685375 42.9719
0.692572 42.7113
0.756983 42.6876
0.722318 42.4088
0.653489 42.6913
0.751211 42.7022
0.688443 42.407
0.658717 42.9203
0.738916 42.5786
0.721252 42.8137
0.715857 42.7551
0.681941 40.8981
0.659748 42.7899
0.718043 41.7903
0.688466 42.4502
0.704646 42.935
0.655616 42.7259
0.59815 42.508
0.605653 42.508
0.600994 42.9277
0.572754 42.5152
0.64461 42.0698
0.64461 42.9535
0.669636 42.9535
0.636428 42.9185
0.647523 43.0719
0.562171 43.0404
0.647255 42.9941
0.688468 42.8816
0.724104 42.2565
0.696983 42.924
0.676056 42.4773
0.685175 42.5586
0.665685 43.0089
0.768405 43.0645
0.764418 42.9775
0.763831 43.0145
0.740185 42.9516
0.683031 42.1994
0.682169 42.7807
0.644047 42.3837
0.655305 43.07
0.666864 42.8339
0.730484 42.3406
0.737127 42.8321
0.672704 42.9886
0.733454 43.1704
0.670031 43.07
0.74764 43.0867
0.767725 43.1854
0.713208 43.0942
0.779026 43.0793
0.728801 43.1072
0.781367 42.6294
0.763023 42.9553
0.70041 42.8725
0.795231 43.0163
0.78903 42.5297
0.789172 42.8321
0.801549 43.0293
0.784091 42.7314
0.767377 42.2744
0.751601 42.6894
0.736637 42.7606
0.715774 42.4034
0.701049 42.5641
0.698925 42.9867
0.685241 42.7753
0.685241 42.8266
0.672083 42.9904
0.677467 42.8064
0.664603 42.9129
0.656326 42.9627
0.662353 42.9332
0.638889 42.9221
0.632075 39.7093
0.600383 42.8137
0.552627 42.8761
0.631022 42.0787
0.65782 42.4412
0.715328 42.7954
0.768492 42.9203
0.764812 42.8046
0.820872 42.8688
0.822677 42.746
0.81864 42.6476
0.799836 42.4196
0.765621 42.8486
0.743602 43.02
0.699305 42.7771
0.719232 42.7204
0.698925 42.8137
0.69575 42.8431
0.69575 42.9221
0.709464 42.7789
0.709464 42.8046
0.645177 42.5188
0.677303 42.8302
0.593009 42.9904
0.637232 42.7771
0.691489 42.8798
0.602041 42.8174
0.738636 42.8101
0.781684 42.9277
0.776303 42.9609
0.87172 42.9535
0.843373 42.7606
0.804598 42.9277
0.752688 42.5804
0.721649 42.7899
0.679612 42.9019
0.663199 42.9572
0.632509 42.9646
0.620894 42.924
0.633452 42.4268
0.619417 42.3819
0.58941 42.6985
0.580691 42.9111
0.54019 42.9719
0.54507 42.6457
0.484771 42.5713
0.527609 43.1034
0.556792 42.0787
0.582665 42.6694
0.712766 42.9904
0.679346 42.9295
0.699874 43.0182
0.723007 43.1202
0.797868 42.7991
0.712817 43.1406
0.769676 43.0626
0.722041 42.1727
0.677563 42.7625
0.635025 42.5459
0.602094 42.8412
0.602094 43.0108
0.614629 43.0515
0.614629 42.8449
0.525451 42.3173
0.566208 42.7369
0.561811 42.7131
0.553648 43.0626
0.560275 43.3445
0.552596 43.2825
0.565862 43.3163
0.610696 43.3727
0.633452 43.163
0.636364 43.2713
0.603788 42.8284
0.627045 43.3858
0.698925 43.4783
0.697442 42.9627
0.729761 43.4235
0.688716 43.122
0.694981 42.5858
0.669145 43.2563
0.646336 43.2526
0.648837 43.1537
0.628616 43.2563
0.630872 42.5695
0.628829 43.1518
0.623633 42.9037
0.612549 42.6494
0.625514 43.0775
0.586277 43.2115
0.576133 43.352
0.595918 43.1835
0.632817 43.2957
0.648402 43.1593
0.683726 42.8046
0.694571 43.2601
0.684608 43.2657
0.778378 43.4367
0.788171 43.0348
0.744058 43.1146
0.76535 42.8816
0.756728 43.2563
0.754309 43.1667
0.726044 43.109
0.72763 43.2059
0.704626 42.5858
0.694235 43.0015
0.661652 43.3745
0.669092 42.7826
0.609458 42.8743
0.590387 43.122
0.594499 43.2227
0.566696 43.204
0.570522 42.1372
0.634775 43.2919
0.596692 43.2339
0.662913 43.1835
0.579516 43.2582
0.659577 43.2601
0.672894 43.0589
0.765298 43.3163
0.799965 43.2844
0.847657 43.2133
0.822999 43.2171
0.830199 43.0849
0.818602 43.0663
0.818602 42.8669
0.814865 43.0533
0.8297 43.1276
0.815031 43.0441
0.837382 43.3163
0.857044 43.3557
0.864551 43.399
0.821409 43.2769
0.821107 42.8614
0.864551 43.1295
0.840865 43.2657
0.852662 43.4122
0.906344 43.1723
0.814531 43.3783
0.779757 43.0219
0.777385 43.1239
0.818521 43.2563
0.810866 43.1648
0.809578 42.9111
0.854392 42.9443
0.825049 42.878
0.851778 43.1332
0.814196 43.0496
0.779206 42.7332
0.758346 43.0496
0.796416 43.2189
0.796416 43.0737
0.786027 42.7625
0.769433 43.1109
0.75612 42.7807
0.739618 42.889
0.793704 43.0237
0.731833 42.8467
0.776009 43.3163
0.876833 42.4845
0.854898 42.9498
0.800616 42.7077
0.807639 42.9941
0.807987 43.1928
0.83802 42.4448
0.833877 43.1258
0.738419 43.0515
0.801977 43.0942
0.832643 43.7503
0.836023 44.2263
0.837879 44.2497
0.811697 43.7216
0.858046 43.9155
0.816818 43.7637
0.79815 43.8097
0.825308 43.4367
0.743533 43.7848
0.868681 43.9001
0.800672 43.9136
0.828594 43.9889
0.733292 44.0238
0.775982 43.9986
0.864448 43.9947
0.762915 44.1092
0.860547 44.1911
0.74816 44.1735
0.776578 43.4197
0.765043 43.7828
0.780318 43.8596
0.789716 43.8039
0.833619 43.5464
0.782317 43.1518
0.777597 43.5806
0.67133 43.956
0.751291 42.7533
0.775729 44.0005
0.722348 43.9116
0.785737 44.1326
0.841727 43.1984
0.82629 44.1014
0.808405 44.1579
0.721863 44.1384
0.751026 44.1092
0.832059 44.3302
0.81613 44.0606
0.737901 43.7733
0.737653 43.8116
0.837655 44.154
0.829243 44.0005
0.730247 44.1365
0.792121 44.0451
0.776578 44.0335
0.74816 43.7044
0.688936 43.987
0.689106 43.735
0.683624 43.6643
0.782648 44.1443
0.738049 43.4726
0.74501 44.1501
0.762915 43.9792
0.762915 44.1189
0.809492 44.0257
0.686467 43.9908
0.726689 43.7139
0.720067 43.4084
0.737397 44.1384
0.730398 44.0238
0.723382 43.9967
0.730774 43.6491
0.766974 44.047
0.778575 44.1267
0.760783 43.8693
0.772533 44.1911
0.760783 44.1833
0.814304 44.3794
0.84174 44.3203
0.842921 44.2282
0.829252 44.2693
0.837766 44.0548
0.837766 44.1501
0.912921 44.3066
0.911151 44.1112
0.710543 44.2889
0.707643 43.4424
0.764327 44.08
0.771893 44.4326
0.779771 44.0762
0.716839 44.1423
0.787051 44.1482
0.765443 44.238
0.749268 44.3931
0.845878 44.2008
0.794631 44.3597
0.74796 44.2321
0.78024 44.2067
0.7726 42.2119
0.7726 44.4168
0.775167 43.9734
0.67289 42.7661
0.670587 43.8635
0.660964 44.1638
0.645451 44.1872
0.630649 43.5806
0.705754 44.2478
0.730987 44.2439
0.6877 44.1638
0.667702 43.7771
0.616205 44.2302
0.716475 44.156
0.716475 44.2595
0.641582 43.9541
0.66443 44.6588
0.841531 44.5891
0.841531 44.018
0.75989 44.4879
0.897561 44.7507
0.788714 44.4346
0.792253 44.4978
0.792253 44.5018
0.708958 44.4741
0.897561 44.2772
0.897561 44.2831
0.843499 44.3813
0.852746 44.7047
0.788108 44.4662
0.772173 44.1073
0.772173 44.7027
0.800694 44.5177
0.800694 44.3479
0.755935 44.1735
0.738844 44.4129
0.751487 44.5097
0.651132 44.4129
0.723984 44.5315
0.724092 43.8596
0.747755 44.619
