0.901163 37.2467
0.88844 24.2618
0.885151 31.0974
0.917738 37.4111
0.909284 37.358
0.942348 38.1156
0.90078 38.3539
0.869391 38.0575
0.890937 38.0677
0.764832 38.1811
0.800017 38.1345
0.77708 38.0431
0.866572 37.978
0.925773 37.4097
0.897441 37.7544
0.956975 37.9219
0.86696 37.8946
0.925534 38.2541
0.925534 38.3951
0.925534 38.0981
0.925534 37.8802
0.883554 37.8673
0.870968 38.0967
0.829493 37.9104
0.829493 38.0055
0.878049 38.072
0.867799 38.0996
0.717561 38.2497
0.767292 37.8817
0.820057 38.0431
0.801475 38.2175
0.801475 38.0952
0.801475 38.0662
0.820057 37.7943
0.820057 37.7758
0.829493 37.8802
0.819124 37.7302
0.819124 37.6237
0.808756 37.7715
0.782066 37.5249
0.808756 37.5799
0.808756 37.6138
0.808756 37.0617
0.808756 37.7088
0.808756 37.0274
0.808756 37.7045
0.799427 37.5516
0.799427 37.477
0.799427 37.6336
0.722908 37.696
0.773176 37.5926
0.799427 37.326
0.799427 37.7658
0.799427 37.47
0.799427 37.7972
0.799427 37.6039
0.747989 37.706
0.756465 37.7629
0.756465 37.3511
0.756465 37.5066
0.756465 37.7259
0.756465 37.6265
0.756465 37.442
0.756465 37.7188
0.756465 37.3455
0.756465 37.7131
0.756465 37.3608
0.728448 37.7958
0.728448 37.4756
0.728448 37.4308
0.778802 37.6322
0.82439 37.7729
0.82439 37.843
0.752554 37.5855
0.752554 37.7972
0.82439 37.6534
0.82439 37.8301
0.82439 35.5126
0.82439 37.7872
0.82439 37.2634
0.82439 37.7373
0.82439 37.3888
0.82439 37.7972
0.82439 37.6011
0.82439 37.2814
0.82439 37.7387
0.82439 36.9331
0.752554 38.0185
0.792683 37.7358
0.765766 37.8372
0.765766 37.5178
0.72402 37.7815
0.740493 37.7387
0.792683 37.8043
0.792683 37.3288
0.792683 37.5418
0.792683 37.7758
0.765766 37.6946
0.748266 37.6209
0.707857 37.4939
0.740493 37.57
0.740493 37.5291
0.792683 37.8172
0.78362 37.5052
0.72402 37.7102
0.740493 37.3664
0.699412 37.7815
0.792683 37.7758
0.78362 37.4728
0.72402 37.6577
0.72402 37.4574
0.72402 37.7045
0.707857 37.508
0.707857 37.6818
0.677831 37.456
0.69283 37.6989
0.700431 37.2439
0.700431 37.449
0.700431 37.2329
0.700431 37.5502
0.748848 37.7401
0.748848 37.7472
0.748848 37.8058
0.740493 37.5883
0.740493 37.6492
0.677831 37.4546
0.723042 37.7117
0.792683 37.1775
0.765766 37.7915
0.72402 37.3818
0.72402 37.5799
0.72402 37.287
0.72402 37.6279
0.769966 37.7501
0.769966 37.4251
0.769966 37.7958
0.748848 37.5587
0.748848 37.7145
0.748848 37.5954
0.748848 37.6166
0.748848 37.6932
0.792683 37.1099
0.765766 37.5559
0.765766 37.6705
0.748266 37.1899
0.748266 37.7145
0.706161 37.4588
0.748266 37.7929
0.765766 37.3622
0.78362 37.6464
0.78362 37.5474
0.78362 37.7302
0.78362 37.5615
0.78362 36.5644
0.78362 37.5587
0.740493 37.6081
0.748848 37.4897
0.748848 37.4364
0.748848 37.5883
0.740493 37.5897
0.740493 37.3413
0.72402 37.6733
0.740493 37.3636
0.748848 37.7245
0.72402 37.4981
0.740493 37.3176
0.740493 37.4756
0.748848 37.5178
0.707857 37.7715
0.72402 33.3133
0.72402 33.1851
0.78362 33.0753
0.765766 33.279
0.78362 33.9939
0.78362 35.0803
0.792683 35.2846
0.792683 35.1432
0.810089 35.1346
0.830654 35.2821
0.691993 35.2796
0.740493 35.1161
0.740493 35.1976
0.748848 35.1074
0.748848 34.9956
0.69283 35.025
0.700431 35.2783
0.748848 35.1481
0.748848 35.1815
0.748848 35.1235
0.748848 35.137
0.748848 35.1667
0.740493 35.2286
0.740493 35.1161
0.740493 35.3907
0.69283 34.992
0.748848 35.2584
0.792683 35.3657
0.765766 35.0877
0.78362 35.1741
0.78362 35.2908
0.792683 35.327
0.792683 35.142
0.78362 35.1111
0.78362 35.2026
0.78362 35.2286
0.78362 35.0877
0.78362 35.1964
0.78362 34.6069
0.765766 35.2162
0.72402 35.2212
0.740493 35.1111
0.792683 35.3594
0.840517 35.2572
0.830654 35.0877
0.830654 35.158
0.830654 35.1481
0.830654 35.2336
0.840517 35.407
0.78362 34.9809
0.792683 35.2361
0.792683 35.1976
0.792683 35.2063
0.792683 35.3332
0.792683 34.6404
0.792683 35.2671
0.792683 35.2386
0.78362 35.302
0.78362 35.1877
0.773509 35.2958
0.668182 35.1531
0.674312 35.2746
0.674312 35.1964
0.674312 35.1198
0.674312 35.3082
0.682028 35.0926
0.65361 35.2659
0.65361 35.251
0.65361 34.9822
0.69187 35.1716
0.69187 35.3619
0.69187 35.2783
0.69187 35.251
0.69187 35.3057
0.69187 35.3544
0.69187 35.3532
0.69187 35.3419
0.69187 35.3057
0.683998 35.3644
0.683998 34.9907
0.683998 35.2088
0.682028 35.2249
0.682028 35.2473
0.682028 35.2137
0.710445 35.2386
0.710445 34.8347
0.710445 35.1593
0.710445 35.3332
0.710445 35.2547
0.710445 35.1729
0.710445 35.2237
0.710445 35.1531
0.720046 35.1432
0.729647 34.9491
0.739247 35.2858
0.729647 35.3619
0.711829 35.2783
0.657071 35.3419
0.700431 35.2759
0.70977 35.2274
0.746767 34.8626
0.70977 34.5805
0.700431 35.1914
0.664512 35.1964
0.664512 35.2051
0.664512 35.2746
0.664512 35.2336
0.664512 35.1952
0.664512 35.2584
0.664512 35.1791
0.664512 34.7078
0.657071 35.0643
0.710445 34.7403
0.702274 35.2311
0.702274 35.0693
0.702274 35.2249
0.702274 35.158
0.702274 34.8274
0.702274 34.9565
0.702274 35.302
0.710445 35.1395
0.710445 35.3807
0.710445 35.302
0.710445 35.2933
0.710445 35.2187
0.702274 35.2622
0.702274 35.189
0.686163 35.21
0.686163 35.297
0.627964 35.2497
0.657071 35.312
0.657071 35.0484
0.657071 35.1395
0.657071 35.2162
0.657071 34.8955
0.651249 35.0607
0.608493 34.9443
0.720046 35.0349
0.711829 35.3882
0.711829 35.0054
0.711829 34.9589
0.720046 35.3319
0.720046 35.189
0.711829 35.2647
0.711829 35.3369
0.695628 35.0226
0.695628 35.2361
0.695628 35.2833
0.651249 35.2671
0.673491 35.1902
0.673491 35.3382
0.673491 34.9907
0.673491 35.3419
0.673491 34.9834
0.673491 35.2038
0.673491 35.0557
0.720046 35.041
0.695628 35.2237
0.695628 34.9969
0.695628 35.2113
0.651249 35.2336
0.673491 35.1148
0.666011 35.03
0.666011 35.0656
0.666011 33.4325
0.720046 34.9846
0.720046 35.1939
0.720046 34.9443
0.691244 35.2547
0.691244 35.3494
0.691244 35.0631
0.691244 35.2175
0.691244 35.1074
0.700461 35.1272
0.692661 35.3008
0.701835 34.7899
0.701835 35.142
0.701835 35.3257
0.701835 34.8857
0.686364 35.2125
0.642553 35.2386
0.656652 35.2088
0.656652 35.2398
0.656652 35.2075
0.656652 35.1741
0.683891 35.4183
0.738338 35.089
0.741736 35.1506
0.741736 35.3669
0.741736 35.189
0.741736 35.2908
0.741736 34.9724
0.741736 35.241
0.741736 35.2175
0.750322 34.8347
0.827957 35.2026
0.818182 35.1976
0.818182 34.9101
0.818182 35.3744
0.765547 35.2063
0.774425 34.9736
0.765547 35.2647
0.765547 35.089
0.765547 35.184
0.765547 35.1766
0.765547 35.0312
0.765547 35.163
0.765547 35.2162
0.765547 34.9944
0.765547 35.0361
0.765547 35.2771
0.827957 34.8153
0.818182 35.1284
0.798942 35.1272
0.798942 35.0324
0.748054 35.2324
0.774425 35.0914
0.774425 35.1222
0.774425 35.3369
0.765547 34.9809
0.765547 35.1655
0.704727 35.1444
0.7513 35.2423
0.76086 35.184
0.785561 35.2038
0.785561 35.089
0.785561 35.2634
0.736595 35.251
0.79454 34.808
0.79454 34.9004
0.785561 34.3536
0.785561 35.2063
0.76787 35.2883
0.76787 35.3145
0.76787 35.2398
0.76787 34.7102
0.76787 34.9467
0.76787 35.2833
0.76787 35.1617
0.76787 35.2386
0.785561 35.2125
0.785561 35.3182
0.785561 35.2647
0.757641 35.251
0.757641 34.9944
0.757641 35.2821
0.740839 35.2051
0.740839 34.943
0.740839 34.992
0.819124 35.1407
0.819124 35.2162
0.819124 35.4862
0.819124 35.1952
0.701531 35.3382
0.740839 35.1989
0.757641 35.2473
0.757641 35.3045
0.757641 35.1469
0.757641 34.8626
0.757641 35.3207
0.757641 35.1407
0.757641 34.9601
0.757641 35.1927
0.747989 35.1259
0.738338 35.1432
0.728686 35.387
0.70567 35.0766
0.70567 35.2162
0.70567 35.0471
0.70567 35.2547
0.713678 35.1704
0.713678 35.2386
0.713024 35.0902
0.762301 35.1272
0.762301 35.1148
0.758833 35.3657
0.758833 35.2584
0.729647 31.4545
0.729647 36.8664
0.729647 27.5399
0.729647 30.7494
0.729647 34.9296
0.729647 34.5054
0.729647 35.184
0.729647 35.2324
0.729647 35.1185
0.729647 35.2671
0.768817 35.2609
0.69536 35.0742
0.747989 35.2299
0.747989 34.7439
0.766164 35.1198
0.766164 34.1169
0.766164 34.992
0.766164 35.137
0.819124 34.9895
0.819124 35.3682
0.867073 35.3569
0.867073 35.0779
0.773161 35.1198
0.791265 35.1568
0.791265 34.8991
0.809742 35.1531
0.819124 35.3632
0.740839 35.0902
0.686648 35.2871
0.819124 35.184
0.809742 34.9687
0.724356 34.9711
0.766164 35.241
0.819124 35.0459
0.819124 34.965
0.819124 35.084
0.819124 35.307
0.73128 35.3132
0.720415 35.1939
0.711119 35.1753
0.719109 35.2696
0.768817 35.105
0.768817 35.1952
0.768817 35.163
0.711119 35.2522
0.719109 35.2783
0.728448 35.3107
0.808756 35.1927
0.757641 35.2137
0.766164 35.0816
0.766164 34.8736
0.766164 35.0607
0.791942 35.3057
0.757641 35.0067
0.766164 35.3419
0.808756 35.1865
0.721721 35.2647
0.737069 35.1025
0.788018 35.1136
0.728686 35.1284
0.737069 35.1952
0.788018 34.7911
0.70977 34.8238
0.758833 35.1148
0.701823 35.2162
0.758833 35.1346
0.701823 35.3132
0.758833 35.0152
0.701823 34.9711
0.70977 35.1692
0.758833 35.163
0.674951 34.9675
0.682471 35.1593
0.720046 35.1939
0.666011 35.2051
0.710445 35.3845
0.710445 35.2286
0.664512 35.1087
0.710445 35.0963
0.664512 34.1553
0.710445 35.0287
0.664512 35.0963
0.720046 35.0643
0.682471 35.0877
0.739247 35.3682
0.691451 34.954
0.748848 34.8724
0.700431 35.2684
0.739247 35.0742
0.739247 35.189
0.66011 35.1037
0.682471 34.915
0.682471 35.3145
0.632858 35.1469
0.639731 35.1815
0.691451 34.9699
0.739247 35.3095
0.739247 35.2137
0.714556 35.3845
0.730938 35.1358
0.739247 35.327
0.739247 35.2162
0.739247 35.1952
0.78252 35.0668
0.78252 35.4472
0.78252 35.3582
0.78252 35.2933
0.772358 35.3619
0.772358 35.163
0.721384 35.2983
0.758833 35.1321
0.701823 35.2896
0.758833 35.3419
0.758833 34.904
0.758833 35.3432
0.70977 35.2721
0.733535 35.1952
0.758833 35.1235
0.758833 35.3033
0.768817 34.9113
0.768817 35.4396
0.768817 35.3057
0.758833 35.2709
0.758833 35.2361
0.692528 35.3644
0.700431 35.2908
0.738863 35.0116
0.748848 35.2026
0.748848 35.1704
0.758833 35.2237
0.758833 35.2386
0.758833 35.2759
0.758833 35.2262
0.803252 35.0828
0.813821 35.137
0.813821 34.9443
0.760031 35.1716
0.768817 35.1729
0.711119 35.1753
0.758833 35.2833
0.74016 35.3432
0.782114 35.3132
0.782114 35.2746
0.730225 33.9789
0.738863 35.2808
0.738863 35.2597
0.691092 35.1309
0.738863 35.2038
0.792683 34.9455
0.792683 35.1087
0.803252 35.4321
0.803252 35.3769
0.803252 35.1642
0.803252 35.0902
0.803252 35.084
0.793773 35.21
0.793773 35.412
0.793773 35.1568
0.74016 35.3769
0.748848 34.4958
0.748848 35.2522
0.748848 35.322
0.748848 34.7971
0.748848 35.1383
0.748848 35.3819
0.792683 35.2075
0.792683 35.2933
0.792683 35.4283
0.792683 35.307
0.792683 35.4145
0.762195 35.297
0.762195 35.1655
0.752033 35.3982
0.721951 35.3033
0.712195 35.3694
0.712195 35.2063
0.721951 35.1148
0.721951 35.1259
0.731707 35.2311
0.762195 35.1111
0.772358 33.5909
0.772358 33.6632
0.803252 35.1976
0.803252 35.317
0.803252 35.1593
0.834146 35.2983
0.834146 35.4874
0.803252 35.3182
0.813821 35.4497
0.78252 35.1753
0.78252 35.3907
0.763397 35.3769
0.763397 35.0816
0.753286 35.1989
0.723301 35.4547
0.713592 35.2622
0.723301 35.3033
0.753286 35.2051
0.763397 35.0067
0.772358 35.2734
0.772358 35.0742
0.772358 35.3382
0.772358 35.4547
0.803252 35.0508
0.803252 35.2014
0.803252 35.2162
0.803252 35.2883
0.803252 34.7295
0.803252 35.2933
0.793773 35.2858
0.793773 34.356
0.793773 34.1262
0.803252 35.4711
0.803252 35.2237
0.803252 35.4158
0.803252 35.2771
0.803252 35.2051
0.803252 35.2622
0.813821 35.241
0.785872 35.3182
0.813821 35.2448
0.845122 34.8736
0.845122 35.3782
0.823171 35.2311
0.771545 34.9699
0.750407 35.2597
0.691244 35.3569
0.672811 35.1309
0.65361 35.4447
0.691244 35.4195
0.691244 35.524
0.729647 35.4246
0.729647 35.387
0.729647 35.3457
0.772358 35.412
0.773509 35.6837
0.804286 35.4371
0.8148 35.4975
0.8148 35.2995
0.8148 35.5568
0.8148 35.6176
0.804286 35.5809
0.811241 35.4685
0.800594 35.6494
0.800594 35.5341
0.82931 35.4648
0.82931 35.6113
0.872845 35.6544
0.79622 35.5783
0.837816 35.6799
0.855295 35.6252
0.837175 35.61
0.890005 35.4685
0.794103 35.3294
0.858759 35.7156
0.849068 35.6608
0.887264 35.6964
0.865739 35.6506
0.793773 35.4786
0.792683 35.5935
0.762195 35.624
0.752033 35.5796
0.752033 35.5758
0.752033 35.6214
0.752033 35.6633
0.762195 35.5088
0.80819 35.7079
0.818965 35.6761
0.818965 35.6646
0.818965 35.6443
0.818965 35.6888
0.818965 35.1655
0.818965 35.4308
0.818965 35.5265
0.80819 35.4761
0.753286 35.5821
0.752033 35.5682
0.752033 35.4534
0.792683 35.6176
0.792683 35.6812
0.792683 35.671
0.792683 35.4824
0.792683 35.461
0.840517 35.5859
0.851724 35.6875
0.821883 35.8282
0.862931 35.6595
0.896121 35.5467
0.907759 35.6862
0.845122 35.699
0.845122 35.7347
0.834146 35.6379
0.823171 35.5063
0.81322 35.5252
0.802304 35.6939
0.81322 35.5316
0.824136 35.5038
0.835052 35.5252
0.845122 35.5695
0.896121 35.7654
0.896121 35.7219
0.851724 35.4547
0.783259 35.3957
0.752033 35.0103
0.712195 35.4887
0.712195 35.5771
0.673171 35.2846
0.702439 35.529
0.702439 35.4899
0.731707 35.5707
0.771545 35.1778
0.771545 35.417
0.785342 35.4899
0.836669 35.5707
0.82217 35.3932
0.862959 35.5417
0.912139 35.3507
0.954981 35.6366
0.954981 35.417
0.954981 35.4497
0.954981 35.4698
0.954981 35.402
0.954981 35.4685
0.943236 35.3657
0.943236 35.6481
0.931606 35.548
0.868254 35.6672
0.857273 35.5796
0.827694 35.5682
0.85215 35.5885
0.821111 35.4975
0.821111 35.713
0.832132 35.5492
0.832132 35.6773
0.803275 35.3582
0.811241 35.1259
0.811241 35.1791
0.811241 35.5202
0.830654 35.3557
0.830654 35.0816
0.819936 35.4773
0.772258 35.1741
0.790032 35.4635
0.745746 35.6341
0.763397 35.4874
0.763397 35.6049
0.763397 35.6697
0.763397 35.7654
0.763397 35.5568
0.763397 35.6151
0.772358 35.713
0.772358 35.4522
0.772358 35.2746
0.763397 35.1099
0.763397 34.943
0.763397 35.4836
0.803252 35.4158
0.803252 35.4635
0.792683 35.7296
0.738863 35.5568
0.728879 35.6964
0.728879 35.3619
0.72029 35.3482
0.72029 35.6075
0.730225 35.6062
0.74016 35.5682
0.750096 35.4912
0.758833 35.5796
0.758833 35.6176
0.758833 35.5872
0.758833 35.5076
0.758833 35.6265
0.803252 35.2584
0.775821 35.4246
0.803252 35.3957
0.793773 35.5278
0.793773 35.2671
0.74016 35.3419
0.748848 35.5695
0.748848 35.5556
0.748848 35.4761
0.748848 35.6481
0.748848 35.495
0.748848 35.3257
0.748848 35.4761
0.748848 35.3807
0.748848 35.6672
0.748848 35.5391
0.70977 35.6278
0.758833 35.3544
0.768817 35.4007
0.758833 35.6125
0.748848 35.5657
0.730225 35.3719
0.730225 35.3107
0.730225 35.6646
0.730225 35.4648
0.683232 35.4333
0.691092 35.4258
0.691092 35.1914
0.691092 35.2945
0.691092 35.3008
0.691092 34.9883
0.738863 35.3469
0.782114 35.5492
0.782114 35.5265
0.782114 35.5644
0.772746 35.4698
0.713205 35.5013
0.730225 35.5316
0.782114 35.6646
0.782114 35.548
0.782114 35.7385
0.782114 35.5897
0.782114 35.5809
0.792683 35.4862
0.803252 35.6341
0.813821 35.4736
0.813821 35.6544
0.813821 35.4057
0.804286 35.4824
0.760031 35.4988
0.760031 35.4133
0.813821 35.4007
0.792683 35.392
0.746788 35.6481
0.709381 35.4421
0.69353 35.5923
0.710355 35.4685
0.710355 35.629
0.710355 35.5745
0.710355 35.2808
0.735577 35.3669
0.760976 35.5404
0.731707 35.4183
0.731707 35.5442
0.731707 35.572
0.731707 35.6468
0.691244 35.4434
0.731707 35.6011
0.731707 35.5252
0.731707 35.3895
0.722952 35.5328
0.722952 35.5593
0.775862 35.6532
0.786638 35.6786
0.786638 35.3619
0.797414 35.5631
0.840517 35.6455
0.840517 35.5442
0.884483 35.3557
0.884483 35.6037
0.824136 35.4698
0.834146 35.6138
0.824136 35.6608
0.760635 35.322
0.806245 35.5631
0.786319 35.6697
0.786319 35.4434
0.757367 35.4447
0.757367 35.6684
0.757367 35.4421
0.740216 35.4585
0.758166 35.1074
0.742522 35.3369
0.742522 35.3033
0.733956 35.4183
0.812195 35.5948
0.812195 35.6049
0.812195 35.4761
0.812195 35.4786
0.802304 35.4359
0.820921 35.4484
0.791389 35.6722
0.755106 35.4321
0.755106 35.4962
0.755106 35.5505
0.837931 35.2038
0.806897 35.6468
0.806897 35.5593
0.775862 35.5821
0.775862 35.5505
0.786638 35.6837
0.786638 35.6506
0.846475 35.7219
0.892393 35.6659
0.892393 35.7961
0.881051 35.7143
0.799067 35.5631
0.799067 35.6392
0.846475 35.7347
0.812774 35.6557
0.769373 35.7654
0.769373 35.5657
0.715266 35.5505
0.724138 35.553
0.673276 35.5454
0.635271 35.3469
0.583172 35.6824
0.552598 35.5923
0.567718 35.412
0.534323 35.8641
0.634508 35.5467
0.725888 35.7105
0.834879 35.7667
0.834879 35.5897
0.824302 33.6768
0.80351 33.7325
0.643789 33.5492
0.583172 33.8478
0.481229 38.1825
0.454106 38.0069
0.463533 38.0996
0.496552 38.0822
0.527586 37.9348
0.589655 36.1546
0.62069 33.5616
0.662304 33.5638
0.756345 34.6921
0.811765 35.1853
0.801153 34.459
0.761242 35.0865
0.682019 35.2659
0.768089 35.5581
0.746753 35.6176
0.736085 35.6151
0.736085 35.7731
0.737486 34.5949
0.68561 35.4108
0.703879 35.5593
0.703879 35.6138
0.713793 35.4133
0.70534 35.7424
0.768089 35.6379
0.758708 35.7603
0.70534 35.5556
0.713793 35.4849
0.713793 35.3369
0.757421 35.1865
0.729742 34.5865
0.701378 35.4007
0.652997 35.3819
0.68561 35.7731
0.646773 35.6595
0.654472 35.7449
0.654472 35.2001
0.654472 35.5593
0.663821 35.6506
0.703879 35.8282
0.713793 35.7526
0.778757 35.7232
0.715205 35.7769
