0.91863 41.8305
0.887251 38.555
0.898857 36.2109
0.865152 41.3479
0.921696 41.9094
0.787382 42.2137
0.83752 42.6676
0.854403 42.5822
0.826208 42.4719
0.808279 42.4719
0.842658 42.4268
0.861695 42.8321
0.861695 42.6621
0.789992 42.7789
0.7493 42.4845
0.797375 42.7022
0.824904 42.8504
0.842806 42.7022
0.844796 42.6858
0.85653 42.8706
0.898141 42.3191
0.875683 42.4953
0.849744 42.4484
0.883965 42.9997
0.853641 42.8412
0.845588 42.7789
0.794258 42.5242
0.737835 42.2887
0.763158 42.4899
0.773913 42.684
0.855742 42.7862
0.849732 42.7679
0.936625 42.8596
0.87334 42.8357
0.943627 42.8027
0.87803 42.6676
0.952206 42.8266
0.915908 42.9258
0.885199 42.8504
0.929437 42.2958
0.842816 42.2619
0.899004 42.4556
0.887364 42.4322
0.894176 42.3048
0.858409 42.4899
0.868253 42.4628
0.82959 42.3316
0.833992 42.3406
0.826208 42.4034
0.84127 42.3263
0.796811 42.2905
0.796811 42.0663
0.826208 42.2779
0.838983 42.3352
0.886957 42.0858
0.886957 42.3837
0.838983 42.3675
0.84127 42.3567
0.826208 42.3101
0.886957 42.452
0.886957 42.4052
0.886957 42.2476
0.87069 42.5134
0.84127 42.4088
0.838983 42.0787
0.838983 42.3621
0.853448 42.4574
0.873374 42.4701
0.872199 42.4646
0.835084 42.3657
0.833575 42.5423
0.816881 42.1461
0.83633 42.6239
0.777893 42.6003
0.758869 42.3747
0.713043 42.0415
0.678261 42.4142
0.626087 42.4484
0.686625 42.3729
0.758532 42.6803
0.777982 42.7643
0.78012 42.6221
0.797969 42.3819
0.816527 42.3693
0.816527 41.8743
0.765217 41.1879
0.765217 42.2208
0.765217 42.3962
0.765217 42.1959
0.765217 42.2815
0.760459 42.3801
0.778835 42.389
0.77178 42.3012
0.77178 42.0045
0.77178 42.2815
0.77178 42.3513
0.823529 42.3531
0.777778 42.5532
0.823529 42.6567
0.816194 42.5822
0.84874 42.4178
0.857143 42.6076
0.843665 42.5876
0.823486 42.3585
0.75 42.5044
0.75 42.5297
0.702871 42.3675
0.734513 42.2869
0.75 42.4448
0.75 42.2333
0.75 42.4268
0.75 42.2994
0.75 42.452
0.75 42.4412
0.734513 42.398
0.734513 42.604
0.697024 42.203
0.675214 42.3048
0.75 42.555
0.74359 42.555
0.74359 42.3585
0.74359 42.3908
0.697024 42.3693
0.702871 42.171
0.697024 42.3478
0.697024 42.3083
0.697024 42.3048
0.697024 42.4701
0.697024 42.5134
0.704348 42.4755
0.75 42.3872
0.734513 42.5369
0.734513 42.4592
0.704348 42.407
0.702871 42.3549
0.702871 42.3531
0.666667 42.1265
0.666667 42.2529
0.627049 42.2119
0.702871 42.2083
0.702871 42.203
0.702871 42.2494
0.702871 42.4502
0.75 42.4232
0.75 42.3245
0.75 42.4953
0.75 42.5677
0.75 42.2887
0.75 40.347
0.786055 42.3191
0.804771 41.3993
0.751975 42.294
0.746629 42.2137
0.753076 42.0221
0.753076 42.2529
0.753076 42.3747
0.710147 42.0769
0.787611 42.4286
0.787611 42.4358
0.756522 42.1799
0.726496 42.517
0.803571 42.5459
0.756522 42.5242
0.803571 42.3837
0.787611 42.4016
0.785714 42.4394
0.785714 42.2583
0.721739 42.5044
0.737284 42.3442
0.762847 42.604
0.760717 42.6985
0.682692 42.4953
0.711644 42.5731
0.710609 42.5369
0.710609 42.3675
0.710609 42.6712
0.710609 42.3585
0.711644 42.303
0.725949 42.407
0.717744 42.1106
0.722261 42.0539
0.717875 42.4827
0.706159 42.6949
0.724679 42.461
0.745495 42.5279
0.78022 42.443
0.743196 42.3944
0.724679 42.2815
0.687636 42.3478
0.686625 42.6185
0.673669 41.971
0.699266 42.5496
0.668573 42.6476
0.697461 42.3926
0.721289 42.3083
0.757353 42.4556
0.812661 42.5459
0.762842 42.2654
0.790293 42.4863
0.850459 42.4917
0.734982 42.452
0.755561 42.3711
0.757353 42.3747
0.721289 42.6603
0.729908 42.5931
0.746855 42.5007
0.719929 43.2246
0.712657 43.4273
0.652921 43.0626
0.651743 42.526
0.651743 42.6476
0.651743 42.6167
0.698113 40.8948
0.624177 42.5876
0.646155 42.6548
0.646155 42.4646
0.651743 42.303
0.616613 42.633
0.621849 42.5659
0.651743 42.6367
0.651743 42.8816
0.698113 43.0145
0.651743 43.6891
0.651743 42.9793
0.651743 42.9424
0.651743 42.6148
0.616613 42.6894
0.621849 42.9369
0.651743 42.8578
0.651743 42.7241
0.651743 42.5949
0.651743 42.959
0.651743 42.8908
0.651743 42.924
0.651743 43.0293
0.651743 42.996
0.651743 42.9886
0.616613 42.7095
0.621849 42.9461
0.621849 42.9369
0.621849 42.8027
0.621849 43.0071
0.621849 42.9443
0.621849 42.9719
0.651743 42.8247
0.621849 42.9572
0.621849 42.6712
0.621849 43.122
0.651743 43.1816
0.698113 43.1499
0.698113 43.8539
0.698113 43.6948
0.646155 43.8135
0.651743 43.3407
0.698113 43.2395
0.698113 43.8693
0.698113 43.7484
0.740926 43.875
0.740926 43.6072
0.740926 43.4934
0.667793 43.4028
0.646155 43.802
0.651743 43.2077
0.651743 43.1537
0.651743 43.2246
0.616613 43.1165
0.621849 43.1369
0.621849 43.0942
0.621849 42.8376
0.621849 42.7716
0.651743 43.2376
0.651743 42.9148
0.651743 43.0311
0.651743 42.9424
0.606242 43.0478
0.582773 42.7954
0.582773 42.7022
0.582773 42.6621
0.621849 42.6021
0.621849 42.7259
0.621849 43.0274
0.621849 43.0311
0.621849 43.07
0.621849 43.2788
0.621849 43.1798
0.621849 42.5822
0.582773 42.9886
0.582773 42.8798
0.582773 42.9221
0.582773 42.9609
0.582773 42.8743
0.582773 42.9904
0.582773 42.9258
0.582773 42.9904
0.594914 42.9904
0.600984 42.9627
0.613126 42.9461
0.654237 42.9886
0.654237 42.9479
0.654237 42.8339
0.685688 42.7478
0.685688 42.6639
0.685688 42.9406
0.685688 42.7844
0.714623 42.8725
0.714623 43.0942
0.714623 43.3708
0.714623 43.6205
0.714623 43.6148
0.714623 43.352
0.714623 43.3839
0.714623 43.1947
0.714623 43.1686
0.714623 43.5066
0.714623 43.2807
0.714623 43.4084
0.650799 43.2545
0.661668 42.7241
0.661668 42.6694
0.667156 42.6203
0.667156 42.7369
0.707547 42.9111
0.693396 43.4518
0.640734 43.0533
0.647339 42.7844
0.66055 42.935
0.667156 42.3245
0.667156 42.7077
0.667156 42.8156
0.714623 42.878
0.640072 43.518
0.640072 42.7314
0.611169 42.7679
0.636555 42.7022
0.636555 42.6894
0.636555 42.8082
0.636555 42.878
0.636555 42.653
0.667156 42.7004
0.667156 42.9203
0.667156 41.0273
0.621228 42.0787
0.636555 42.6567
0.636555 42.746
0.667156 42.5423
0.714623 42.7168
0.661668 43.4972
0.667156 42.7679
0.667156 42.6913
0.714623 42.7844
0.661668 43.4688
0.667156 42.8009
0.714623 42.6931
0.661668 43.6053
0.667156 42.1265
0.714623 42.633
0.714623 42.9886
0.661668 43.0552
0.648624 42.7186
0.648624 42.6821
0.648624 42.6439
0.694772 42.8211
0.622573 43.2994
0.648624 42.9056
0.648624 42.8174
0.694772 42.9166
0.648624 43.5711
0.648624 42.8046
0.694772 42.9221
0.632894 43.4745
0.648624 42.983
0.648624 42.7515
0.648624 42.4466
0.648624 43.0034
0.648624 42.7551
0.648624 42.5242
0.613928 41.9516
0.618873 42.6913
0.648624 42.584
0.584883 42.6821
0.594448 42.757
0.604129 42.7204
0.613928 42.7113
0.618873 42.6858
0.618873 42.7405
0.636555 42.7113
0.636555 42.7606
0.636555 42.5026
0.636555 42.584
0.636555 42.6221
0.667156 42.6712
0.621228 42.8467
0.636555 42.5804
0.636555 42.6003
0.636555 42.6203
0.636555 42.7296
0.636555 42.7131
0.667156 42.7387
0.667156 42.8321
0.667156 42.7862
0.667156 42.4863
0.667156 42.8651
0.618848 42.6894
0.611345 42.7771
0.627523 42.3496
0.679816 42.3747
0.699864 41.6719
0.766972 42.8743
0.751705 42.6312
0.766972 42.7679
0.751705 42.7314
0.693187 42.7423
0.821541 42.6003
0.740306 43.3783
0.740306 43.3802
0.709805 43.4405
0.821541 43.0552
0.821541 43.3276
0.804693 43.2994
0.853558 43.3858
0.783564 42.9203
0.846502 43.1072
0.817887 43.1034
0.783564 43.0293
0.718663 43.1351
0.687953 43.0571
0.740306 42.7442
0.709805 43.4556
0.709805 43.2994
0.743297 43.3745
0.719268 42.6276
0.712402 42.9092
0.747514 42.7442
0.698227 42.9019
0.734425 42.6512
0.676484 42.6694
0.620812 42.5405
0.595733 42.5786
0.680328 42.633
0.637097 42.5387
0.61712 42.3298
0.61712 42.4773
0.747523 42.6603
0.747523 42.5532
0.732109 42.8137
0.732109 42.7826
0.670679 42.4791
0.747523 42.6312
0.702082 42.7991
0.645047 42.6203
0.617939 42.7168
0.673079 42.8449
0.645047 42.7917
0.732109 42.5641
0.673079 42.7369
0.617939 42.7058
0.690119 42.5405
0.661802 42.6876
0.624133 42.6803
0.678556 42.8321
0.62316 42.5134
0.703799 42.6457
0.687239 42.6803
0.659753 42.4286
0.643463 42.1977
0.659753 42.7277
0.754902 42.6276
0.809174 42.4196
0.775232 41.848
0.719417 42.6439
0.673079 42.6567
0.702082 42.0256
0.645047 42.8046
0.617939 42.6167
0.617939 42.8431
0.617939 42.7186
0.702082 42.7826
0.661802 42.7789
0.650896 42.8522
0.588806 42.8853
0.681236 42.6676
0.631172 42.2601
0.660075 42.452
0.625126 42.7113
0.691138 42.7423
0.680568 42.6512
0.766245 42.924
0.737612 42.7387
0.795837 42.5641
0.729323 42.9997
0.670489 43.0645
0.800917 42.7972
0.720358 42.4863
0.764181 42.7698
0.665207 42.6894
0.764181 42.1301
0.800917 42.8927
0.800917 43.0071
0.793053 42.7936
0.809174 42.8119
0.817431 42.9609
0.825696 42.935
0.747265 43.3745
0.799734 41.6476
0.771025 41.6701
0.814327 43.4934
0.68807 43.4311
0.750645 43.0997
0.800708 43.2489
0.783705 43.7254
0.849812 43.756
0.750645 42.613
0.841745 43.6948
0.896483 43.2283
0.885017 43.4518
0.795323 43.3088
0.831285 43.0886
0.849812 43.2227
0.849812 43.2957
0.849812 42.9424
0.831285 43.3257
0.795323 43.4613
0.760747 43.0071
0.69544 43.2395
0.795323 43.1947
0.795323 43.2302
0.795323 42.9516
0.795323 43.0422
0.760747 43.2115
0.727476 43.3313
0.831285 42.8945
0.750645 43.0904
0.718788 42.9037
0.800708 43.2171
0.740274 42.4791
0.795323 43.2882
0.831285 43.2657
0.760747 43.2414
0.762347 42.9443
0.718788 43.5142
0.783705 43.4235
0.795323 43.7828
0.849812 42.8302
0.791224 43.1332
0.789111 43.2601
0.741922 43.2882
0.789111 43.247
0.745936 43.1648
0.800708 43.2957
0.718788 43.0793
0.783705 43.1686
0.68807 43.5977
0.750645 43.6186
0.68807 43.5882
0.750645 43.448
0.68807 43.5275
0.750645 43.3595
0.68807 42.6476
0.68807 43.4896
0.68807 43.6548
0.68807 43.611
0.849812 43.4367
0.849812 42.9997
0.849812 42.9997
0.823529 43.0645
0.806008 43.2788
0.830667 42.9812
0.812741 43.4103
0.856464 43.5369
0.818925 43.4896
0.712148 43.1891
0.777922 42.9553
0.830667 42.7551
0.753988 43.2994
0.731778 43.1127
0.672444 43.2152
0.68 43.2844
0.68 43.5313
0.72493 43.3125
0.692133 43.4802
0.692133 43.5028
0.748928 43.5142
0.767573 43.5407
0.748928 43.416
0.767573 43.7982
0.767573 43.4783
0.748928 43.5066
0.710703 43.176
0.728 43.3313
0.728 43.3426
0.683354 43.2938
0.683354 43.2657
0.683354 43.1984
0.638073 42.7004
0.667528 43.7464
0.667528 43.0663
0.636751 43.0071
0.636751 42.7661
0.667528 42.4755
0.683354 43.1909
0.683354 43.2003
0.683354 43.083
0.683354 43.2657
0.683354 43.3501
0.683354 43.176
0.683354 43.1406
0.728 43.1276
0.728 43.3896
0.683354 43.1798
0.683354 43.1351
0.683354 43.3915
0.728 43.2507
0.728 43.4499
0.767573 43.554
0.767573 43.5445
0.767573 43.5578
0.767573 43.4972
0.748928 43.3745
0.767573 43.2264
0.767573 43.3802
0.748928 43.32
0.721116 43.4103
0.728 43.3013
0.728 42.2422
0.728 42.746
0.767573 42.8082
0.748928 43.6987
0.81049 43.2676
0.751346 43.6529
0.745488 43.4764
0.748928 43.8231
0.767573 43.8366
0.802463 43.8616
0.81049 43.802
0.81049 43.4858
0.748928 43.8654
0.767573 43.7713
0.767573 43.8962
0.767573 43.6548
0.767573 43.6681
0.767573 43.573
0.767573 43.5654
0.767573 44.0102
0.802463 44.0315
0.790336 43.7963
0.760149 43.6643
0.767573 43.5104
0.767573 43.8193
0.767573 43.8808
0.728 43.8135
0.728 43.7905
0.767573 43.6567
0.767573 43.9406
0.81049 43.8616
0.745488 43.8154
0.767573 43.6891
0.767573 43.7503
0.767573 43.8366
0.767573 43.1891
0.748928 43.6148
0.802463 43.6224
0.779317 43.9174
0.802016 43.987
0.835668 43.875
0.772198 43.8174
0.737723 43.8059
0.685493 43.8866
0.759726 43.9194
0.738051 43.735
0.68476 43.8116
0.719917 43.4103
0.779317 43.7063
0.779317 43.9136
0.716931 44.0567
0.719917 43.7407
0.719917 43.6662
0.779317 43.7675
0.779317 43.4953
0.835668 43.8116
0.703134 43.8462
0.738051 43.5502
0.738051 43.5559
0.716963 43.7273
0.699049 43.7694
0.699049 43.1499
0.716963 43.5806
0.716963 43.7828
0.716963 43.6148
0.716963 43.8308
0.716963 43.9831
0.716963 43.8443
0.716963 43.9908
0.716963 43.875
0.716963 43.7331
0.716963 43.7503
0.68 43.7044
0.68 43.7828
0.68 43.4518
0.68 43.6853
0.716963 43.6357
0.737705 43.7867
0.700263 43.9889
0.710152 44.016
0.710152 43.9618
0.692476 44.0044
0.648855 43.875
0.663366 43.8308
0.68 43.4443
0.68 43.4311
0.716963 43.3557
0.716963 43.4934
0.716963 43.4726
0.716963 43.5825
0.716963 43.3313
0.699049 43.5237
0.716963 43.6395
0.716963 42.5641
0.716963 43.2489
0.716963 43.5104
0.716963 43.5768
0.716963 43.3877
0.66432 43.3426
0.735158 43.5977
0.699049 43.5047
0.716963 41.1303
0.716963 42.0115
0.699049 43.4972
0.66432 43.1369
0.716963 42.9997
0.699049 43.1016
0.716963 43.5445
0.663366 43.204
0.683168 43.4311
0.651044 43.0886
0.669576 43.0552
0.72 43.4443
0.72 43.204
0.70297 43.518
0.70297 43.2489
0.70297 42.9037
0.72 43.1109
0.72 43.305
0.72 43.5275
0.70297 43.1406
0.684347 43.535
0.752 43.2957
0.768 43.2732
0.74934 43.3426
0.760956 43.2376
0.760956 43.3614
0.768 43.1947
0.787136 43.4499
0.802146 43.5521
0.817616 43.3276
0.829876 43.1202
0.8637 43.5597
0.838222 43.2358
0.838222 42.6203
0.838222 43.3839
0.838222 43.1276
0.838222 43.4896
0.838222 43.247
0.838222 43.3595
0.838222 43.2432
0.783527 42.9775
0.786817 43.2957
0.786817 41.927
0.786817 43.1611
0.838222 38.5475
0.824784 43.3163
0.684122 43.4311
0.775965 42.5062
0.748837 43.2957
0.748837 43.4461
0.838222 43.5066
0.819622 43.4556
0.736821 43.2882
0.786817 43.3745
0.786817 43.3407
0.779209 43.0645
0.786817 43.5123
0.786817 42.9941
0.786817 43.2582
0.837255 43.3407
0.865556 43.1648
0.883778 42.2119
0.821788 43.2171
0.829579 43.2507
0.829579 37.1872
0.863691 42.3926
0.806405 41.684
0.829579 42.6876
0.74646 42.9185
0.781643 43.3313
0.829579 43.2489
0.883778 43.367
0.883778 43.1947
0.806405 42.8872
0.829579 43.2152
0.829579 43.1965
0.829579 43.3407
0.875235 43.1183
0.768614 43.247
0.775686 43.3069
0.811255 43.2582
0.775686 43.3482
0.760365 43.0923
0.781643 43.5142
0.811255 43.611
0.829579 43.2395
0.875235 43.3426
0.821788 43.2751
0.76482 42.9904
0.781643 43.1555
0.781643 43.0533
0.781643 43.554
0.723243 43.0682
0.729725 42.4755
0.696253 42.8046
0.696253 42.7095
0.729725 42.5695
0.729725 42.9166
0.663439 42.7131
0.647759 42.7643
0.579984 42.3872
0.648624 42.7606
0.648624 42.8174
0.648624 42.4899
0.648624 42.9092
0.618873 42.889
0.648624 42.6076
0.694772 42.6476
0.714623 43.5407
0.714623 43.5901
0.707547 43.1406
0.66055 43.4009
0.653945 42.8321
0.712657 42.8633
0.712657 43.5863
0.72445 43.5445
0.670506 43.4613
0.72445 42.8449
0.72445 43.5104
0.72445 43.4179
0.67633 43.5673
0.67633 42.8945
0.72445 43.0608
0.72445 43.651
0.72445 43.4726
0.739387 43.32
0.746855 43.1146
0.711193 43.4631
0.711193 41.1336
0.711193 42.8816
0.711193 42.6094
0.711193 42.1372
0.678571 42.735
0.678571 42.7533
0.711193 41.8796
0.711193 42.5188
0.711193 42.8211
0.711193 42.8522
0.711193 42.7606
0.711193 42.8982
0.711193 42.8321
0.689601 42.5641
0.689601 42.7844
0.689601 42.8119
0.689601 42.7113
0.722752 42.4502
0.722752 42.8559
0.722752 42.7022
0.722752 42.8321
0.774175 42.9314
0.774175 43.5199
0.774175 43.4386
0.774175 43.4009
0.722752 43.0274
0.754008 42.4845
0.785581 43.7733
0.785581 43.4443
0.689219 43.0348
0.694177 43.3463
0.712657 43.3877
0.705385 43.482
0.693396 43.4915
0.687893 43.3257
0.674921 43.535
0.625023 43.3144
0.630092 42.6949
0.630092 42.878
0.630092 42.8596
0.630092 42.8412
0.60119 42.6367
0.60119 42.7296
0.563413 42.6585
0.563413 42.2851
0.552256 42.5713
0.552256 42.6276
0.540771 42.604
0.577031 42.5242
0.577031 42.7022
0.536737 42.4701
0.577031 42.5333
0.577031 42.3729
0.577031 42.5913
0.577031 42.4394
0.604771 42.6185
0.604771 42.7972
0.585872 42.6094
0.581374 43.0145
0.562672 42.6421
0.53693 42.1265
0.53693 42.6567
0.53693 42.7661
0.53693 42.203
0.53693 41.1421
0.503273 42.6967
0.506973 42.5586
0.540966 42.3747
0.540966 42.7204
0.566972 42.8247
0.566972 42.6821
0.566972 42.8596
0.612815 42.889
0.604771 43.3388
0.62367 42.1977
0.62367 42.8009
0.62367 42.8541
0.668042 42.3693
0.668042 43.2432
0.62367 43.2807
0.62367 41.9569
0.618769 42.7515
0.668042 42.4646
0.668042 43.2938
0.662651 43.4669
0.662651 43.3858
0.609055 43.1854
0.618769 42.8431
0.62367 42.6694
0.62367 42.8761
0.590469 42.7551
0.62367 42.7606
0.62367 42.7991
0.62367 42.7899
0.668042 42.8284
0.668042 43.6586
0.662651 43.6491
0.668805 43.2807
0.697328 43.1779
0.697328 42.9148
0.691545 43.2021
0.691545 43.2451
0.691545 43.3294
0.641427 43.0126
0.662651 43.611
0.662651 43.3107
0.680098 43.8251
0.697328 42.8247
0.641427 43.0886
0.668805 43.7484
0.691545 43.1313
0.680098 43.1555
0.641427 42.3101
0.651971 43.416
0.668805 43.3539
0.691545 43.0793
0.691545 43.1779
0.697328 43.0182
0.697328 42.8651
0.691545 43.1239
0.691545 42.9793
0.697328 43.4009
0.697328 42.9682
0.697328 42.9258
0.651971 42.9111
0.668042 43.4405
0.662651 43.2694
0.680098 43.6148
0.691545 40.6868
0.641427 42.633
0.618769 43.096
0.62367 41.4955
0.662651 42.9166
0.668042 43.2264
0.668042 43.2339
0.668042 43.5559
0.668042 43.5294
0.668042 42.746
0.668042 43.6148
0.668042 43.4688
0.668042 43.1406
0.668042 43.1016
0.668042 43.4103
0.668805 43.7503
0.691545 43.1481
0.691545 42.9719
