0.905113 45.6517
0.800256 31.4406
0.897959 44.7267
0.826377 46.7574
0.732796 41.9375
0.834739 44.6907
0.751568 46.0851
0.872069 46.7355
0.81668 46.6527
0.78946 46.8889
0.789567 46.9373
0.852021 46.8384
0.852233 46.799
0.77708 46.5636
0.76671 46.3478
0.851212 46.966
0.853859 47.0212
0.841762 46.6309
0.798956 46.8867
0.689956 46.8669
0.701559 46.8033
0.711266 46.7749
0.756322 46.3973
0.756322 45.4525
0.805714 46.1148
0.815406 46.4727
0.792026 46.7028
0.707126 46.8187
0.67886 46.753
0.697599 46.6244
0.733598 46.9682
0.815406 46.6941
0.848858 47.0765
0.815406 46.7639
0.860068 46.6701
0.848858 46.8582
0.881387 46.8713
0.868318 46.8099
0.732666 46.705
0.889968 46.581
0.849252 46.7377
0.902669 46.5095
0.849252 46.6309
0.840547 46.1042
0.759831 46.5896
0.791574 46.8187
0.825519 46.6179
0.825519 46.3671
0.825519 46.4166
0.865219 46.6287
0.863433 46.4857
0.692974 46.5354
0.681932 46.3693
0.796887 46.7355
0.809236 46.6875
0.889991 46.1553
0.876735 46.3671
0.850773 46.3693
0.725813 46.4102
0.742882 46.3736
0.741587 46.5073
0.866051 46.5744
0.87558 46.5441
0.863433 46.2171
0.803304 46.3435
0.803304 46.6005
0.780645 46.5224
0.84 46.4727
0.80093 46.581
0.874153 46.5246
0.86124 46.6483
0.86124 46.5831
0.86124 46.7071
0.87234 46.292
0.913043 46.4253
0.827815 46.8296
0.914811 46.6374
0.825519 46.3478
0.825519 46.1915
0.809236 46.3757
0.840547 46.5181
0.849252 46.657
0.81573 46.436
0.852498 46.5658
0.863433 46.6179
0.889968 46.7115
0.81573 46.9175
0.902669 45.7708
0.866051 44.841
0.865219 45.8169
0.863433 46.4857
0.863433 46.7617
0.803304 46.6984
0.803304 45.2796
0.803304 46.3714
0.889968 46.7464
0.889968 46.6679
0.888378 46.9043
0.756655 46.9462
0.837634 46.5744
0.82757 46.9638
0.738354 47.0389
0.738354 46.9175
0.823653 47.0301
0.852498 47.0699
0.812539 46.8889
0.863433 47.0965
0.863433 46.7727
0.861541 46.7333
0.887989 46.9395
0.79823 46.9065
0.824254 46.8845
0.831643 47.0256
0.785795 46.8252
0.746351 47.1854
0.735375 46.9682
0.746351 47.3507
0.758155 47.1565
0.783836 47.2054
0.786522 47.2344
0.835172 46.7159
0.835172 47.1476
0.823293 47.2322
0.762822 47.1342
0.809045 47.2277
0.782313 47.0965
0.791667 46.4339
0.791667 46.8845
0.725694 47.1387
0.725694 47.4901
0.737994 47.2813
0.694029 47.1809
0.709071 47.3238
0.647668 47.1565
0.683453 47.3889
0.636364 47.4226
0.621762 47.05
0.576007 47.335
0.576271 47.6168
0.550679 47.3799
0.467611 47.4046
0.38538 47.6213
0.389031 47.6963
0.00776398 47.3418
0 47.8194
0.853659 39.5804
0 40.1849
0.657177 42.8651
0.52381 42.8633
0.416882 42.9443
0.277908 43.0293
0.0955994 42.6931
0.0641774 42.6931
0.0122087 42.6076
0 43.0812
0.810721 42.9498
0.589773 42.7972
0.486361 42.7954
0.416882 42.8743
0.367316 43.02
0.237449 42.8376
0.130112 42.6913
0.0683327 42.5098
0.0397112 42.6385
0.0114603 42.8596
0.0351873 43.0886
0.010713 42.1941
0.010713 42.9498
0.0305085 42.5749
0.00996678 42.5822
0.0084777 42.7223
0.0625243 43.0867
0.0399088 42.9092
0.0510949 43.0145
0.0559415 42.9701
0.0551485 42.7515
0.0520947 42.959
0.0605949 42.7314
0.0629371 42.704
0.0742049 43.033
0.0377291 42.6312
0.0288564 42.7698
0 42.8816
0.791667 51.4139
0.651961 51.8108
0.525355 51.6849
0.43672 51.994
0.378086 51.9615
0.3137 51.6823
0.281828 51.8484
0.246198 51.9642
0.254545 51.6956
0.246198 51.8269
0.254545 51.9238
0.254545 52.0454
0.229831 52.04
0.213889 52.0427
0.213889 51.6983
0.225806 51.7197
0.225806 52.0129
0.225806 52.0806
0.237615 51.9615
0.245614 52.2384
0.237615 52.1376
0.245614 51.6689
0.237615 52.4054
0.245614 52.2848
0.237615 51.565
0.237615 52.0752
0.237615 51.7438
0.237615 52.0698
0.237615 51.9994
0.237615 51.913
0.237615 51.9561
0.237615 52.2411
0.245614 51.8592
0.245614 51.8861
0.237615 52.1703
0.237615 51.8565
0.237615 51.8888
0.237615 52.0129
0.245614 52.1404
0.237615 52.0346
0.245614 52.0102
0.245614 51.8726
0.245614 51.9913
0.245614 52.0021
0.245614 51.4377
0.245614 51.6609
0.245614 52.0129
0.245614 51.843
0.245614 52.0346
0.245614 52.1078
0.237615 51.5225
0.22192 52.0102
0.22192 51.3242
0.22192 51.7679
0.22192 52.2411
0.22192 52.0562
0.237615 51.7438
0.237615 51.6476
0.22192 52.0454
0.206619 51.9751
0.206619 52.1948
0.191696 51.4854
0.183593 51.4642
0.183593 51.94
0.180486 51.8645
0.180486 51.994
0.237615 51.9642
0.237615 52.2466
0.237615 51.8834
0.237615 51.6156
0.206619 51.9642
0.22192 51.8027
0.237615 51.6396
0.245614 51.6983
0.237615 52.0346
0.22192 51.9588
0.22192 51.7331
0.237615 51.5969
0.237615 51.6342
0.22192 52.154
0.237615 51.8861
0.22192 52.0373
0.22192 52.0644
0.22192 51.8672
0.237615 51.3452
0.245614 51.9427
0.237615 51.7706
0.245614 51.8242
0.245614 51.4192
0.245614 51.5251
0.237615 51.8807
0.22192 51.5517
0.237615 49.3145
0.22192 48.8448
0.22192 48.2207
0.22192 50.388
0.22192 47.4046
0.22192 50.226
0.22192 50.0751
0.237615 51.3321
0.245614 51.557
0.245614 51.5943
0.245614 51.784
0.245614 51.6983
0.237615 51.8001
0.237615 51.198
0.22192 51.4139
0.22192 51.5013
0.22192 51.6476
0.22192 51.8457
0.22192 51.8484
0.237615 51.6289
0.237615 51.9238
0.245614 52.0183
0.245614 52.0048
0.245614 51.261
0.245614 51.443
0.245614 51.8592
0.245614 51.6609
0.245614 51.7572
0.245614 51.4774
0.245614 51.2164
0.245614 51.565
0.245614 51.3743
0.237615 51.6129
0.245614 51.6316
0.245614 51.843
0.237615 51.2059
0.237615 51.4139
0.237615 51.573
0.237615 51.4933
0.237615 51.3716
0.22192 51.4642
0.237615 51.443
0.237615 51.6556
0.237615 51.8027
0.245614 51.3479
0.245614 51.9481
0.245614 51.4748
0.245614 51.557
0.245614 51.7197
0.237615 51.1221
0.237615 51.1954
0.22192 51.4854
0.237615 51.4297
0.237615 51.4907
0.237615 51.3373
0.245614 51.7625
0.237615 51.4721
0.237615 50.9554
0.237615 51.573
0.237615 51.5464
0.237615 51.4086
0.237615 51.5863
0.237615 51.2033
0.237615 51.4297
0.237615 51.7357
0.237615 51.4827
0.245614 51.4483
0.245614 51.6636
0.245614 51.2295
0.245614 50.9788
0.245614 51.4403
0.245614 51.4721
0.245614 51.1587
0.245614 51.3321
0.245614 51.488
0.237615 51.6076
0.237615 51.5464
0.22192 51.5597
0.245614 51.8565
0.245614 51.6022
0.245614 51.6289
0.245614 51.7866
0.237615 51.7947
0.22192 50.9061
0.22192 51.3373
0.237615 49.9226
0.237615 50.9009
0.22192 51.2899
0.22192 51.1457
0.22192 51.3242
0.237615 50.9061
0.237615 51.4483
0.237615 51.6742
0.237615 51.5225
0.237615 51.0647
0.22192 51.5969
0.22192 51.3743
0.206619 51.3954
0.206619 51.3637
0.22192 51.143
0.22192 51.5517
0.237615 51.6796
0.245614 51.5783
0.245614 51.4297
0.245614 51.7598
0.245614 51.6876
0.237615 51.0647
0.237615 51.5039
0.22192 51.496
0.237615 51.1666
0.245614 51.3875
0.245614 51.8511
0.237615 51.6049
0.245614 51.4403
0.245614 51.13
0.245614 51.2453
0.245614 51.4112
0.245614 51.6369
0.245614 51.4483
0.245614 51.709
0.237615 51.6102
0.22192 51.5943
0.237615 51.835
0.237615 51.7679
0.245614 51.3716
0.245614 51.5517
0.245614 51.792
0.245614 51.5331
0.245614 51.4801
0.245614 51.1195
0.245614 51.7652
0.245614 51.8188
0.237615 51.0621
0.237615 51.2715
0.22192 51.2348
0.237615 51.2374
0.237615 50.7048
0.237615 51.3373
0.237615 51.549
0.237615 51.0673
0.22192 51.5623
0.233544 51.398
0.218166 51.13
0.22961 51.6396
0.214536 51.1404
0.22961 50.9866
0.22961 51.1012
0.22961 51.5039
0.22961 51.8162
0.22961 51.7357
0.22961 51.725
0.214536 51.7143
0.22961 51.4218
0.214536 51.5969
0.22961 51.4218
0.22961 51.4907
0.22961 51.5544
0.22961 51.7732
0.237288 51.6689
0.237288 51.3057
0.237288 51.24
0.22961 51.0595
0.22961 51.7572
0.22961 52.0183
0.22961 52.0427
0.199827 51.6262
0.22961 51.8565
0.22961 49.8703
0.22961 47.8583
0.237288 51.3637
0.237288 51.7893
0.237288 51.6422
0.237288 51.9103
0.22961 51.9534
0.237288 51.9534
0.237288 51.9669
0.237288 51.9508
0.22961 51.9454
0.237288 51.6636
0.237288 51.5437
0.237288 51.8457
0.237288 51.4695
0.237288 51.843
0.237288 51.8135
0.237288 51.6956
0.22961 51.8135
0.214536 51.9696
0.22961 51.843
0.214536 51.6449
0.214536 51.9346
0.214536 51.9292
0.22961 51.913
0.214536 52.1512
0.22961 51.9481
0.22961 52.0075
0.22961 51.8861
0.237288 51.6662
0.22961 52.0075
0.237288 51.6396
0.22961 51.8914
0.237288 51.878
0.22961 51.8269
0.225806 51.6102
0.233333 50.4592
0.225806 51.994
0.233333 51.8162
0.233333 51.8001
0.233333 52.0535
0.233333 52.0562
0.233333 51.4774
0.233333 52.0183
0.225806 51.6316
0.225806 51.9642
0.211025 51.4907
0.225806 52.0616
0.233333 51.701
0.233333 52.1839
0.233333 52.1812
0.225806 52.3368
0.233333 52.1186
0.233333 52.367
0.225806 52.3067
0.225806 51.8941
0.225806 51.5331
0.225806 52.0888
0.211025 51.9238
0.225806 52.1404
0.225806 52.173
0.225806 52.1322
0.225806 51.7518
0.233333 52.2139
0.233333 52.2084
0.225806 52.0075
0.225806 52.233
0.233333 51.7813
0.225806 51.6716
0.233333 51.9346
0.225806 51.6369
0.225806 51.6502
0.225806 51.7759
0.233333 51.9049
0.233333 51.7411
0.233333 51.9049
0.233333 52.2002
0.233333 51.9427
0.233333 51.878
0.233333 52.0779
0.225806 51.8376
0.225806 51.7974
0.225806 52.1458
0.225806 52.2302
0.225806 52.021
0.233333 51.7652
0.233333 51.6502
0.233333 51.9346
0.233333 51.6342
0.233333 51.8081
0.233333 51.4827
0.233333 51.7893
0.233333 51.4615
0.233333 47.4136
0.233333 49.9176
0.233333 50.6022
0.233333 51.4695
0.233333 51.3743
0.233333 51.3611
0.233333 51.4297
0.233333 51.6369
0.233333 51.496
0.233333 51.5172
0.233333 51.7438
0.233333 51.4297
0.233333 51.701
0.233333 51.8941
0.233333 51.6956
0.22314 51.5943
0.225424 51.2689
0.241379 51.7197
0.215116 52.0589
0.215116 51.7652
0.222222 51.6022
0.222222 51.7759
0.215116 52.0102
0.215116 52.0373
0.215116 51.6529
0.19774 52.0318
0.207865 51.5013
0.20442 51.7224
0.20442 51.8699
0.20442 51.835
0.20442 51.913
0.211111 51.8511
0.211111 51.7947
0.211111 51.9103
0.211111 52.0346
0.211111 51.8888
0.211111 51.4827
0.211111 51.3875
0.211111 51.6929
0.211111 51.2926
0.211111 51.2794
0.211111 52.0427
0.20442 52.2166
0.211111 51.7411
0.211111 52.2111
0.211111 51.9319
0.211111 52.3259
0.211111 52.0589
0.211111 51.9751
0.20442 52.1512
0.20442 51.8457
0.20442 51.8753
0.211111 52.04
0.211111 51.9642
0.211111 52.0616
0.211111 52.3451
0.211111 52.3999
0.211111 52.2084
0.211111 52.2411
0.20442 52.1322
0.211111 52.2848
0.211111 51.8834
0.20442 52.0779
0.222222 52.0996
0.222222 51.4165
0.211111 51.6289
0.211111 52.0156
0.211111 51.3795
0.222222 51.8242
0.211111 51.9103
0.211111 52.3122
0.20442 51.7331
0.20442 51.9103
0.20442 51.7652
0.191257 52.1648
0.191257 52.1132
0.191257 51.5437
0.222222 51.8001
0.202186 52.1648
0.202186 51.9103
0.191257 52.0373
0.191257 52.0264
0.191257 52.0671
0.191257 51.6823
0.20442 51.5544
0.211111 51.8672
0.20442 52.0102
0.211111 51.8135
0.211111 51.5703
0.211111 52.0129
0.211111 52.222
0.211111 51.784
0.211111 51.7518
0.20442 51.8753
0.20442 52.0508
0.20442 51.5278
0.211111 51.8188
0.211111 51.9886
0.211111 51.5278
0.211111 52.0942
0.211111 51.94
0.211111 52.3999
0.211111 52.0102
0.211111 52.0156
0.211111 52.105
0.211111 52.0129
0.211111 52.2766
0.211111 51.8995
0.211111 52.2794
0.211111 52.105
0.211111 52.0616
0.211111 52.3204
0.211111 51.8269
0.211111 52.2493
0.211111 52.1512
0.20765 52.1621
0.201058 51.7036
0.197917 51.9319
0.197917 52.2384
0.197917 52.1159
0.197917 52.154
0.197917 52.1349
0.197917 51.6609
0.197917 51.9588
0.197917 51.8726
0.197917 51.8861
0.197917 51.5889
0.197917 51.9508
0.197917 48.9884
0.197917 50.2715
0.19171 51.0178
0.18892 51.7679
0.18892 51.7625
0.18892 51.5916
0.18892 52.0915
0.18892 51.9588
0.18892 51.8888
0.18892 51.9346
0.18892 52.0942
0.18892 51.5039
0.18892 51.9886
0.18892 52.0183
0.18892 52.2166
0.183039 52.0644
0.171449 52.1648
0.183039 52.0264
0.18892 52.021
0.18892 51.8995
0.18892 51.9751
0.18892 51.3795
0.18892 51.573
0.18892 51.7598
0.18892 51.8188
0.18892 51.8592
0.18892 51.9346
0.18892 51.9669
0.183039 51.6102
0.18892 51.9427
0.18892 51.913
0.18892 51.488
0.18892 51.8376
0.18892 51.717
0.18892 51.8941
0.18892 51.9427
0.18892 51.994
0.18892 52.2302
0.18892 52.1186
0.18892 52.2057
0.18892 52.2657
0.18892 52.0779
0.18892 52.0671
0.18892 51.7786
0.18892 52.0048
0.18892 52.0021
0.18892 52.0346
0.183039 51.5703
0.18892 51.7732
0.18892 51.8645
0.18892 52.0671
0.183039 51.9561
0.18892 52.3177
0.18892 52.203
0.18892 51.6342
0.18892 51.8188
0.18892 52.3972
0.18892 51.8215
0.18892 51.9103
0.183039 52.1567
0.183039 52.5265
0.183039 52.0508
0.183039 52.1349
0.18892 52.0183
0.18892 51.717
0.18892 51.8269
0.18892 52.0942
0.18892 52.0291
0.18892 52.3533
0.18892 52.4329
0.18892 52.0102
0.18892 51.9022
0.18892 51.9588
0.18892 52.2603
0.18892 52.173
0.18892 51.9076
0.18892 51.9913
0.18892 51.8699
0.18892 51.8592
0.18892 52.1159
0.18892 52.3231
0.18892 51.9615
0.183039 52.203
0.18892 52.2193
0.18892 51.7197
0.18892 51.6716
0.18892 52.0833
0.18892 52.0969
0.18892 51.792
0.18892 52.0915
0.18892 52.1213
0.18892 51.9157
0.18892 51.94
0.18892 52.1703
0.18892 51.6903
0.180707 51.7117
0.180707 52.0481
0.173177 52.3204
0.182292 51.7947
0.173177 51.4377
0.182292 52.154
0.173177 51.5066
0.173177 51.6662
0.173177 51.7384
0.173177 51.9913
0.173177 51.835
0.173177 51.6689
0.173177 51.7464
0.173177 52.0346
0.173177 52.0969
0.173177 52.1567
0.173177 52.1567
0.173177 52.233
0.173177 51.6609
0.173177 52.2275
0.173177 52.1186
0.173177 52.1186
0.173177 51.7197
0.173177 52.1621
0.173177 51.7974
0.173177 51.5783
0.173177 51.6476
0.173177 52.3478
0.173177 52.0535
0.173177 52.0806
0.173177 52.1812
0.173177 52.1349
0.167855 51.6049
0.167855 51.6769
0.173177 52.0454
0.173177 51.5198
0.173177 51.9157
0.173177 51.6903
0.173177 51.9454
0.173177 52.1812
0.173177 52.1975
0.173177 52.1322
0.173177 52.1159
0.173177 52.0048
0.173177 51.9319
0.173177 51.6716
0.173177 51.5384
0.173177 51.7464
0.173177 51.7572
0.167855 51.7438
0.167855 51.8162
0.173177 51.8215
0.173177 51.7438
0.173177 51.835
0.173177 51.5677
0.173177 51.5225
0.173177 51.3611
0.173177 51.6689
0.173177 51.792
0.173177 51.94
0.173177 51.9265
0.173177 51.9346
0.173177 51.6876
0.173177 51.7545
0.173177 51.565
0.173177 51.3584
0.173177 51.6449
0.173177 51.3532
0.173177 51.5677
0.173177 51.8162
0.173177 51.6476
0.173177 51.8592
0.173177 51.8511
0.173177 51.8054
0.173177 51.5623
0.173177 51.9994
0.173177 52.04
0.173177 51.8968
0.173177 51.9778
0.173177 51.9184
0.173177 51.8565
0.167855 51.7036
0.173177 51.6983
0.173177 51.8027
