0.960652 39.8406
0.914468 42.008
0.840168 38.7132
0.902965 38.0793
0.807546 39.1573
0.813222 40.151
0.872955 41.132
0.887035 39.1007
0.924159 41.3138
0.916667 41.1523
0.863194 41.336
0.879643 41.9217
0.879643 41.7206
0.890013 41.7659
0.85829 41.7781
0.853455 41.8866
0.903855 41.8323
0.907488 41.9147
0.879202 42.0327
0.819093 41.9094
0.82976 41.542
0.82976 41.5369
0.879353 41.6823
0.879353 41.6302
0.833378 41.5559
0.844716 39.9776
0.88906 41.4938
0.889655 41.6806
0.895257 41.3719
0.819803 41.4662
0.837382 41.4834
0.840527 41.1963
0.82091 41.5438
0.857943 41.3616
0.859391 41.413
0.843956 41.5386
0.864213 41.5334
0.869091 41.561
0.862099 41.876
0.899528 41.5317
0.85882 41.6858
0.857122 41.5386
0.859677 41.5351
0.871044 41.336
0.873328 41.4834
0.928629 41.1083
0.862927 41.2439
0.862927 41.6597
0.807281 41.6615
0.851424 41.6528
0.859423 41.6563
0.855645 41.3138
0.838973 41.8989
0.922704 41.6389
0.90828 41.4852
0.828501 41.7136
0.847879 41.724
0.869587 41.4233
0.874834 41.48
0.874455 41.5697
0.882169 41.7188
0.874233 41.7415
0.871341 41.4869
0.907576 41.7084
0.861181 41.731
0.831544 41.5541
0.77123 41.82
0.77807 41.4577
0.764044 41.5731
0.708969 41.5559
0.770398 41.2677
0.761379 40.1075
0.792891 40.5548
0.820671 41.5887
0.85645 41.6632
0.861296 41.4113
0.846217 41.7293
0.85044 41.834
0.827137 41.3736
0.807633 41.792
0.782726 41.7676
0.74833 41.6649
0.759405 41.5162
0.788195 41.4508
0.797825 41.6129
0.812194 41.8008
0.8169 41.3616
0.846847 41.5904
0.870385 41.8533
0.866689 41.8165
0.786203 41.6823
0.786203 41.7537
0.75634 40.6901
0.801383 41.606
0.815656 41.4748
0.82325 41.6545
0.860954 41.738
0.899629 41.6788
0.938872 41.4834
0.845173 41.7571
0.851046 41.6545
0.852633 41.4027
0.868124 41.6979
0.844187 41.7345
0.858878 41.691
0.872185 41.8428
0.871634 41.9481
0.87122 41.8095
0.88212 41.468
0.877439 41.7833
0.882585 41.8708
0.869976 41.7415
0.836373 41.8533
0.824028 41.7798
0.79697 41.7554
0.775639 41.5351
0.749296 41.8445
0.75515 41.8936
0.761004 41.8848
0.766858 41.6493
0.772712 41.6597
0.772712 41.834
0.778566 41.8953
0.790274 41.2729
0.819065 41.9481
0.831245 41.9815
0.821243 42.0858
0.801813 41.6441
0.792536 41.7571
0.807252 42.0787
0.807252 41.9692
0.821938 41.806
0.812037 41.9445
0.805957 41.8305
0.775144 41.7641
0.788381 41.3172
0.786559 41.1167
0.769335 41.9322
0.763593 41.2848
0.752111 41.6528
0.793347 41.9586
0.808903 42.1834
0.840014 42.0787
0.780725 42.0451
0.816046 41.9569
0.812255 42.1124
0.815716 41.8989
0.802804 41.8078
0.793096 41.5956
0.773345 41.8235
0.820593 41.9375
0.799766 41.8796
0.779862 41.4577
0.76866 41.5127
0.763189 41.9551
0.751768 41.4628
0.745694 41.7188
0.755713 41.6927
0.744681 41.5939
0.79574 41.7728
0.815125 42.0875
0.818117 42.0362
0.827648 41.6441
0.864425 41.7293
0.865463 41.9164
0.862152 42.0681
0.859399 42.0769
0.840014 42.0504
0.770221 41.9498
0.807835 41.862
0.813689 41.6563
0.792894 41.9024
0.794153 41.9129
0.789443 41.9217
0.795362 41.9182
0.786133 42.0027
0.791419 41.6927
0.800773 41.7258
0.79072 41.855
0.800058 42.0911
0.80481 41.9868
0.788209 41.8708
0.792855 41.971
0.740109 41.6164
0.719562 41.7432
0.736658 41.6372
0.750557 41.6528
0.744828 41.7101
0.758621 41.6979
0.778355 41.3479
0.824795 41.6753
0.859845 41.4886
0.830637 41.8008
0.877241 41.7397
0.799378 41.8918
0.85578 41.8043
0.829845 41.7275
0.788381 41.6563
0.782393 41.6095
0.782393 40.9534
0.761229 41.6129
0.755713 41.6458
0.683247 41.0543
0.68244 41.7397
0.738941 41.6649
0.798863 41.5403
0.792742 42.3137
0.792742 42.1656
0.798863 41.8393
0.798863 41.8971
0.806171 41.8866
0.801895 41.9622
0.787648 42.1461
0.787648 42.3048
0.79234 42.1585
0.793369 42.0097
0.789393 42.0698
0.7804 41.978
0.765116 41.7537
0.760987 41.8253
0.741861 41.7973
0.73942 41.7728
0.763014 42.0982
0.792536 41.7136
0.806512 41.813
0.815845 41.9851
0.744779 41.7101
0.762926 41.8148
0.841494 42.0433
0.834308 41.8918
0.826113 41.731
0.799576 42.0451
0.788617 41.6164
0.719177 41.5628
0.773058 41.6927
0.744227 41.8323
0.863672 40.0304
0.898946 41.7397
0.883825 42.0645
0.846214 42.0663
0.85489 41.7571
0.810844 41.8393
0.810607 41.5731
0.79072 41.8008
0.771609 42.1603
0.756471 42.0362
0.729201 41.651
0.722426 41.5351
0.770314 41.8463
0.758859 42.0875
0.758496 42.0309
0.693743 41.6406
0.703009 41.6597
0.752423 41.7293
0.752423 41.4748
0.753132 42.0575
0.73895 42.425
0.734852 42.3083
0.720948 42.1585
0.750726 42.187
0.806886 42.2797
0.800758 41.9851
0.828812 42.4376
0.808019 42.1195
0.80998 42.2351
0.784253 42.1124
0.784871 41.8235
0.769213 41.8989
0.748222 41.9217
0.748085 42.4412
0.757708 42.3926
0.761922 42.171
0.707572 42.0521
0.720938 41.855
0.719422 42.0274
0.783774 42.2761
0.76293 42.3209
0.741678 42.2262
0.716642 42.2672
0.688777 42.2887
0.7171 42.244
0.731735 42.1852
0.752111 42.0716
0.758545 42.2155
0.765981 41.7519
0.789456 42.139
0.860749 42.2708
0.895402 42.3048
0.862945 42.4268
0.830994 42.1834
0.798596 42.2333
0.771622 42.4196
0.750104 42.3962
0.677373 42.061
0.713999 42.3388
0.753085 42.107
0.778097 42.2083
0.782609 42.4989
0.76006 42.3639
0.752916 42.3173
0.758963 42.684
0.758963 42.0362
0.765011 42.0203
0.771058 42.3567
0.763381 42.3711
0.790384 42.3926
0.796349 42.015
0.791627 42.3567
0.797557 42.0645
0.797557 42.3137
0.798007 42.1994
0.798007 42.0964
0.798596 42.1692
0.793369 42.1053
0.793968 41.9727
0.761922 41.5904
0.745193 42.0645
0.713048 42.0221
0.681247 42.3639
0.688956 41.9164
0.699088 41.8901
0.68437 42.0186
0.685039 42.1372
0.665796 42.1301
0.688777 42.2172
0.766523 42.0027
0.771032 42.4574
0.781807 41.9939
0.777791 42.2887
0.777791 42.2279
0.847614 42.171
0.773017 42.2083
0.814571 42.2869
0.810492 42.2083
0.800961 41.6615
0.790722 41.8358
0.809247 42.2922
0.83048 42.269
0.809417 42.3245
0.787017 42.4989
0.787648 42.2279
0.772134 42.3729
0.781204 42.203
0.791378 42.4719
0.80688 42.6494
0.725813 42.4592
0.728435 42.3639
0.711517 42.4196
0.722947 42.3603
0.754607 42.4773
0.766352 42.3549
0.693879 42.3908
0.722219 42.2048
0.731878 42.1656
0.747996 42.0628
0.781142 42.0327
0.713291 42.1727
0.752247 42.0858
0.761886 41.58
0.783004 41.9305
0.784253 42.3675
0.793968 42.3227
0.772915 42.2779
0.769213 42.2779
0.764918 42.2779
0.756471 42.084
0.769213 42.389
0.757036 42.3837
0.759919 42.187
0.76326 42.3711
0.772225 42.5514
0.76048 42.346
0.688394 42.1319
0.665796 41.8971
0.687831 42.1621
0.707869 41.8725
0.758167 42.1621
0.774623 42.1017
0.811106 42.0734
0.811683 42.2869
0.729902 42.389
0.781066 42.269
0.778753 42.219
0.825458 42.3783
0.809417 42.3478
0.80998 42.3424
0.793968 42.3675
0.781768 42.2226
0.78056 42.3944
0.773554 41.9956
0.772225 42.2101
0.670499 41.658
0.686851 41.9481
0.677431 42.0027
0.686391 42.4845
0.708178 42.2369
0.720111 42.1141
0.761589 42.3531
0.710334 42.2297
0.734852 42.3657
0.728816 42.3765
0.734275 42.2369
0.765527 42.2744
0.781204 42.3424
0.79234 42.4466
0.718903 42.4016
0.737145 42.0468
0.706434 42.2101
0.722151 42.3801
0.722151 42.1035
0.737853 42.1763
0.706434 42.3765
0.694202 42.2744
0.662382 41.8253
0.661564 42.294
0.667573 41.7084
0.662609 41.9322
0.681648 41.6667
0.605899 41.7519
0.638497 41.8445
0.666164 41.4353
0.678825 40.803
0.74309 41.7153
0.776041 41.7903
0.727383 41.6719
0.78176 41.5766
0.761889 41.876
0.793369 41.7728
0.766183 42.0115
0.777316 41.9762
0.765648 41.8375
0.79172 42.0964
0.771965 42.1053
0.741008 41.7171
0.77572 41.7659
0.718676 41.3993
0.705397 41.7676
0.639174 41.7624
0.659486 41.9586
0.700012 41.7415
0.721072 42.0451
0.744361 41.9921
0.725672 41.9287
0.715204 41.7728
0.694991 41.6892
0.734275 41.8813
0.765527 41.8253
0.775988 41.8971
0.808019 41.8901
0.81805 42.0557
0.783617 41.7885
0.76321 41.561
0.772888 41.5317
0.773511 40.935
0.780472 41.7746
0.776175 41.377
0.753759 40.6918
0.721962 41.7188
0.68097 41.841
0.682841 41.7432
0.682841 41.3274
0.6841 41.5714
0.677373 41.7816
0.690289 41.4731
0.683377 41.6892
0.708656 41.8358
0.75425 41.4834
0.829963 42.084
0.836493 42.1585
0.719527 42.0062
0.728077 41.8603
0.735692 41.9639
0.756558 41.4233
0.768355 42.0716
0.828106 42.107
0.872054 41.6667
0.923611 42.0327
0.898097 42.0451
0.887982 41.9129
0.855051 42.0433
0.826103 42.2547
0.819773 42.0309
0.791434 41.6945
0.78662 41.8025
0.770615 41.9111
0.759774 41.48
0.750094 41.9815
0.740913 42.008
0.7214 42.1141
0.753634 42.1799
0.78582 41.8218
0.817958 42.0115
0.812958 41.8095
0.809071 41.9851
0.81861 41.9516
0.80413 41.9657
0.83932 41.7676
0.83932 41.7973
0.821034 42.0539
0.784871 41.9481
0.760671 41.8043
0.749418 42.0486
0.68442 40.9283
0.68097 41.6458
0.655993 41.7415
0.631455 41.6771
0.607356 41.6043
0.609813 41.724
0.600467 41.7554
0.568064 41.7571
0.613906 41.8953
0.685039 41.3138
0.688735 41.9199
0.720358 41.7066
0.725878 41.7171
0.708269 41.6337
0.764451 41.7955
0.724557 40.6769
0.79355 41.6684
0.786145 41.2269
0.755865 40.5877
0.735646 41.336
0.715649 41.8148
0.672697 41.7624
0.653543 41.5369
0.667337 41.7223
0.667337 41.6424
0.681125 41.7449
0.667337 41.7833
0.658793 41.731
0.644884 41.8043
0.641587 41.542
0.641587 41.7624
0.638324 41.8288
0.660574 41.8393
0.665796 41.4319
0.688777 41.9076
0.699184 41.7973
0.704625 41.6493
0.714838 41.5628
0.704625 42.061
0.704625 41.7763
0.654522 41.7798
0.681888 41.9463
0.673212 41.7903
0.683246 41.5007
0.659577 41.5524
0.668693 41.5489
0.634133 41.3121
0.619385 41.7014
0.614657 41.5127
0.596339 41.5835
0.610849 41.3856
0.625358 41.5576
0.639865 41.4456
0.639212 41.7206
0.624053 41.7868
0.622389 41.8253
0.646438 41.7484
0.656616 41.7101
0.646789 41.542
0.621111 41.9305
0.561153 41.6424
0.580683 41.8936
0.665716 42.0362
0.674791 42.1461
0.674791 41.7502
0.809134 42.0592
0.779441 41.8568
0.777791 41.8428
0.729927 41.9657
0.697738 41.9463
0.652387 41.7223
0.649515 41.941
0.65155 41.9041
0.643275 41.9445
0.576331 41.6528
0.561518 41.7833
0.53419 41.2916
0.531833 41.8008
0.54938 41.6285
0.62307 41.8375
0.635694 42.0239
0.673966 41.4508
0.698228 41.2967
0.690193 41.9657
0.652843 42.0345
0.634804 41.7589
0.652476 41.8323
0.666101 41.9287
0.683991 41.7746
0.742261 42.0221
0.761352 41.7606
0.706757 41.9322
0.708689 41.5662
0.753859 41.7362
0.739545 41.9375
0.694334 42.0398
0.674223 41.9586
0.631392 41.7693
0.609051 41.9041
0.611045 41.9921
0.588865 41.9622
0.573587 41.8463
0.629468 41.6979
0.674939 41.6354
0.605911 41.7973
0.677695 42.0751
0.632139 41.9428
0.606616 42.0115
0.585854 42.2297
0.558549 41.6372
0.682471 41.625
0.75118 41.9428
0.800013 41.7415
0.749187 42.3298
0.831813 42.2208
0.839778 42.1443
0.818826 42.2994
0.789017 42.1265
0.722008 42.2601
0.700447 42.244
0.647822 42.2654
0.605195 42.1336
0.561908 42.0433
0.558434 41.6649
0.541765 41.9657
0.601128 42.2244
0.6125 42.1977
0.619474 42.2297
0.644105 41.834
0.676111 42.4665
0.627815 40.3015
0.693882 39.6275
0.687883 41.6268
0.659532 42.1035
0.646465 41.9111
0.626909 42.0911
0.653456 41.1879
0.719925 41.6389
0.766917 42.0734
0.75188 42.0663
0.75188 42.1265
0.730702 42.1479
0.725404 42.1354
0.651445 41.6997
0.573269 41.8445
0.521631 41.5679
0.516791 40.7349
0.561028 42.1656
0.554887 42.1319
0.601128 41.9639
0.631955 42.0982
0.673582 42.1727
0.645744 42.1195
0.60458 42.3549
0.569521 42.1977
0.669226 42.0751
0.653759 41.9445
0.630892 41.941
0.630892 42.0097
0.747744 42.0592
0.747744 42.1727
0.739348 41.6424
0.739348 42.1532
0.779337 42.1745
0.747527 41.8025
0.725474 42.2476
0.693932 42.0398
0.683908 42.2315
0.673617 42.2066
0.593033 41.9006
0.572447 41.9569
0.537884 41.8901
0.496241 42.0964
0.511278 42.0327
0.545865 42.2066
0.561028 41.7868
0.606516 42.1354
0.667168 41.9287
0.760091 42.139
0.711925 42.3675
0.795242 42.407
0.704162 42.2458
0.750333 42.0133
0.75118 42.2172
0.790351 42.008
0.790351 41.5231
0.781955 42.1088
0.781955 42.0027
0.706288 42.038
0.72705 41.9903
0.717961 41.9886
0.689243 42.0875
0.615714 42.244
0.596905 42.0999
0.565212 41.9322
0.527664 42.0115
0.493367 41.9533
0.518164 42.1336
0.558832 42.203
0.582027 41.8655
0.598558 41.8796
0.586967 41.9551
0.586667 41.9939
0.708618 42.0468
0.710495 42.2511
0.68517 41.8638
0.70438 41.9586
0.813919 42.0239
0.841399 41.7432
0.825564 40.2398
0.810276 42.123
0.788471 41.978
0.773308 41.8218
0.720991 42.1124
0.716642 41.7798
0.692615 41.3497
0.668083 41.9516
0.643045 42.0468
0.611529 41.8533
0.580952 42.0521
0.545865 42.1301
0.596241 41.7851
0.590347 42.2066
0.646422 42.1141
0.681204 41.9498
0.685393 42.1496
0.683763 42.171
0.678322 41.7868
0.700153 41.9481
0.685163 42.1212
0.69873 42.2119
0.842857 42.0362
0.857644 42.0274
0.850918 41.82
0.851951 42.2529
0.851951 42.038
0.857644 42.139
0.770807 42.1336
0.781865 42.0345
0.783709 41.7188
0.766917 42.1195
0.65228 42.0186
0.652385 41.7223
0.622592 42.0203
0.593634 41.9533
0.588728 41.8796
0.610902 42.1621
0.604762 42.1124
0.657644 41.841
0.602254 42.0805
0.696849 41.9815
0.632409 41.7885
0.759667 42.0045
0.797352 42.2529
0.743015 41.8796
0.779019 41.9287
0.790131 42.0645
0.779825 41.7223
0.757895 42.0681
0.742105 42.061
0.699248 41.7624
0.678195 41.9956
0.636842 42.0186
0.668538 41.855
0.679497 42.2386
0.590686 41.8515
0.604478 41.9147
0.622649 42.1532
0.616541 41.5196
0.580882 42.0539
0.595588 41.9322
0.619403 41.834
0.630093 41.6112
0.616748 41.1557
0.603881 41.9745
0.655819 41.2167
0.701741 41.6164
0.717164 42.269
0.701048 42.0787
0.765573 42.2297
0.721519 42.434
0.717224 42.1159
0.745775 41.7589
0.741631 42.3729
0.824363 41.9322
0.70835 42.3837
0.650553 42.3747
0.697909 42.2137
0.727157 42.3334
0.665877 42.4989
0.716411 42.416
0.587467 42.4376
0.633508 42.5206
0.607154 41.6337
0.618021 42.4196
0.580974 42.452
0.671576 42.038
0.620366 42.3962
0.586924 42.3406
0.635528 42.2458
0.552348 42.4376
0.624114 42.4358
0.687781 41.8953
0.624933 42.6185
0.678637 42.443
0.612091 42.3298
0.650395 42.0893
0.584047 42.7004
0.661688 42.0186
0.674284 42.4106
0.589085 42.5894
0.592544 41.4336
0.694204 42.526
0.62782 41.9322
0.639079 41.6233
0.634099 42.328
0.587894 42.1567
0.594255 42.0575
0.572155 42.4286
0.57842 42.4845
0.588774 42.416
0.562063 42.389
0.545025 42.0663
0.61823 42.398
0.588138 42.4845
0.620687 42.5459
0.651611 42.3657
0.697427 42.6112
0.627641 42.6621
0.653921 42.4502
0.677967 42.6403
0.695561 41.3309
0.722942 41.8288
0.626423 39.3701
0.671663 42.0592
0.666795 41.0576
0.728726 42.6512
0.704792 41.82
0.705227 42.3783
0.693393 41.389
0.69884 42.746
0.635768 42.4863
0.576013 42.3926
0.671244 42.4628
0.62007 42.4845
0.654956 42.5568
0.587786 42.6858
0.641788 42.7314
0.652425 42.3639
0.71202 42.5731
0.613636 42.6348
0.653736 42.1959
0.676266 42.3567
0.732738 42.1496
0.610689 42.2619
0.671067 42.3048
0.63973 42.5369
0.704031 42.5949
0.67053 42.452
0.62236 42.7972
0.700011 42.517
0.650149 42.5695
0.634615 42.5749
0.568765 42.5116
0.733643 42.2815
0.689325 42.3855
0.616745 42.2048
0.654465 41.0914
0.649686 42.434
0.608844 42.3837
0.604426 42.155
0.609254 42.4376
0.722997 42.346
0.685082 42.4484
