0.935997 34.7246
0.756764 33.7427
0.841334 34.5232
0.928696 34.075
0.865663 34.662
0.759262 33.6791
0.800787 35.5151
0.75326 35.6392
0.741098 35.292
0.82885 35.3357
0.843072 35.7705
0.845543 35.6087
0.860658 35.9725
0.79312 35.8359
0.729487 35.6455
0.776576 35.4434
0.83033 35.6138
0.806207 35.8372
0.809722 35.9686
0.808099 35.9015
0.808528 35.6748
0.815725 35.7309
0.826054 35.5164
0.839975 35.7398
0.815547 35.8166
0.752911 35.7935
0.744307 35.7194
0.723164 35.5556
0.701931 35.6062
0.637925 35.6913
0.629179 35.7041
0.617684 35.9105
0.560875 35.699
0.514233 35.7347
0.519734 35.7526
0.46634 35.9492
0.45462 36.0685
0.42479 35.9376
0.517004 36.0218
0.464901 36.1206
0.455313 36.0075
0.519948 36.049
0.484556 36.0257
0.438215 35.9441
0.532325 35.9002
0.539696 35.6392
0.490578 35.8976
0.509018 35.7731
0.476434 35.7641
0.563995 35.736
0.478693 35.7411
0.468627 35.7015
0.477188 35.8307
0.467222 35.2224
0.575478 35.524
0.58618 33.6361
0.60264 35.699
0.571736 35.4472
0.66268 35.2933
0.627693 35.2274
0.643041 35.2584
0.65093 35.4799
0.6543 35.2286
0.65555 35.3819
0.646205 35.5227
0.684112 35.3557
0.666676 35.1284
0.647639 35.2833
0.631433 35.524
0.616532 35.3845
0.602353 35.3619
0.735602 35.7194
0.735602 35.8732
0.732011 35.7999
0.732011 36.1821
0.683475 36.1233
0.705409 35.5164
0.71222 35.5492
0.805355 35.6201
0.784876 35.6557
0.770896 35.5986
0.772855 35.7066
0.718776 35.9622
0.665526 35.9596
0.606355 35.791
0.600544 35.9816
0.546063 36.0282
0.580694 35.8397
0.586783 35.9518
0.567022 36.0776
0.590827 36.2188
0.59791 36.1703
0.603335 36.3293
0.597481 35.9609
0.614188 36.2017
0.627735 35.9583
0.740505 36.1912
0.759674 35.9376
0.735423 36.0568
0.68767 35.9609
0.673748 35.8835
0.741759 35.9725
0.69614 35.6087
0.693891 36.0101
0.659904 35.8282
0.631848 35.9609
0.589621 35.7296
0.607082 35.877
0.595781 35.6252
0.686615 35.4472
0.669625 35.7897
0.664195 35.7015
0.668198 35.3995
0.660712 35.61
0.648045 35.6125
0.740183 35.8243
0.737881 35.9932
0.748435 35.8449
0.702963 35.8179
0.695117 35.3957
0.66066 35.1037
0.66448 35.5859
0.691596 35.791
0.637559 35.6646
0.655681 36.0477
0.633982 36.1206
0.632942 36.0218
0.611649 35.9234
0.667955 36.0972
0.679302 36.1128
0.684047 35.9803
0.660355 36.0724
0.640668 35.9686
0.598124 36.0282
0.614142 35.7449
0.705621 35.4811
0.691296 36.0269
0.662197 35.7283
0.623037 35.9079
0.599878 35.9997
0.596954 35.8397
0.587818 35.9596
0.563924 35.8822
0.555262 35.979
0.557373 36.0386
0.561286 36.0802
0.561308 35.7897
0.588839 35.7551
0.70452 35.4811
0.721938 35.6087
0.734252 35.8307
0.712597 35.5568
0.756643 35.5215
0.700188 36.0036
0.669168 36.0386
0.651101 35.8629
0.668654 35.9092
0.616793 35.6786
0.557975 36.0881
0.60228 35.8783
0.62968 36.2845
0.601374 36.1533
0.571465 36.0399
0.619493 36.3835
0.598492 36.2345
0.605294 36.5257
0.60594 36.1847
0.603852 36.1821
0.579446 36.1703
0.614133 36.001
0.604097 35.9997
0.59637 36.0218
0.62956 35.7475
0.645747 35.5518
0.622894 35.7795
0.607745 35.895
0.586583 35.9144
0.599447 36.0282
0.605967 35.8641
0.613447 35.7884
0.622045 35.9454
0.628879 35.9208
0.637751 36.0894
0.648633 35.3945
0.636354 35.6113
0.611026 35.8153
0.620524 35.8064
0.628195 36.0244
0.637679 35.7935
0.632369 35.9015
0.621957 35.8603
0.615758 35.699
0.599441 36.062
0.578088 35.9673
0.552182 35.8025
0.549543 35.9609
0.528994 35.8963
0.520861 35.9622
0.574825 36.0347
0.576438 35.8899
0.57969 36.2004
0.526732 36.2201
0.603681 36.0855
0.60395 36.105
0.534903 36.1991
0.657794 36.0269
0.689536 35.935
0.615686 36.152
0.675398 36.1389
0.627444 35.9363
0.638964 36.2621
0.596418 35.8783
0.628153 35.9337
0.575953 35.7628
0.522323 35.736
0.564894 35.3394
0.521417 36.2845
0.562897 36.2897
0.532098 36.6663
0.601755 36.6824
0.580637 36.2963
0.663324 36.1428
0.61375 36.2437
0.692975 36.3517
0.753598 36.2568
0.698382 36.1651
0.756141 36.3531
0.67166 36.3161
0.732336 36.4538
0.755213 36.4272
0.641383 36.1011
0.66275 36.245
0.579812 36.118
0.590026 35.9855
0.647794 36.1939
0.572479 36.2463
0.625171 36.27
0.635191 36.4339
0.60419 36.3782
0.652282 36.5364
0.610283 36.3941
0.652182 36.4378
0.582013 36.4591
0.623944 36.622
0.662809 36.5912
0.577345 36.5778
0.646488 36.6555
0.605165 36.5003
0.638362 35.9157
0.588583 36.3914
0.691246 36.4047
0.624919 36.4365
0.572756 36.3941
0.604921 36.4964
0.545171 36.4578
0.485321 36.7121
0.491489 36.7269
0.54673 36.6717
0.587445 36.735
0.63678 36.7296
0.671674 35.7117
0.651559 36.8976
0.637913 36.6623
0.622233 36.8134
0.618321 36.6354
0.609489 36.7985
0.645909 36.7417
0.628564 36.7336
0.611909 36.4405
0.595799 36.6475
0.70986 36.4471
0.687197 36.3478
0.647108 36.1664
0.622599 36.3901
0.575821 36.2004
0.594535 36.2739
0.581403 36.6623
0.563026 36.6113
0.550348 36.3069
0.571173 36.3399
0.573174 36.0894
0.561547 36.5698
0.564827 35.8397
0.602774 36.5323
0.593542 36.6086
0.583204 36.8175
0.597163 36.1154
0.615405 36.5617
0.62728 36.1886
0.629344 36.4325
0.670854 36.406
0.655241 35.6913
0.649047 36.2004
0.633912 36.118
0.628682 36.0321
0.646585 36.7471
0.642803 36.6972
0.658064 36.5217
0.659269 36.6838
0.675188 36.4538
0.558569 36.9031
0.577097 36.808
0.581889 36.6596
0.570507 36.531
0.559562 36.7107
0.549029 36.3875
0.635027 35.6748
0.648331 36.1742
0.612855 35.4007
0.586891 33.8421
0.592283 35.4899
0.67768 35.4246
0.620663 35.2522
0.675858 35.3757
0.576615 35.7028
0.632565 35.6519
0.597379 35.5606
0.61753 35.5923
0.589056 35.6964
0.642943 35.7935
0.674551 35.6138
0.625971 36.3544
0.628835 36.2766
0.696119 36.2384
0.627831 36.6314
0.654181 36.8501
0.599613 36.6381
0.664233 36.7863
0.631262 36.8487
0.643351 36.7444
0.589232 36.5738
0.675343 36.4884
0.624233 36.7202
0.703309 36.3412
0.666415 36.6609
0.649095 36.8582
0.689659 36.6744
0.629437 36.9891
0.668905 36.8881
0.650331 37.0343
0.652083 36.8283
0.567105 36.6287
0.597837 36.5551
0.608858 36.4538
0.608741 36.5203
0.62586 36.4764
0.632989 36.5377
0.625492 36.6421
0.602894 36.5137
0.634054 36.3399
0.618209 36.4764
0.628556 36.3531
0.648722 36.499
0.65708 36.357
0.649928 36.3636
0.659197 36.5631
0.691495 36.4498
0.695837 36.2004
0.696452 36.5591
0.70059 36.4007
0.670928 36.2279
0.638151 36.4551
0.644026 36.6771
0.614113 36.846
0.586667 36.7688
0.554805 36.6354
0.546623 36.5243
0.531818 36.739
0.520693 36.2634
0.528745 36.2096
0.534989 36.3069
0.553636 36.3359
0.550316 36.3399
0.588745 36.3742
0.6 36.5764
0.579481 35.7577
0.564545 35.2671
0.544589 36.0451
0.531429 36.266
0.500656 35.9286
0.487832 36.1494
0.51647 35.5771
0.542773 36.266
0.553747 36.1206
0.554132 36.2621
0.555988 35.8474
0.604745 35.61
0.587769 35.8141
0.667182 35.8654
0.648823 35.9751
0.597736 35.6328
0.591823 35.2933
0.619928 35.4384
0.602988 35.8719
0.58316 35.4723
0.566721 35.7628
0.530786 35.2759
0.518559 35.4057
0.5127 35.2075
0.522416 35.3632
0.527802 35.2497
0.537664 35.4371
0.574613 35.3157
0.617625 35.9402
0.629984 35.8654
0.608506 36.0894
0.588745 35.7436
0.551342 35.9881
0.537489 35.8449
0.531818 35.859
0.517749 35.8654
0.534286 36.0607
0.553983 36.0789
0.540479 35.8744
0.578171 35.9066
0.616519 35.6278
0.655523 35.8025
0.693529 35.9751
0.683859 36.0036
0.703302 35.868
0.700045 35.9028
0.679224 35.7859
0.668823 35.6812
0.614345 35.6939
0.558867 35.5859
0.508431 35.7705
0.502079 35.2796
0.495265 35.4308
0.487988 36.1651
0.495495 36.3478
0.546214 36.5243
0.554326 36.483
0.548591 36.3848
0.531711 36.4777
0.524889 36.4312
0.51733 36.6986
0.50885 36.4737
0.503737 36.2109
0.548797 35.5215
0.53802 35.3344
0.555597 35.3932
0.583825 36.2924
0.611726 35.8153
0.639299 36.4325
0.701818 36.6408
0.72606 36.7525
0.632207 36.4378
0.673121 36.2779
0.650746 36.3451
0.685609 36.2135
0.696142 36.4897
0.689092 36.5671
0.640484 36.1154
0.669155 36.2161
0.650643 36.2266
0.63259 36.2726
0.643297 36.2188
0.614461 36.3663
0.593979 36.0985
0.617425 36.3095
0.633056 36.511
0.595657 35.9699
0.644687 36.2595
0.664847 35.727
0.689847 35.629
0.664297 35.5088
0.562186 35.1902
0.598168 35.1815
0.614669 35.2262
0.638266 34.9443
0.655037 35.0742
0.649002 35.1333
0.652548 35.2199
0.544031 35.1803
0.528961 35.2199
0.520073 35.2634
0.505239 35.0902
0.490267 35.041
0.504634 33.6293
0.516386 35.5063
0.525116 35.2361
0.534972 35.1519
0.543766 35.4359
0.578011 35.3357
0.5607 35.6977
0.56449 35.6659
0.53757 35.5215
0.527508 35.6646
0.501216 35.4447
0.515697 35.2199
0.530191 35.7974
0.544688 35.6468
0.565217 35.9054
0.582381 35.782
0.60413 35.7782
0.66604 35.6354
0.715372 36.1311
0.688041 35.9686
0.722683 35.859
0.608996 35.7756
0.62899 35.6087
0.665938 35.6189
0.558671 35.4258
0.599987 35.3382
0.617141 35.0631
0.515919 35.4799
0.546126 35.3419
0.607436 35.6735
0.544938 35.6481
0.586024 35.9816
0.665858 35.9079
0.6143 35.9273
0.656314 35.7935
0.600446 35.8256
0.652434 36.0828
0.587024 35.6888
0.624747 35.9751
0.569282 36.1233
0.606294 36.0464
0.575938 36.105
0.592584 36.075
0.528519 35.7795
0.517393 35.7066
0.485339 35.3033
0.478404 35.7449
0.531506 35.7015
0.588436 35.832
0.637899 35.8822
0.711499 36.1978
0.777062 36.2253
0.812351 36.1847
0.748896 36.0373
0.704276 36.4153
0.607187 36.6032
0.680424 36.7148
0.630331 36.1363
0.600443 36.4007
0.663103 36.519
0.616718 36.4844
0.647766 36.5551
0.684662 36.3557
0.624096 36.2976
0.68587 36.414
0.691423 36.4551
0.593537 36.5805
0.683439 36.3782
0.610351 35.6138
0.586832 36.3504
0.617977 36.2174
0.581806 36.2832
0.643531 36.2319
0.604679 36.2911
0.666568 36.1611
0.634237 36.2608
0.60221 36.2674
0.674863 36.0894
0.64384 36.3266
0.648704 36.5444
0.659141 36.5484
0.667305 36.4804
0.640615 36.3214
0.631481 36.5097
0.613691 36.6744
0.576747 36.9822
0.582367 36.9508
0.576418 36.7579
0.563171 36.5577
0.553296 36.5858
0.571023 36.8039
0.573618 36.6771
0.584211 36.9563
0.609206 36.8868
0.643426 36.6341
0.636951 36.9631
0.623421 37.1319
0.617093 36.7471
0.616259 36.9031
0.613476 36.5617
0.612305 37.0288
0.590694 36.7269
0.58018 36.7593
0.565934 36.6663
0.573793 36.7255
0.567187 36.8297
0.574952 36.5484
0.626845 36.6623
0.634657 36.808
0.646791 36.6542
0.683982 36.8895
0.679444 36.6287
0.670884 36.8868
0.695032 36.6408
0.664845 36.8175
0.637657 36.7026
0.62649 36.669
0.606925 36.4604
0.621615 36.827
0.585318 36.507
0.557523 36.535
0.573761 36.8704
0.557314 37.0686
0.571715 36.8229
0.560205 36.626
0.605888 36.5885
0.608491 36.6596
0.64477 36.8568
0.691985 36.6596
0.702792 36.9072
0.738147 36.8446
0.713767 36.531
0.687453 36.8596
0.670599 36.8433
0.655732 36.8963
0.641359 36.6636
0.627458 36.8026
0.636905 36.8026
0.638962 36.9113
0.65414 36.8012
0.686242 37.022
0.712495 36.4924
0.750117 36.324
0.792352 36.6072
0.79956 36.7269
0.784756 36.6166
0.746766 36.8813
0.72505 36.8704
0.682276 36.7323
0.658135 36.9686
0.684528 37.428
0.626306 37.0934
0.652973 37.0975
0.64996 36.8541
0.608696 37.1237
0.669428 37.1195
0.65399 37.3664
0.676916 37.2884
0.696071 37.5235
0.716172 37.1443
0.737289 37.1789
0.750865 37.5235
0.772438 37.546
0.76774 37.2967
0.691939 37.319
0.688885 37.3552
0.68904 37.4616
0.634864 37.5629
0.649234 37.4883
0.579917 37.3385
0.629673 37.3065
0.586331 37.2356
0.637736 37.3734
0.71191 37.3093
0.656078 37.5897
0.737406 37.5235
0.667238 37.2453
0.681061 37.4574
0.6996 37.4742
0.720438 37.4139
0.673913 37.3958
0.680673 37.2398
0.707596 37.1927
0.60794 37.3706
0.61871 37.294
0.62327 37.4014
0.639072 37.294
0.551339 37.8387
0.604219 37.435
0.625896 37.743
0.599241 37.652
0.652667 37.6648
0.695455 37.7145
0.750054 37.5432
0.642362 37.2981
0.619048 37.6818
0.613734 37.6832
0.617224 37.4799
0.635965 37.5361
0.611474 37.8143
0.625573 38.0938
0.617931 37.8015
0.632238 37.8601
0.63669 37.9291
0.636876 37.9925
0.641017 37.7686
0.643036 38.0098
0.637338 38.0938
0.654239 37.9061
0.602866 37.5305
0.72104 38.0807
0.72165 38.0228
0.685608 38.3671
0.665115 38.2102
0.631468 38.0257
0.718271 38.4157
0.700179 38.3289
0.682464 37.8845
0.623188 38.2029
0.639024 38.2146
0.639024 38.2468
0.575139 38.2834
0.653935 38.2409
0.661226 38.1942
0.663661 38.2219
0.63322 38.5297
0.585693 38.5758
0.568995 38.4512
0.56378 38.6638
0.588617 38.2717
0.600137 38.6937
0.618706 38.2892
0.548686 38.6713
0.575074 38.8606
0.566603 38.7702
0.563991 38.8969
0.535365 38.7687
0.581413 38.7207
0.552067 38.8561
0.569339 38.5238
0.575443 38.6713
0.549269 38.5728
0.580432 38.6728
0.608258 38.5579
0.651747 38.4084
0.601276 38.6698
0.64006 38.9317
0.645932 38.7672
0.696227 38.6503
0.644888 38.7042
0.69386 38.6937
0.650804 38.5609
0.683513 38.6279
0.64137 38.3024
0.596854 38.4305
0.654507 38.2292
0.664122 38.2512
0.608597 38.5951
0.661199 38.2438
0.694682 38.5164
0.602364 38.4364
0.62354 38.5713
0.554355 38.4394
0.57428 38.8229
0.6647 38.149
0.594031 38.6937
0.609678 38.3333
0.53893 38.5788
0.596904 38.3715
0.643 38.5327
0.599273 38.2936
0.605099 38.348
0.588267 38.3848
0.597867 38.5164
0.639975 38.5416
0.702731 38.6444
0.648547 38.6922
0.679472 38.6982
0.722154 38.4586
0.711701 38.5683
0.704898 38.4571
0.723353 37.8229
0.719575 38.3509
0.709433 38.429
0.709433 38.4837
0.699884 38.6369
0.699884 38.2687
0.729362 38.32
0.756335 38.32
0.701977 38.5966
0.743029 38.4098
0.676127 38.1636
0.723376 38.5134
0.725643 38.8199
0.633199 38.6026
0.670094 38.8033
0.577063 38.7612
0.592162 38.8969
0.598727 38.5431
0.556671 38.5342
0.590813 38.7402
0.536244 38.7402
0.582289 38.5401
0.534918 38.7237
0.498681 38.4364
0.559406 38.6429
0.554025 38.4453
0.623613 38.549
0.597283 38.8274
0.694783 38.5594
0.664628 38.7717
0.691657 38.7342
0.663767 37.0041
0.709066 36.8881
0.669521 36.8908
0.708473 36.9113
0.647369 36.324
0.684911 36.6408
0.619221 36.5417
0.564977 36.4378
0.622728 36.2319
0.593329 36.6986
0.551175 36.3135
0.623676 36.4724
0.588354 36.5097
0.607931 36.4551
0.70202 36.6475
0.646391 36.5177
0.742075 36.3689
0.678564 36.0516
0.742775 36.1991
0.681381 36.1755
0.700301 36.2924
0.615529 36.2805
0.626132 36.5404
0.582903 36.6314
0.648911 35.9842
0.596518 35.8153
0.63404 36.266
0.59705 36.2542
0.636017 36.3385
0.59868 36.2411
0.666379 35.8667
0.60447 36.2201
0.668337 36.4259
0.727666 34.9174
0.694387 35.9092
0.74381 35.9221
0.662721 36.2595
0.711041 36.3848
0.741476 36.2713
0.638561 35.2497
0.678128 36.2739
0.708795 36.2924
0.672431 36.1637
0.698274 35.7679
0.625716 36.2739
0.669225 36.3557
0.711443 36.0959
0.665555 35.5783
0.749401 35.9324
0.704025 35.1321
0.721213 35.9958
0.635704 36.1246
0.651491 35.8667
0.6296 36.0711
0.608736 36.2201
0.69217 36.1821
0.608889 36.203
0.638476 36.1272
0.630377 36.1939
0.622253 36.2437
0.607649 36.1899
0.58526 36.3504
0.649325 36.3967
0.612307 36.249
0.572725 36.2792
0.647241 36.2017
0.664821 35.9286
0.615114 36.2792
0.647918 36.4684
0.689563 36.4219
0.709063 36.0828
0.732879 36.4458
0.742338 36.2555
0.719644 36.2779
0.725713 36.2319
0.719229 36.3372
0.716031 36.092
0.671375 36.4378
0.716031 36.4007
0.716031 36.3003
0.691985 36.3491
0.725713 36.3399
0.677873 36.1664
0.742446 36.1298
0.689635 36.4259
0.719434 36.1024
0.754967 38.0489
0.654657 38.5178
0.705907 38.4054
0.62039 38.2468
0.640006 37.9809
0.594676 38.1403
0.640158 38.1621
0.561239 38.3524
0.623188 38.1316
0.58215 38.2351
0.652669 37.7515
0.625616 37.8329
0.647312 37.1126
0.683264 37.7202
0.655206 37.81
0.698646 38.279
0.648762 37.8186
0.695607 38.1446
0.760239 38.0069
0.663109 38.072
0.70676 37.9291
0.718294 38.004
0.640349 38.1345
0.672415 37.9925
0.700298 38.1039
0.716854 37.8616
0.640744 37.7701
0.677796 37.7658
0.707804 37.7358
0.704516 37.4181
0.651821 37.3399
0.708597 37.5996
0.755142 37.7615
0.743421 37.7117
0.659931 37.7273
0.697703 37.8946
0.698991 37.8272
0.664625 37.5982
0.697669 37.3678
0.754859 37.669
0.710661 37.7245
0.724696 37.9564
0.752242 37.522
0.734598 37.743
0.714563 37.7344
0.714563 37.5686
0.718049 36.049
0.718049 37.1927
0.719261 37.048
0.727371 37.0672
0.729534 37.143
0.784265 37.3483
0.609923 37.435
0.445951 37.5672
0.330581 37.5629
0.0859662 38.0315
0.0725691 37.594
0.0702203 37.0466
0.0580941 36.7067
0.0872952 35.9041
0.168979 34.6129
0.168979 35.3419
0.168979 35.6519
0.179949 35.6621
0.179949 35.8076
0.179949 36.2332
0.179949 36.2976
0.104783 36.6999
0.0784069 36.8827
0.0857759 36.3544
0.088551 36.2937
0.0909222 35.8551
0.0732038 35.8989
0.0755309 36.2529
0.0833613 35.8847
0.0837558 35.8141
0.0837558 35.6722
0.0837558 35.6812
0.107245 36.1821
0.0778665 36.2398
0.0778665 35.7539
0.0778665 36.0269
0.0778665 36.3016
0.0778665 36.0179
0.0778665 36.1533
0.0778665 36.0425
0.0778665 35.7654
0.0778665 36.1063
0.0778665 36.2674
0.0778665 36.1141
0.0778665 36.203
0.0778665 36.2398
0.0778665 36.1637
0.0857716 36.0802
0.079699 35.9376
0.087033 35.7475
0.081242 35.6672
0.081242 35.4271
0.0902559 35.456
0.0847402 35.0079
0.0847402 35.21
0.0847402 35.0422
0.0847402 35.142
0.0847402 35.2212
0.0847402 35.2771
0.0847402 35.2088
0.0847402 35.322
0.0847402 35.142
0.0847402 35.387
0.0847402 35.3519
0.0847402 35.4421
0.0847402 34.8481
0.0847402 34.9577
0.0847402 34.9589
0.0847402 35.0177
0.0847402 35.2026
0.0847402 34.5304
0.0847402 34.5566
0.0847402 34.6057
0.0847402 34.5566
0.0847402 34.876
0.0847402 34.2607
