0.574439 49.6771
0.67785 51.3875
0.745898 41.3719
0.909574 45.6767
0.701813 49.5221
0.788476 49.6722
0.690665 50.0275
0.696063 51.0126
0.920608 50.3373
0.788841 50.9814
0.682194 50.7614
0.764529 50.4719
0.897354 50.8518
0.921412 50.9424
0.823344 46.9836
0.895082 48.8114
0.666979 50.1932
0.770065 50.5331
0.728643 50.8104
0.743011 50.0375
0.759064 50.8854
0.780651 50.9321
0.825688 50.8492
0.896615 51.2978
0.902493 51.1509
0.723997 51.0777
0.734563 50.8932
0.837038 50.1052
0.763907 50.7692
0.745896 50.4643
0.855654 50.7898
0.832029 50.4261
0.80518 49.4364
0.880176 51.0725
0.893271 50.7795
0.828231 50.6688
0.808579 51.2374
0.836648 51.0777
0.821154 50.1404
0.878929 50.7228
0.874695 49.843
0.84122 50.4999
0.859347 50.4948
0.895386 50.5433
0.875633 50.163
0.9 49.8306
0.907703 50.4745
0.851219 50.6663
0.910374 50.2563
0.931258 50.5945
0.828286 49.6746
0.916823 50.5766
0.83882 50.1052
0.85609 50.8699
0.79666 50.8802
0.798253 50.6047
0.796035 50.9632
0.824574 51.1876
0.798499 50.2942
0.885106 50.5536
0.733276 50.6047
0.925199 50.1882
0.885229 50.1429
0.845124 50.7743
0.806951 50.984
0.791955 50.4719
0.80571 50.9035
0.759647 49.5983
0.852628 50.3601
0.87115 51.0491
0.854069 49.7216
0.82184 50.674
0.771827 50.8544
0.754834 50.5408
0.817798 51.13
0.834578 50.7048
0.953755 50.9684
0.915297 50.7692
0.904691 50.1807
0.894776 50.421
0.756234 48.974
0.839177 50.4363
0.912077 51.0074
0.774313 50.9372
0.809081 50.7305
0.861419 50.6868
0.834269 51.0751
0.867639 50.7975
0.799364 51.2899
0.907752 51.0908
0.782432 50.9684
0.791868 51.0882
0.901497 50.9009
0.86345 51.4033
0.619029 51.0908
0.745477 50.7151
0.741188 50.6919
0.791139 49.2999
0.779609 50.6919
0.743813 50.7872
0.890048 50.3221
0.866655 50.5817
0.793069 50.6765
0.649251 50.2134
0.704068 50.3297
0.744913 50.6663
0.719781 50.3246
0.742477 50.388
0.754595 50.2614
0.749061 48.974
0.761109 50.035
0.785708 50.0902
0.829395 50.0225
0.702408 50.2538
0.681038 50.2462
0.729141 49.724
0.812199 49.7191
0.801549 49.8878
0.759561 48.1904
0.758891 48.8974
0.816615 50.0551
0.815239 50.1253
0.683637 50.163
0.705136 49.1087
0.775127 50.2361
0.876484 49.955
0.875609 49.5835
0.858299 49.5442
0.824993 48.986
0.751729 50.3398
0.647306 49.7934
0.672195 49.4707
0.703551 49.4707
0.716154 49.5983
0.731106 49.9725
0.759376 49.8058
0.751925 49.8058
0.775891 49.8306
0.646748 49.5909
0.626562 49.8008
0.722815 49.9151
0.598489 49.843
0.667782 49.3876
0.79021 47.9501
0.79021 49.9326
0.713286 49.5221
0.658402 49.7512
0.731123 49.2805
0.804269 48.962
0.622562 49.8033
0.704678 49.5884
0.741757 49.4535
0.800611 49.4144
0.804667 49.5663
0.763356 49.39
0.694929 49.3827
0.778395 49.4413
0.665738 49.4829
0.650976 49.2805
0.679776 49.3535
0.751118 49.5442
0.770751 49.3681
0.839422 49.2296
0.783588 48.9285
0.718816 50.0175
0.826402 49.9625
0.673216 49.9127
0.665473 49.7067
0.646197 49.6204
0.642057 49.3827
0.722673 49.3778
0.742574 50.01
0.777024 49.843
0.727447 48.5508
0.705882 49.5319
0.797985 49.2538
0.774644 50.0651
0.774644 49.9351
0.746745 49.3218
0.746745 49.6968
0.781446 49.3291
0.85772 49.7315
0.907885 49.7884
0.76378 49.7934
0.640537 49.7983
0.647624 48.9764
0.68193 49.6056
0.713405 49.6056
0.697606 49.4682
0.582968 49.7043
0.584157 49.5884
0.713885 49.8579
0.729482 50.0125
0.87656 50.0175
0.760852 50.0952
0.685545 50.0701
0.728016 50.1077
0.672281 50.1153
0.774188 50.1756
0.631454 49.6352
0.749037 50.0225
0.720276 50.0651
0.793587 50.0851
0.683367 49.8728
0.582353 50.0175
0.676453 49.6056
0.651894 48.79
0.798025 49.1256
0.748059 49.6081
0.628257 49.6032
0.673329 49.9575
0.624456 49.8629
0.688798 49.838
0.742429 49.3705
0.665765 50.2563
0.716862 50.0325
0.686342 49.95
0.755654 49.8654
0.742582 49.7661
0.683578 50.1102
0.790344 49.3072
0.715266 50.0375
0.825733 48.695
0.810163 48.8472
0.7618 48.9932
0.750348 49.1376
0.672338 49.2878
0.760692 48.8257
0.735704 49.3486
0.730157 49.5148
0.674973 49.4805
0.790519 49.0316
0.733867 49.4291
0.689415 49.215
0.680105 49.0798
0.692633 49.2271
0.698652 48.8878
0.724944 49.1642
0.69082 49.0918
0.664675 49.0966
0.656458 49.3267
0.697151 48.6855
0.697151 48.6381
0.63312 48.6145
0.757094 48.695
0.725253 49.0388
0.687586 49.1932
0.733889 49.1521
0.69563 48.9356
0.765066 48.9572
0.73332 49.0822
0.668678 49.2635
0.601001 49.0244
0.693323 49.2078
0.718149 49.249
0.677683 49.0918
0.62706 49.3437
0.699451 49.3316
0.660126 48.7472
0.70939 48.8114
0.686441 49.0148
0.797207 48.23
0.752472 48.5767
0.696534 48.0354
0.685873 48.6027
0.713933 48.7092
0.645346 48.8329
0.617237 48.4051
0.719958 48.5366
0.686806 48.1719
0.709617 48.4801
0.756196 48.5909
0.66409 48.5107
0.677169 48.7781
0.640659 48.5437
0.658601 48.7948
0.771429 48.7805
0.710624 48.5178
0.72544 48.2579
0.749158 48.5296
0.666996 48.6618
0.674727 48.6429
0.567298 48.7638
0.625689 48.1696
0.660936 48.5625
0.749158 48.6334
0.759016 48.1047
0.716333 47.9203
0.658448 47.9962
0.681703 48.2975
0.734569 48.8091
0.720339 49.0364
0.578358 48.9644
0.594163 48.4496
0.631929 48.3676
0.734947 48.4402
0.722074 48.4684
0.771522 48.4754
0.627108 48.5366
0.637454 48.6334
0.600662 48.5154
0.660566 48.4707
0.693779 48.7852
0.672867 48.5956
0.759773 48.3746
0.737211 48.2812
0.770451 48.6239
0.792733 48.6855
0.7103 48.6736
0.702557 48.0423
0.743454 48.6027
0.629259 48.8067
0.79512 48.3325
0.825935 48.4426
0.867593 48.377
0.699862 48.2649
0.779547 48.5319
0.647642 48.4426
0.591014 48.65
0.653911 48.6452
0.596875 48.7353
0.706886 48.6027
0.732968 48.6713
0.743454 48.6997
0.726194 48.6902
0.698797 48.7472
0.779112 48.5037
0.781839 48.5696
0.730322 48.5578
0.672412 48.2905
0.663112 48.5272
0.706443 48.3372
0.6911 48.2137
0.603051 48.2742
0.676326 48.0284
0.71166 47.8034
0.66087 47.9893
0.698292 47.6554
0.655352 48.23
0.61846 48.1417
0.640433 48.2486
0.624953 47.84
0.725157 48.1719
0.784062 48.3022
0.69676 48.0146
0.756014 48.04
0.703347 47.9111
0.60414 48.1904
0.613325 48.2021
0.61888 47.9962
0.659061 48.0654
0.718137 48.4848
0.627383 48.107
0.671824 48.1997
0.682045 47.9616
0.617452 47.6349
0.634568 47.776
0.623056 47.7737
0.597782 47.8469
0.616602 48.2882
0.702147 47.9203
0.77897 48.0031
0.70968 47.8492
0.700469 47.7464
0.611777 47.7008
0.552477 47.8171
0.604614 48.0215
0.605095 48.1788
0.62871 47.808
0.657509 48.0746
0.690894 47.9363
0.719333 48.216
0.632368 47.9893
0.636697 47.5896
0.559584 47.84
0.641662 48.01
0.626178 47.7054
0.642103 47.4001
0.750704 47.5105
0.738504 47.9272
0.805665 47.9386
0.727002 47.7418
0.618254 47.5127
0.696416 47.5308
0.74164 48.0446
0.743482 47.9065
0.713812 47.776
0.6671 48.04
0.689688 47.2077
0.641285 44.4682
0.656387 45.3576
0.698451 47.0455
0.717779 47.1943
0.742428 46.6897
0.677665 47.6122
0.678874 47.0234
