0.923093 37.1319
0.850569 39.1359
0.872808 39.7709
0.84122 38.1127
0.855037 39.9984
0.894359 40.0786
0.884066 40.4645
0.854005 40.6009
0.845304 40.3991
0.760485 39.8979
0.785709 39.8422
0.720265 40.1687
0.808049 40.2414
0.810904 40.4711
0.822035 40.4285
0.859062 40.3063
0.826959 40.5762
0.903874 40.5778
0.818269 40.2625
0.811986 40.5927
0.866212 40.6951
0.953582 40.7017
0.814502 40.6124
0.860335 40.2463
0.73231 40.4694
0.740374 39.7599
0.74609 40.458
0.752341 40.6108
0.706033 40.4645
0.75185 40.4924
0.68587 40.6719
0.701926 40.44
0.65532 40.2172
0.696312 40.2172
0.77134 40.6686
0.825489 40.6554
0.78236 40.7415
0.819602 40.6802
0.664093 40.7349
0.69606 40.6174
0.470733 40.3388
0.549296 40.4744
0.451929 40.2431
0.511612 40.4613
0.396851 40.3812
0.448739 39.9776
0.497682 40.093
0.606858 40.1994
0.685377 40.2885
0.729167 40.1332
0.736111 40.5071
0.753801 40.5712
0.730464 40.3145
0.650253 40.0673
0.565217 40.6851
0.463274 40.4711
0.445784 40.4547
0.384523 40.0144
0.431441 40.2317
0.473066 40.1719
0.451423 40.0834
0.492228 40.1978
0.5 40.1011
0.520305 40.0048
0.351406 39.8979
0.401722 40.0802
0.440152 40.1897
0.405556 40.3633
0.426724 40.3356
0.426777 40.422
0.611844 40.3405
0.598942 40.3193
0.621295 40.4744
0.610299 40.1461
0.680487 40.5762
0.637566 40.6421
0.643493 40.4367
0.653992 40.4449
0.706323 40.5301
0.794956 40.7017
0.735982 40.8513
0.836737 40.6587
0.804674 41.0004
0.792959 40.8163
0.860811 40.1703
0.774566 40.404
0.719703 40.6537
0.726178 40.6901
0.699752 40.7282
0.699752 40.7266
0.748732 40.6603
0.7608 40.8463
0.758698 40.8163
0.782533 40.7498
0.770414 40.5351
0.779544 40.2544
0.859259 40.4204
0.921895 40.4171
0.912442 40.3714
0.888148 40.2075
0.863983 40.2123
0.892048 40.1043
0.896478 40.2366
0.833839 39.8963
0.915882 40.1913
0.854249 39.8629
0.761335 39.9952
0.729307 39.8581
0.768943 39.3887
0.812613 39.2019
0.787395 39.2218
0.864464 39.3174
0.909709 39.9265
0.927606 39.4197
0.934446 39.9584
0.918414 39.5898
0.929071 39.3592
0.870562 39.7947
0.837336 39.8947
0.827728 40.0288
0.896897 39.7204
0.85434 39.6936
0.807323 39.557
0.748313 39.6055
0.712676 39.6244
0.828807 40.0208
0.787816 39.7156
0.805755 39.8963
0.773059 39.6888
0.865165 39.763
0.806807 39.8995
0.800801 40.0625
0.801951 40.0144
0.763962 40.0978
0.860687 40.0561
0.862847 40.2091
0.805243 40.0529
0.719869 40.1107
0.79559 39.7947
0.76669 40.1768
0.819334 40.0513
0.809765 40.1075
0.728254 40.2172
0.741422 39.7567
0.789474 39.7978
0.803322 39.7867
0.700706 40.1816
0.777952 40.4008
0.724409 39.8168
0.762992 40.2091
0.818269 40.1188
0.817488 40.5597
0.848611 40.2431
0.789745 40.295
0.804299 40.0737
0.738836 40.334
0.819542 40.0336
0.847034 40.0689
0.795132 40.0994
0.832138 40.4351
0.789096 40.1687
0.736614 40.4629
0.779338 40.3926
0.761861 40.3502
0.834848 40.5976
0.843204 40.1252
0.72806 40.2285
0.802248 40.6686
0.727561 40.0786
0.683455 40.4596
0.811995 40.4302
0.692378 40.5663
0.775385 40.4171
0.683878 39.801
0.713421 40.2236
0.745425 39.7962
0.776679 40.4645
0.770867 40.1962
0.74988 40.5039
0.773733 40.1881
0.78252 40.4285
0.855052 40.1059
0.789519 40.5564
0.713017 40.2658
0.72355 40.3633
0.761078 39.8819
0.734978 39.9058
0.77635 40.3112
0.801462 40.4187
0.681503 40.2188
0.673429 40.269
0.702006 40.4613
0.692556 40.5104
0.764568 40.1881
0.755387 40.1687
0.814838 39.8502
0.807888 40.1477
0.748245 39.7535
0.757206 39.8216
0.758199 39.6983
0.677049 39.9425
0.666517 39.7788
0.694822 40.201
0.704001 39.8311
0.704001 39.8406
0.726175 40.0064
0.678689 39.6416
0.703711 39.8438
0.720466 39.8089
0.765595 39.82
0.780169 39.7046
0.780169 39.7377
0.788308 39.7393
0.811814 39.763
0.672852 39.188
0.707356 39.6542
0.66223 39.6558
0.5779 39.2434
0.630713 39.2172
0.59698 39.4244
0.591051 38.9423
0.631726 39.1619
0.615535 38.8772
0.656571 38.8289
0.690907 38.9484
0.710532 38.5654
0.724754 38.8742
0.724754 38.956
0.625181 38.8093
0.656428 38.5416
0.642261 38.5164
0.601207 38.6324
0.655095 38.276
0.635984 38.6339
0.570442 38.3627
0.657078 38.3024
0.55649 38.4054
0.550042 36.9399
0.604538 37.7943
0.632937 37.8186
0.674731 37.9219
0.676243 37.9291
0.69973 38.1942
0.633081 37.8215
0.648097 38.0199
0.615596 37.2453
0.608915 36.5778
0.533953 36.8107
0.556646 36.9686
0.52603 37.4799
0.479955 37.7003
0.551863 37.201
0.52744 37.3706
0.573812 37.2176
0.627702 37.4574
0.623809 37.5869
0.650777 37.5404
0.633902 37.3804
0.650434 37.57
0.614195 37.9363
0.59117 37.9018
0.565391 37.8558
0.536457 38.0084
0.4713 37.8644
0.478475 37.5545
0.525354 37.5136
0.509139 37.5841
0.520145 37.4995
0.564872 37.7031
0.60232 38.0749
0.576354 38.1869
0.632728 38.2526
0.5735 38.2497
0.62909 37.9161
0.532868 38.4275
0.563145 38.5164
0.516366 38.3215
0.492728 38.1199
0.471465 38.5208
0.509275 38.3406
0.564701 38.4689
0.576568 38.4172
0.518337 38.5579
0.556913 38.5669
0.558587 38.6354
0.536707 38.7702
0.590411 38.8969
0.575205 38.7627
0.55105 38.5327
0.543391 38.6488
0.524747 39.0671
0.510984 38.85
0.548246 39.1435
0.592105 39.2881
0.527758 38.8666
0.542636 38.3642
0.512448 38.8184
0.474282 38.4749
0.524328 39.032
0.559994 39.1543
0.547071 38.8138
0.603175 38.7732
0.569749 38.8108
0.580499 38.7582
0.510381 39.0092
0.516942 39.228
0.54494 39.3283
0.554632 39.1144
0.502226 39.3825
0.465679 39.2758
0.499817 38.9423
0.546481 39.3422
0.529688 39.061
0.53414 39.2388
0.530612 38.6041
0.567673 39.3468
0.59113 39.5241
0.628739 39.3236
0.534942 39.4306
0.547288 39.6558
0.553285 39.7141
0.558385 39.6699
0.600979 39.6684
0.46471 39.4197
0.475958 39.3716
0.526396 39.2326
0.534044 39.2927
0.584226 39.2372
0.572364 39.4384
0.544392 39.5898
0.581747 39.5491
0.605205 39.6024
0.593786 39.3283
0.595822 39.4914
0.598463 39.6526
0.5473 39.4649
0.553426 39.4695
0.571422 39.3391
0.4924 39.5366
0.524999 39.2188
0.477707 39.0046
0.53451 39.1589
0.536537 39.1988
0.555686 39.1911
0.551378 39.1466
0.600312 39.2403
0.609224 39.2603
0.622807 38.9833
0.614583 39.0793
0.557789 39.1175
0.623825 39.2141
0.589286 39.268
0.612349 38.6937
0.518462 39.0823
0.561763 39.1727
0.521219 38.8772
0.532567 38.5149
0.554348 38.6952
0.558233 38.6892
0.545189 38.6757
0.60116 38.7627
0.613457 38.7462
0.613457 38.4645
0.601641 38.5832
0.585868 38.5609
0.599452 37.873
0.599452 38.3186
0.601641 38.2234
0.539921 38.1592
0.520592 38.2278
0.520985 38.1272
0.501119 38.0923
0.483821 38.2365
0.551078 38.101
0.614657 38.4601
0.610613 38.5951
0.640538 38.5446
0.638176 37.9752
0.630832 37.9276
0.617146 38.3347
0.590606 38.619
0.569943 38.4143
0.534886 38.3936
0.521715 38.3789
0.489425 38.4187
0.565385 38.6503
0.546404 38.4556
0.52099 38.3494
0.521435 38.4098
0.630335 38.3553
0.625233 38.2907
0.642273 38.2512
0.60364 38.4039
0.513956 38.4867
0.450719 38.3274
0.439948 38.4571
0.435623 38.2073
0.422862 38.0518
0.33846 38.165
0.49207 38.5475
0.514359 38.6488
0.417886 38.5698
0.451784 38.4719
0.44238 38.6458
0.46472 38.4084
0.460168 38.5966
0.468356 38.6578
0.456449 38.6503
0.459654 38.3774
0.41661 38.503
0.44376 38.3215
0.465515 38.5282
0.382831 38.6638
0.367656 38.4143
0.393739 38.0156
0.424783 38.1621
0.439856 38.1913
0.443771 38.555
0.412082 38.2351
0.434263 38.2497
0.460483 38.2175
0.487145 38.3936
0.486993 38.5564
0.502771 38.2468
0.462537 38.1883
0.450967 38.5193
0.429039 38.2438
0.410873 38.2614
0.42568 38.4852
0.432149 38.2848
0.442844 38.4926
0.3701 38.2585
0.577022 37.6889
0.595525 38.1898
0.635182 38.0546
0.562525 37.9348
0.546075 37.5601
0.506966 37.3888
0.560897 37.5559
0.303755 37.919
0.183584 37.6081
0 37.863
0.809131 44.3794
0.867812 44.6548
0.729918 44.8551
0.69043 45.498
0.640647 45.2325
0.664211 45.5042
0.644178 45.6246
0.656217 45.8295
0.639309 45.7813
0.708509 45.4607
0.753627 45.2325
0.701307 45.1345
0.635604 44.6887
0.686768 44.4267
0.656205 44.2831
0.686168 44.48
0.520182 44.8451
0.429523 44.6808
0.397556 44.5018
0.389342 44.1092
0.351769 44.0703
0.312857 43.4386
0.532472 43.4953
0.357255 42.9461
0.407011 42.9277
0.385356 42.7625
0.398713 42.7168
0.426549 42.8982
0.367748 41.4921
0.327707 43.0775
0.332816 43.5047
0.236059 43.4028
0.0943554 43.6624
0 43.5483
0.886473 40.8847
0.868183 40.7183
0.809196 40.5894
0.898121 40.9283
0.910667 41.3993
0.896244 41.4147
0.815205 41.4233
0.872546 41.4336
0.747921 40.945
0.391358 41.1913
0.583002 41.2831
0.810526 41.0273
0.74825 41.5334
0.693696 41.2865
0.62069 41.1015
0.625259 41.1201
0.620375 40.9668
0.64714 40.3665
0.692568 39.7283
0.768595 40.5071
0.703654 40.1477
0.685323 40.2868
0.71718 40.6058
0.664272 40.7947
0.695616 40.8097
0.728995 40.7199
0.749515 40.6984
0.748266 41.024
0.769085 41.1404
0.698244 41.1607
0.646657 41.1353
0.617204 40.7814
0.570543 39.8359
0.66121 38.5104
0.67543 40.4008
0.77037 40.5071
0.817136 40.9115
0.820756 41.2235
0.690979 41.4714
0.69835 41.4817
0.751215 41.4559
0.731109 41.1201
0.797758 41.4834
0.725513 41.5835
0.698715 41.4697
0.615616 41.8218
0.682819 41.927
0.70772 41.7693
0.754877 41.9762
0.7609 42.139
0.853125 42.0539
0.790017 41.9322
0.672961 41.9059
0.757778 42.1763
0.704651 42.1283
0.65019 41.6337
0.79586 42.2887
0.768799 42.1852
0.674693 42.2672
0.70972 42.3549
0.685618 42.4142
0.63168 42.6603
0.650616 42.6348
0.593438 42.7551
0.705369 42.8064
0.787804 42.6257
0.746889 42.7771
0.708763 42.673
0.730352 42.7077
0.69056 42.8578
0.702059 42.5098
0.670382 42.5206
0.721056 42.5459
0.75133 42.9535
0.790651 42.9793
0.696374 42.7277
0.727716 43.0015
0.648404 42.4899
0.665038 43.0293
0.675355 42.8706
0.804526 42.7497
0.727374 42.4106
0.5902 41.9252
0.579892 38.7447
0.719055 43.0571
0.675748 42.6858
0.691112 42.8156
0.814522 43.1723
0.805897 43.1239
0.737558 43.1779
0.67417 43.1165
0.650551 43.0626
0.621689 43.1481
0.59803 43.3727
0.618331 43.2115
0.671313 43.2246
0.587624 43.3013
0.71919 43.5996
0.803146 43.4292
0.631661 43.4707
0.692521 43.8808
0.771818 43.6681
0.668218 43.5521
0.719832 43.7637
0.701558 43.7982
0.673721 43.8847
0.692862 43.712
0.70394 43.5996
0.649285 43.6834
0.650165 43.7101
0.646979 43.416
0.748009 43.3614
0.707301 43.501
0.71332 42.9129
0.670693 43.0071
0.672521 43.3463
0.602716 43.4122
0.659389 43.1648
0.661911 43.0071
0.747928 42.8412
0.653859 42.7716
0.613435 42.7807
0.67309 42.2208
0.691828 42.5116
0.723033 42.015
0.698476 42.398
0.713654 42.3729
0.675916 42.4196
0.674905 42.6985
0.628227 42.3711
0.728191 42.4701
0.745622 42.407
0.784045 42.219
0.686414 42.4628
0.848543 42.2583
0.824061 42.2137
0.780595 41.927
0.692683 42.0168
0.711794 41.9041
0.718058 41.9992
0.711794 41.8323
0.649173 42.0893
0.708847 41.9305
0.673618 41.9516
0.683674 41.8305
0.548772 41.4955
0.649127 41.5818
0.722922 41.4267
0.70722 41.6563
0.69588 42.0345
0.711866 41.8813
0.669502 41.855
0.651591 41.862
0.631396 41.855
0.634384 42.1195
0.608244 41.862
0.575519 42.1638
0.591866 42.0575
0.585264 42.2976
0.584647 42.3657
0.67532 42.398
0.690084 42.6639
0.696081 42.0822
0.608286 42.3819
0.67245 42.4214
0.629898 42.389
0.7161 42.6931
0.647866 42.8725
0.665747 43.0256
0.6537 42.9627
0.717233 43.0979
0.655587 42.7442
0.604334 43.1406
0.709716 43.2208
0.746594 43.3369
0.631682 43.033
0.65101 43.2582
0.721547 42.9277
0.652951 42.6967
0.705789 42.9572
0.695663 43.2676
0.723661 43.5313
0.701684 43.1127
0.750955 43.4254
0.678137 43.4065
0.699638 43.0311
0.743548 43.4631
0.688103 43.5635
0.705169 43.7101
0.622129 43.2751
0.677212 43.3351
0.587308 43.5996
0.575485 43.7886
0.595021 43.1202
0.67389 43.5958
0.743215 43.3708
0.664234 43.0719
0.68325 43.5711
0.727659 43.5768
0.692899 43.5294
0.681249 43.1276
0.643621 43.4047
0.626103 43.5218
0.654108 43.5787
0.627884 43.0404
0.580089 43.63
0.577007 43.5635
0.534094 43.3426
0.658875 43.6738
0.658906 41.8288
0.666786 43.5825
0.683482 43.3971
0.69605 43.4556
0.825437 43.2133
0.639994 43.2171
0.687594 41.4525
0.630932 41.2609
0.684764 41.6146
0.646084 41.6233
0.740956 41.5351
0.576415 41.5231
0.633412 41.5076
0.537144 41.4628
0.600249 41.6684
0.675529 42.0822
0.585894 42.2922
0.646191 42.3245
0.641911 41.8235
0.762963 42.3747
0.754965 42.2012
0.651601 41.8813
0.742942 41.5231
0.627368 42.0221
0.624621 42.0964
0.540753 42.0115
0.559952 41.9992
0.655448 41.7101
0.572955 42.3944
0.638625 41.7763
0.633216 41.9463
0.74976 41.9094
0.632209 41.6441
0.624786 41.7449
0.743459 41.5576
0.682333 41.4903
0.648163 41.5559
0.603526 41.5041
0.662121 41.6927
0.654921 41.4353
0.654574 41.5265
0.596386 41.3753
0.607821 41.198
0.630113 41.1269
0.63268 41.5731
0.665564 41.1794
0.67317 41.3548
0.59764 41.3514
0.638141 41.1455
0.624365 40.7697
0.692865 40.8297
0.69451 42.2369
0.63371 41.9217
0.557457 42.0168
0.554267 42.1425
0.59535 42.5731
0.553507 42.1674
0.681892 42.1336
0.624283 41.9358
0.654806 42.0309
0.604739 42.4448
0.578168 42.4538
0.521775 42.3675
0.626759 42.4232
0.5936 41.9762
0.630454 41.5783
0.602917 41.6719
0.618694 41.7903
0.574613 42.1923
0.523871 41.8498
0.723983 42.1781
0.779465 42.4538
0.642506 41.6719
0.611484 42.0557
0.596474 42.5568
0.579149 42.346
0.837983 42.6476
0.5712 42.5586
0.627908 42.3621
0.676105 42.2815
0.587899 42.443
0.575502 41.7885
0.588945 42.2905
0.576536 42.4232
0.815236 42.2654
0.81066 42.1141
0.733518 42.1106
0.747582 42.0911
0.843165 41.6771
0.855928 42.3603
0.8309 42.2155
0.753824 42.0575
0.570901 42.2619
0.62994 42.3872
0.712272 42.1124
0.625379 42.4484
0.653337 41.4473
0.783642 42.2905
0.889242 41.9851
0.907042 42.2922
0.884628 41.9956
0.835218 42.2619
0.771171 41.4388
0.786009 42.0557
0.784635 42.1053
0.824225 42.3729
0.841787 42.1781
0.744036 42.3119
0.798142 42.6221
0.775631 42.7698
0.860785 42.5333
0.71261 42.5804
0.750653 42.3998
0.805207 42.6021
0.767945 42.2797
0.71508 42.8064
0.686309 42.8119
0.629725 42.3388
0.633367 42.3513
0.693995 42.5007
0.662529 42.6749
0.70708 42.7533
0.652733 42.6858
0.674863 42.508
0.637566 42.2779
0.63089 42.6676
0.614292 42.6294
0.626897 42.2619
0.630231 42.0911
0.654696 42.6094
0.65442 42.5822
0.628752 42.7497
0.615113 42.7022
0.643725 42.6931
0.669193 42.7077
0.715735 42.7113
0.641667 42.8302
0.656663 42.584
0.590145 42.7223
0.592771 42.7862
0.613868 42.7277
0.590651 42.2279
0.617898 42.7862
0.643832 42.7679
0.638122 42.6457
0.589663 42.7698
0.5707 42.7954
0.588003 42.8357
0.596272 42.7533
0.662344 42.7204
0.606057 42.7606
0.627628 42.7387
0.598195 42.5007
0.596664 42.8412
0.611581 42.9609
0.603608 43.0348
0.624587 43.07
0.660929 43.109
0.686392 42.8559
0.627834 42.8669
0.629144 42.8743
0.619839 42.9185
0.602241 43.0737
0.634234 43.0126
0.61726 42.7991
0.709222 43.0571
0.675445 43.1947
0.630573 43.0422
0.626679 43.1406
0.631813 42.8467
0.615538 43.0459
0.662007 43.1276
0.673989 43.0589
0.719735 43.0979
0.72484 42.983
0.620963 43.0997
0.670289 42.8339
0.582127 42.8211
0.595418 43.2133
0.602181 43.0089
0.692425 42.6785
0.35036 43.0663
0.279424 41.876
0.271984 42.0999
0.410409 42.8761
0.368499 43.0385
0.390081 43.0552
0.411401 42.9166
0.428 42.9867
0.394167 43.0478
0.430675 43.1947
0.440774 43.0867
0.349078 42.1195
0.295628 43.0737
0.28377 42.8357
0.281006 43.0348
0.578429 42.9314
0.421347 43.0126
0.348499 42.7917
0.273985 43.1369
0.230212 40.9149
0.471223 42.6385
0.381951 42.9609
0.420237 42.9443
0.516777 42.8596
0.49116 42.7515
0.554141 42.8504
0.591442 42.9535
0.637883 42.4628
0.583129 42.9812
0.609781 42.9129
0.622947 42.633
0.700293 43.2545
0.566532 43.3144
0.579317 42.6876
0.621198 43.2003
0.584489 42.889
0.665005 42.7204
0.672696 42.8504
0.668598 43.0311
0.696412 43.1332
0.660465 43.1462
0.570061 43.1425
0.523503 42.9092
0.380644 42.8743
0.258609 43.0496
0.232757 43.2545
0.149084 42.9387
0.127382 43.109
0.104605 42.7606
0.0700967 42.5713
0.0330052 42.6712
0.018541 42.9479
0 42.9203
0.836576 50.4083
0.617409 50.5076
0.526551 50.6842
0.368571 50.6355
0.301837 50.4414
0.244043 50.3119
0.158386 50.1203
0.139375 49.7463
0.0782858 49.4609
0.0379597 49.4047
0 48.1232
0.905933 44.482
0.881397 44.843
0.949315 45.9179
0.871437 45.583
0.879401 45.6433
0.875 45.5249
0.761863 45.0207
0.81159 45.2284
0.804511 45.6621
0.788797 45.5664
0.85747 45.0938
0.738265 45.0369
0.815922 45.0816
0.93032 45.1569
0.867916 45.0999
0.839235 45.2223
0.736397 45.0146
0.781633 45.0308
0.869919 45.0167
0.845674 45.0552
0.88788 45.2694
0.828785 45.1508
0.912592 45.1794
0.826341 44.8511
0.908434 44.9438
0.777333 44.7427
0.881842 45.0288
0.869255 45.1447
0.720694 45.3309
0.91511 44.9055
0.799607 45.0471
0.766209 44.8069
0.804065 45.21
0.764578 45.0653
0.795455 45.0674
0.88389 45.0633
0.844727 45.2612
0.820185 45.1406
0.873354 45.0025
0.878438 45.0938
0.79662 45.1284
0.70457 45.3083
0.660873 45.0613
0.630367 44.7628
0.737615 45.2223
0.679155 44.9843
0.645423 45.0086
0.676715 45.0126
0.821068 45.0126
0.913828 45.2755
0.874591 44.9802
0.778571 44.9035
0.735318 45.3474
0.724402 44.7507
0.855412 44.9944
0.619958 45.3248
0.641749 45.161
0.69418 45.3083
0.544929 44.9903
0.547165 45.0552
0.586969 44.9984
0.573844 45.1488
0.602588 45.2509
0.659272 45.0207
