0.869031 44.1112
0.824561 37.1195
0.889535 37.9104
0.867816 43.5199
0.867816 45.583
0.856299 45.4318
0.866172 45.7729
0.890438 46.066
0.856008 45.8022
0.790777 45.0329
0.84532 45.5872
0.856008 45.9686
0.856354 45.9411
0.878453 45.7436
0.848649 45.8022
0.825299 45.5498
0.857924 45.8064
0.867403 45.5664
0.867403 46.0702
0.834257 45.8695
0.867403 45.3659
0.806507 45.8148
0.785488 45.3968
0.785488 45.2284
0.815835 45.3371
0.846995 45.6642
0.763397 45.2837
0.845503 45.5809
0.867403 45.1692
0.877778 45.3926
0.877778 45.3453
0.867403 45.2591
0.834257 45.3906
0.867403 45.0005
0.867403 45.2817
0.834257 45.5892
0.867403 45.1427
0.87931 45.6017
0.901163 45.7813
0.845503 45.3391
0.87931 45.556
0.857955 45.4587
0.866128 45.2304
0.78141 45.5083
0.857955 44.9741
0.857955 45.6163
0.857955 45.4422
0.763397 45.3515
0.825329 45.3474
0.87931 45.3124
0.834257 44.9135
0.877778 45.3248
0.877778 45.438
0.844055 44.9782
0.867403 45.438
0.867403 45.0633
0.814968 45.556
0.815835 45.0836
0.815835 45.469
0.815835 44.9378
0.827027 45.469
0.705531 45.37
0.857955 45.498
0.867403 45.5519
0.867403 45.4566
0.834257 45.6934
0.834257 45.1141
0.867403 45.2018
0.867403 45.1406
0.867403 45.0593
0.867403 45.3576
0.867403 45.3474
0.844055 45.4794
0.877778 43.8982
0.845503 45.4091
0.78141 43.9599
0.86811 45.5726
0.86811 45.4876
0.84532 45.0877
0.824561 45.5104
0.824561 45.2407
0.913828 44.2948
0.890805 45.5
0.836066 45.3186
0.890805 45.6142
0.856354 45.4525
0.738441 45.4071
0.866667 45.1855
0.866667 45.0613
0.800274 45.4752
0.738441 45.4897
0.825299 45.2878
0.780687 45.3165
0.720974 45.1406
0.878453 45.556
0.825299 45.4091
0.857924 45.3535
0.806309 45.4401
0.837838 45.4938
0.846995 45.3782
0.866667 45.5415
0.761371 45.3988
0.855556 45.3968
0.823061 45.4938
0.855556 45.1243
0.856354 45.3515
0.814968 45.0572
0.816216 45.0694
0.816216 45.3721
0.878453 45.5602
0.825299 45.2755
0.857924 45.296
0.868852 45.4897
0.868852 44.6329
0.868852 45.0227
0.868852 45.0796
0.835626 45.2345
0.844693 45.3248
0.780119 45.2919
0.833561 45.3576
0.761371 45.6267
0.855556 45.3001
0.812557 45.4856
0.751979 45.5477
0.844444 45.3515
0.788924 45.335
0.864472 45.5851
0.7367 45.3618
0.783947 45.6517
0.6353 45.5187
0.751979 45.0126
0.812557 45.2899
0.751979 45.4153
0.743354 45.5208
0.834254 45.4091
0.802919 45.7708
0.695319 45.4463
0.812557 43.9831
0.761371 45.3494
0.823061 44.8612
0.770751 45.0369
0.855155 45.208
0.762712 45.2509
0.890909 45.2161
0.771133 45.3042
0.833988 44.9479
0.844442 44.9337
0.902778 45.0918
0.805007 44.8149
0.869031 45.2448
0.902778 45.2776
0.869031 45.3227
0.902778 44.9035
0.805007 45.2018
0.902778 45.0552
0.805007 45.2591
0.805007 45.255
0.736926 45.4091
0.79939 45.4711
0.750922 45.0958
0.808718 45.1855
0.750922 44.825
0.808718 45.2653
0.858677 45.1345
0.869031 45.1712
0.902778 45.4566
0.869031 45.3165
0.829232 45.0653
0.808718 44.6289
0.839071 45.1304
0.839071 45.255
0.839071 45.3885
0.839071 44.96
0.839071 45.0816
0.839071 45.255
0.808718 44.9944
0.736926 45.3227
0.89183 45.1712
0.89183 45.2386
0.870307 45.3659
0.838309 45.1365
0.79574 45.5394
0.89183 45.5705
0.902894 45.1243
0.858677 45.0552
0.839071 45.3865
0.839071 45.1488
0.839071 44.7027
0.750922 45.1937
0.750922 44.2087
0.808718 45.3001
0.808718 45.0369
0.808718 44.8934
0.839071 44.8914
0.809867 45.0349
0.809867 45.4091
0.829232 45.1345
0.829232 45.2714
0.829232 45.3165
0.808718 45.3597
0.808718 45.1508
0.750922 43.7982
0.750922 45.3165
0.696705 44.615
0.839071 44.2537
0.839071 45.3762
0.839071 45.1019
0.839071 45.1998
0.858677 45.3165
0.869031 45.1467
0.86956 45.1569
0.86956 45.3227
0.859841 45.3926
0.914845 45.3124
0.914845 45.5332
0.880438 45.0877
0.880438 45.2386
0.880438 45.6329
0.880438 45.2981
0.914845 44.9297
0.914845 44.9236
0.880438 45.1977
0.880438 45.3679
0.83104 45.0207
0.800802 45.3926
0.752 45.1447
0.840336 45.1304
0.840336 45.0329
0.829103 45.3947
0.713154 45.2386
0.829103 45.163
0.769231 45.3206
0.713154 45.2366
0.829103 44.7347
0.769231 45.3104
0.819674 45.6329
0.760766 45.1794
0.760766 44.6508
0.860585 45.3104
0.860585 45.1937
0.860585 45.3659
0.796782 45.3844
0.801104 44.9337
0.840336 45.3803
0.829103 45.1264
0.860585 45.1019
0.860585 45.4422
0.778728 45.3762
0.89306 45.3865
0.859841 45.3124
0.89306 45.4194
0.89306 45.108
0.859841 45.4091
0.796782 45.5685
0.89306 45.6371
0.859841 45.5415
0.859841 44.9762
0.796782 45.3679
0.819674 44.9924
0.829103 45.438
0.829103 45.1692
0.800802 45.1712
0.752 45.1365
0.752 45.1141
0.769231 45.333
0.829103 43.4537
0.829103 45.0045
0.860585 45.2612
0.860585 45.2612
0.860585 44.9822
0.860585 45.3453
0.860585 45.2981
0.860585 45.583
0.829103 45.2673
0.860585 45.5208
0.860585 45.3474
0.860585 45.5353
0.89306 45.3679
0.796782 45.37
0.830721 44.7047
0.809917 45.3659
0.840336 45.3145
0.840336 45.3268
0.860585 45.4483
0.860585 45.1692
0.840336 45.2858
0.840336 45.5809
0.840336 45.4607
0.840336 45.2223
0.806723 45.3988
0.72 44.4662
0.77686 45.253
0.77686 45.5643
0.826162 45.4174
0.826162 45.5789
0.826162 45.4525
0.779801 45.3289
0.797659 45.0674
0.797659 45.1141
0.797659 45.2653
0.797659 45.4669
0.797659 45.2858
0.797659 44.8893
0.797659 45.403
0.797659 45.0897
0.797659 44.8793
0.806723 45.0938
0.806723 45.1427
0.806723 45.3412
0.826162 45.6329
0.826162 45.3165
0.826162 45.335
0.837838 45.0836
0.826162 45.3803
0.816781 45.5664
0.816781 45.3659
0.826162 45.1325
0.806309 45.4938
0.878453 45.5415
0.878453 45.5373
0.844693 45.5581
0.878453 45.2325
0.878453 45.4649
0.780687 45.4876
0.780687 45.6371
0.844693 45.4545
0.825299 45.1386
0.878453 45.1937
0.720974 45.5373
0.768886 45.4112
0.816781 44.9115
0.826162 45.4277
0.826162 45.5477
0.779801 45.2345
0.768274 45.1141
0.77686 44.9277
0.77686 45.2591
0.806723 45.3227
0.806723 45.2776
0.806723 45.0816
0.806723 45.5705
0.806723 45.3474
0.806723 45.3412
0.826162 45.5373
0.826162 45.333
0.861331 45.163
0.895563 45.3782
0.875618 45.4669
0.817169 45.1182
0.922222 45.6892
0.833272 45.0572
0.806393 45.0653
0.852447 44.96
0.852447 45.2325
0.852447 45.438
0.872027 45.0999
0.843323 45.7122
0.872027 45.1794
0.872027 45.4669
0.788477 45.6746
0.829146 45.6204
0.767592 45.1773
0.806719 45.212
0.806719 45.3289
0.721427 45.4153
0.844598 45.2981
0.806719 45.1549
0.873366 45.4256
0.806393 45.0918
0.771546 45.1957
0.852447 45.4298
0.852447 45.2202
0.873366 45.2304
0.893167 45.5373
0.893167 45.3865
0.883598 45.3762
0.883598 45.3391
0.852819 45.6017
0.843924 45.4071
0.872658 45.6579
0.872658 45.3474
0.797392 44.3498
0.799661 45.4794
0.798724 45.8148
0.742153 45.9158
0.758997 45.405
0.758997 45.4112
0.758997 45.3227
0.844477 45.469
0.855387 45.3494
0.835076 45.0796
0.775754 45.3391
0.746011 45.4194
0.839635 43.3539
0.809214 45.3679
0.753567 45.5373
0.859237 45.0552
0.769728 45.3638
0.878568 44.8652
0.745642 45.2284
0.858784 45.6579
0.746011 45.3762
0.827132 45.159
0.769728 45.1834
0.818285 45.2714
0.942985 45.3803
0.878568 45.21
0.921039 45.0694
0.868509 45.2182
0.868509 45.583
0.868509 45.2141
0.800438 45.3782
0.858784 45.0288
0.783137 45.2694
0.953887 45.3515
0.859237 45.1651
0.900566 45.212
0.879083 45.2059
0.783137 45.3453
0.839635 45.0694
0.879083 45.4194
0.879083 45.3721
0.858784 45.2448
0.766166 45.438
0.820875 45.3289
0.839635 45.1427
0.91006 45.3741
0.800019 45.5436
0.700851 45.3803
0.700851 45.2653
0.791488 45.2919
0.809057 45.2653
0.753425 45.2366
0.761468 45.2386
0.888088 45.2653
0.888088 45.5996
0.826864 44.8873
0.808736 44.4761
0.931235 45.3556
0.888088 45.2981
0.826864 45.3638
0.953557 45.5809
0.888088 45.1773
0.826864 45.1121
0.826864 45.4773
0.888088 45.2612
0.888088 45.1264
0.888088 45.1162
0.953557 45.6288
0.953557 45.3556
0.953557 45.5104
0.931235 45.5332
0.86798 45.5187
0.931235 45.4938
0.931235 45.2161
0.86798 45.3494
0.931235 45.2776
0.808736 44.9337
0.942598 45.3659
0.878219 44.8451
0.878219 45.1957
0.931629 45.4649
0.848295 45.1896
0.931235 45.0796
0.86798 45.5498
0.931235 45.3022
0.86798 45.3412
0.808736 45.5042
0.806426 45.3515
0.848875 45.1447
0.878219 44.8712
0.817971 44.9741
0.942598 45.1121
0.817971 45.5996
0.898305 45.2755
0.94206 45.4112
0.86743 45.212
0.930626 45.2714
0.930626 45.3268
0.799152 45.3659
0.930831 45.3865
0.942197 45.3309
0.888088 45.2366
0.888088 45.1794
0.953557 45.2694
0.953557 45.527
0.931235 45.2182
0.920526 45.2223
0.899076 45.5996
0.899076 44.5395
0.920526 45.2714
0.920526 45.3083
0.942728 45.438
0.800438 45.61
0.732012 45.5373
0.909418 45.7477
0.808736 45.6725
0.877858 45.5
0.800019 45.2755
0.808897 45.6246
0.753281 45.6454
0.868158 45.92
0.868158 45.7561
0.808897 45.6871
0.942197 45.6225
0.921537 45.7687
0.954281 45.5311
0.859233 45.6997
0.954281 45.731
0.859233 45.8295
0.909418 45.4731
0.896218 45.8211
0.7567 45.9686
0.872633 45.7938
0.792426 45.3762
0.883821 45.6558
0.862944 45.5685
0.895009 45.9306
0.906196 45.7875
0.873546 46.0532
0.863086 45.7206
0.884068 45.1202
0.917303 45.583
0.863086 45.6017
0.863086 45.5187
0.884068 45.8274
0.820937 46.1681
0.779168 45.9306
0.753414 45.901
0.753414 45.7498
0.81149 45.6371
0.81149 45.6892
0.753414 45.7018
0.753414 45.5622
0.698945 45.88
0.698945 45.731
0.615558 45.5083
0.628164 45.708
0.68425 45.6184
0.873546 45.61
0.863498 45.7373
0.81149 45.7247
0.81149 45.8316
0.753414 45.6225
0.863498 45.9053
0.802462 45.7582
0.802462 45.88
0.81149 45.66
0.81149 45.6934
0.81149 45.6308
0.906196 46.0193
0.874634 45.6142
0.884874 45.5622
0.897563 45.3186
0.887098 45.7226
0.906921 45.5976
0.887098 45.9495
0.908126 45.6809
0.918816 45.5519
0.918816 45.4773
0.844903 45.4525
0.785735 45.3556
0.908126 45.4256
0.78476 45.6413
0.651151 45.9095
0.523375 45.9242
0.357764 45.7519
0.343417 45.9179
0.357764 45.6392
0.277676 45.5726
0 45.6059
0.675565 43.1854
0.434889 43.1444
0.243543 42.704
0.128922 43.2545
0.0544135 43.6586
0.0349228 43.5199
0 43.8481
0.595964 42.9886
0.351324 43.305
0.212421 43.29
0.117719 43.4367
0.0169237 43.4783
0 44.5951
0.584466 43.4179
0.356441 42.3711
0.158035 41.4817
0 43.4934
0.584466 43.6129
0.356441 42.9664
0.158035 43.2358
0.099634 43.3294
0.0620565 43.0219
0.0569973 42.9019
0.0148662 43.2582
0 42.8982
0.584466 43.1351
0 43.367
0.907345 48.0931
0.854917 48.2859
0.851257 48.2835
0.792781 48.0169
0.826455 47.9916
0.717172 48.0584
0.610234 48.1951
0.523742 48.2905
0.485325 48.0077
0.485697 47.9157
0.41915 48.1742
0.41915 48.2882
0.41915 48.0769
0.41915 47.9639
0.407418 48.3068
0.432747 48.0723
0.387109 47.8973
0.405405 47.7532
0.401356 47.9294
0.401839 48.0931
0.379663 47.8721
0.373504 47.9272
0.332519 48.2695
0.349122 47.7623
0.359671 47.6622
0.355285 48.0584
0.355285 47.8538
0.348978 47.6622
0.301789 47.918
0.313277 47.4834
0.313277 47.934
0.348978 48.2253
0.348978 47.8629
0.313277 48.4262
0.364634 48.1278
0.346779 48.0931
0.346779 47.9754
0.327262 48.0815
0.341844 48.0769
0.341844 48.107
0.341844 47.9985
0.341844 48.23
0.341844 48.0931
0.341844 48.0631
0.341844 48.0377
0.335989 47.6236
0.335989 47.7669
0.331959 48.0284
0.328024 47.7099
0.324181 47.8858
0.324181 48.2928
0.304774 47.0057
0.329779 47.061
0.324181 47.9547
0.324181 47.856
0.315761 47.8011
0.321324 47.856
0.321324 48.0261
0.329779 48.0377
0.353988 47.8011
0.37058 47.6372
0.393028 47.4338
0.393028 47.9593
0.393028 47.9708
0.381227 48.0008
0.388251 47.8309
0.379038 47.8927
0.36349 47.7327
0.36349 47.8103
0.374593 48.2556
0.36349 47.9593
0.341812 47.8423
0.353873 47.6032
0.345178 48.0377
0.378372 47.9432
0.378372 47.8835
0.378372 47.7989
0.383607 48.0631
0.388462 48.0054
0.383607 47.824
0.386598 47.5986
0.401042 46.4965
0.401042 47.7213
0.375519 47.7236
0.353885 46.9329
0.361882 47.6826
0.331843 47.7168
0.326963 47.6985
0.31253 47.7008
0.31253 47.98
0.31253 48.0423
0.31253 47.8263
0.327412 47.879
0.357032 48.01
0.393289 47.344
0.344564 47.1498
0.357032 47.7327
0.369735 47.7145
0.369735 47.5941
0.369735 47.98
0.369735 48.0192
0.369735 47.7943
0.357032 47.7509
0.357032 47.9777
0.357032 47.8652
0.333462 47.4766
0.335398 48.0123
0.351489 47.9731
0.321203 47.6213
0.32675 47.6622
0.332555 47.5489
0.294295 47.9409
0.321203 47.6032
0.341241 47.8057
0.365474 47.8492
0.365474 47.4406
0.359265 47.1809
0.359265 47.4383
0.347013 47.8538
0.357032 48.0307
0.357032 47.6985
0.347013 47.644
0.327412 47.824
0.327412 47.4631
0.347013 47.2813
0.31253 47.7806
0.324284 47.8057
0.344564 47.7259
0.376176 47.6985
0.365474 47.6963
0.376176 47.8103
0.333462 47.1076
0.376176 47.9432
0.333462 47.7145
0.32457 47.1365
0.336454 47.8629
0.313305 48.0192
0.351489 47.9226
0.341241 47.1009
0.351489 48.1603
0.351489 47.792
0.351489 46.9439
0.32457 47.3754
0.332555 47.8652
0.342476 47.3238
0.341241 47.8149
0.351489 47.8927
0.351489 47.6622
0.351489 47.8103
0.351489 48.0123
0.351489 48.0492
0.341241 47.8217
0.351489 47.3597
0.351489 47.9203
0.345426 47.7852
0.345426 47.6009
0.323865 47.9249
0.323865 48.0746
0.335398 47.4091
0.31253 47.9478
0.333462 48.0561
0.345426 47.4203
0.351489 47.8286
0.336454 47.6826
0.342476 48.0031
0.342476 47.1587
0.342476 47.8583
0.342476 48.07
0.342476 47.8492
0.342476 47.7623
0.342476 48.0607
0.342476 47.9478
0.342476 47.5556
0.342476 47.3597
0.332555 47.9547
0.332555 48.1417
0.342476 47.8309
0.336454 47.9226
0.32675 48.0584
0.351489 47.61
0.32457 47.9157
0.342476 46.9439
0.342476 47.9157
0.351489 47.8171
0.341241 46.8955
0.351489 47.7601
0.351489 47.4586
0.323865 47.3844
0.333462 47.8263
0.345426 47.7395
0.345426 47.6281
0.315784 47.808
0.341241 47.9708
0.297113 47.4744
0.301755 47.8057
0.269712 47.8629
0.307758 47.1587
0.313147 47.6122
0.315289 47.2032
0.336454 48.0446
0.345426 47.7852
0.351489 47.7989
0.333462 47.7601
0.351489 48.1116
0.32457 47.7509
0.32675 47.5037
0.313305 47.5964
0.332555 47.8423
0.345426 47.8973
0.315289 47.792
0.294295 47.9685
0.289303 47.9754
0.313147 46.977
0.313147 47.9111
0.341241 47.9478
0.332555 47.5059
0.332555 47.6327
0.341241 47.9134
0.341241 48.0769
0.341241 47.7829
0.32675 47.7532
0.332555 45.6329
0.342476 45.685
0.342476 47.2791
0.342476 47.8469
0.332555 48.0677
0.297113 47.9386
0.32457 47.5308
0.345426 47.5579
0.312895 47.7943
0.336454 47.3194
0.336454 47.918
0.32457 47.7966
0.33981 47.3216
0.369616 47.5624
0.388251 47.9939
0.376632 47.9409
0.353968 47.957
0.332038 47.4608
0.322456 48.0631
0.344692 47.9478
0.335013 47.8606
0.335013 47.8309
0.35835 47.7897
0.343396 47.7099
0.326753 47.5376
0.342546 47.4563
0.361369 48.1139
0.357373 47.8652
0.357373 48.1371
0.381456 47.9111
0.406308 47.8927
0.322014 48.1325
0.346441 47.3418
0.346441 47.1832
0.346441 47.7555
0.346441 47.4744
0.346441 47.8583
0.370795 47.8171
0.346441 47.9134
0.357373 47.9111
0.346441 47.2836
0.387073 47.6826
0.334116 47.9272
0.377605 47.8423
0.334116 47.9065
0.357373 48.0423
0.406409 47.9111
0.406409 47.8377
0.381456 47.4721
0.381456 47.8927
0.357373 47.9042
0.357373 47.9593
0.346441 47.9639
0.322937 48.0908
0.30024 47.8057
0.300538 47.8835
0.279748 47.9019
0.289913 48.0031
0.311642 47.8744
0.268892 47.7122
0.30024 47.7487
0.300538 47.7737
0.334116 47.0102
0.311642 47.879
0.319516 47.8996
0.319516 47.8149
0.29888 47.4541
0.330547 47.7464
0.319516 47.934
0.28962 47.8492
0.33126 47.9455
0.289913 47.9616
0.311642 47.8606
0.297726 46.7333
0.297726 48.033
0.289913 47.9685
0.334116 48.0815
0.340884 47.7874
0.370795 47.4879
0.322014 47.619
0.344212 47.7555
0.322014 47.8126
0.354266 47.9662
0.328658 47.9547
0.33126 47.4654
0.352689 47.8813
0.350688 47.2054
0.350158 48.0192
0.350158 46.7246
0.352689 47.98
0.370795 48.0354
0.352689 47.4091
0.343799 47.5851
0.367916 47.7464
0.370795 48.0031
0.370795 47.7852
0.346441 47.879
0.403457 47.7692
0.377605 47.8492
0.352689 47.8881
0.352689 47.6372
0.328658 48.0561
0.352689 47.3844
0.346441 47.7669
0.346441 47.9593
0.392915 47.9294
0.367916 47.5059
0.367916 48.0284
0.370795 47.9869
0.396046 47.8813
0.367168 47.7145
0.367168 48.0815
0.367168 47.7669
0.367168 46.5701
0.367168 47.8469
0.396046 47.8515
0.396046 47.895
0.381456 48.1
0.357373 48.0192
0.344212 47.694
0.357373 48.1116
0.370795 47.8744
0.35509 47.2389
0.370795 48.1835
0.370795 48.2695
0.396046 47.98
0.380224 47.9478
0.322014 48.0792
0.357373 48.0146
0.357373 46.7946
0.37808 48.0538
0.403457 47.9042
0.406308 47.297
0.342707 47.8354
0.357373 47.8606
0.35509 47.61
0.357373 47.4654
0.334116 48.0284
0.357373 47.7327
0.370795 47.1365
0.322014 47.4924
0.380224 47.619
0.356969 47.4541
0.35349 47.9019
0.366726 47.9386
0.381456 47.5511
0.406409 48.0654
0.381456 47.8011
0.381456 47.7715
0.406409 46.9087
0.413768 46.6984
0.422244 48.1209
0.403457 47.8996
0.377605 47.7646
0.377605 48.0561
0.400453 48.2346
0.377605 47.9985
0.387073 47.5715
0.357373 48.2346
0.396046 47.4676
0.370795 47.5941
0.422244 48.1301
0.406308 48.0538
0.366726 46.594
0.381456 47.7464
0.396046 48.1742
0.370795 47.856
0.370795 47.5059
0.346441 47.6054
0.380224 47.6963
0.35509 47.8057
0.406308 48.1835
0.380224 47.824
