0.965809 22.6413
0.934907 23.271
0.800895 23.9418
0.803365 24.8769
0.78663 25.1395
0.768087 25.3338
0.796295 24.2813
0.834581 23.53
0.861092 22.95
0.829968 23.1771
0.817994 23.2229
0.77883 23.4044
0.755419 23.3842
0.810205 23.3236
0.756492 23.2477
0.748193 23.3743
0.758245 23.556
0.724962 23.571
0.706601 24.0587
0.63502 24.2272
0.621064 24.4948
0.633133 24.3879
0.644841 23.9693
0.641832 23.7761
0.61725 23.6083
0.631638 23.6698
0.57105 23.9578
0.642178 23.5738
0.57096 23.8966
0.603968 23.8061
0.615437 23.9234
0.586451 23.7383
0.597677 23.7338
0.539392 23.801
0.565755 24.1949
0.578878 23.8777
0.579312 24.2607
0.578251 24.1418
0.574177 24.1546
0.53091 24.2436
0.527558 24.1249
0.528879 24.4314
0.522351 24.5495
0.517606 24.7188
0.521415 24.6597
0.516329 25.1048
0.5107 25.0784
0.504407 24.9345
0.500576 24.8694
0.548109 24.8201
0.539328 24.8268
0.526989 24.7893
0.555481 24.6378
0.542852 24.3404
0.528684 24.888
0.513182 24.7347
0.505382 24.6688
0.516529 24.079
0.494857 24.1348
0.47489 24.1704
0.462717 24.2154
0.450412 24.478
0.475389 24.3398
0.469757 24.3992
0.465596 24.596
0.45992 24.4248
0.461941 24.5906
0.428207 24.309
0.43006 24.3273
0.436853 24.3605
0.445637 24.1902
0.410235 24.5375
0.441516 25.0269
0.421696 24.8874
0.39595 25.2908
0.417842 25.5004
0.425828 25.5135
0.40663 25.6331
0.416681 25.4764
0.39463 25.5774
0.404455 25.7175
0.418824 25.74
0.40562 25.6588
0.406632 25.2061
0.382504 25.6082
0.395268 25.3421
0.400376 25.4699
0.398899 26.3915
0.417626 26.7144
0.39846 26.7508
0.401156 26.6596
0.404316 26.5414
0.370377 26.9549
0.378436 26.9005
0.356598 26.8781
0.351177 26.3755
0.352327 26.4382
0.356821 26.4943
0.357773 26.441
0.329535 26.5647
0.335919 26.4243
0.342277 26.6973
0.347375 26.6297
0.352834 26.6852
0.445191 26.1008
0.444261 26.2771
0.444904 26.2137
0.40427 26.5308
0.410856 26.2034
0.396673 25.9828
0.389461 25.9101
0.403215 26.111
0.394311 26.2543
0.385407 26.1008
0.3727 26.4571
0.36203 26.5161
0.349638 26.4711
0.336198 26.5597
0.322965 26.4725
0.309937 26.4627
0.302305 26.6333
0.294737 26.5055
0.287234 26.3901
0.279795 26.4774
0.27242 26.2254
0.265109 26.5372
0.25555 26.3151
0.244707 26.4585
0.235372 26.4894
0.22855 26.528
0.220591 26.3269
0.213768 26.4473
0.202359 26.5477
0.188945 26.6234
0.178012 26.3248
0.173707 26.5132
0.169365 26.3366
0.165125 26.5034
0.165125 26.5097
0.165125 26.4487
0.165125 26.5767
0.165356 26.6248
0.16754 26.5696
0.16754 26.6404
0.168491 26.5456
0.168811 26.4627
0.169628 26.5407
0.170032 26.4599
0.171419 26.6731
0.171479 26.4313
0.171223 26.5562
0.168654 26.5795
0.168372 26.5625
0.171113 26.576
0.173027 26.5231
0.175446 26.5358
0.174319 26.5477
0.165952 26.3574
0.170711 25.9639
0.170564 26.1008
0.171875 25.5297
0.171604 26.0722
0.170263 25.9605
0.168122 25.7261
0.166699 25.8431
0.168915 25.9518
0.167401 25.6977
0.169574 25.8385
0.168179 25.5859
0.163763 25.7998
0.162369 25.8705
0.162369 25.7453
0.15936 25.6937
0.15936 25.8204
0.158641 25.5591
0.158641 25.8311
0.15791 25.8198
0.150907 25.8238
0.142698 25.896
0.135065 25.8953
0.131512 25.7818
0.128705 25.8124
0.125258 25.6898
0.120682 25.9255
0.112665 26.152
0.108784 26.4697
0.104218 26.4292
0.0997602 26.4187
0.0954099 26.5006
0.0933368 26.2874
0.0895586 26.4522
0.087404 26.4368
0.0798569 26.1773
0.0727791 26.5294
0.0659488 26.3033
0.0638988 26.395
0.0612526 26.3359
0.0591978 26.4831
0.0557694 26.5386
0.0470477 26.786
0.0458267 27.0329
0.0314107 27.2227
0.028541 26.9869
0.025283 26.9063
0.0217981 27.0102
0.0194204 27.0307
0.0161632 26.9266
0.0123392 26.9193
0.0080793 26.8788
0.00451736 26.9818
0.00282713 27.1717
0.00149931 27.0805
0 27.0929
0.958479 37.6818
0.967311 37.5559
0.961523 37.7758
0.939178 37.7216
0.915892 37.7031
0.907226 37.79
0.887398 37.78
0.841306 37.6322
0.9061 37.8072
0.877367 37.9334
0.86588 38.3627
0.892742 38.2848
0.839822 38.2951
0.896993 38.2321
0.865232 38.2117
0.82777 38.2351
0.841031 38.1898
0.776881 38.3907
0.827779 38.7192
0.729388 38.5743
0.781182 38.4823
0.815799 38.5609
0.837975 38.6922
0.79848 38.5015
0.838256 38.072
0.824436 38.4808
0.809711 38.1286
0.777532 38.3142
0.785142 38.2482
0.672435 38.2834
0.628083 37.9752
0.646463 38.0156
0.644225 38.0648
0.665237 37.8515
0.666417 37.8989
0.666417 37.991
0.658483 38.0546
0.658483 38.0764
0.654034 38.0098
0.654034 37.9593
0.649585 37.8029
0.663147 37.9463
0.613137 37.6989
0.663401 38.0243
0.655639 38.0662
0.667309 37.3427
0.632781 37.7344
0.646306 37.8989
0.653211 37.7615
0.637056 38.149
0.624265 38.1476
0.648332 38.1825
0.635027 38.0619
0.635027 38.3333
0.635027 38.2424
0.635027 37.9161
0.635027 38.429
0.630252 38.1781
0.630252 38.3759
0.615928 38.2966
0.601604 38.2073
0.58728 38.1913
0.635938 38.1548
0.688723 38.4556
0.699655 38.401
0.699655 38.4615
0.691867 38.5253
0.691867 38.6922
0.679928 38.5104
0.654032 38.5312
0.67809 38.5505
0.675349 38.4349
0.670194 38.3391
0.659883 38.0967
0.659883 38.3391
0.659883 38.3421
0.659883 38.2248
0.659883 38.5713
0.659883 38.4601
0.659883 38.2614
0.659883 38.5342
0.659883 38.4379
0.659883 38.4394
0.651201 38.2746
0.602502 38.3112
0.607622 38.1956
0.612267 38.3907
0.635773 38.4157
0.640562 38.4453
0.64535 38.4408
0.630834 38.4808
0.635471 38.4556
0.64589 38.3391
0.656583 38.4128
0.659815 38.1883
0.659815 37.9391
0.659815 37.886
0.659815 38.4704
0.664632 38.2951
0.664632 38.257
0.669448 38.0749
0.674264 38.2819
0.675825 38.4971
0.680562 38.1738
0.683761 38.3671
0.670084 38.4025
0.668837 38.4541
0.668837 38.4808
0.668837 38.2878
0.668837 38.1869
0.668837 37.9521
0.668837 38.2365
0.668837 38.0214
0.67345 38.2848
0.663546 38.3627
0.668091 38.2292
0.672636 38.3289
0.681726 38.2526
0.686271 38.3509
0.686271 38.3465
0.686271 38.3627
0.686271 38.2117
0.690815 38.3333
0.690815 38.3377
0.69536 37.0494
0.699905 38.2922
0.699905 38.3259
0.70445 38.3054
0.70445 38.3024
0.708995 38.3612
0.708995 38.1898
0.71354 38.5847
0.718084 38.2351
0.722629 38.5535
0.727174 38.4128
0.74264 38.4941
0.747253 38.506
0.733415 38.6294
0.714964 38.4157
0.701126 38.4025
0.730159 38.4275
0.753561 38.2132
0.783476 38.4527
0.788224 38.3966
0.792972 38.2205
0.797721 38.3553
0.792352 37.2467
0.813933 38.3774
0.79952 38.4941
0.81697 38.1243
0.830281 38.4541
0.79952 38.4187
0.81697 38.2643
0.782402 38.4128
0.808203 38.3142
0.81697 38.4054
0.777646 38.3936
0.786141 38.4453
0.747948 38.3524
0.763377 38.4025
0.784077 38.3465
0.791359 37.5404
0.744782 37.0714
0.777485 37.0398
0.740629 37.3037
0.766483 36.9249
0.788068 36.9467
0.738401 37.092
0.688318 37.0083
0.688318 37.2232
0.695923 37.0192
0.644084 36.7823
0.651295 36.9235
0.674757 37.0343
0.664453 37.07
0.688031 37.1968
0.811216 37.2523
0.796414 37.0165
0.797299 36.6797
0.759083 36.8772
0.763335 36.7377
0.717579 36.9727
0.713488 36.785
0.713488 36.8718
0.755662 36.9467
0.728421 36.5497
0.737975 36.8487
0.701964 36.8297
0.675012 36.507
0.629844 36.7728
0.629844 36.7701
0.587048 36.7566
0.593023 36.9045
0.599044 36.8297
0.611223 36.808
0.617383 36.5858
0.587048 36.8392
0.599044 36.8745
0.60511 36.8148
0.617383 36.8691
0.623589 36.8134
0.581117 36.2858
0.587048 36.7796
0.593023 36.8243
0.599044 36.6488
0.60511 36.9399
0.611223 36.6341
0.617383 36.7309
0.57523 36.6972
0.581117 36.8324
0.587048 36.6972
0.593023 36.41
0.593023 36.3742
0.593023 36.7918
0.593023 36.9358
0.599044 36.4924
0.599044 36.5671
0.60511 36.8392
0.611223 36.9031
0.611223 36.929
0.617383 36.9113
0.57523 36.324
0.57523 36.6851
0.57523 36.7661
0.57523 36.8541
0.57523 36.8786
0.57523 36.8691
0.581117 36.7552
0.581117 36.6032
0.587048 37.2912
0.587048 37.3539
0.587048 37.0879
0.587048 37.3218
0.587048 37.2245
0.593023 37.1499
0.593023 37.28
0.593023 37.2926
0.593023 35.5189
0.593023 36.944
0.593023 37.1609
0.593023 37.365
0.593023 37.312
0.593023 37.2787
0.593023 37.4153
0.593023 37.3525
0.60673 37.1885
0.66982 37.2024
0.655501 37.3552
