0.909498 43.6281
0.909498 30.5083
0.909498 38.6473
0.852388 38.5758
0.90998 38.1942
0.881446 39.1957
0.90998 40.1962
0.852388 40.6669
0.852388 40.6884
0.90998 40.2625
0.881446 40.3551
0.90998 40.1043
0.90998 40.5844
0.78021 40.5482
0.90998 40.5745
0.90998 40.5351
0.802157 40.3128
0.85253 40.6405
0.75445 40.4073
0.707685 40.2414
0.749659 40.2463
0.728395 40.4891
0.707685 40.3665
0.707685 40.6174
0.667679 40.2042
0.749659 40.373
0.852941 40.4907
0.82697 40.2722
0.82697 40.3861
0.852941 40.3063
0.85253 40.2706
0.82697 40.308
0.82697 40.4891
0.82697 40.5959
0.728395 40.3421
0.667679 40.2123
0.804067 40.3388
0.90998 40.0866
0.882243 40.2447
0.882243 40.4106
0.831742 40.0866
0.857934 40.3519
0.781513 40.2804
0.857934 40.2463
0.857934 40.44
0.831742 40.1881
0.857934 40.5663
0.831742 40.6108
0.831742 40.5154
0.733965 40.0769
0.831742 40.3047
0.857934 40.2156
0.781513 39.9984
0.831742 39.909
0.882243 40.5022
0.827586 39.9409
0.882243 40.1204
0.882243 40.1897
0.858283 40.1671
0.805746 40.2382
0.805746 40.2414
0.911197 40.2026
0.911197 40.2123
0.853933 40.1962
0.853933 40.3161
0.911197 40.1477
0.853933 40.4514
0.909498 40.334
0.909498 40.1091
0.852388 40.1574
0.909498 40.4106
0.909498 40.422
0.852388 40.3551
0.803664 40.2317
0.803664 40.2787
0.75583 40.3845
0.803664 40.4384
0.803664 40.3454
0.75583 40.2236
0.798595 40.3128
0.909498 40.2479
0.909498 40.2139
0.803664 40.4776
0.75583 40.0625
0.75583 40.122
0.803664 39.5898
0.803664 39.8533
0.803664 39.6385
0.708945 39.9457
0.66884 39.1053
0.708945 39.901
0.90625 39.1972
0.747851 39.9186
0.876923 39.9568
0.725601 40.0048
0.876923 40.0368
0.725601 39.8756
0.850354 39.8597
0.656109 39.7962
0.823617 40.2107
0.601751 39.4011
0.850354 40.1477
0.637584 39.3732
0.850354 39.9568
0.823617 39.6306
0.850354 39.9712
0.850354 39.9329
0.772397 39.917
0.823617 39.3825
0.772397 39.8168
0.850354 39.4664
0.823617 39.8422
0.850354 39.8772
0.850354 39.7567
0.772397 39.7883
0.850354 39.7125
0.823617 40.122
0.772397 39.5789
0.823617 40.0802
0.823617 39.6951
0.823617 39.6983
0.823617 40.0946
0.850354 39.5554
0.823617 39.8042
0.723975 39.0335
0.823617 40.0882
0.823617 40.2576
0.850354 39.1589
0.823617 40.2528
0.823617 39.0549
0.850354 40.1011
0.823617 39.2265
0.772397 40.1816
0.823617 39.733
0.823617 39.8756
0.823617 39.6589
0.725601 40.1107
0.747851 39.4711
0.823617 39.8772
0.682759 39.5226
0.823617 39.9106
0.823617 39.3732
0.795511 38.7327
0.745032 40.1204
0.795511 40.1332
0.875 39.8772
0.821862 39.9265
0.795511 40.2658
0.875 39.8613
0.875 40.269
0.846154 39.604
0.875 40.0737
0.821862 39.5038
0.821862 39.8311
0.697313 39.7741
0.821862 40.0288
0.821862 39.6322
0.875 40.0368
0.702128 39.7014
0.846154 39.4602
0.724138 39.8883
0.846154 40.3193
0.724138 40.1091
0.747851 40.3275
0.747851 40.1365
0.702128 40.2982
0.795511 40.4924
0.793313 40.3682
0.793313 40.4138
0.767349 40.2236
0.793313 40.0561
0.793313 40.4236
0.793313 40.2593
0.793313 40.334
0.793313 40.2414
0.84375 40.3145
0.84375 40.3519
0.84375 40.5745
0.767349 40.4008
0.793313 40.3356
0.793313 40.4563
0.793313 40.5104
0.793313 40.4024
0.793313 40.1865
0.767349 40.3763
0.793313 40.5203
0.793313 40.5351
0.875 40.2804
0.875 40.0416
0.84375 40.1687
0.84375 40.3975
0.8125 40.3226
0.84375 40.4514
0.793313 40.3959
0.821862 40.3747
0.745032 40.5318
0.821862 40.1332
0.821862 40.1429
0.795511 40.404
0.795511 40.1204
0.821862 40.2334
0.821862 40.2658
0.793313 39.8232
0.793313 40.4482
0.793313 40.6322
0.767349 40.4809
0.793313 40.5383
0.793313 40.5927
0.793313 40.2463
0.793313 40.3454
0.767349 40.3698
0.764706 40.3177
0.764706 40.1606
0.764706 40.0529
0.73913 40.2236
0.764706 40.2722
0.764706 40.269
0.8125 40.1623
0.8125 40.4204
0.8125 40.6421
0.8125 40.1574
0.8125 40.4793
0.8125 40.4629
0.8125 40.4875
0.8125 40.6719
0.8125 40.5877
0.84375 40.2269
0.84375 40.3421
0.84375 40.4596
0.767349 40.54
0.793313 40.5795
0.793313 40.5318
0.793313 40.5861
0.793313 40.5762
0.793313 39.5757
0.84375 40.0994
0.84375 40.3926
0.84375 40.2188
0.7875 40.1188
0.7875 40.2059
0.7875 39.7804
0.7875 40.1703
0.7875 40.3356
0.7875 39.9218
0.761807 40.1945
0.7875 40.3372
0.7875 40.3502
0.7875 38.7207
0.7875 39.6778
0.7875 39.9058
0.7875 40.0834
0.7875 39.7662
0.761807 40.3616
0.7875 40.3405
0.7875 40.04
0.7875 39.9808
0.7875 39.9489
0.7875 40.159
0.7875 40.1397
0.7875 40.0609
0.7875 40.3454
0.7875 40.3258
0.7875 40.4057
0.7875 40.1816
0.761807 39.9648
0.7875 40.5482
0.7875 40.0657
0.7875 40.1735
0.761807 40.3698
0.7875 40.1849
0.7875 40.1784
0.7875 40.2658
0.7875 40.1526
0.7875 40.1606
0.7875 40.2463
0.7875 40.2382
0.7875 40.5104
0.7875 39.9792
0.7875 40.4236
0.761807 40.4171
0.704167 40.4498
0.704167 40.3682
0.704167 40.3015
0.704167 40.4613
0.704167 40.3096
0.704167 40.2998
0.704167 40.4596
0.704167 40.4008
0.704167 40.3665
0.704167 40.2917
0.704167 40.4449
0.704167 40.5729
0.704167 40.1397
0.704167 40.3812
0.704167 40.4482
0.704167 40.3307
0.704167 40.282
0.704167 40.222
0.704167 40.4057
0.704167 40.3535
0.704167 40.4842
0.704167 40.295
0.704167 40.1494
0.704167 40.2804
0.704167 40.18
0.704167 40.2447
0.704167 40.4613
0.704167 40.6174
0.704167 40.0112
0.704167 40.2431
0.677083 39.9584
0.677083 40.1526
0.677083 39.9074
0.677083 40.4285
0.677083 40.3421
0.677083 39.9329
0.729167 40.4744
0.729167 40.3015
0.729167 40.2512
0.729167 40.4057
0.729167 40.2059
0.729167 40.5088
0.729167 40.5992
0.729167 40.6818
0.704312 40.3633
0.729167 40.2091
0.729167 40.2982
0.729167 40.3649
0.729167 40.1929
0.729167 40.0994
0.729167 40.4809
0.729167 39.968
0.729167 40.1155
0.729167 40.1542
0.729167 40.2804
0.729167 40.2544
0.729167 40.3063
0.729167 39.032
0.729167 40.3193
0.729167 40.1639
0.65 40.3031
0.65 40.269
0.65 39.9058
0.609756 40.0769
0.65 39.9393
0.609756 40.282
0.65 40.1978
0.65 40.1332
0.65 40.1011
0.65 40.36
0.65 40.4057
0.65 40.4236
0.7 40.2366
0.7 40.4253
0.7 40.1027
0.7 40.2447
0.7 40.1945
0.7 40.2917
0.7 40.1027
0.7 40.159
0.7 40.2301
0.7 40.2479
0.7 40.4416
0.7 40.122
0.7 40.3258
0.7 39.3082
0.7 40.3421
0.7 40.122
0.7 40.422
0.7 40.2301
0.736041 39.8565
0.736041 40.2868
0.736041 40.3861
0.736041 39.8979
0.736041 40.0192
0.736041 39.8867
0.78125 40.1284
0.78125 40.2091
0.78125 40.1719
0.8125 40.4613
0.8125 40.1897
0.8125 40.032
0.8125 40.0625
0.8125 40.3845
0.784615 40.3584
0.8125 40.2836
0.764706 38.8697
0.764706 40.2253
0.8125 40.1865
0.784615 40.1043
0.8125 40.2091
0.764706 40.1027
0.764706 40.1978
0.764706 40.1236
0.8125 39.8375
0.8125 39.9425
0.764706 39.9856
0.8125 40.1526
0.8125 39.9265
0.784615 40.1477
0.729167 39.9616
0.685279 39.968
0.729167 39.9712
0.729167 40.0048
0.685279 40.3193
0.729167 39.9952
0.729167 40.2739
0.729167 40.0914
0.729167 40.0834
0.729167 40.0625
0.729167 40.2123
0.729167 39.9329
0.729167 39.8248
0.729167 40.0465
0.729167 39.4633
0.7 35.7526
0.7 37.5559
0.7 39.984
0.7 39.5867
0.7 40.0994
0.7 40.0304
0.7 39.9521
0.7 40.1752
0.7 40.2804
0.7 40.0176
0.7 40.2593
0.7 40.2674
0.7 40.159
0.7 40.0641
0.675565 40.3128
0.7 39.9058
0.7 40.0096
0.7 40.0192
0.658537 40.1461
0.7 40.2026
0.658537 40.1252
0.658537 40.2236
0.7 40.0032
0.7 40.201
0.7 38.432
0.7 39.8422
0.7 40.0673
0.7 40.0032
0.7 40.2463
0.7 40.122
0.7 39.8661
0.7 40.2042
0.7 39.9409
0.7 39.7109
0.7 40.1349
0.7 39.9632
0.670833 40.1011
0.670833 40.1075
0.670833 40.2188
0.670833 39.8772
0.670833 39.8867
0.670833 40.321
0.670833 39.8168
0.670833 39.9984
0.670833 40.085
0.670833 40.295
0.670833 40.2204
0.670833 39.984
0.670833 39.7788
0.670833 40.1236
0.670833 40.1526
0.63174 40.0112
0.670833 40.2771
0.63174 40.1429
0.670833 40.2868
0.63174 40.122
0.670833 40.2204
0.670833 40.2576
0.670833 40.0834
0.670833 40.1687
0.670833 40.2804
0.670833 40.373
0.670833 40.1139
0.670833 39.9553
0.670833 40.151
0.670833 40.2658
0.670833 40.256
0.63174 39.5757
0.63174 40.1768
0.670833 40.2075
0.670833 40.1832
0.670833 40.2528
0.670833 40.1703
0.670833 39.9537
0.670833 40.295
0.670833 40.3649
0.670833 40.1768
0.670833 40.0834
0.670833 40.1268
0.670833 40.1719
0.670833 39.9186
0.670833 40.3649
0.670833 40.3145
0.670833 39.909
0.670833 40.2172
0.670833 40.2836
0.670833 40.2172
0.670833 40.3486
0.670833 38.1636
0.670833 40.2479
0.670833 39.8581
0.670833 39.8597
0.670833 40.2625
0.670833 40.1655
0.670833 40.2398
0.670833 40.2998
0.670833 40.1849
0.670833 40.0481
0.670833 39.5444
0.670833 40.093
0.670833 40.122
0.670833 40.1832
0.670833 40.151
0.670833 40.2059
0.670833 39.9409
0.670833 39.9824
0.670833 40.122
0.558795 39.9632
0.670833 40.2625
0.558795 38.8984
0.670833 39.1328
0.63174 40.0513
0.670833 39.9313
0.670833 40.13
0.670833 40.1962
0.670833 40.1623
0.670833 40.2755
0.670833 40.1671
0.670833 40.1397
