0.66474 50.5663
0.814815 52.086
0.814815 47.3507
0.814815 48.9117
0.814815 49.7735
0.726872 47.5059
0.726872 47.4856
0.671642 48.4449
0.726872 49.5344
0.726872 50.1253
0.671642 49.7537
0.671642 50.0225
0.732484 49.848
0.628743 49.7983
0.544627 49.7983
0.549296 49.8579
0.549296 49.729
0.52 49.7711
0.555556 49.985
0.448276 49.9525
0.478723 49.456
0.579545 49.6032
0.579545 49.9151
0.449804 49.781
0.544669 49.7834
0.544669 49.95
0.609984 49.8157
0.609984 49.5344
0.609984 50.1027
0.609984 49.9102
0.609984 49.9102
0.653846 49.5909
0.535714 49.554
0.535714 49.3632
0.502183 49.5663
0.502183 49.5123
0.502183 49.6229
0.359684 49.554
0.359684 49.7315
0.436157 49.7909
0.383678 49.7686
0.456243 49.5025
0.337621 48.6429
0.400673 49.4389
0.400673 49.5933
0.400673 49.4535
0.400673 49.3048
0.337621 49.5319
0.38206 49.4633
0.432044 49.6574
0.432044 49.5
0.2999 49.2878
0.432044 49.505
0.266862 49.4535
0.432044 49.4731
0.362776 49.7166
0.432044 49.7339
0.432044 49.7092
0.459459 49.7364
0.384615 49.5148
0.459459 49.6376
0.362776 49.586
0.384615 49.6623
0.362776 49.7092
0.384615 49.4682
0.317073 49.8256
0.384615 49.5688
0.459459 49.6426
0.459459 49.687
0.5 49.5466
0.528497 49.5172
0.528497 50.0826
0.528497 49.4731
0.57754 49.7191
0.57754 49.6327
0.528497 49.4658
0.57754 49.6796
0.528497 49.5589
0.528497 49.6722
0.528497 49.6648
0.528497 49.317
0.439024 49.1014
0.56044 49.2951
0.56044 49.4609
0.56044 49.334
0.56044 49.4756
0.613636 49.4927
0.56044 49.5712
0.596491 49.4486
0.596491 49.5246
0.596491 49.1159
0.596491 49.613
0.491803 49.7834
0.491803 49.9301
0.6375 49.4584
0.6375 49.9027
0.523256 49.8331
0.423913 49.5074
0.399199 49.9575
0.429741 50.0275
0.399199 50.2084
0.429741 49.8579
0.490754 50.0952
0.516643 50.0526
0.595129 49.9326
0.490754 50.1857
0.490754 50.0776
0.490754 50.1958
0.6375 49.8281
0.523256 49.5884
0.6375 50.2386
0.637847 50.1555
0.690037 49.4169
0.639098 49.8008
0.524126 50.1832
0.690037 49.9625
0.452345 50.04
0.560976 49.9326
0.517241 50.1832
0.485232 50.0175
0.517241 50.1756
0.58797 49.6648
0.58797 50.153
0.485232 50.1807
0.51073 50.1983
0.62963 50.1681
0.58797 50.0526
0.58797 49.5737
0.51073 49.9825
0.485232 49.97
0.692308 49.6155
0.62963 49.8405
0.64486 49.9925
0.64486 50.1128
0.557522 50.0776
0.64486 49.985
0.557522 49.65
0.478992 49.4242
0.557522 49.9201
0.408 50.1731
0.64486 49.9476
0.557522 49.7067
0.64486 50.0225
0.64486 49.4927
0.692308 49.9251
0.64486 50.2765
0.692308 49.995
0.64486 50.0826
0.692308 49.6968
0.64486 49.97
0.64486 50
0.64486 50.2487
0.64486 49.6722
0.557522 49.4218
0.58797 50.2538
0.51073 49.7265
0.58797 49.7587
0.62963 50.0902
0.58797 50.1454
0.517241 50.0826
0.64486 50.0952
0.62963 49.6845
0.62963 49.8182
0.58797 49.8579
0.58797 50.1128
0.62963 50
0.62963 49.9301
0.62963 49.5319
0.58797 49.8107
0.62963 49.8554
0.485232 49.6007
0.62963 49.8778
0.485232 49.7166
0.485232 49.843
0.517241 50.1052
0.58797 49.8256
0.58797 49.7265
0.58797 49.586
0.485232 49.7265
0.58797 49.456
0.557522 49.4169
0.58797 49.4193
0.64486 49.4976
0.692308 49.505
0.62963 49.5516
0.62963 49.2538
0.62963 49.586
0.548387 49.3364
0.520362 48.6879
0.520362 49.412
0.520362 49.4486
0.520362 49.4976
0.560976 49.6179
0.68717 48.9524
0.831325 49.4756
0.831325 49.4805
0.826638 48.9213
0.704142 49.3024
0.826638 49.0701
0.658537 49.645
0.769517 49.7067
0.769517 49.6697
0.568369 49.5221
0.6 49.6056
0.494505 49.7339
0.769517 49.6919
0.568369 49.5074
0.69697 48.4567
0.595129 46.9528
0.6375 46.6287
0.6375 49.6672
0.6375 49.6845
0.701299 49.3291
0.701299 49.3974
0.6375 49.6401
0.6375 49.5983
0.6375 49.3754
0.6375 49.5835
0.701299 49.4462
0.523256 49.7537
0.701299 49.4242
0.701299 49.7834
0.6375 49.6623
0.701299 49.5983
0.701299 49.4878
0.701299 47.8813
0.652997 48.9932
0.652997 49.4486
0.652997 49.0629
0.523256 48.998
0.701299 49.4486
0.595129 48.938
0.595129 49.7315
0.516643 49.2902
0.652997 49.4976
0.595129 49.724
0.652997 49.9151
0.652997 49.7364
0.6375 49.5983
0.701299 49.687
0.652997 49.3243
0.6375 49.7636
0.6375 49.5737
0.6375 49.7018
0.6375 49.3316
0.701299 49.6007
0.6375 49.5417
0.652997 49.2344
0.701299 49.4486
0.701299 49.7562
0.652997 49.645
0.701299 49.1087
0.6375 49.3218
0.701299 49.6327
0.701299 49.5319
0.701299 49.505
0.701299 49.7364
0.701299 49.4878
0.701299 49.8008
0.6375 49.7117
0.6375 49.6524
0.595129 49.249
0.652997 49.613
0.516643 49.4584
0.474303 49.4584
0.6 49.6056
0.75048 49.5516
0.608466 49.6179
0.595819 49.8405
0.702602 49.8604
0.702602 49.554
0.702602 49.3705
0.595819 49.4389
0.702602 49.5589
0.544688 49.7413
0.544688 49.8927
0.63864 49.6253
0.501639 49.2102
0.544688 49.6426
0.595819 49.5123
0.460925 49.5638
0.451664 49.5786
0.488372 49.2417
0.488372 49.2441
0.457184 49.5442
0.52352 49.6524
0.523256 49.5761
0.523256 49.3364
0.423913 49.2126
0.6375 47.4856
0.523256 49.527
0.595129 49.3827
0.652997 49.5025
0.652997 49.2587
0.652997 49.5393
0.564179 49.4731
0.595129 49.5565
0.516643 49.5516
0.564179 49.8008
0.701299 49.4927
0.701299 49.3486
0.652997 49.4315
0.652997 48.9021
0.6375 49.4682
0.652997 49.6155
0.701299 49.2999
0.6375 49.6081
0.652997 49.5099
0.701299 49.8654
0.701299 49.7117
0.701299 49.5835
0.652997 49.0388
0.595129 49.4169
0.564179 49.6598
0.652997 49.4609
0.6375 49.8058
0.6375 49.6376
0.6375 49.6426
0.595129 49.5933
0.6375 49.7884
0.6375 49.434
0.652997 49.5589
0.701299 49.5983
0.701299 49.5884
0.701299 49.1183
0.701299 49.3024
0.6375 49.7315
0.6375 49.4144
0.6375 49.2927
0.701299 49.4903
0.6375 49.7562
0.6375 49.5638
0.701299 49.5516
0.6375 49.554
0.6375 49.2708
0.523256 49.0292
0.595129 49.5148
0.6375 49.554
0.652997 49.586
0.564179 49.3608
0.564179 49.4169
0.701299 49.8728
0.603834 49.5638
0.64486 49.6968
0.6 49.0436
0.6 49.2441
0.702602 49.6475
0.702602 49.8654
0.761538 49.7958
0.702602 49.8853
0.761538 49.5393
0.63864 49.5565
0.761538 49.5737
0.702602 47.4699
0.702602 49.4315
0.702602 49.5565
0.595819 48.459
0.544688 49.2587
0.63864 48.5649
0.544688 49.4805
0.471533 49.5737
0.69697 49.4609
0.517808 49.2999
0.593407 49.7043
0.55496 49.6475
0.553846 49.7934
0.553846 49.8579
0.518797 49.843
0.553846 49.682
0.553846 49.7018
0.519231 49.9102
0.519231 49.8306
0.487059 49.1039
0.45898 49.0172
0.45898 49.7389
0.488688 49.7934
0.488688 49.7488
0.488688 49.7636
0.488688 49.7884
0.488688 49.8281
0.488688 49.7216
0.488688 49.6796
0.488688 49.6327
0.488688 49.5565
0.488688 49.581
0.45898 49.2514
0.488688 49.7934
0.426637 49.6229
0.370933 49.6598
0.337748 49.6475
0.453237 49.7265
0.286624 49.317
0.286624 49.7092
0.337748 49.505
0.286624 50.0275
0.286624 49.4315
0.337748 49.39
0.286624 48.8759
0.286624 48.8615
0.337748 49.8504
0.313109 49.5123
0.337748 49.4633
0.337748 48.8067
0.36333 49.6278
0.453237 49.5565
0.553846 49.5516
0.553846 49.5516
0.553846 49.0244
0.553846 49.5172
0.553846 49.5958
0.553846 49.4903
0.553846 49.4022
0.553846 49.4535
0.553846 49.5148
0.553846 49.505
0.518797 49.1715
0.553846 49.4584
0.553846 49.39
0.553846 49.3778
0.553846 48.9908
0.553846 48.1765
0.553846 49.39
0.553846 49.7216
0.553846 49.5663
0.553846 49.4315
0.553846 49.5712
0.518797 49.1256
0.553846 49.3925
0.553846 49.687
0.518797 49.5246
0.553846 49.4584
0.518797 49.586
0.553846 49.5123
0.553846 49.554
0.553846 49.7191
0.553846 49.6944
0.553846 49.5
0.518797 49.4658
0.553846 48.9428
0.553846 48.8663
0.553846 49.7785
0.518797 49.4535
0.518797 49.5074
0.518797 49.6032
0.553846 49.5466
0.553846 49.65
0.553846 49.5884
0.518797 49.8331
0.518797 49.3437
0.518797 49.0798
0.553846 49.4193
0.453237 49.3535
0.393103 49.6376
0.393103 49.3535
0.453237 49.2441
0.393103 48.4684
0.453237 49.0846
0.370933 49.7909
0.426637 49.6894
0.426637 49.6894
0.370933 49.6771
0.370933 49.7438
0.319415 49.7018
0.27163 49.5319
0.27163 49.6672
0.27163 49.7735
0.252725 49.7389
0.319415 49.3583
0.319415 49.4438
0.319415 49.5246
0.319415 49.317
0.27163 49.4511
0.319415 49.5344
0.29641 49.3608
0.319415 49.6303
0.252725 49.7636
0.27163 49.5638
0.27163 49.6204
0.27163 49.6352
0.252725 49.6549
0.319415 49.5074
0.351129 48.158
0.402985 49.4609
0.45898 49.3974
0.45898 49.5
0.488688 49.3657
0.488688 49.4829
0.45898 49.215
0.488688 49.1183
0.488688 49.4022
0.488688 49.4927
0.45898 49.3364
0.488688 48.9189
0.488688 49.5589
0.488688 49.5074
0.488688 49.5246
0.488688 48.9045
0.488688 49.4364
0.488688 49.5025
0.488688 49.7389
0.488688 49.5909
0.488688 49.527
0.461538 48.151
0.461538 48.8926
0.461538 49.3243
0.461538 49.3803
0.461538 49.4756
0.461538 49.3024
0.461538 49.087
0.461538 48.5437
0.461538 48.6381
0.461538 49.7092
0.461538 49.3072
0.461538 49.5638
0.461538 49.3072
0.461538 49.4535
0.461538 49.682
0.461538 49.5123
0.461538 49.1715
0.461538 49.6771
0.461538 49.554
0.461538 49.4193
0.461538 49.3024
0.425 49.6722
0.425 49.3949
0.461538 49.4805
0.461538 49.6919
0.461538 49.5835
0.461538 49.6549
0.461538 49.687
0.461538 49.5565
0.461538 49.6919
0.461538 49.4413
0.461538 49.3657
0.461538 49.5516
0.461538 49.6697
0.461538 49.1811
0.461538 49.4535
0.461538 49.5466
0.461538 49.1497
0.461538 49.4878
0.461538 49.6426
0.461538 49.4976
0.406015 49.6771
0.385714 48.7686
0.342857 46.6005
0.342857 48.4684
0.342857 49.5123
0.342857 49.6278
0.323944 49.5
0.342857 49.6278
0.342857 49.4242
0.342857 49.6845
0.342857 49.581
0.342857 49.334
0.323944 49.1376
0.367347 49.0124
0.367347 49.3535
0.367347 49.4682
0.377622 49.4951
0.377622 49.6376
0.377622 49.4584
0.377622 49.6722
0.377622 49.3998
0.377622 49.1642
0.377622 49.5
0.377622 49.586
0.377622 49.478
0.377622 49.4976
0.377622 48.7829
0.377622 49.4096
0.377622 49.7265
0.377622 49.5712
0.377622 48.938
0.377622 49.4413
0.377622 49.0846
