0.926141 45.0288
0.926141 46.8033
0.926141 40.2739
0.850796 41.336
0.887717 43.0496
0.887717 43.7809
0.796583 39.8581
0.887717 41.2763
0.601485 42.8596
0.588915 43.1779
0.507909 43.0126
0.47737 42.983
0.414884 42.8725
0.424191 42.4574
0.398143 42.6457
0.412024 42.6076
0.364055 42.6221
0.351598 42.5967
0.427541 42.684
0.412255 42.9443
0.35425 42.6403
0.35425 42.7369
0.307087 42.7734
0.275464 42.6567
0.335786 42.5026
0.287089 42.6821
0.287089 42.7369
0.335786 42.526
0.315556 41.8218
0.315556 42.5369
0.270386 42.6276
0.297071 42.6931
0.339367 42.1443
0.339367 42.5767
0.416156 42.5423
0.348541 42.5459
0.327354 42.4845
0.318386 42.3675
0.318386 42.4286
0.330317 42.3406
0.295154 42.2958
0.306667 42.0628
0.318386 42.1195
0.318386 42.5369
0.306667 42.3729
0.272727 42.3567
0.306667 42.2137
0.306667 42.1656
0.330317 42.4556
0.342466 42.3352
0.306667 42.0309
0.318386 42.2869
0.306667 42.4286
0.318386 41.3685
0.306667 42.303
0.283843 42.4412
0.306667 42.3245
0.295154 42.4088
0.26749 42.3388
0.26749 42.2369
0.246964 42.1959
0.236948 42.2726
0.257143 42.1017
0.238866 42.3496
0.228916 42.3765
0.192157 42.0168
0.173745 42.2458
0.173745 42.4574
0.164751 42.187
0.164751 42.2529
0.142499 42.1977
0.15091 42.3765
0.134211 42.2369
0.134211 42.3048
0.102226 42.4052
0.0869004 42.1745
0.0886303 42.4016
0.0745214 42.2351
0.0745214 42.1336
0.076212 42.2761
0.0632469 42.5315
0.0568807 42.4088
0.0607735 42.389
0.0407989 41.827
0.047373 41.7955
0.0261603 42.187
0.0261603 42.4034
0.0261603 42.2494
0.00265689 42.2297
0 42.4412
0.805941 42.2315
0.785714 41.9129
0.785714 41.9305
0.60099 42.0327
0.827038 41.9445
0.80654 42.1088
0.74862 41.9956
0.67243 42.1124
0.715857 42.1941
0.900434 42.1905
0.837321 42.1816
0.837321 41.9287
0.879282 42.1425
0.789376 42.107
0.90099 41.9305
0.837321 42.2976
0.879282 42.1532
0.758779 42.1496
0.758779 42.1319
0.837321 41.8515
0.837321 42.0168
0.797192 42.1425
0.797192 42.203
0.758779 41.7833
0.879282 42.187
0.736308 41.8533
0.837321 41.9992
0.837321 41.2388
0.837321 41.7693
0.90099 41.934
0.879282 41.6285
0.837321 41.941
0.758779 41.9851
0.758779 41.8323
0.837321 41.7153
0.837321 41.6406
0.770162 41.7676
0.81741 41.7833
0.857687 41.7101
0.9 41.7032
0.809769 41.5766
0.811912 41.413
0.705204 41.6372
0.899281 41.978
0.899281 41.9586
0.92233 41.8235
0.715474 41.9445
0.75509 41.848
0.754556 41.7606
0.793789 41.4955
0.771812 41.7084
0.733042 42.0557
0.731959 41.9815
0.620196 41.7676
0.75509 41.6458
0.718536 41.4989
0.718536 41.7467
0.717004 41.8953
0.771812 41.9358
0.768421 41.8498
0.854801 41.9006
0.788837 42.0468
0.615664 41.9393
0.649814 41.7415
0.718536 41.8428
0.857003 41.6719
0.80791 41.9903
0.676045 41.8025
0.647691 42.084
0.550837 41.8113
0.524184 41.7711
0.524184 41.8218
0.441042 41.7711
0.475191 41.9903
0.425913 41.7136
0.337101 41.8603
0.35656 41.9129
0.344523 41.8883
0.354352 42.0062
0.327362 41.9305
0.19778 42.1283
0.0766809 42.0203
0 42.1354
0.808645 41.0762
0.845714 40.7997
0.713121 40.8263
0.762887 41.0105
0.652174 41.0442
0.694836 40.868
0.601375 40.5778
0.637931 40.828
0.620979 38.9757
0.608953 40.4106
0.620104 40.5614
0.605096 40.4957
0.548148 40.848
0.541252 40.5712
0.551684 40.8697
0.561555 40.6421
0.570222 40.7947
0.557809 40.4204
0.508487 40.8497
0.542662 40.3145
0.481967 40.5301
0.587189 40.6686
0.58156 40.7083
0.577465 40.5548
0.577465 40.5466
0.503491 40.4711
0.498489 40.5367
0.556031 40.4858
0.586993 40.5548
0.625 40.4024
0.520408 40.3551
0.471738 40.3714
0.42139 40.5992
0.472829 40.5861
0.552034 40.563
0.53 40.151
0.5 40.4793
0.633715 40.657
0.636364 40.5647
0.654206 40.4171
0.60181 40.5433
0.640244 40.6603
0.622926 40.6719
0.557143 40.4629
0.602941 40.4744
0.586993 40.4384
0.626866 40.5252
0.614035 40.2431
0.599261 40.5745
0.603291 40.1139
0.58733 40.3991
0.58733 40.3747
0.603291 40.5154
0.603291 40.3812
0.581605 40.2901
0.603291 40.122
0.603291 40.2301
0.581605 39.6511
0.603291 40.1606
0.581605 40.0609
0.575865 39.7519
0.591398 40.2479
0.578448 39.6936
0.611492 39.7836
0.595754 39.7772
0.518077 38.5877
0.595754 38.6967
0.611492 40.0336
0.590351 39.9042
0.59591 40.1945
0.59591 40.1671
0.552826 40.3275
0.59194 38.6563
0.59194 39.7504
0.55708 39.9138
0.542169 39.7251
0.643836 40.2398
0.643836 40.2317
0.649954 40.1849
0.649954 40.1849
0.636607 40.0208
0.607622 40.2658
0.611492 39.8216
0.556442 40.0753
0.580717 40.1978
0.600158 40.1075
0.600158 40.18
0.561897 40.1043
0.600158 40.159
0.600158 40.4514
0.600158 40.256
0.525424 40.1978
0.565414 40.1929
0.534851 40.0657
0.570597 40.2204
0.608048 40.1639
0.608048 40.13
0.570597 40.085
0.608048 39.7283
0.608048 40.0978
0.608048 40.1107
0.570597 39.6778
0.596491 39.8565
0.614907 40.2771
0.6 40.2204
0.6 40.2059
0.614907 39.8867
0.581989 40.0128
0.632276 40.2641
0.516432 40.1316
0.535211 40.2512
0.57277 40.1526
0.537445 39.9696
0.643024 40.2091
0.566704 40.3486
0.57377 40.2236
0.634061 40.2658
0.58502 40.0994
0.607143 39.992
0.59292 40.3112
0.59292 39.9744
0.589274 40.0032
0.554703 40.0449
0.564453 39.917
0.599867 39.9568
0.564453 40.151
0.564453 39.9984
0.564453 39.8883
0.530573 40.1929
0.530573 40.2706
0.564453 40.2075
0.56936 39.8613
0.572354 39.6385
0.603448 39.9489
0.589744 39.9584
0.573099 39.6149
0.557164 39.6574
0.573099 38.8863
0.526241 39.6652
0.557164 39.9265
0.526241 39.9553
0.583618 40.0096
0.583618 40.0112
0.551839 39.9138
0.540036 39.9457
0.574803 39.9808
0.583618 39.571
0.551839 39.763
0.583618 40.0529
0.6 39.9233
0.570804 39.9968
0.555495 40.1397
0.525757 40.256
0.559565 39.8613
0.590798 39.7567
0.559565 40.1413
0.606889 40.0368
0.606889 39.8026
0.590798 39.8835
0.578125 39.7393
0.563064 39.9584
0.609375 39.9122
0.599385 39.8915
0.583566 39.9377
0.56274 39.8057
0.560408 39.4742
0.548249 39.7172
0.52 39.847
0.548249 39.6778
0.562771 39.7156
0.562771 39.8565
0.548249 39.9952
0.562771 40.0352
0.55166 39.8279
0.584626 39.8502
0.596441 39.9122
0.581229 39.9441
0.569853 39.7314
0.569853 39.9632
0.55875 40.0304
0.569853 39.4773
0.569853 39.968
0.569853 39.7757
0.555556 39.9584
0.569853 39.5648
0.545055 39.801
0.536797 39.8311
0.514096 40.0224
0.543947 39.7488
0.543947 39.6999
0.543947 39.2881
0.543947 39.7362
0.535948 39.7204
0.552855 39.7788
0.566176 39.7599
0.566176 39.6747
0.566176 39.468
0.557971 39.3701
0.54491 39.5194
0.55 39.7519
0.53719 37.7886
0.580159 39.228
0.566791 39.4228
0.540724 39.5429
0.558875 39.82
0.533295 39.5851
0.563622 39.5382
0.513251 40.024
0.487729 40.0304
