0.902466 36.1821
0.873834 42.7423
0.902004 44.4622
0.902004 44.7748
0.873834 34.4839
0.873834 37.8644
0.902004 37.0425
0.902004 31.741
0.902004 35.6176
0.902004 37.3455
0.698429 39.2804
0.80825 38.9985
0.80825 40.0641
0.783397 40.4155
0.783397 40.8664
0.67822 40.1381
0.698429 41.4559
0.639212 40.5976
0.67822 40.2495
0.67822 40.5581
0.80825 40.1784
0.80825 39.8661
0.783397 38.6952
0.80825 37.7529
0.868664 39.9537
0.80825 40.8831
0.80825 41.11
0.80825 42.1852
0.80825 42.1248
0.783397 42.2083
0.80825 42.2833
0.80825 42.2565
0.80825 41.8603
0.80825 42.2529
0.80825 42.2262
0.80825 42.6639
0.868664 42.5532
0.868664 42.346
0.80825 42.3944
0.80825 42.5116
0.758411 42.3729
0.808281 42.1638
0.758411 42.4196
0.806452 42.3513
0.83871 42.3693
0.756742 42.4953
0.685116 42.3675
0.665102 42.3549
0.811578 41.806
0.83871 42.2797
0.78125 42.2708
0.78125 42.3334
0.676471 42.2815
0.811578 42.4827
0.656461 42.1479
0.756742 42.3316
0.756742 42.0468
0.78125 42.3496
0.676471 41.8078
0.78125 42.0274
0.83871 42.2137
0.78125 42.452
0.83871 42.2066
0.83871 42.0999
0.78125 42.0893
0.78125 42.0858
0.83871 42.0362
0.75419 41.8883
0.75419 42.3639
0.808756 42.3245
0.814525 42.337
0.814525 42.5116
0.814525 42.3298
0.787562 42.407
0.711275 42.3819
0.787562 41.9569
0.814525 42.0433
0.814525 42.1621
0.814525 42.1443
0.814525 42.0486
0.711275 41.9868
0.814525 42.5242
0.814525 42.2905
0.814525 42.203
0.814525 42.2012
0.819957 42.0734
0.768177 42.0539
0.743377 41.971
0.743377 42.2315
0.792735 41.8796
0.768177 42.2083
0.740664 42.3603
0.743377 41.876
0.792735 41.8288
0.749495 42.2476
0.701375 41.848
0.578132 42.0875
0.561154 41.4834
0.77459 42.0645
0.72682 41.6806
0.72682 41.8953
0.749495 42.1816
0.72682 41.9903
0.748971 42.2619
0.680672 42.0009
0.680672 41.7589
0.748971 41.8813
0.748971 42.008
0.748971 42.1496
0.619048 41.9463
0.724138 42.0822
0.748971 42.1035
0.748971 42.0521
0.748971 41.9974
0.724138 41.8918
0.748971 41.9727
0.724138 42.1496
0.703407 41.9164
0.703407 41.8918
0.748971 42.1177
0.636976 42.0805
0.703407 42.1443
0.748971 41.8498
0.748971 42.2494
0.748971 40.7581
0.703407 40.8764
0.619048 40.5186
0.748971 40.2917
0.703407 41.0745
0.724138 40.6042
0.72314 40.2674
0.72314 39.9457
0.679758 40.5581
0.72314 40.5039
0.72314 39.9537
0.679758 40.7232
0.72314 40.5186
0.72314 40.1494
0.72314 40.9232
0.72314 40.1655
0.72314 40.0946
0.72314 39.6778
0.72314 40.4008
0.72314 40.3323
0.72314 39.44
0.72314 39.5444
0.679758 40.5861
0.599233 39.976
0.657228 39.6149
0.72314 40.5745
0.72314 40.1816
0.72314 39.7519
0.72314 40.6603
0.599233 40.3323
0.679758 40.3177
0.679758 39.7962
0.72314 40.6273
0.599233 40.5219
0.599233 40.1477
0.72314 40.838
0.72314 40.5071
0.72314 38.2951
0.599233 40.9517
0.599233 41.0576
0.599233 40.5745
0.647172 39.9984
0.503062 40.788
0.655431 40.6438
0.655431 40.3177
0.655431 40.6835
0.655431 40.6752
0.655431 40.1865
0.655431 40.1011
0.655431 40.9065
0.61082 40.7232
0.61082 40.2722
0.585284 40.3161
0.477211 40.5647
0.585284 40.4008
0.566942 40.422
0.566942 40.3551
0.580372 39.9409
0.580372 39.7093
0.543802 39.2542
0.543802 39.5085
0.508885 39.0594
0.443586 38.6623
0.543802 38.546
0.543802 37.577
0.556818 39.2311
0.556818 39.2126
0.535101 40.2156
0.50229 40.4155
0.531108 40.122
0.425141 39.8502
0.531108 39.6526
0.502606 39.6983
0.531108 39.82
0.531108 39.4773
0.531108 39.5273
0.531108 38.8033
0.531108 38.4482
0.515015 38.3656
0.515015 38.2321
0.515015 38.7282
0.531108 39.2804
0.531108 39.3592
0.453891 39.4633
0.531108 39.2912
0.483824 40.2123
0.531108 39.8502
0.531108 40.1881
0.531108 40.4138
0.531108 40.3454
0.531108 40.2593
0.515015 40.7116
0.531108 40.0545
0.520059 39.9904
0.520059 33.3211
0.520059 32.04
0.539568 37.1678
0.539568 38.8289
0.539568 38.5669
0.539568 36.2476
0.539568 39.6197
0.539568 39.6354
0.543175 38.6997
0.543175 38.3995
0.496286 38.1519
0.543175 37.9665
0.560647 38.32
0.544 39.0396
0.560647 39.0153
0.560647 38.9332
0.527814 38.6294
0.52802 39.336
0.54321 39.9712
0.584158 39.9297
0.542857 40.4138
0.586881 40.1204
0.536974 39.9537
0.561873 39.6684
0.567568 39.6574
0.641509 39.7867
0.539823 39.4524
0.567568 39.4089
0.585586 39.1068
0.557522 38.3877
0.614679 38.4335
0.585586 38.7642
0.585586 38.3303
0.575635 38.1883
0.651064 37.8788
0.493744 37.9291
0.604964 39.2742
0.575635 39.0244
0.575635 40.4334
0.575635 39.9648
0.589718 39.4711
0.649582 39.7709
0.633027 39.6967
0.679245 39.0869
0.679245 39.2711
0.547826 39.2866
0.588867 39.2019
0.574833 39.2465
0.561453 38.4084
0.615607 38.3789
0.588068 37.5954
0.588068 38.2526
0.615607 38.3186
0.673653 39.3732
0.561453 39.4789
0.535714 39.0808
0.588068 39.3391
0.561453 38.7477
0.610619 39.801
0.610619 39.7693
0.634969 39.8979
0.661342 40.1413
0.630094 39.9792
0.656863 40.0096
0.623665 39.6464
0.554538 39.5288
0.649339 39.4073
0.663366 39.1665
0.599077 39.3623
0.611782 38.3671
0.611782 38.2395
0.78999 38.1738
0.78999 38.2248
0.786484 38.5981
0.78999 39.482
0.74992 39.6149
0.689489 39.4073
0.683657 39.0976
0.622691 40.0048
0.75493 39.9537
0.717544 39.7883
0.704715 39.7362
0.8 39.8724
0.668491 40.0208
0.705263 39.5351
0.609047 39.1527
0.708333 39.367
0.565217 39.3964
0.623836 39.2234
0.707317 38.7898
0.763441 40.0737
0.775 38.1301
0.483775 38.8078
0.657682 40.2593
0.590689 40.3763
0.505969 40.8063
0.533188 40.6835
0.636727 40.7448
0.752137 40.4744
0.567878 40.5959
0.4914 40.5564
0.334066 40.9283
0.650138 40.798
0.651844 40.5088
0.706553 40.9333
0.687324 40.7631
0.669686 40.863
0.706553 40.987
0.706553 40.6818
0.669686 40.4302
0.687324 40.7332
0.726379 41.4079
0.535462 41.11
0.70348 40.9115
0.70348 40.8864
0.629522 40.6421
0.464684 40.5466
0.403509 40.9937
0.517018 41.3121
0.641026 41.2456
0.598291 40.8998
0.550259 41.2167
0.612708 41.2014
0.650155 40.8914
0.598201 41.1862
0.650155 41.3514
0.650155 40.8814
0.542692 41.3565
0.499276 41.1438
0.511869 41.5369
0.620032 41.0088
0.56709 40.494
0.582298 41.1032
0.535714 41.5058
0.522124 41.0846
0.362216 41.0661
0.436704 41.0846
0.390863 41.4302
0.524642 41.4079
0.524642 41.2082
0.524642 41.1049
0.48567 41.3104
0.524642 41.159
0.524642 41.1794
0.422849 41.1557
0.444713 41.3959
0.43372 41.3001
0.342955 41.0948
0.498305 41.2014
0.359477 41.5403
0.430421 41.5369
0.413269 41.2439
0.410451 40.9467
0.364724 41.5007
0.342955 41.2439
0.365251 41.5076
0.368421 41.3155
0.276074 41.7397
0.171249 41.5265
0.341935 41.3291
0.324841 40.7947
0.498305 41.336
0.498305 41.2797
0.410451 41.0576
0.351453 41.6649
0.380108 41.3787
0.261007 41.132
0.353497 40.8614
0.316661 41.2797
0.315209 41.132
0.256581 41.0021
0.238811 40.9232
0.211889 41.0796
0.200622 41.3291
0.198005 41.137
0.171548 41.266
0.108783 41.1252
0.0138518 41.3736
0 41.2882
0.738687 42.3872
0.597695 42.3639
0.58361 42.2226
0.56973 39.5585
0.835687 39.3623
0.885714 39.2172
0.859155 39.1972
0.885714 39.2049
0.613504 40.0128
0.885714 39.976
0.719784 39.8327
0.720379 40.9517
0.815534 40.5581
0.684685 40.5449
0.79269 40.8614
0.815534 41.1913
0.454545 41.0021
0.349633 40.3633
0.846154 40.9366
0.75 40.5597
0.814815 41.0644
0.814815 41.1573
0.814815 40.7017
0.75 40.3437
0.846154 40.321
0.783282 41.0965
0.563427 41.2337
0.904671 41.0779
0.724644 39.5523
0.840626 40.7914
0.904671 40.4662
0.840626 40.1349
0.768421 40.823
0.904671 37.5404
0.904671 40.6967
0.840626 40.5186
0.79919 40.3519
0.881151 41.0458
0.819309 40.798
0.858929 40.4106
0.858929 41.0813
0.752106 40.6669
0.864277 41.266
0.858929 40.5466
0.769854 40.3535
0.88601 41.2252
0.88601 41.115
0.752106 40.6009
0.769854 40.9299
0.88601 40.8764
0.88601 40.4008
0.769854 41.2201
0.788197 40.9149
0.886567 40.5022
0.844102 39.8645
0.822278 40.9567
0.769854 40.5301
0.88601 40.4957
0.864277 41.0004
0.770308 40.7249
0.90882 41.0038
0.90882 39.9058
0.90882 40.8764
0.90882 40.4924
0.653747 39.8851
0.90882 40.873
0.90882 41.0071
0.811953 40.5663
0.775457 40.7731
0.868217 41.1184
0.893313 40.6984
0.87291 40.1784
0.860169 40.2107
0.917031 40.1365
0.804728 40.945
0.896328 40.838
0.859784 40.2658
0.822906 39.8518
0.91891 40.0192
0.830444 40.016
0.866924 39.8788
0.836538 38.7057
0.805547 38.8651
0.852459 39.2896
0.851852 38.8682
0.736361 38.7072
0.694345 38.3745
0.704348 39.4415
0.834862 38.238
0.873803 40.5383
0.769912 39.9664
0.856545 40.5268
0.840592 39.9313
0.776368 40.5383
0.776368 40.4727
0.856354 40.0272
0.814815 41.0038
0.856354 40.5696
0.729412 40.4073
0.909091 40.6868
0.909091 40.6339
0.909091 40.3177
0.814815 40.1929
0.8 40.8147
0.89172 40.5943
0.89172 40.1284
0.8 39.6637
0.8 40.4008
0.814743 40.6636
0.661024 40.2382
0.602885 39.4929
0.749319 40.5861
0.83254 40.2641
0.749319 40.0577
0.83254 39.6275
0.803571 39.6936
0.819643 40.7266
0.819643 39.8931
0.851786 40.1011
0.686546 39.9026
0.871972 39.6652
0.840117 40.269
0.869974 40.1655
0.884483 39.9074
0.828087 39.703
0.874092 40.2674
0.859832 40.0465
0.889427 40.0432
0.861933 39.8295
0.783693 39.6306
0.849478 38.552
0.811018 38.506
0.811018 38.4645
0.813602 38.7702
0.802627 38.8515
0.828392 39.1236
0.84059 39.9154
0.745297 39.7014
0.84059 40.6256
0.828392 39.9744
0.814556 39.7962
0.814556 39.3345
0.814556 40.1413
0.814556 39.8597
0.768035 39.7599
0.768035 39.8042
0.757651 40.3845
0.768035 40.2414
0.717306 39.8232
0.768035 39.8963
0.768035 39.8486
0.757651 39.0229
0.757651 38.4394
0.768035 39.1788
0.757651 40.3633
0.757651 39.7804
0.745773 39.6511
0.745773 39.4992
0.745773 40.3633
0.745773 39.9616
0.745773 39.8073
0.745773 39.2804
0.745773 40.3291
0.757246 40.3193
0.770039 39.9553
0.781447 39.6306
0.772633 39.5101
0.803048 39.44
0.804196 40.1123
0.804196 39.8581
0.804196 39.7377
0.804196 39.5085
0.804196 40.347
0.804196 39.9616
0.804196 38.6982
0.768638 38.7537
0.768638 37.843
0.753114 38.8893
0.784651 39.0427
0.797126 39.0366
0.822828 39.6857
0.822828 39.4353
0.822828 39.3484
0.801709 40.0048
0.812024 39.8708
0.822828 39.4773
0.790795 39.2249
0.786805 40.0705
0.764261 40.2625
0.829675 39.9664
0.862319 40.3226
0.824275 40.5828
0.798913 40.0064
0.798913 40.3031
0.765333 40.3145
0.798913 40.5597
0.835821 40.2139
0.826167 40.5367
0.862836 40.5778
0.862836 40.2156
0.862836 39.8422
0.862836 39.4462
0.793042 40.4744
0.838975 40.0898
0.862836 40.0834
0.822002 39.6999
0.760464 40.5548
0.74026 40.1043
0.74026 39.9281
0.738806 39.8899
0.773298 40.6075
0.773298 40.1252
0.762812 39.9265
0.773298 39.9952
0.762812 39.9154
0.81572 40.5992
0.804398 40.1011
0.798722 40.1687
0.686168 40.1413
0.849317 39.0366
0.861479 38.432
0.816249 38.0909
0.827815 39.2866
0.865518 39.302
0.832717 39.3577
0.835028 40.4433
0.835028 40.0449
0.835028 40.0128
0.835028 39.4089
0.835028 40.0577
0.835028 40.2059
0.802311 40.5811
0.722741 40.95
0.800247 40.8213
0.746119 40.4008
0.776952 40.1349
0.776952 39.8692
0.776952 40.024
0.776952 40.0882
0.776952 39.6857
0.746119 39.82
0.776952 39.8406
0.776952 38.9985
0.776952 38.8742
0.776952 38.5624
0.776952 39.1742
0.776952 39.353
0.805395 40.2966
0.836 40.0336
0.764475 39.9106
0.794088 39.6244
0.866384 40.828
0.826087 40.3861
0.814716 40.0962
0.73817 40.4482
0.819731 40.4793
0.819731 40.321
0.819731 40.5137
0.718088 39.5054
0.684977 40.8664
0.74742 40.5943
0.909774 40.1687
0.839746 40.0032
0.880231 39.9744
0.799222 39.8867
0.810104 40.7365
0.795094 40.5828
0.781385 40.0449
0.74026 40.1784
0.686869 39.3159
0.646465 39.2449
0.646465 38.8108
0.646465 39.0961
0.646465 39.4571
0.646465 39.3639
0.646465 40.4384
0.646465 40.1494
0.646465 40.1204
0.646465 39.2727
0.66766 40.4842
0.66766 40.5334
0.66766 40.4547
0.66766 40.9031
0.657778 40.6174
0.646465 40.2722
0.646465 40.3388
0.646465 40.7249
0.646465 40.3551
0.646465 40.6207
0.657778 39.6197
0.66766 40.833
0.66766 40.6802
0.66766 40.3258
0.66766 40.1429
0.66766 40.4809
0.66766 40.4433
0.66766 40.4138
0.116627 40.2317
0.66766 40.2771
0.646465 40.308
0.646465 40.1349
0.646465 39.782
0.646465 38.7898
0.599331 37.3972
0.610033 37.9348
0.622755 39.1527
0.626907 39.2357
0.696185 39.5194
0.716614 40.2172
0.770701 40.2139
0.712819 39.6873
0.733587 40.6157
0.793548 40.4793
0.792208 40.4563
0.779221 39.0885
0.766234 40.1832
0.766234 40.494
0.729424 40.2739
0.766234 39.9074
0.767742 39.6936
0.757962 39.6715
0.748428 39.8311
0.748428 39.1267
0.748428 39.4462
0.793548 38.6071
0.6823 39.1865
0.793548 39.2542
0.793548 38.3318
0.712819 38.3156
0.793548 39.44
0.754866 39.116
0.746488 39.4213
0.736037 40.3096
0.736037 40.0561
0.701254 39.9441
0.69403 40.563
0.69403 40.5449
0.69403 40.321
0.69403 40.1897
0.69403 40.0545
0.69403 40.151
0.69403 40.085
0.69403 39.9409
0.706865 40.823
0.727612 40.7332
0.721101 40.0256
0.721101 39.9521
0.702359 40.7564
0.74026 40.6306
0.724138 40.2059
0.726316 40.0561
0.71134 39.7947
0.71134 39.7931
0.702564 39.7519
0.71134 40.3942
0.698743 39.8597
0.698743 39.9409
0.698743 39.9377
0.736354 39.7267
0.709755 38.7943
0.764228 38.7342
0.764228 38.3789
0.811208 38.4025
0.811208 38.5579
0.80092 38.1592
0.750951 39.1389
0.756073 39.3484
0.722744 39.482
0.75829 40.2075
0.767407 40.4989
0.767407 39.5961
0.767407 39.4976
0.767407 39.984
0.750547 39.5883
0.750547 39.7472
0.769795 39.4804
0.769795 38.7762
0.760759 37.7872
0.760759 37.8201
0.722488 38.9879
0.730769 39.1466
0.730769 39.1267
0.730769 40.1059
0.7125 39.9616
0.7125 39.4571
0.7125 39.5007
0.7125 40.0721
0.671152 40.0593
0.68139 39.8518
0.675451 38.9985
0.663879 39.3376
0.678255 39.5977
0.678255 39.3887
0.667059 39.2773
0.668424 39.3623
0.677049 38.4216
0.641667 38.4187
0.641667 38.0315
0.602151 37.9954
0.602151 38.257
0.602151 38.238
0.602151 39.3283
0.602151 38.9529
0.616487 39.2049
0.630824 40.3535
0.639286 39.6448
0.663373 39.7994
0.672098 39.9856
0.667116 39.7456
0.667116 39.3685
0.667116 39.4306
0.656028 39.2511
0.641469 39.3128
0.619483 38.6488
0.646853 38.9757
0.648084 39.1926
0.639175 39.0793
0.625749 38.2512
0.621654 38.2015
0.648753 37.7031
0.644353 37.8329
0.623686 38.0387
0.604452 38.0228
0.586913 38.7883
0.596558 38.7597
0.586466 39.6432
0.595636 38.4482
0.617125 38.5104
0.638453 38.8259
0.657839 38.8546
0.653928 38.8757
0.650063 38.0373
0.648253 36.9604
0.634313 38.1665
0.644588 38.1796
0.644588 38.0055
0.636364 38.2512
0.605954 38.9879
0.620323 39.1803
0.633836 38.8531
0.654265 38.7612
0.654265 39.1711
0.654265 38.7312
0.654265 38.9211
0.654265 39.1313
0.654265 39.5101
0.674556 39.2665
0.674556 39.2573
0.674556 39.3298
0.674556 38.7537
0.674556 38.8606
0.707649 38.6085
0.737013 38.6683
0.749924 37.9622
0.773784 37.4883
0.774648 37.7344
0.774648 37.6861
0.807775 37.8501
0.858257 37.978
0.872068 39.2095
0.878927 39.0976
0.909497 38.9332
0.870815 39.285
0.783711 39.4867
0.84684 39.3747
0.84684 39.1298
0.803811 39.208
0.891972 39.0137
0.844079 39.1114
0.92126 39.029
0.895542 38.2614
0.900863 37.8644
0.867385 37.9723
0.803847 38.1694
0.874901 38.6369
0.819323 39.1144
0.803847 38.6862
0.815621 40.0561
0.787394 39.7852
0.881767 39.5695
0.907917 39.6401
0.840612 40.024
0.864728 39.8756
0.861436 39.7156
0.738764 39.3329
0.880006 39.5023
0.788245 39.3422
0.886506 39.2418
0.835616 39.1435
0.828488 38.4482
0.737138 38.1403
0.80991 38.1825
0.784101 37.6308
0.77472 38.8908
0.694866 38.9241
0.747179 39.8883
0.762227 39.3267
0.777536 39.4073
0.793114 39.285
0.780939 39.3082
0.751049 39.0885
0.738544 39.2727
0.738544 39.4166
0.738544 39.2418
0.738544 38.2219
0.730383 38.0923
0.736392 38.4113
0.771901 38.3803
0.757079 38.6578
0.771901 39.1865
0.771901 39.8963
0.770935 39.7456
0.724458 39.507
0.716409 40.0384
0.688855 40.0866
0.688855 39.6983
0.676328 39.6479
0.720165 39.5961
0.720165 39.4089
0.692308 39.4368
0.711934 39.2465
0.711934 39.3809
0.725 39.4337
0.692308 38.5208
0.700405 38.5253
0.662745 38.238
0.666936 38.5669
0.697561 38.8863
0.720707 36.9276
0.590906 39.1619
0.496283 37.1154
0.420257 30.9014
0.524126 32.4559
0.524126 35.8461
0.524126 37.5136
0.337195 38.3054
0.310873 40.222
0.279672 40.1011
0.233979 39.9936
0.154298 38.7222
0.138686 37.8974
0.0787968 38.1592
0.0407804 39.0213
0.0243228 39.2295
0.00517562 39.1527
0 40.0336
0.949445 44.9418
0.873742 44.2615
0.898438 43.4877
0.858156 42.2797
0.307916 43.6167
0.278149 41.1083
0.322236 41.7816
0.333333 41.4594
0.382301 41.9024
0.313559 41.4817
0.404639 40.9249
0.414167 41.7206
0.329457 41.6632
0.374574 41.625
0.318146 42.4232
0.29958 42.2369
0.120041 41.7484
0.141114 41.3018
0.04139 41.7554
0.0412716 41.2865
0.00831278 41.0256
0 41.7101
0.948912 50.0801
0.948912 49.2902
0.848485 47.1654
0.763886 47.8515
0.832184 46.0087
0.787716 46.9616
0.74031 45.7519
0.756624 44.8129
0.442524 44.1735
0.493054 44.601
0.427124 44.2968
0.322394 45.6892
0.318905 47.5059
0.170548 48.0538
0.177887 48.2276
0.0728116 46.2727
0.0454613 45.6704
0 45.4876
0.887324 49.0461
0.925287 48.1417
0.733101 47.6985
0.800194 47.5127
0.877408 45.958
0.815718 44.9539
0.863805 44.5613
0.855072 44.0684
0.910448 43.0793
0.856095 43.7809
0.710799 43.2844
