0.083871 48.9189
0 49.1087
0.0495413 51.2926
0 22.8404
0.220339 45.8968
0 37.8558
0.0700637 50.2639
0.0746269 46.4253
0 48.8782
0.263158 50.6714
0.780919 50.388
0.191489 48.9189
0.220339 48.2067
0 47.1032
0.148064 51.2138
0.152542 48.7377
0 49.7884
0.780919 50.9347
0.780919 49.3925
0.435897 48.9644
0.206751 48.3185
0 47.3821
0.00680272 50.3702
0 49.4805
0.504478 50.4261
0.0746269 49.5025
0 48.4825
0.180328 51.5677
0.263158 49.838
0 50.1479
0.631068 51.2374
0.302326 48.5248
0.083871 49.5983
0 49.5614
0.263158 50.8647
0.148064 49.9176
0.435897 49.6253
0.0700637 48.5084
0.403694 48.8806
0.537459 49.0028
0.190157 47.0367
0.190157 46.49
0.284797 47.9662
0.178782 48.8019
0 47.7464
0.669377 46.1318
0.463183 45.1325
0.302326 44.5315
0.113924 43.8347
0 43.4367
0.10935 46.5441
0.106383 45.0532
0 44.835
0.189681 43.5673
0 42.461
0.616495 41.4697
0 41.0475
0.520362 40.4694
0.592417 39.9568
0.534247 39.336
0.758678 38.3921
0.758678 38.6967
0.732899 38.546
0.592417 38.2995
0.671642 38.4453
0.520362 37.9708
0.728988 36.7175
0.836066 37.9435
0.836066 38.2059
0.633803 38.7222
0.784615 38.7822
0.788079 38.8546
0.58011 39.2943
0.741176 35.7411
0.519897 38.9241
0.549738 39.7804
0.741176 39.7962
0.741176 40.032
0.636364 40.4384
0.636364 40.2755
0.423256 40.4171
0.423256 40.3177
0.636364 40.3193
0.604061 40.1204
0.604061 40.373
0.574879 40.3877
0.548387 40.3177
0.6 40.0818
0.524229 40.2593
0.572727 40.4073
0.547826 40.3812
0.50211 40.3633
0.304348 40.404
0.372781 40.3698
0.333333 40.3991
0.321429 40.3128
0.321429 40.3372
0.310345 39.9744
0.3 39.8454
0.2625 40.2059
0.254545 40.4089
0.231618 40.1994
0.217993 40.1445
0.2 40.36
0.216216 40.1945
0.181818 40.2156
0.185516 40.1962
0.17 39.8549
0.14736 39.7678
0.136297 40.0609
0.0969697 40.0513
0.0832466 40.1865
0.0833333 40.2755
0.0593641 40.2059
0.0305179 40.334
0 40.3861
