0.869555 37.154
0.869555 36.9222
0.8139 22.8613
0.936884 31.0733
0.892232 33.6655
0.938351 35.4346
0.869555 36.1559
0.835943 33.0011
0.889137 28.3768
0.878976 33.3378
0.8139 35.2584
0.901258 35.4271
0.936884 35.9428
0.867808 36.4087
0.806279 36.4285
0.878976 36.4378
0.8139 36.4897
0.912229 36.8406
0.808594 36.6932
0.783497 36.762
0.775641 36.8854
0.746667 36.6919
0.753472 37.2065
0.724638 37.8501
0.691252 37.5573
0.786232 33.8639
0.724638 35.7322
0.684472 36.7148
0.758953 37.577
0.699553 38.2512
0.7815 38.3921
0.7815 38.276
0.792049 38.4512
0.858065 38.1898
0.740986 38.2438
0.804348 38.2629
0.664766 38.3083
0.603583 38.4157
0.610535 38.4837
0.610535 38.3656
0.781785 38.1665
0.649958 38.4408
0.692505 38.2922
0.756585 38.4394
0.674009 38.3465
0.71807 38.4364
0.649927 38.5238
0.634146 38.4231
0.0971039 38.1417
0.265045 38.3318
0.618371 38.4497
0.572034 38.4408
0.634062 38.4882
0.56553 38.5996
0.591241 38.5966
0.66937 38.3215
0.742188 38.6742
0.700127 38.279
0.52827 38.6473
0.742188 38.3421
0.700127 38.7627
0.611078 38.2629
0.742188 38.3524
0.381102 38.4231
0.556004 37.0165
0.58642 38.0272
0.555556 38.429
0.555556 38.3774
0.524691 38.2073
0.489712 38.37
0.460905 38.2995
0.427984 38.348
0.372898 38.3597
0.427984 38.4084
0.374188 38.3318
0.390977 38.2658
0.390977 38.2834
0.390977 38.2687
0.401235 38.3995
0.374486 38.133
0.347737 38.4335
0.347737 38.4586
0.329949 38.2834
0.329949 38.2907
0.329949 38.0793
0.329949 38.0894
0.347737 38.4025
0.263259 37.9622
0.263259 38.3686
0.221445 38.2512
0.202938 38.1577
0.0910506 38.1286
0.0674574 38.3171
0.0472727 38.072
0.00927909 38.1345
0 38.1461
0.726141 47.694
0.726141 46.9903
0.429553 47.3059
0.854383 47.1409
0.631373 47.1988
0.516403 46.7902
0.429553 47.4271
0.516403 46.4382
0.516403 46.9263
0.516403 46.5095
0.538841 46.5116
0.516403 46.7137
0.614489 47.4676
0.614489 46.7617
0.67364 47.0478
0.777778 47.2077
0.661169 46.7486
0.427509 46.4145
0.611189 47.0278
0.551232 47.4428
0.733333 47.7099
0.782414 47.6281
0.658807 47.1787
0.544209 46.1106
0.669958 45.3741
0.531915 44.6907
0.441696 44.1677
0.565217 43.7006
0.634179 45.5166
0.676712 45.2817
0.359263 44.401
0.210574 45.1121
0.0521542 43.958
0 43.7656
0.693385 37.5023
0.790946 36.1246
0.790946 36.1011
0.887251 36.4591
0.60733 36.4047
0.753869 36.7148
0.642809 36.4193
0.680412 35.4962
0.715789 35.1679
0.680412 36.1651
0.67825 36.3928
0.586246 36.3782
0.647619 36.7377
0.614936 36.6153
0.647619 35.7398
0.715789 35.2896
0.586246 35.8064
0.647619 36.5577
0.805263 36.2792
0.805263 35.5556
0.856041 35.3632
0.765766 35.1481
0.556886 36.5764
0.489157 36.0244
0.617021 36.6663
0.229341 35.4836
0.127477 35.6595
0.0661553 36.1011
0 36.4804
0.786901 39.7662
0.551131 39.9058
0.672414 39.1252
0.742765 39.2665
0.667692 39.2418
0.812081 39.1007
0.860963 39.2958
0.780347 38.9363
0.857627 38.5981
0.807474 38.8485
0.713369 38.4202
0.631027 38.1286
0.601677 38.0851
0.52 37.5996
0.494 34.6777
0.570175 37.81
0.614035 38.1709
0.644737 38.8184
0.644737 38.9499
0.614035 38.7117
0.614035 38.9894
0.583333 39.1497
0.583333 38.959
0.552632 37.8946
0.592105 38.046
0.625 36.4325
0.666667 37.5192
0.607843 37.7131
0.714286 37.4448
0.755102 38.9181
0.677419 38.4867
0.631579 39.5491
0.559211 39.1435
0.559211 39.1037
0.559211 38.552
0.51 38.238
0.52193 39.142
0.52193 39.4027
0.533816 39.2218
0.484649 39.1328
0.442 39.4384
0.442 39.2835
0.484649 39.0274
0.533816 39.7725
0.484649 39.4353
0.484649 38.9833
0.45614 39.1451
0.45614 38.9014
0.45614 38.6832
0.45614 39.5148
0.45614 39.3174
0.0242962 38.8818
0 39.1696
0.0673509 41.9956
0 41.1607
0.242718 41.8428
0.0140158 41.7293
0 39.8486
0.373134 44.1618
0.152957 43.1425
0.0495627 42.2119
0 42.9479
0.689095 49.4218
0 47.7737
0.677733 48.7116
0.483178 45.106
0.344681 47.1743
0.322129 47.0987
0.409454 46.7137
0 45.4566
0.623583 50.153
0.0936107 47.9593
0.00232883 49.1642
0 48.2393
0.891253 50.1756
0.891253 48.2859
0.00628931 46.9704
0.00041684 35.068
0 37.477
0.412821 50.7666
0 45.104
0 45.2878
0 47.2813
0 49.1618
0 45.0288
0.0619469 43.6758
0 43.3802
0.326027 44.4109
