0.736434 48.5437
0.566434 42.7991
0.694402 46.6962
0.341317 46.6461
0.485993 47.9754
0.84514 49.9725
0.566434 49.9151
0.456437 49.645
0 36.9918
0.84514 43.852
0.848485 39.3035
0.104072 40.6587
0.0278012 43.6357
0 44.5454
0.84514 49.5737
0.566434 46.705
0.12963 47.8973
0 47.1387
0.736434 49.2805
0.773256 48.0538
0.185185 47.8904
0.11316 46.0893
0.201747 47.0433
0.0417827 47.221
0.0125092 47.2188
0 46.1851
0.694402 49.5197
0.611511 47.6168
0.736434 48.3325
0.84514 47.5986
0.639824 46.729
0.611511 46.8143
0.536351 47.9249
0.611511 48.1394
0.694402 46.8823
0.611511 46.3607
0.536351 47.7669
0.611511 47.4226
0.736434 45.9074
0.503356 45.7938
0.503356 47.3373
0.639824 46.644
0.503356 45.5228
0.456437 45.8884
0.566434 46.7159
0 48.3325
0.84514 49.645
0.84514 47.2411
0.639824 47.6758
0.736434 46.5918
0.84514 45.1957
0.84514 47.1387
0.694402 46.9616
0.84514 45.498
0.736434 45.8737
0.611511 46.4382
0.536351 46.2193
0.46789 46.6505
0.322314 45.7268
0.0971185 46.9616
0.118377 47.8309
0.168433 46.3435
0.0678149 46.0109
0 47.344
0.84514 49.6672
0.84514 47.4563
0.639824 48.2882
0.694402 47.2724
0.736434 46.4987
0.674267 46.2942
0.570186 47.3507
0.645933 47.2657
0.630332 46.2727
0.528889 44.7187
0.645933 44.5732
0.179092 44.0626
0.218778 47.1231
0.446898 47.9455
0.284729 47.895
0.0935252 46.6527
0 46.3843
0.612903 47.3979
0.527273 44.833
0.586081 43.4235
0.666667 45.0552
0.632653 44.3125
0.673469 44.0626
0.686747 44.0548
0.793991 42.9701
0.479689 43.163
0.635148 44.1677
0.700971 45.1345
0.611776 44.4741
0.560107 43.2563
0.731225 43.1779
0.703422 44.4563
0.490975 45.3515
0.606061 45.3309
0.251661 43.9059
0.365854 43.8347
0.362319 43.3407
0.555556 45.3741
0.555556 45.0775
0.435897 43.8135
0.435897 44.1131
0.27138 43.0404
0.326774 44.4939
0.340909 44.5295
0.353405 44.7027
0.432692 44.3774
0.30131 44.3027
0.412322 43.5597
0.336323 44.8511
0.449225 44.9458
0.459459 44.4504
0.174868 44.2615
0.0232558 43.691
0 45.1365
0.746313 46.6222
0.874615 44.9458
0.618605 43.1351
0.826772 42.5894
0.813953 41.8288
0.563871 41.5472
0.105335 42.5641
0 41.8796
0.409623 49.2927
0.330948 49.3827
0.38145 49.3145
0.0935252 47.1476
0 46.2043
0.744163 50.8001
0.849549 46.4511
0.855131 45.1855
0.646732 46.6657
0.735456 47.0588
0.720418 46.9748
0.66028 47.0146
0.66 44.9984
0.765957 45.6038
0.670899 44.1443
0.721827 43.9986
0.543012 44.5712
0.684402 46.4662
0.358409 46.7137
0 47.2233
