0.221162 39.2357
0 40.517
0.0406504 38.9166
0 38.3995
0.0778443 40.6124
0 39.9249
0.359477 51.1666
0.136612 49.8405
0 50.3398
0.324841 51.1614
0.403509 49.1063
0.377483 50.2513
0.59775 49.1981
0.588156 47.4406
0.598916 47.1032
0.584256 48.1255
0.334715 48.7876
0.450644 47.7783
0.458468 46.4209
0.488722 49.2684
0.38704 48.8138
0.36289 47.0256
0.488722 46.4339
0.488722 48.3209
0.488722 47.8149
0.453211 46.7661
0.461255 48.5909
0.380994 48.2532
0.38704 46.307
0.366695 46.8143
0.38704 48.0931
0.453211 49.0388
0.38704 46.6548
0.366695 46.1723
0.38704 49.2781
0.453211 47.6576
0.293233 46.2942
0.423671 48.398
0.488722 48.8496
0.453211 46.7902
0.488722 46.7115
0.515873 48.5154
0.38704 48.0538
0.38704 45.8863
0.326633 48.2439
0.38704 48.5814
0.38704 46.5744
0.461255 45.8085
0.271268 48.5649
0.366695 48.6808
0.453211 47.2456
0.432574 46.9726
0.370184 48.2346
0.395349 48.0977
0.353218 46.5224
0.499576 48.0169
0.424658 48.9428
0.350649 47.2769
0.424658 44.6209
0.355443 46.9351
0.530222 47.9731
0.482927 46.7028
0.382716 46.3435
0.349398 46.3006
0.482927 48.3536
0.608466 47.9777
0.668449 47.6395
0.552239 47.0765
0.402698 47.9409
0.462555 46.7683
0.502262 46.9241
0.433683 46.5116
0.324971 48.4754
0.502262 48.1348
0.371692 46.4792
0.412571 48.3232
0.383524 48.5178
0.419773 48.0885
0.419773 46.6418
0.473456 48.0538
0.385608 49.2247
0.417771 47.1809
0.418182 46.0617
0.418182 47.7145
0.340153 47.9939
0.432999 46.8582
0.484419 47.2032
0.417766 48.8854
0.328937 47.6849
0.466788 46.2642
0.452381 48.8424
0.429289 48.9404
0.333843 47.1609
0.379363 46.3328
0.343284 48.8544
0.343284 48.2509
0.428571 46.5095
0.373134 46.0299
0.420085 47.9203
0.446154 48.8472
0.391304 47.2389
0.507692 46.4145
0.508152 48.2532
0.471429 47.5376
0.384071 46.1489
0.411765 47.4811
0.384 48.2765
0.38141 46.4878
0.364522 45.9284
0.342491 46.4857
0.322414 48.5413
0.283499 47.9616
0.31384 45.8064
0.300872 45.8547
0.251852 47.5783
0.223404 48.0284
0.2125 46.9263
0.2125 45.9855
0.202381 47.6622
0.194387 47.7829
0.171245 46.8889
0.158475 46.3607
0.152033 48.3559
0.157835 48.5602
0.15176 47.3059
0.125084 46.503
0.126104 46.7508
0.115966 45.8043
0.102222 45.7164
0.0830557 43.5313
0.0742064 44.7487
0.0590278 44.601
0.0483267 43.9889
0.0401417 45.0958
