0.442886 46.1574
0.442886 44.3203
0.670534 45.6767
0.522199 42.2779
0.655172 45.9411
0.813602 47.0588
0.548387 48.5225
0 48.8854
0.46789 36.6381
0 36.7458
0.0666667 48.223
0.0827068 45.9495
0.170732 47.5014
0.19403 48.1533
0.0041841 47.6894
0 47.8149
0.0992366 50.0676
0 49.334
0.522199 49.9525
0.306715 49.0822
0.230769 49.3121
0.371429 48.8162
0.247834 48.9908
0.297297 49.2854
0.19403 48.4707
0.306715 48.7092
0.15942 48.6074
0.119751 48.8257
0.371429 49.0076
0.230769 49.01
0.0041841 49.3632
0.0041841 47.9134
0.00139082 48.572
0 49.0461
0.522199 49.2344
0.230769 49.2514
0.813602 48.6429
0.670534 49.1232
0.670534 48.7211
0.813602 48.0215
0.817308 48.3746
0.745958 48.0631
0.752212 48.2975
0.752212 48.0008
0.609756 47.9294
0.752212 48.3325
0.609756 48.4355
0.56213 47.8446
0.752212 47.5805
0.488722 48.1742
0.630252 48.0423
0.466919 48.3092
0.302013 48.1464
0.37415 48.3512
0.590551 48.4684
0.648855 48.5343
0.531915 48.6571
0.586207 47.6327
0.6 47.8744
0.5625 48.452
0.405405 48.6689
0 48.3957
0.855389 48.0146
0.081826 47.5308
0 47.9639
0.742012 47.7054
0.496867 47.3194
0.628499 47.132
0.0578512 47.1965
0 47.8698
0.570517 42.6457
0.33258 42.2994
0.706522 42.2262
0.338182 42.2226
0.320349 42.4646
0.260745 42.3155
0 42.7387
0.382177 46.5918
0.00292069 44.3991
0 46.0257
0.72067 46.1127
0.845699 45.6184
0.822064 45.3063
0.650868 44.8129
0.694709 44.8511
0.623587 45.0106
0.70481 43.6129
0.435122 39.8629
0.665102 43.1016
0.452289 43.3313
0.453011 44.1501
0.113605 44.3853
0 44.8632
0.286985 41.2337
0 41.132
0.18824 46.1425
