0.882353 39.8438
0.854943 40.0705
0.821656 37.4841
0.854628 38.7312
0.682035 30.8632
0.877805 31.9112
0.850016 29.6833
0.832351 35.6939
0.828877 36.539
0.753589 39.1298
0.569604 39.0244
0.840088 38.9621
0.695652 39.2019
0.806897 39.1328
0.831135 39.0274
0.725639 38.4793
0.639796 39.0564
0.804749 38.7357
0.831135 38.5475
0.793861 38.4512
0.739934 38.4941
0.785564 38.2834
0.837192 38.0026
0.813456 38.1156
0.873524 39.6731
0.888 39.8295
0.837511 39.5288
0.818648 30.3122
0.627706 39.3376
0.740741 39.6857
0.681275 39.9936
0.643942 40.0368
0.654839 39.496
0.566412 39.801
0.571784 39.5335
0.642671 39.0016
0.606446 38.5832
0.606446 38.8154
0.538586 38.7387
0.522559 38.5788
0.522559 39.6197
0.555742 39.4804
0.522559 39.4446
0.603276 39.5319
0.682904 39.7741
0.704062 40.1735
0.704062 39.4695
0.682904 39.6904
0.700916 39.4166
0.615459 39.1604
0.657086 38.8425
0.626667 39.1604
0.690141 38.7567
0.63824 38.8319
0.660793 38.7372
0.705882 39.8105
0.705882 39.8851
0.705882 40.0192
0.697259 40.1445
0.681159 40.4057
0.681159 39.7188
0.679739 39.9106
0.679739 39.2603
0.681159 39.1359
0.577406 38.5773
0.633803 39.3314
0.705882 38.8833
0.705882 38.6772
0.681159 38.6787
0.705882 38.257
0.633803 39.3871
0.681159 39.1942
0.501992 39.917
0.633803 39.6228
0.705882 39.5351
0.487913 40.0016
0.309596 39.7994
0.323605 35.6506
0.440448 37.3958
0.681159 39.6322
0.681159 39.5366
0.589041 40.1526
0.116623 40.3535
0.316261 38.6369
0.349672 31.5179
0.234094 35.1729
0.619048 36.8609
0.480159 38.0416
0.396825 37.8272
0.275591 38.2248
0.218045 38.9605
0.00738438 39.0396
0 38.1767
0.753425 46.9153
0.593361 45.5955
0.281602 45.4731
0.107027 45.0938
0.0353893 44.0141
0.101449 44.9196
0.285161 43.7848
0.0641774 45.5622
0 45.0653
0.460076 47.3889
0.347368 46.3628
0.376344 45.5
0.460076 44.4543
0.593361 45.0857
0.143992 44.8954
0.292929 44.5772
0.0912442 43.6815
0 43.8154
0.162462 47.201
0.00543057 46.262
0 45.405
0.128694 47.6554
0 46.5095
0.103448 44.6229
0.0805057 43.8539
0.0103218 43.6834
0.00557276 43.2264
0.0115502 42.6749
0.0536585 43.176
0 42.3675
0.102421 41.7851
0 40.032
0.632653 40.9651
0.137056 40.5137
0 40.9551
0.740181 41.0273
0.300226 40.9567
0.368799 40.5943
0.434547 40.2123
0.461728 40.0016
0.119093 41.0931
0.059034 40.3535
0.0540059 40.1735
0.00056338 39.8947
0.00875657 40.8931
0 40.5597
0.251735 40.6091
0.210494 40.8831
0.154309 39.9425
0 39.3391
0.154639 40.7415
0 40.5548
0.7951 40.4924
0.204979 40.7531
0.0985678 40.1123
0.00957354 39.8724
0 39.8995
0.403509 50.3373
0 49.1159
0 49.9625
0.0768105 48.7995
0 46.4533
0.00330033 41.0425
0 39.4337
0.45605 40.282
0.253785 40.1703
0.339676 40.1365
0 39.6873
0.859974 40.7498
0.450051 40.5236
0.384447 40.6719
0.279686 39.3391
0.0697293 39.7093
0.00356379 40.085
0 39.2111
0.47646 41.6493
0.167535 39.8502
0.0109607 38.3142
0.0377234 39.1144
0.0446735 39.2065
0 39.2742
0.450051 39.7836
0.594564 39.6841
0.573184 39.353
0.538798 38.8999
0.598184 39.2434
0.71917 39.7172
0.538798 39.96
0.762203 39.4275
0 39.2203
0.859974 41.0038
0.100422 40.0786
0 39.9489
0.289228 40.2253
0.0610399 39.1742
0.172356 39.5241
0 39.4726
0.848024 46.3564
0.717613 45.6579
0.712575 44.9438
0.780919 43.7025
0.230769 42.4845
0.0958904 42.6658
0 42.0133
0.806623 49.5614
0.677737 47.0146
0.60282 47.8744
0.468245 47.4924
0.59719 45.9369
0.717884 45.5415
0.717884 42.3567
0.677737 43.2021
0.0748621 42.9553
0 44.2478
0.859974 41.1404
0.573184 39.0396
0.762203 39.248
0.50911 38.4069
0.483667 38.7222
0.674197 38.0764
0.594564 38.2365
0.43235 37.8917
0.573184 37.4294
0.71917 38.0633
0.538798 39.1696
0.762203 38.8531
0.447071 38.7807
0.71917 39.9297
0.64294 39.6401
0.859974 38.7537
0.0756303 39.4135
0 40.1978
0.190194 40.5334
0 39.8438
0.50911 40.1913
0.859974 39.7678
0.71917 39.9537
0.859974 39.5867
0.859974 39.1788
0.859974 39.5538
0.71917 38.8787
0.598184 38.6772
0.71917 38.6937
0.573184 38.7567
0.762203 39.1037
0.71917 38.5698
0.395441 38.279
0.450051 37.6818
0.573184 37.7858
0.762203 37.8115
0.50911 38.2585
0.0923196 38.9757
0 39.3484
0.403789 39.9074
0.403789 39.1589
0.384464 38.8108
0.450051 38.2482
0.450051 39.0717
0.288198 38.9166
0.450051 39.7062
0.50911 39.482
0.50911 39.521
0.258266 39.3623
0.493107 38.7537
0.400995 39.5507
0.0610399 39.6228
0.0562641 39.3437
0 40.4106
0.384464 40.5762
0.598184 40.308
0.0864903 40.3226
0.033619 40.2285
0.203414 39.7425
0 38.7387
0.403509 39.9122
0.170131 39.9648
0.00213523 40.0432
0 39.9138
0.859974 39.7504
0.594564 39.8089
0.483667 41.2048
0.64294 36.0763
0.50911 38.6056
0.674197 40.04
0.50911 40.3193
0.674197 40.5795
0.522162 40.1268
0.594564 40.8363
0.190194 40.8113
0.0122214 40.5351
0.0468401 40.8797
0.0610399 40.6851
0 41.137
0.0188679 45.0471
0.0511408 45.0694
0 44.5514
0.538798 41.1896
0.859974 41.0055
0.859974 41.3565
0.762203 41.0357
0.0180766 40.8547
0 40.5055
0.762203 41.389
0.71917 40.8781
0.859974 40.9635
0.674197 41.1032
0.859974 40.8497
0.64294 40.7614
0.859974 40.8948
0.674197 40.619
0.71917 41.0829
0.64294 40.1735
0.71917 41.1573
0.598184 40.6355
0.859974 40.9903
0.859974 40.5992
0.450051 40.6124
0.674197 40.9584
0.762203 40.6025
0.45605 40.7448
0.155045 40.391
0 41.1726
0.240529 41.3822
0 41.3138
0.339676 41.4285
0.116574 41.5783
0.00996678 41.6146
0 40.987
0.1364 38.9196
0 39.4182
0.0562891 38.844
0 38.8621
0.00213523 38.9302
0 38.3524
0.0136789 38.9818
0 39.208
0.395441 38.8334
0.339676 38.8033
0.395441 38.6653
