0.897436 43.2526
0.277798 32.6787
0.247611 41.3822
0.300684 40.6207
0.210294 42.7954
0.240287 43.6872
0.273215 45.1264
0.370365 44.8591
0.443084 33.9098
0.141832 38.4453
0.047396 40.6174
0 42.0929
0.889602 40.201
0.871087 39.4166
0.657901 39.8597
0.826505 40.1075
0.457335 40.1155
0.362004 40.3161
0.437145 39.9441
0 39.5679
0.491146 44.7828
0.121446 45.1896
0.0110686 44.609
0 45.2694
0.833119 41.6684
0.85098 41.4233
0.679475 40.235
0.756098 30.8385
0.648202 34.8845
0.722101 37.3134
0.613296 37.8716
0.555556 38.1199
0.419418 38.4039
0.0137741 38.8878
0 39.0488
0.633232 44.7567
0.132743 44.4682
0 43.735
0.787966 47.9386
0.787966 47.172
0.391822 46.9219
0.834128 45.7729
0.834128 46.2321
0 46.9219
0 45.754
0.865724 45.939
0.520237 44.8511
0.37859 43.8116
0.512329 44.1677
0.375303 43.3276
0.447749 42.8339
0.618234 44.082
0.447749 45.0572
0.569837 43.4216
0.403831 44.047
0.510361 43.6777
0.584541 42.8596
0.365718 42.6367
0.596107 42.3173
0.575568 43.7369
0.334237 44.5494
0.596107 44.2341
0.673469 44.2204
0.687955 43.1406
0.78 43.6567
0.633252 43.2582
0.707006 43.6777
0.799599 44.3872
0.44722 44.4899
0.875751 44.2302
0.870833 44.2478
0.875751 43.7733
0.599318 43.4273
0.415849 43.4783
0.214049 43.8982
0.295615 43.8827
0.116802 44.3027
0.170306 44.2988
0.0763052 43.8231
0.0293361 43.2171
0 41.6285
0.092084 39.6699
0 38.8319
0.736607 40.6421
0.53271 39.9058
0.517391 38.4202
0.0177881 38.4497
0 38.2395
0 40.7282
0.68717 41.401
0.254902 40.0384
0.68717 39.1773
0.42723 40.0914
0.487765 40.2026
0.371429 39.7551
0.566667 40.5581
0.442886 41.11
0.513078 41.4903
0.610278 41.0492
0.264325 41.8725
0.416196 42.269
0.0914369 41.8953
0.35009 42.0557
0.28109 42.0292
0.28988 42.0274
0.234811 41.0223
0.151608 41.978
0.0287278 42.2976
0 41.8095
0.826638 48.2276
0.826638 47.7145
0.597043 45.4401
0.826638 45.3597
0.57377 44.9095
0.639604 43.7905
0.536178 43.85
0.56213 44.8511
0.47486 44.5911
0.752212 43.9097
0.56213 43.4254
0.56213 44.3302
0.47486 44.0276
0.574553 43.5123
0.56213 45.0207
0.201821 44.7868
0.294118 45.7247
0.377176 47.2389
0.609756 47.5082
0.688699 46.3951
0.488722 46.8757
0.00992908 47.0478
0 46.2449
0.409002 46.7333
0.341615 46.2428
0.352818 45.3618
0.454545 45.2284
0.548387 44.117
0.548387 43.9502
0.442886 44.1443
0.350844 43.3013
0.247834 44.5038
0.813602 43.8847
0.409002 43.4934
0.442886 44.4227
0.371429 43.7158
0.19403 43.4141
0.0155148 43.7809
0.0510949 43.6872
0 43.6034
0.813602 48.5225
0.655172 46.8318
0.813602 46.4965
0.522199 46.2278
0.352818 47.4518
0.454545 46.5766
0.670534 46.183
0.522199 45.6663
0.226576 37.8687
0.0666667 38.5015
0.0126582 41.9217
0.0126582 43.4084
0.0300429 40.2998
0.269841 37.5235
0.306715 38.6982
0.0992366 41.2916
0.0992366 44.9378
0.0183876 44.6369
0.0155148 44.018
0 45.0308
0.670534 46.2813
0.655172 45.0167
0.522199 44.5971
0.46789 44.9357
0.548387 44.1677
0.619433 44.2028
0.381693 43.1779
0.33122 43.4329
0.818182 44.1852
0.442886 44.1423
0.655172 44.0083
0.548387 43.0052
0.670534 43.1704
0.670534 44.6708
0.670534 44.3853
0.118881 43.4273
0.0480349 42.3352
0.311475 44.1579
0 43.7101
0.813602 47.824
0.813602 45.0979
0.813602 44.6907
0.548387 45.0532
0.0572687 44.5732
0 45.939
0.670534 48.2975
0.670534 48.0054
0.813602 47.3485
0.670534 45.5021
0.442886 43.2414
0.371429 35.5063
0.247834 34.7295
0.371429 40.1332
0.0762332 44.5553
0 46.3049
0.350844 47.6463
0.297297 47.2032
0.813602 47.2925
0.409002 46.7377
0.144674 44.2517
0.0183876 44.9762
0 46.3929
0.655172 46.8626
0.522199 46.3628
0.322314 44.8069
0.670534 45.7666
0.33122 45.0126
0.334969 44.9701
0.412844 44.5077
0.587629 44.3577
0.495146 43.2283
0.64486 43.5256
0.699068 43.2807
0.747945 42.8266
0.250761 43.9908
0.263607 42.9756
0.195402 43.4141
0.331781 43.6624
0.0629371 43.0775
0 43.3276
0.534308 40.5088
0.0141264 38.4482
0 38.004
0.852632 44.7087
0.478992 42.0946
0.0156636 41.1862
0 41.4439
0.343511 43.7369
0 41.9428
0.343511 44.4701
0.261003 43.2171
0.0666667 42.6821
0.0139918 43.6148
0 42.9424
0.204301 43.4103
0.205721 43.2021
0.049049 43.1984
0 42.4953
0.852632 42.715
0.478992 43.0293
0.250761 41.2729
0.414466 40.9567
0.249755 40.838
0.229937 41.0526
0.344795 41.0745
0.197758 40.6918
0 41.5472
0.877333 44.8632
0.717011 44.4267
0.751987 43.2077
0.75 43.5256
0.696222 44.0742
0.699225 44.285
0.665116 43.8827
0.634945 42.8633
0.238155 42.4394
0 42.4178
0.73471 45.7708
0.353041 43.3219
0.204819 42.0822
0.225115 41.8218
0.298701 42.0893
0.373391 41.5645
0.504702 41.799
