0.829522 49.6771
0.753653 51.1404
0.826087 46.3263
0.753653 48.3185
0.826087 49.4438
0.826087 42.4628
0.826087 47.6145
0.826087 48.1162
0.753653 48.6429
0.826087 49.5295
0.753653 49.7661
0.826087 50.1505
0.753653 50.2361
0.736364 49.9575
0.668122 50.01
0.736364 50.2235
0.736364 50.2513
0.736364 49.9027
0.736364 50.0025
0.608421 49.7909
0.608421 50.0927
0.668122 50.0025
0.736364 49.8554
0.736364 50.3297
0.736364 49.9875
0.668122 50.1228
0.668122 49.5123
0.736364 49.975
0.500982 50.226
0.736364 50.2285
0.546559 50.0501
0.613636 49.8828
0.668122 47.8813
0.736364 50.045
0.654545 50.2816
0.654545 50.3246
0.654545 49.6598
0.654545 49.9301
0.596491 50.1203
0.654545 49.9002
0.509091 49.8529
0.509091 49.9825
0.509091 49.8554
0.509091 50.2993
0.509091 50.2689
0.509091 50.4745
0.509091 50.0075
0.509091 50.035
0.462555 50.0651
0.509091 49.9675
0.509091 48.9572
0.509091 49.955
0.462555 50.1781
0.509091 49.9251
0.462555 50.1128
0.654545 50.2134
0.654545 50.01
0.596491 50.2664
0.596491 50.0601
0.596491 50.1002
0.491803 49.7711
0.596491 50.01
0.596491 50.1429
0.557377 49.687
0.666667 49.6845
0.677966 49.7934
0.622951 49.7191
0.677966 50.1781
0.622951 50.2412
0.622951 49.6697
0.622951 50.0751
0.622951 49.838
0.622951 50.1731
0.677966 50.2765
0.677966 50.1379
0.677966 49.8405
0.677966 50.2689
0.677966 49.9675
0.677966 49.9251
0.677966 50.3601
0.622951 50.5178
0.622951 50.4108
0.677966 50.1002
0.677966 49.8853
0.622951 49.6919
0.685484 50.2033
0.756303 50.4872
0.62963 50.0902
0.685484 50.1278
0.685484 50.5331
0.62963 50.3221
0.756303 49.9875
0.756303 50.4337
0.685484 50.3753
0.833333 50.1102
0.76 50.3525
0.76 49.9102
0.833333 49.9351
0.695568 50.3931
0.695568 50.1907
0.833333 50.1681
0.695568 49.3316
0.695568 50.0425
0.646259 50.1454
0.766423 50.355
0.70123 49.8579
0.646259 49.7711
0.766423 49.8405
0.70123 50.2109
0.70123 50.4058
0.594728 50.153
0.70123 50.2235
0.766423 50.3195
0.70123 50.1153
0.70123 50.1329
0.766423 50.1857
0.70123 50.1505
0.766423 49.5638
0.70123 50
0.70123 49.8927
0.650897 50.2159
0.705128 50.3728
0.654762 49.8504
0.606936 49.7315
0.606936 49.645
0.606936 50.1907
0.654762 49.848
0.559607 48.04
0.654762 48.9548
0.654762 49.186
0.611111 49.3925
0.611111 49.613
0.611111 49.8008
0.611111 49.554
0.611111 50.0225
0.611111 49.838
0.611111 49.1352
0.611111 49.7884
0.567568 49.7438
0.611111 49.9575
0.611111 49.9426
0.611111 50.1052
0.611111 50.1907
0.611111 49.98
0.567568 50.1857
0.611111 50.2386
0.567568 50.04
0.567568 49.6919
0.611111 49.5835
0.611111 49.7166
0.611111 50.2563
0.567568 49.6771
0.567568 49.687
0.567568 49.985
0.611111 49.6845
0.567568 50.0175
0.611111 49.7934
0.567568 49.8902
0.611111 49.8554
0.567568 50.3043
0.611111 50.2336
0.611111 50.3347
0.611111 50.0275
0.611111 50.0977
0.611111 50.0501
0.532995 50.1454
0.572917 50.0601
0.539216 49.7537
0.539216 50.221
0.539216 50.2816
0.539216 50.274
0.539216 50.0826
0.502392 49.9351
0.502392 49.3218
0.539216 46.066
0.532995 46.9682
0.572917 47.6804
0.572917 48.7995
0.532995 48.8974
0.532995 49.4291
0.532995 49.8132
0.58011 49.5074
0.58011 49.7636
0.532995 49.6919
0.572917 49.8306
0.528846 49.8107
0.528846 49.8927
0.52381 49.7364
0.52381 49.4682
0.52381 49.6746
0.52381 50.0375
0.52381 48.8257
0.52381 49.3608
0.52381 49.724
0.52381 49.7067
0.52381 49.6746
0.52381 49.7909
0.52381 49.9351
0.52381 49.8828
0.52381 49.8256
0.52381 49.8281
0.52381 49.7562
0.52381 50.1983
0.52381 49.729
0.52381 50.0626
0.52381 49.7166
0.52381 49.6894
0.491071 50.0025
0.491071 49.9002
0.462185 49.5761
0.462185 49.9775
0.431373 50.1303
0.431373 49.4878
0.431373 49.7884
0.431373 49.412
0.431373 49.6919
0.431373 49.838
0.431373 49.7364
0.431373 49.2271
0.431373 47.0035
0.381944 47.957
0.381944 49.2174
0.381944 49.3657
0.381944 49.3778
0.381944 49.7983
0.340557 49.4486
0.340557 49.5442
0.305556 49.6894
0.305556 50
0.291005 49.9201
0.291005 49.6722
0.263158 49.5589
0.263158 49.6598
0.23913 49.7661
0.23913 49.7512
0.23913 49.8132
0.23913 49.8256
0.238095 49.8778
0.217391 49.6401
0.218254 49.7611
0.22 49.6204
0.211538 49.5
0.214425 49.9002
0.214425 49.848
0.214425 49.8206
0.214425 49.7909
0.214425 48.5484
0.214425 49.7438
0.214425 49.7785
0.196429 49.4535
0.180624 49.5197
0.166667 49.8455
0.166667 49.3852
0.174603 49.7438
0.174603 49.9326
0.174603 48.8568
0.174603 48.6547
0.174603 49.3827
0.174603 49.2102
0.174603 49.7067
0.174603 49.5491
0.174603 49.5172
0.174603 49.8182
0.174603 49.8157
0.174603 49.4511
0.174603 49.4193
0.174603 49.2296
0.174603 49.8753
0.174603 50.0325
0.174603 50.0701
0.174603 49.4878
0.174603 49.2611
0.174603 49.3535
0.168971 49.9176
0.168971 49.5712
0.16369 49.7413
0.16369 49.8306
0.16369 49.4976
0.16369 49.0364
0.16369 45.0045
0.151515 47.9846
0.151515 49.5148
0.151515 49.0605
0.15873 49.2562
0.15873 49.5491
0.147059 49.5933
0.140665 49.5884
0.130952 49.6993
0.118919 49.6697
0.115789 49.781
0.105769 49.351
0.105769 49.6032
0.105769 49.7092
0.105769 49.8455
0.105769 49.8803
0.105769 49.9326
0.105769 49.4609
0.105769 49.7092
0.105769 49.9052
0.105769 49.4486
0.105769 49.7117
0.105769 49.5099
0.105769 49.3583
0.105769 49.412
0.105769 49.5393
0.105769 49.6771
0.117521 49.9326
0.132212 49.6229
0.151099 49.3608
0.156695 49.8206
0.156695 49.9401
0.162722 49.4731
0.162722 49.6919
0.162722 49.8878
0.162722 49.4633
0.162722 49.3535
0.162722 49.3194
0.162722 49.581
0.162722 49.5221
0.162722 49.3998
0.162722 48.5673
0.156695 49.0629
0.157143 49.4805
0.151724 49.645
0.151724 49.65
0.151724 49.8853
0.151724 49.2999
0.146667 49.5638
0.1375 49.7636
0.133333 50.1354
0.104167 50.0225
0.0808824 49.9077
0.068836 48.4004
0.068836 49.9625
0.068836 50.0175
0.068836 48.9884
0.068836 49.7909
0.068836 48.0839
0.068836 49.8604
0.0668693 48.714
0.0654762 49.6623
0.0636574 49.8306
0.0636574 49.9226
0.0636574 49.9376
0.0636574 49.9725
0.0636574 48.9524
0.0636574 50.153
0.0636574 50.0275
0.0619369 48.9692
0.060307 49.9326
0.0587607 49.9077
0.0587607 49.9975
0.0587607 50.1253
0.0587607 50.0851
0.0600109 49.9052
0.0600109 49.4413
0.0613155 49.985
0.068793 49.9825
0.0804094 49.8082
0.0933786 50.2109
0.0959024 50.1857
0.0929054 50.0325
0.0954861 49.7488
0.0954861 49.2684
0.0954861 42.3944
0.0954861 45.2489
0.0929054 47.7943
0.0929054 49.8878
0.0904605 49.7735
0.0904605 49.7983
0.0904605 49.9675
0.0904605 49.5344
0.0904605 49.99
0.0904605 49.9301
0.0904605 49.8256
0.0904605 50.1228
0.0904605 49.9276
0.0904605 49.6303
0.0904605 49.6278
0.0904605 49.6574
0.0904605 49.8853
0.0904605 49.9052
0.0904605 50.1027
0.0904605 49.022
0.0904605 49.2902
0.0904605 49.1957
0.0904605 49.9027
0.0904605 49.7512
0.0877193 49.5958
0.0877193 49.8008
0.0761773 50.0877
0.0641026 50.1907
0.0575615 49.8455
0.0585106 50.0275
0.0609756 49.9426
0.0623583 49.9401
0.0595238 49.98
0.0557244 49.995
0.05345 49.955
0.05345 49.8256
0.05345 50.005
0.05345 50.1354
0.0544285 49.0846
0.0555556 49.965
0.0569358 50.04
0.0569358 50.1379
0.0569358 50.1379
0.0569358 49.505
0.0583245 50.3322
0.0613155 49.8679
0.0629291 50.0776
0.0615901 50.2361
0.0615901 50.2639
0.060307 50.158
0.0590763 50.0851
0.0590763 49.5933
0.0578947 50.2614
0.0594595 49.8306
0.0594595 49.8579
0.0611111 50.1832
0.0611111 50.421
0.0611111 50.3753
0.0611111 50.3195
0.0611111 50.1102
0.0611111 49.9575
0.0611111 50.0601
0.0611111 50.1505
0.0611111 49.7166
0.0611111 50.3499
0.0611111 50.2109
0.0628571 50.3246
0.0628571 50.1932
0.0647059 50.2033
0.0647059 50.1731
0.0666667 49.6845
0.0680272 50.1731
0.0694444 50.4007
0.070922 50.1303
0.070922 50.2689
0.070922 49.9451
0.070922 49.9401
0.070922 50.3246
0.070922 50.1655
0.070922 49.9251
0.068836 50.0025
0.0650118 49.8952
0.0632547 49.8082
0.0632547 47.4969
0.0632547 49.6253
0.0632547 49.7958
0.0632547 49.8878
0.0632547 49.3437
0.0632547 49.9925
0.0632547 48.8568
0.0632547 49.8132
0.0632547 50.1907
0.0632547 49.7611
0.0632547 49.687
0.0632547 49.9725
0.0619369 50.2538
0.0606729 49.8504
0.0594595 50.0726
0.0594595 49.8182
0.0594595 50.2841
0.0594595 50.0851
0.0594595 50.1605
0.0594595 49.6746
0.0594595 49.955
