0.77392 36.7891
0.818551 25.8224
0.934787 35.7807
0.868524 36.8677
0.916071 35.7513
0.846281 37.7003
0.934787 35.1976
0.902739 36.9317
0.934787 37.3692
0.902739 37.7074
0.934787 37.6818
0.902739 37.669
0.891658 37.6294
0.891658 37.4294
0.852333 37.5714
0.878165 37.6067
0.777778 37.6081
0.877743 37.4911
0.83958 37.5516
0.801762 37.577
0.711737 37.4462
0.75 37.5418
0.763393 37.5136
0.764573 37.5728
0.762879 37.611
0.728322 37.5108
0.777006 37.5883
0.750282 37.7658
0.700229 37.6776
0.688156 37.7287
0.700229 37.6393
0.74513 37.9176
0.832231 37.6506
0.713501 37.5813
0.695455 37.4995
0.667636 37.8
0.695455 37.7572
0.708333 37.7515
0.73913 37.7458
0.73913 37.7701
0.772727 37.7872
0.772727 37.635
0.758678 37.5446
0.725692 37.733
0.712733 37.9003
0.712733 37.7672
0.758678 37.9564
0.758678 37.428
0.772727 37.5206
0.772727 37.7529
0.787307 37.6025
0.802448 37.7045
0.841667 37.7159
0.75832 37.5545
0.803714 37.8186
0.767559 37.57
0.721698 37.5305
0.69283 37.6279
0.641509 37.7003
0.608841 37.4294
0.628931 37.6662
0.628931 37.5347
0.65312 37.6719
0.628931 37.5333
0.641509 37.743
0.618598 37.1927
0.641509 36.6609
0.679245 37.594
0.707547 37.312
0.679245 37.5841
0.641509 37.611
0.606469 37.6053
0.628931 37.5277
0.628931 37.5516
0.642394 37.3274
0.679245 37.7544
0.707547 37.6492
0.73831 37.28
0.679245 37.5108
0.65312 37.7202
0.606469 37.6435
0.628931 37.8129
0.65312 37.6605
0.667916 37.6733
0.679245 37.407
0.679245 37.6294
0.679245 37.3051
0.65312 37.4953
0.65312 37.4574
0.628931 37.4616
0.628931 37.3552
0.65312 37.4784
0.65312 37.0782
0.628931 37.6747
0.628931 37.6393
0.606469 37.3622
0.628931 37.4056
0.679245 37.4644
0.707547 37.2842
0.679245 37.6294
0.592163 37.3986
0.570231 37.5038
0.570231 37.8201
0.642394 37.3958
0.592163 37.4195
0.60355 37.5813
0.627692 37.1526
0.64 37.8
0.64 37.8143
0.64 37.5474
0.64 37.7644
0.632653 37.6449
0.641379 37.6223
0.681159 37.57
0.652778 37.6194
0.626667 37.7558
0.615385 37.5912
0.580247 37.7458
0.580247 37.8201
0.559524 37.4588
0.580247 37.8058
0.602564 37.7786
0.626667 37.6619
0.626667 37.7886
0.626667 37.706
0.626667 37.553
0.580247 37.8544
0.522222 37.47
0.489583 37.5404
0.522222 37.5559
0.559524 37.312
0.546298 36.2555
0.602564 36.9331
0.615894 37.5954
0.626667 37.6378
0.681159 37.7672
0.712121 37.6619
0.783333 37.2856
0.815306 37.2315
0.738589 37.4714
0.706383 37.6478
0.74922 37.6619
0.642115 37.8015
0.597222 37.9406
0.586207 37.6804
0.597222 37.6194
0.564626 37.5545
0.564626 37.9018
0.564626 38.0373
0.564626 37.3972
0.586207 37.7458
0.586207 38.0098
0.597222 37.4742
0.585331 37.8043
0.596591 37.2481
0.610465 36.9276
0.610465 34.16
0.598846 33.9052
0.598846 34.6188
0.610465 34.8044
0.553531 35.1124
0.532584 34.7548
0.614568 34.7162
0.659341 34.887
0.663717 32.6552
0.652893 34.7078
0.634921 34.3914
0.591966 34.5566
0.590909 34.8323
0.590909 34.9394
0.608361 34.7838
0.605322 35.1531
0.605322 35.0226
0.568797 35.1062
0.519446 35.1902
0.604545 34.9834
0.620047 35.2721
0.606936 35.3257
0.59727 35.0091
0.620047 35.3057
0.581342 34.8359
0.606936 35.3794
0.581342 34.9907
0.619048 35.246
0.711642 35.137
0.768731 35.1321
0.824844 35.068
0.731242 34.9638
0.777778 35.2125
0.75351 35.1766
0.64209 35.2522
0.622387 35.0557
0.622387 35.0091
0.651338 34.8044
0.651338 34.7234
0.668356 34.478
0.62335 34.7669
0.602528 35.1346
0.586066 35.142
0.586066 35.1148
0.560784 34.1425
0.586066 35.297
0.610991 34.9993
0.69279 35.3195
0.671091 35.0398
0.638149 35.1914
0.605246 34.9846
0.605246 34.6632
0.55496 35.1519
0.567568 35.163
0.586402 34.8566
0.575931 35.3945
0.568047 34.9028
0.568047 35.0201
0.564179 35.2398
0.564179 35.3707
0.554252 34.8517
0.552301 35.3382
0.539419 35.2796
0.561702 35.2324
0.548523 35.2187
0.522822 35.1704
0.508065 35.3807
0.517928 35.3757
0.527559 35.4409
0.558333 35.142
0.551724 35.4384
0.521739 35.1617
0.538462 35.1161
0.532787 35.2796
0.51938 35.2361
0.543307 35.4108
0.51938 35.1111
0.539683 35.2995
0.492754 35.456
0.443709 35.495
0.411043 35.0545
0.466286 35.1964
0.524194 35.251
0.578313 35.4007
0.589286 35.3157
0.575342 35.4145
0.587349 35.3107
0.613534 35.1914
0.585586 35.3307
0.612613 35.4333
0.647619 35.5631
0.587349 35.1655
0.607595 35.322
0.575342 35.0963
0.575342 35.4195
0.587349 35.0103
0.575221 35.3307
0.527473 35.3744
0.496662 35.1185
0.496662 35.184
0.527473 35.2448
0.527473 35.3332
0.541284 33.2867
0.569558 35.2759
0.596685 35.1013
0.596685 35.2224
0.579926 35.4547
0.579926 35.456
0.596685 35.322
0.664122 35.3569
0.662921 35.0607
0.629295 35.3407
0.629295 35.3757
0.56701 35.2734
0.556291 35.297
0.509091 35.1272
0.488372 35.1667
0.509091 35.4057
0.556291 35.2336
0.583333 35.2125
0.596685 34.8614
0.604839 30.9684
0.615385 33.5976
0.575816 35.1729
0.553846 34.9028
0.518519 34.6536
0.515837 34.9455
0.566038 35.2224
0.563077 35.5404
0.591276 35.4534
0.594059 35.2348
0.625 35.2846
0.551402 35.3082
0.537445 35.3494
0.445893 35.4597
0.48895 34.4507
0.523546 34.9321
0.561404 35.0508
0.588957 35.1013
0.586047 32.9348
0.617647 34.3206
0.573668 34.5054
0.603834 35.0951
0.57764 35.1494
0.606852 35.3882
0.606852 35.2311
0.639175 35.2075
0.622449 35.4975
0.591276 35.2783
0.591276 35.3082
0.606852 35.4899
0.566038 35.1704
0.566038 35.5644
0.566038 35.4673
0.580968 35.3319
0.565289 35.2995
0.580968 35.2051
0.567568 35.2088
0.567568 35.4032
0.610526 35.4484
0.679688 35.4862
0.678571 35.5619
0.640449 35.2796
0.695817 35.1914
0.657092 34.7947
0.625 33.9651
0.595745 34.4388
0.553846 34.976
0.610526 34.8578
0.636364 35.0582
0.685121 35.3819
0.687831 35.1494
0.687831 35.4585
0.690647 35.3519
0.690647 35.297
0.675136 35.4133
0.675136 35.5139
0.675136 35.3707
0.657092 35.4623
0.657092 35.2871
0.65285 35.3732
0.647059 35.4472
0.611111 35.1914
0.611111 35.3569
0.578947 35.4158
0.578947 35.5025
0.628571 35.4522
0.631068 35.3457
0.687831 35.6176
0.653061 35.0693
0.619355 33.9501
0.57764 33.7268
0.566038 34.5352
0.52968 35.1062
0.518519 35.3394
0.567568 35.2435
0.626866 35.2435
0.7 35.4057
0.661417 35.5669
0.610526 35.4183
0.565289 35.6075
0.59375 35.5202
0.660232 35.392
0.699386 35.4522
0.640449 35.3282
0.60396 35.4434
0.557078 35.392
0.531882 35.215
0.510836 35.3444
0.485714 35.2671
0.546392 35.4497
0.604396 35.3357
0.70082 35.3282
0.699386 35.2088
0.661417 35.5417
0.593156 35.3569
0.565388 35.4271
0.615385 35.3657
0.506821 35.2262
0.583241 35.4459
0.583241 35.327
0.624434 35.3794
0.624434 35.5101
0.624434 35.0214
0.624434 35.3769
0.672646 35.5505
0.658385 34.8493
0.658683 35.2995
0.651267 35.4786
0.699386 35.4572
0.651267 34.5638
0.76652 34.904
0.743478 35.0988
0.736103 35.2771
0.793503 35.4685
0.744921 35.5669
0.692392 35.1976
0.744921 35.5467
0.692392 35.2871
0.744921 35.4057
0.744921 35.4158
0.736103 35.4849
0.793503 35.2051
0.744921 35.3457
0.744921 35.3682
0.744921 35.3232
0.744921 35.0152
0.650828 35.3907
0.650828 35.3457
0.650828 35.407
0.650828 35.2435
0.650828 35.4057
0.650828 35.1605
0.698901 34.7041
0.698901 35.3845
0.719457 35.3657
0.765957 35.3782
0.739336 35.5025
0.739336 35.246
0.739336 35.3895
0.739336 35.5454
0.739336 35.4346
0.739336 35.2721
0.739336 35.2858
0.739336 35.1679
0.714953 35.3657
0.714953 35.4698
0.622996 35.0693
0.622996 35.246
0.668182 35.1173
0.581897 35.2286
0.668182 35.3257
0.581897 35.2958
0.641434 35.1383
0.552205 35.4246
0.589744 35.5101
0.568718 35.1309
0.589744 34.9834
0.512195 34.876
0.532525 35.3045
0.602679 35.3957
0.605263 35.2734
0.626667 35.3732
0.585273 35.3095
0.626667 35.461
0.606893 35.1877
0.607759 35.2088
0.589127 35.3945
0.630901 35.2696
0.551812 35.2522
0.589958 35.1259
0.589958 35.1815
0.551812 35.2435
0.589958 35.5669
0.567227 34.7814
0.567227 35.105
0.546751 35.312
0.584416 35.2622
0.56962 35.3682
0.56962 35.1914
0.56962 35.105
0.56962 35.3582
0.56962 35.2262
0.61039 35.4133
0.61039 35.0643
0.631579 35.3432
0.631579 35.302
0.631579 35.1383
0.631579 35.4195
0.631579 35.158
0.631579 34.7198
0.631579 34.9626
0.631579 35.3757
0.631579 34.8044
0.631579 35.1815
0.631579 35.1914
0.631579 35.1198
0.631579 35.3719
0.633621 35.2224
0.592437 34.9284
0.574707 34.4744
0.469776 34.8541
0.678261 35.2051
0.656652 34.4697
0.656652 33.7952
0.678261 35.2622
0.678261 35.0349
0.678261 35.387
0.641975 35.3945
0.641975 35.1519
0.641975 35.3257
0.641975 35.1692
0.641975 35.1333
0.641975 35.3932
0.641975 35.1111
0.641975 35.5088
0.621951 35.1284
0.599198 35.2995
0.580981 35.1828
0.583333 35.2224
0.583333 35.3319
0.621951 35.3932
0.583333 35.1432
0.621951 35.215
0.583333 35.137
0.621951 35.5404
0.583333 35.1976
0.621951 35.4384
0.621951 35.5606
0.583333 35.5695
0.621951 34.7041
0.546512 34.9565
0.621951 35.2883
0.546512 35.2783
0.546512 35.3832
0.546512 35.2746
0.511364 35.2014
0.546512 35.3557
0.546512 34.825
0.583333 34.3773
0.583333 35.0582
0.569767 35.0496
0.569767 35.3132
0.569767 35.3382
0.607143 35.312
0.569767 35.3594
0.647727 35.3432
0.661017 35.2361
0.627436 35.402
0.673077 35.1013
0.612978 35.2137
0.612978 35.3569
0.612978 35.3145
0.531353 35.1927
0.485592 35.1272
0.531353 34.9308
0.419925 35.2783
0.419925 35.2647
0.552132 35.1506
0.584746 34.4151
0.554217 34.9993
0.558333 35.0988
0.626168 35.0742
0.602871 35.2983
0.634146 35.4761
0.700508 35.2237
0.700508 35.3832
0.673077 35.4246
0.673077 35.0668
0.633484 35.3319
0.633484 35.0668
0.633484 35.1235
0.633484 35.0336
0.633484 35.2348
0.633484 35.0263
0.618834 35.21
0.590308 35.4195
0.618834 35.1939
0.590308 35.1161
0.618834 35.412
0.633484 34.9357
0.633484 34.632
0.633484 34.8578
0.633484 35.3307
0.68932 35.3394
0.705882 35.0545
0.705882 35.0373
0.705882 35.2448
0.657143 35.2933
0.705882 35.21
0.68932 35.2759
0.633484 35.1939
0.633484 35.5316
0.68932 34.8202
0.633484 35.2634
0.705882 35.3082
0.705882 35.3008
0.65 35.142
0.60077 35.1667
0.557143 35.1729
0.586466 35.1617
0.619048 34.9077
0.655462 34.0275
0.655462 34.9284
0.655462 34.7996
0.655462 35.0422
0.728155 35.0005
0.745098 35.2473
0.764706 35.1222
0.764706 35.0349
0.764706 34.9797
0.764706 35.1605
0.764706 35.0853
0.747573 35.1667
0.582117 35.0693
0.717791 35.1185
0.733333 35.1902
0.735695 35.0508
0.764706 34.7705
0.764706 35.0976
0.735695 34.7283
0.784314 34.8505
0.740741 35.1222
0.724771 34.9711
0.724771 34.7996
0.740741 35.057
0.724771 35.1494
0.724771 35.0422
0.724771 34.9443
0.746692 35.2684
0.746692 34.8845
0.815324 34.8894
0.815324 35.142
0.780347 34.7669
0.746692 35.158
0.746692 34.9028
0.704348 34.9467
0.671642 35.1568
0.590433 34.965
0.624686 34.9663
0.624686 35.0816
0.610593 34.9956
0.596591 34.8323
0.596591 34.9418
0.562077 34.7911
0.540599 35.1272
0.502219 35.0103
0.485002 35.1828
0.467848 35.0312
0.467848 34.9822
0.451085 34.9932
0.520703 34.9809
0.540599 34.9687
0.563282 34.7802
0.585331 35.0201
0.585331 35.1062
0.585331 34.8456
0.596591 34.9162
0.563282 35.0779
0.585331 34.8955
0.585331 35.0152
0.585331 34.8882
0.596591 35.1185
0.525 35.0189
0.448718 35.0177
0.401786 35.1222
0.426587 33.4292
0.432692 34.4009
0.45 34.0704
0.448718 34.8821
0.448718 34.8359
0.45 34.8772
0.45 34.992
0.45 34.9382
0.460714 34.3006
0.460714 34.9504
0.460714 34.7548
0.43761 34.9504
0.452931 35.0324
0.460714 34.8238
0.460714 34.943
0.460714 35.084
0.460714 35.1432
0.460714 34.9162
0.502857 34.943
0.525714 34.8614
0.525714 34.7126
0.561235 34.6428
0.561235 34.9333
0.542617 34.5566
0.532164 34.9077
0.549865 34.9809
0.539683 34.4804
0.539683 34.9296
0.539683 34.9687
0.539683 34.9601
0.539683 34.6969
0.539683 34.9846
0.539683 34.8529
0.539683 34.6825
0.539683 34.9247
0.539683 34.8432
0.52987 34.9272
0.52987 34.7584
0.520408 34.954
0.520408 34.785
0.520408 34.9638
0.520408 34.7476
0.520408 34.8238
0.520408 34.8165
0.520408 34.8105
0.520408 34.8566
0.520408 34.904
0.57398 34.8396
0.57398 34.709
0.57398 34.5447
0.57398 34.5292
0.554187 34.8736
0.555556 34.8468
0.537634 34.7367
0.548387 34.7451
0.548387 34.6464
0.548387 34.4935
0.546126 34.6344
0.551613 34.5734
0.509907 34.756
0.509907 34.395
0.517137 34.7222
0.517137 34.7645
0.517137 34.5961
0.517137 33.9512
0.517137 34.2454
0.500977 34.4661
0.493269 34.4566
0.478545 34.5077
0.478545 34.5877
0.478545 34.644
0.478545 34.3891
0.478545 34.709
0.478545 34.5101
0.522388 34.8493
0.478545 34.5901
0.522388 34.6813
0.522388 34.522
0.491875 34.7729
0.450704 34.4056
0.42618 34.715
0.46347 34.5686
0.46347 34.5865
0.471461 34.7066
0.458719 34.7126
0.446647 34.5614
0.435195 34.1099
0.459589 34.1577
0.459589 34.2349
0.48413 34.7464
0.46 33.4728
0.442308 33.865
0.421221 34.4187
0.4025 34.356
0.39375 34.5698
0.389323 34.5423
0.389323 34.3903
0.389323 34.2618
0.389323 34.3666
0.394251 34.0994
0.404491 34.4626
0.42671 34.5077
0.385983 34.5173
0.367296 34.3242
0.321451 34.4994
0.321451 34.3619
0.321451 34.4626
0.321451 34.5674
0.321451 34.2912
0.321451 34.1939
0.3413 34.5817
0.317814 34.522
0.303748 34.5423
0.290874 34.3053
0.281549 34.4685
0.264145 34.2138
0.27081 34.3879
0.265841 34.3548
0.243323 34.6332
0.237084 34.2231
0.248074 34.4542
0.240589 34.4329
0.251691 34.4958
0.251717 34.522
0.251729 34.7572
0.242897 34.3006
0.236579 34.6452
0.224247 34.7741
0.204162 33.4728
0.197826 34.7114
0.201784 34.6296
0.212937 34.7054
0.212937 34.9932
0.211268 34.5829
0.200588 34.8541
0.205158 34.721
0.201095 34.8772
0.187462 34.6861
0.193632 34.779
0.198397 34.8821
0.184903 35.0116
0.186263 34.9211
0.187584 34.6584
0.188867 34.7741
0.190235 35.0238
0.180723 34.6236
0.172117 34.9174
0.174893 34.709
0.17776 34.876
0.180723 34.7403
0.180723 34.7439
0.180723 34.369
0.180723 34.9223
0.180723 34.9638
0.180723 34.7971
0.178593 34.954
0.174356 34.9308
0.178593 34.9638
0.174356 34.9932
0.178593 34.8772
0.180723 34.8566
0.180723 34.7391
0.180723 34.9272
0.180723 34.8335
0.180723 34.8226
0.172117 34.6741
0.161841 34.709
0.154905 34.0044
0.169173 34.9467
0.183673 34.6021
0.204082 34.8626
0.204082 34.825
0.204082 34.4804
0.204082 34.8286
0.204082 34.9479
0.204082 34.6717
0.204082 34.8918
0.204082 34.5793
0.204082 35.0398
0.204082 35.0067
