0.885295 41.9006
0.853434 42.3639
0.912795 41.6563
0.894194 41.9445
0.815126 42.5659
0.9079 43.3614
0.855723 43.3294
0.837321 42.6639
0.735512 43.4141
0.853018 42.6512
0.81982 41.8655
0.866883 42.7716
0.83121 42.9332
0.796875 43.4613
0.811827 43.5578
0.720903 43.518
0.881013 43.3557
0.751326 43.5597
0.815354 43.4802
0.825259 43.779
0.790501 43.5977
0.824561 43.8174
0.840235 43.8001
0.771285 43.8712
0.704411 43.6015
0.733036 43.7388
0.719092 43.735
0.775159 43.7694
0.766471 43.8693
0.782486 43.3182
0.7144 43.4802
0.69525 43.5806
0.621663 43.3107
0.646302 43.7139
0.566877 43.5939
0.618891 43.6034
0.623748 43.4424
0.670401 43.4518
0.691801 43.3877
0.65386 43.6262
0.641061 43.4915
0.616419 43.7982
0.608869 43.6015
0.624301 43.7197
0.594585 43.8193
0.608386 43.4235
0.593032 43.4424
0.577496 43.6719
0.565124 43.4348
0.57929 43.4726
0.571429 43.4348
0.566399 43.4009
0.566171 43.6643
0.55814 43.7025
0.564179 43.7006
0.563991 43.4707
0.553499 43.6548
0.527101 43.4972
0.563584 43.7694
0.591612 43.5066
0.593271 43.8808
0.579251 43.4669
0.6 43.7694
0.671321 43.8059
0.68281 43.6053
0.723824 43.2919
0.771536 43.6281
0.758332 43.3332
0.773913 43.5388
0.765463 43.6091
0.785999 43.2283
0.735781 41.606
0.742991 42.7113
0.76816 42.9443
0.737616 43.4556
0.720841 43.3576
0.767196 43.6034
0.841282 43.6948
0.869136 43.7388
0.870886 43.4631
0.826531 43.6605
0.807496 43.2489
0.816327 43.3651
0.779747 43.4292
0.774536 43.6414
0.751746 43.7407
0.702306 43.3896
0.655949 43.651
0.657046 43.4047
0.635732 43.3238
0.6 43.5407
0.638704 44.0567
0.676692 43.8904
0.636605 43.8154
0.572581 43.7828
0.612903 43.6072
0.630208 43.8059
0.596899 43.5597
0.611111 43.7848
0.555556 43.7445
0.584718 43.5901
0.623677 43.4273
0.605866 43.7445
0.631579 43.8174
0.596899 43.8558
0.587545 43.8366
0.606936 43.9889
0.591549 43.8347
0.626543 44.0509
0.626543 43.6662
0.664557 43.7675
0.719626 43.756
0.754173 43.1202
0.754114 43.7963
0.773006 43.7273
0.732913 43.8423
0.706074 43.9541
0.719626 43.8347
0.729167 43.8789
0.718033 43.8462
0.691238 43.8174
0.710326 43.5407
0.7356 43.9078
0.717972 43.6967
0.746169 43.5825
0.728718 43.6853
0.741199 43.9232
0.739089 43.929
0.755577 43.956
0.754253 43.9116
0.707447 43.9425
0.652429 43.9947
0.652429 43.5142
0.62772 43.8212
0.62772 43.8423
0.693913 42.5931
0.754253 42.9941
0.806061 43.4631
0.771015 43.9618
0.652174 43.85
0.626087 44.0645
0.590909 44.1326
0.592593 43.7006
0.574864 43.8366
0.645402 43.7139
0.671717 43.6433
0.697552 43.8808
0.730769 43.6091
0.725509 42.6621
0.725547 42.0345
0.738462 42.8614
0.692308 43.7006
0.692308 43.5237
0.733142 43.4707
0.819885 43.6034
0.821353 43.7541
0.790437 44.0315
0.727672 43.5882
0.70297 43.8866
0.660518 43.8327
0.58931 43.7828
0.604938 43.8731
0.604938 43.8174
0.618785 43.5654
0.603283 43.7197
0.621419 43.9445
0.622371 43.7311
0.641379 43.9792
0.661169 43.5673
0.745161 43.8308
0.793333 43.8039
0.824701 44.0276
0.858921 43.7331
0.880787 43.8904
0.879828 43.9252
0.799244 43.4084
0.745455 43.8808
0.649123 43.9097
0.790055 43.8116
0.764706 43.4726
0.661939 43.7867
0.741176 43.5218
0.59288 43.7828
0.634409 43.9367
0.701149 43.7273
0.691897 43.5863
0.802155 43.4915
0.746002 43.9657
0.793451 44.0199
0.849057 44.1131
0.734275 44.0606
0.730399 44.0102
0.799718 44.2126
0.76522 44.016
0.849946 43.8712
0.87272 44.1267
0.783765 44.1384
0.8473 44.285
0.871698 44.1073
0.87272 43.4424
0.92093 43.4028
0.895818 43.9676
0.870431 44.0238
0.870833 43.1518
0.895818 44.1716
0.895928 44.193
0.846743 44.2341
0.873016 44.1833
0.865724 44.3656
0.921509 44.1034
0.921904 43.8001
0.921904 43.8481
0.921904 44.016
0.921103 44.1326
0.921103 43.9792
0.841223 44.2654
0.851662 44.1618
0.92233 44.2556
0.879004 44.0044
0.876777 44.2008
0.895288 44.0451
0.893446 44.0432
0.841223 43.7254
0.920684 44.0839
0.893446 44.2028
0.893446 43.929
0.892607 44.0684
0.892607 44.1618
0.851522 43.1891
0.826437 44.0199
0.829635 43.7407
0.854862 43.9309
0.854862 43.8673
0.814053 44.1911
0.757637 44.238
0.778817 43.8577
0.616847 43.4235
0.646432 43.9059
0.696587 44.1716
0.653563 44.1813
0.634901 43.9696
0.614371 44.3361
0.596618 44.2419
0.578563 44.1657
0.578563 44.1638
0.53753 44.2772
0.577215 44.1813
0.572047 43.9097
0.604971 44.0975
0.572269 44.24
0.590909 42.4773
0.506281 43.9116
0.506281 44.2243
0.543097 44.4286
0.599129 43.5502
0.580194 44.1794
0.596662 44.3991
0.596662 44.1774
0.6 44.4069
0.619048 44.4919
0.623103 44.2831
0.643178 44.1267
0.545422 44.3046
0.601786 41.4577
0.601786 43.779
0.709828 43.7579
0.709828 44.154
0.709828 44.0315
0.6852 43.5958
0.6852 43.9136
0.739837 43.9638
0.693542 44.0975
0.749104 44.4603
0.704307 44.3538
0.749104 44.6329
0.634537 44.3971
0.5891 44.2948
0.68546 44.0296
0.63871 44.156
0.600564 44.3872
0.68546 44.3459
0.819209 44.4286
0.782575 44.4208
0.758514 44.403
0.785047 44.2674
0.785047 43.8904
0.754934 44.5018
0.77665 44.6927
0.755245 44.1014
0.731034 44.5653
0.731034 44.4879
0.731034 44.5553
0.731034 44.5831
0.731034 44.016
0.766727 44.603
0.646048 44.5454
0.806202 44.5752
0.69258 44.3892
0.726126 44.5315
0.708333 44.6449
0.732394 44.7087
0.717047 44.3105
0.749329 44.2929
0.792661 44.5414
0.708333 44.5792
0.708333 44.1112
0.685315 44.3577
0.742115 44.3715
0.716418 44.3833
0.691176 44.34
0.716418 44.1989
0.716418 44.48
0.742115 44.403
0.742115 44.6508
0.767528 44.2126
0.77821 44.5653
0.735992 44.5673
0.786885 44.6808
0.781513 44.5157
0.781513 44.6688
0.775862 44.6369
0.779427 44.3971
0.722831 44.5812
0.844864 44.613
0.641026 44.2752
0.731092 44.5534
0.701367 44.6249
0.696 42.7881
0.722831 43.9928
0.773862 44.2223
0.772682 44.2693
0.745704 44.4208
0.717381 44.1092
0.758065 44.4761
0.781513 44.613
0.781513 44.3715
0.715801 44.6568
0.57673 44.6648
0.616379 44.3184
0.625263 44.5434
0.576179 44.3105
0.690316 44.3145
0.618245 44.5613
0.749737 44.4168
0.749737 44.6269
0.641851 44.5097
0.671579 44.4208
0.641728 44.1852
0.572149 44.0373
0.611814 44.5335
0.546559 44.1833
0.548887 44.6748
0.572254 44.6508
0.715145 44.5732
0.572254 44.5157
0.614531 44.3656
0.611814 44.5177
0.711207 43.7809
0.696 44.5236
0.844864 44.4721
0.722831 44.4662
0.648 44.4247
0.551294 44.4326
0.701367 44.3912
0.648 44.605
0.648 44.601
0.731092 44.1365
0.781513 44.3439
0.781513 44.6209
0.648 44.0878
0.622869 44.3597
0.57673 44.2772
0.652997 44.5137
0.724138 44.7307
0.680672 44.4781
0.652997 44.4959
0.604627 44.3597
0.616379 44.2223
0.663793 44.6468
0.647059 44.6828
0.694989 44.5633
0.529865 44.4603
0.625263 44.5911
0.625263 44.5593
0.597471 44.3892
0.553214 44.1501
0.560345 44.4188
0.588362 44.1735
0.597471 44.486
0.625263 44.6389
0.633621 44.3715
0.633621 43.9657
0.603448 44.2087
0.603448 44.1151
0.603448 44.3164
0.56962 44.3971
0.633621 44.3479
0.588362 44.7027
0.616379 44.5236
0.693965 44.5633
0.743535 44.482
0.781513 44.605
0.781513 44.7387
0.781513 44.4662
0.781513 44.4919
0.781513 44.3636
0.781513 44.5315
0.781513 44.4741
0.775862 44.2968
0.701367 44.1073
0.693965 44.5831
0.701367 44.2791
0.731092 44.3282
0.781513 44.7367
0.743535 43.9792
0.678879 44.3518
0.603448 44.1911
0.603448 44.6688
0.646552 43.9502
0.646552 44.2929
0.641728 44.6728
0.633621 44.0083
0.663793 44.3439
0.711207 44.2576
0.711207 44.3557
0.717895 44.5375
0.717895 44.5315
0.686117 44.4109
0.686117 44.7167
0.717895 44.5137
0.671579 44.2556
0.663793 44.4761
0.663793 44.0859
0.616379 43.9329
0.616379 44.3715
0.616379 44.6449
0.663793 44.0606
0.663793 44.3813
0.597471 43.9812
0.560345 45.1671
0.532328 45.4814
0.475687 45.3535
0.465517 45.3432
0.439655 45.498
0.439655 45.161
0.465517 45.163
0.465517 45.1998
0.465517 45.1875
0.449735 45.2755
0.399387 45.2182
0.465517 45.5747
0.491379 45.3762
0.474138 45.2325
0.450431 45.4545
0.491379 44.9944
0.465517 44.7467
0.465517 45.2182
0.476293 45.4133
0.476293 45.405
0.476293 45.21
0.439655 45.4876
0.439655 45.2509
0.439655 45.4897
0.413793 45.3741
0.413793 45.294
0.439655 45.1223
0.465517 45.5
0.491379 45.5747
0.517241 45.6163
0.497845 45.498
0.521552 45.3721
0.497845 45.4277
0.543103 45.4918
0.517241 45.4669
0.491379 45.5436
0.491379 45.2366
0.465517 45.2407
0.465517 45.0369
0.465517 45.5373
0.465517 45.4091
0.465517 45.5643
0.476293 45.1732
0.449735 45.5083
0.532328 45.4174
0.560345 45.3576
0.578947 45.5747
0.616379 45.2284
0.594828 45.3412
0.594828 45.2755
0.497845 45.5353
0.450431 45.4773
0.366379 45.3083
0.426724 45.253
0.491379 45.4607
0.560345 45.0796
0.560345 45.4071
0.560345 45.0796
0.560345 45.0593
0.501584 44.8451
0.491379 45.5104
0.465517 45.3391
0.465517 45.5104
0.465517 45.5602
0.465517 45.6038
0.465517 45.1937
0.403017 45.4339
0.403017 45.3926
0.403017 45.3803
0.439655 45.2591
0.439655 45.5249
0.439655 45.039
0.439655 45.3432
0.455357 45.4752
0.455357 45.6142
0.403017 45.2448
0.403017 45.0735
0.426724 45.405
0.474138 45.1264
0.497845 45.4835
0.474138 43.3614
0.517241 43.8577
0.491379 44.8712
0.508929 44.5812
0.466518 44.9863
0.466518 45.2386
0.441964 45.5
0.441964 45.3885
0.417411 45.2264
0.417411 44.9741
0.441964 45.0633
0.441964 45.529
0.403017 45.6454
0.403017 44.7948
0.37931 45.3248
0.37931 45.3803
0.355603 45.5249
0.355603 45.3145
0.355603 45.5166
0.344828 45.0187
0.344828 41.9586
0.344828 44.6309
0.37931 44.5951
0.392857 44.7147
0.392857 44.7888
0.368304 45.296
0.368304 45.3022
0.368304 45.4256
0.392857 45.0877
0.392857 45.4071
0.392857 44.1131
0.455357 44.8692
0.455357 44.7087
0.403509 44.8049
0.435268 44.7527
0.40625 44.7868
0.375 44.1696
0.34375 44.5712
0.3125 44.601
0.334821 44.7047
0.392857 44.8451
0.417411 44.5395
0.417411 44.7447
0.401786 44.6229
0.401786 44.5593
0.401786 44.7989
0.417411 44.5018
0.417411 44.3715
0.379464 43.6948
0.357143 44.3302
0.321429 44.3971
0.341518 44.0529
0.379464 44.1774
0.401786 44.2517
0.379464 43.9986
0.368421 44.4148
0.355603 44.3459
0.355603 44.4168
0.331897 44.3675
0.331897 43.712
0.301724 44.2889
0.3125 44.1092
0.28125 44.047
0.301339 44.4464
0.334821 42.2583
0.357143 42.9646
0.357143 42.878
0.334821 43.5407
0.334821 44.238
0.368304 43.9773
0.401786 44.4701
0.435268 43.9812
0.401786 44.3164
0.403509 44.287
0.392857 44.236
0.392857 44.3105
0.379464 43.956
0.379464 43.7541
0.379464 43.2003
0.368421 44.2556
0.392857 44.3459
0.392857 44.3833
0.455357 44.3105
0.455357 43.9116
0.455357 44.2497
0.455357 43.9001
0.455357 44.4603
0.455357 44.3538
0.417411 43.8616
0.417411 44.3675
0.417411 44.0878
0.417411 44.4069
0.417411 43.9638
0.417411 44.3675
0.357143 43.7924
0.357143 44.2576
0.417411 44.1384
0.466518 44.0587
0.535714 44.3754
0.441964 43.827
0.392857 43.8404
0.3125 44.0917
0.334821 44.2811
0.392857 44.1151
0.417411 43.9908
0.417411 44.1891
0.401786 44.4069
0.401786 44.338
0.401786 44.3066
0.341518 44.0315
0.341518 44.0063
0.357143 44.338
0.357143 44.401
0.368304 44.2458
0.401786 44.3754
0.40625 43.4631
0.422414 44.3892
0.420259 44.3439
0.37931 44.3184
0.366379 43.9445
0.379464 44.2478
0.441964 44.3302
0.441964 44.3754
0.441964 44.2321
0.417411 44.0335
0.417411 44.1365
0.441964 44.2576
0.491071 44.2223
0.515625 43.204
0.508929 43.9792
0.482143 43.802
0.438596 43.7025
0.455357 44.5414
0.452954 44.2165
0.466518 44.3223
0.424107 44.0626
0.424107 44.2048
0.381696 44.4583
0.424107 44.0723
0.482143 44.0781
0.522321 43.7598
0.475687 43.9522
0.439655 43.7924
0.439655 43.9252
0.439655 44.1306
0.449735 43.7158
0.476293 44.1774
0.476293 43.6548
0.485714 44.0218
0.434116 43.9522
0.377049 43.6777
0.377049 43.85
0.387931 43.8327
0.482759 43.8154
0.525424 43.9078
0.470869 43.9541
0.538304 44.0432
0.525424 43.9734
0.517241 43.8327
0.441176 43.5407
0.411765 43.9367
0.384314 43.9967
0.384314 43.6015
0.331373 43.985
0.331373 44.0878
0.452586 44.08
0.517241 43.9425
0.589852 44.0956
0.531568 44.1131
0.508197 44.0083
0.533333 43.8962
0.533333 44.0296
0.533333 44.0218
0.533333 43.9696
0.540984 44.0975
0.540984 43.9522
0.548387 43.6643
0.579545 43.9908
0.546889 44.0257
0.574074 43.8212
0.601108 43.6491
0.630203 44.049
0.657033 43.9812
0.548983 43.9657
0.685985 43.9078
0.641728 43.7924
0.678879 44.0335
0.611814 44.1092
0.646552 44.1209
0.573276 44.3203
0.573276 43.5199
0.50431 42.4719
0.573276 36.0972
0.573276 42.0982
0.646552 42.633
0.597471 43.2638
0.588362 43.3539
0.568965 43.5597
0.568965 44.0859
0.616379 43.9136
0.616379 43.7025
0.616379 43.9232
0.621679 43.779
0.644397 43.9541
0.644397 43.9831
0.568965 44.0005
0.568965 43.4783
0.568965 43.985
0.616379 43.987
0.616379 43.8308
0.616379 43.9329
0.616379 43.535
0.616379 43.9754
0.616379 44.1092
0.693965 43.9773
0.693965 44.018
0.724138 43.8097
0.747614 43.8385
0.779427 43.9136
0.705122 43.5597
0.680672 43.9387
0.693965 44.0703
0.693965 44.0005
0.724138 43.6662
0.680672 44.018
0.698514 43.985
0.676939 43.8827
0.676939 44.0548
0.700431 43.7101
0.678351 43.9928
0.728238 43.7522
0.75431 44.0878
0.70829 43.8789
0.70829 43.67
0.75431 43.7982
0.779427 44.1735
0.779427 43.9097
0.779427 43.8673
0.784483 44.1112
0.784483 43.9464
0.784483 44.2243
0.740611 43.9425
0.792677 44.0917
0.843054 43.9734
0.787686 44.1521
0.787686 43.8481
0.787686 43.6719
0.874867 43.5313
0.821741 43.8059
0.821741 43.5597
0.819895 43.929
0.740611 43.9618
0.819895 43.5787
0.843054 43.6433
0.792677 44.0199
0.821741 43.5825
0.847134 43.4311
0.849372 43.8712
0.79289 43.5768
0.821741 43.4254
0.792677 43.6872
0.811241 43.7924
0.734367 43.7637
0.705122 43.535
0.705122 43.929
0.781513 43.2863
0.752972 43.4839
0.752972 43.6433
0.701367 43.8174
0.675816 43.8231
0.648 43.4934
0.696 43.8943
0.722831 43.7848
0.696 44.3105
0.669007 42.6858
0.690316 44.34
0.717895 44.2595
0.721676 43.3501
0.669007 43.7963
0.639501 43.8404
0.755647 44.0995
0.721569 44.2087
0.692913 43.8712
0.72428 43.9425
0.656912 44.1813
0.664032 44.2576
0.634921 43.8654
0.610687 44.0703
0.610687 43.7139
0.623037 44.0373
0.623037 44.1501
0.60101 44.195
0.625418 43.9194
0.581543 44.1248
0.539892 43.6414
0.6256 43.7771
0.561875 44.1384
0.603788 44.0412
0.575277 44.1638
0.603226 44.0218
0.582635 43.9001
0.582635 44.0898
0.60177 44.0257
0.57968 44.0684
0.598592 43.7713
0.541261 44.018
0.560188 43.9232
0.580488 43.7484
0.563867 43.9908
0.52949 43.9367
0.497313 43.8443
0.643939 44.0781
0.524142 43.8231
0.509102 43.4518
0.488038 43.8577
0.405172 44.0917
0.351738 43.7809
0.34127 43.9792
0.288987 44.1034
0.264943 44.193
0.381579 43.3332
0.351515 43.8212
0.28777 43.9425
0.28642 43.8231
0.31003 43.7292
0.315399 43.8212
0.3125 43.9406
0.263524 43.3369
0.335486 43.9599
0.365446 43.3633
0.340541 43.4953
0.5 43.5521
0.554737 43.9078
0.402151 43.4405
0.391705 43.6243
0.340909 43.9928
0.291762 43.9059
0.252976 43.9464
0.221739 43.8327
0.204082 44.0781
0.171661 43.8078
0.159122 43.7006
0.159122 44.0412
0.153388 43.7848
0.153388 43.9097
0.181961 43.9271
0.224371 43.5123
0.276685 43.7197
0.305867 43.6529
0.330484 43.9387
0.368839 44.0703
0.359133 43.9754
0.341176 43.7924
0.332855 43.8962
0.361331 44.1053
0.416058 43.7216
0.446701 43.7675
0.410853 43.877
0.419847 43.7464
0.407407 43.7733
0.373198 44.0606
0.359621 43.9618
0.316092 43.9522
0.36019 43.9406
0.373198 43.9232
0.429379 44.0102
0.429379 43.985
0.388991 43.7982
0.409683 43.7848
0.405694 43.6567
0.375747 44.154
0.354839 43.9638
0.372549 43.5521
0.33758 40.9635
0.372549 43.1779
0.353414 42.6821
0.353414 43.1872
0.37013 43.0775
0.352564 43.8616
0.368839 44.2556
0.343214 44.1443
0.36019 44.2458
0.36019 44.3086
0.368839 44.3971
0.38255 41.3924
0.394805 43.4179
0.401094 43.9001
0.436782 43.929
0.441006 44.2204
0.469636 44.2988
0.451745 43.756
0.495726 43.9522
0.51728 43.4141
0.526559 44.2576
0.566545 44.047
0.547264 44.049
0.550639 44.2497
0.521247 44.1638
0.57868 44.3223
0.626181 44.0762
0.610319 43.8827
0.65896 44.1813
0.642659 44.047
0.642659 43.929
0.610526 44.2321
0.660028 44.1696
0.695122 44.0063
0.73749 43.4858
0.715745 43.9136
0.687975 43.7197
0.749635 43.9715
0.67981 44.1053
0.784483 43.756
0.756465 43.9676
0.78746 43.6929
0.696 43.7579
0.664122 44.1248
0.692308 43.9387
0.78746 43.8904
0.658738 44.047
0.784483 44.0606
0.792677 44.049
0.750855 43.7656
0.686546 43.3952
0.615927 43.852
0.830102 43.8789
0.678773 44.016
0.615216 43.6624
0.679581 43.9329
0.596348 43.611
0.71223 43.7063
0.624161 43.7924
0.65493 43.6891
0.691865 43.5692
0.709569 43.5768
0.753725 43.8885
0.818482 43.8212
0.74359 43.6034
0.809769 43.6376
0.725038 43.6091
0.68086 43.6681
0.66395 43.7082
0.788903 43.9078
0.768387 43.8251
0.814089 43.8962
0.792935 43.6338
0.725 43.8251
0.74359 43.651
0.696774 42.9387
0.69103 42.8872
0.69103 43.5104
0.712871 43.3088
0.738693 43.7445
0.612648 43.5654
0.68658 43.4688
0.705779 43.7369
0.635417 43.6148
0.648936 43.8866
0.595386 43.9715
0.564839 43.9773
0.599297 43.9792
0.583986 43.7637
0.564839 43.7713
0.556344 43.4858
0.536823 43.9039
0.551971 43.5407
0.517303 43.7752
0.517303 43.2563
0.536823 43.4386
0.591398 43.8924
0.595386 43.9001
0.591398 43.5426
0.556344 43.7369
0.551971 43.6091
0.556344 44.1014
0.54428 43.6529
0.532286 43.7867
0.545775 43.8135
0.564839 43.956
