0.886289 42.935
0.852003 43.232
0.763874 35.6316
0.771429 37.9896
0.770783 38.2834
0.749405 36.5497
0.743298 38.0691
0.729596 38.6011
0.722739 39.032
0.711934 38.6145
0.774344 38.7883
0.757228 38.8048
0.771899 38.9696
0.815408 38.9045
0.787729 38.4971
0.749257 38.3951
0.695411 38.5297
0.605656 38.5609
0.628052 38.4763
0.602368 38.4098
0.634791 37.7373
0.61557 37.8673
0.700453 37.9204
0.785138 37.9061
0.796539 37.81
0.825769 37.6847
0.882959 37.5559
0.789215 37.8258
0.628603 37.8043
0.648757 38.2088
0.620118 38.1301
0.585259 37.8917
0.585259 37.8702
0.586407 38.2819
0.570415 38.4335
0.453305 38.2
0.500941 38.1141
0.507497 37.8458
0.449433 37.9075
0.479517 37.3944
0.512415 38.1825
0.519443 37.6776
0.444901 37.9752
0.482738 38.004
0.521638 37.8401
0.463004 37.7003
0.51036 37.7202
0.483774 37.8601
0.551907 37.8372
0.577459 37.7245
0.575595 37.886
0.587081 37.611
0.656839 37.7558
0.636395 37.5869
0.618937 37.4714
0.622341 37.8315
0.550113 37.978
0.569871 37.8974
0.625539 37.594
0.562337 37.7843
0.516689 37.8702
0.473898 37.5249
0.545064 37.5375
0.516412 37.3106
0.526711 37.4336
0.502197 37.4056
0.501018 37.3469
0.489917 37.5206
0.52415 37.4125
0.537041 37.3315
0.550981 37.2038
0.517494 37.1955
0.528845 37.3776
0.54478 37.1775
0.493401 36.985
0.503394 37.0563
0.478086 36.9276
0.498008 36.8161
0.479143 36.5297
0.562997 36.8378
0.541756 36.6959
0.556737 36.974
0.490043 36.7094
0.55029 36.9249
0.498731 36.0101
0.50499 35.5872
0.475538 36.41
0.456985 36.4418
0.543066 36.2976
0.46888 36.0451
0.54565 36.3465
0.48782 36.6153
0.509621 36.4857
0.484023 36.7255
0.515899 36.6663
0.492264 36.5404
0.571263 36.7647
0.559613 36.7823
0.52479 36.9263
0.516067 36.7823
0.478718 36.6529
0.467824 36.6019
0.459358 36.6663
0.569878 36.7755
0.524966 37.0714
0.534357 37.2315
0.487722 37.1637
0.464581 37.2135
0.462611 36.9713
0.465412 37.2065
0.463118 37.4097
0.425684 35.6773
0.391992 36.785
0.357593 36.5644
0.364486 37.1223
0.349676 37.1789
0.345075 37.3176
0.331776 37.2135
0.311506 37.1526
0.280466 37.3357
0.266401 37.3608
0.284124 37.1374
0.269578 37.3357
0.285614 37.4223
0.28725 37.2024
0.27971 37.5615
0.281334 37.435
0.268703 37.6989
0.281534 37.6294
0.275142 37.5164
0.268066 37.143
0.295565 37.6832
0.276459 37.4756
0.291296 37.4588
0.273045 37.4813
0.268939 37.6662
0.265925 37.6407
0.261802 37.6081
0.232429 37.5657
0.2294 37.6832
0.229257 37.7558
0.221689 37.696
0.234863 37.8243
0.226281 37.9276
0.233939 37.9752
0.239885 37.6095
0.218368 37.896
0.235068 38.0069
0.243719 36.2227
0.271069 37.7031
0.261261 37.6577
0.256943 38.0778
0.252625 38.2351
0.270248 38.2307
0.259181 38.0923
0.271441 38.0416
0.253786 38.1359
0.27791 37.4504
0.247059 38.1185
0.26969 37.9954
0.262411 38.1883
0.273159 38.0084
0.300898 38.1257
0.275105 38.2585
0.310118 37.8401
0.365636 38.1534
0.339866 38.5669
0.313912 38.9393
0.33751 38.9651
0.365897 38.9833
0.375671 39.1053
0.363768 39.185
0.358173 39.2403
0.386895 39.1911
0.386895 39.1221
0.381999 39.3005
0.438655 39.3097
0.460105 39.1742
0.476127 39.3437
0.498699 39.2095
0.466919 39.2881
0.481308 39.3298
0.487923 39.265
0.492683 39.4446
0.52 39.2634
0.51 39.1389
0.522439 39.4244
0.541098 39.2665
0.553537 39.1466
0.520976 39.1865
0.499268 39.4027
0.466707 39.2188
0.466707 39.4929
0.466707 38.9727
0.466707 39.302
0.455854 39.1896
0.455854 39.1435
0.445 39.3113
0.445 39.1681
0.411466 38.9226
0.411466 38.8742
0.401745 38.8742
0.401179 39.0076
0.391769 38.8455
0.390892 39.1114
0.387845 38.8757
0.366001 38.5862
0.370319 39.0031
0.346416 38.1039
0.354979 37.6237
0.347317 38.9287
0.303234 39.1543
0.293049 37.2814
0.307818 38.3627
0.32561 38.9454
0.344693 38.906
0.339306 38.3436
0.355443 39.064
0.360562 39.0381
0.380873 39.2141
0.392 39.3174
0.401418 39.0992
0.407577 39.1757
0.432318 38.6429
0.479583 39.142
0.479552 39.1558
0.46769 37.7373
0.463415 38.9605
0.467256 38.9181
0.45496 39.2341
0.45496 39.1543
0.442664 38.9166
0.439085 39.0992
0.426918 38.6175
0.430367 39.0533
0.430367 39.1619
0.430367 39.2357
0.418071 38.8833
0.405775 39.1083
0.393479 39.064
0.405775 39.2495
0.405775 39.1343
0.418071 39.2326
0.440489 39.0976
0.465459 38.6862
0.486053 39.2804
0.464348 39.1129
0.447777 39.2958
0.441075 39.2927
0.438244 39.0031
0.435831 39.5413
0.429121 39.4027
0.411421 39.116
0.376943 39.4415
0.360166 39.188
0.369401 39.1313
0.386486 39.1742
0.392706 39.3654
0.403879 39.3747
0.406341 39.2095
0.413422 38.8365
0.418655 39.4945
0.429121 39.5132
0.434354 39.2065
0.429121 39.4664
0.430968 39.3856
0.425581 39.3205
0.448823 39.4415
0.479606 39.3082
0.499731 39.5491
0.475292 39.5946
0.467908 39.5148
0.444205 39.2403
0.4499 39.3809
0.4499 39.185
0.427149 39.5898
0.506406 38.9803
0.573495 38.3597
0.63106 39.4011
0.591042 38.5401
0.571495 39.4773
0.502174 39.2835
0.473623 38.7657
0.456522 38.9454
0.428986 39.2958
0.438261 39.2141
0.436232 39.064
0.443478 39.2711
0.47 39.2218
0.48 39
0.507246 39.3809
0.502609 39.2341
0.504928 39.4384
0.499275 39.5491
0.494203 39.4431
0.487536 39.4384
0.478261 39.1298
0.504348 39.3298
0.53913 38.3921
0.565217 39.2234
0.574638 39.2418
0.584058 39.5851
0.593478 39.8121
0.565797 39.7251
0.56149 39.7915
0.530245 39.6102
0.52024 39.9393
0.49448 39.8676
0.490226 39.5883
0.474774 40.0834
0.442911 39.692
0.433911 39.8835
0.432593 39.8438
0.434849 39.9042
0.432827 39.7046
0.448543 39.9202
0.492461 39.5351
0.51356 39.6904
0.477496 39.3236
0.537311 39.4726
0.529331 39.8026
0.548654 39.8915
0.514158 39.6637
0.597826 39.6967
0.540373 39.5366
0.493789 39.7709
0.439614 39.7188
0.405797 39.2141
0.372671 39.5617
0.34058 38.0329
0.370945 39.4228
0.373239 39.6967
0.403538 39.6212
0.473469 39.8168
0.50008 39.744
0.512188 39.5804
0.488063 39.3918
0.475285 39.5241
0.493316 39.4882
0.494564 39.4649
0.410189 38.8999
0.339387 39.5507
0.336155 39.507
0.330922 39.2295
0.311067 39.4182
0.366015 39.5351
0.418655 39.2311
0.412491 39.3825
0.408511 39.4602
0.412491 39.5398
0.347758 39.4353
0.369735 39.3499
0.365542 39.4898
0.355381 39.5601
0.328651 39.4104
0.307527 39.5679
0.222292 39.4058
0.207144 39.4945
0.202764 39.4804
0.201463 39.4151
0.149974 39.5132
0.107069 39.4851
0.0435484 39.3082
0.0624642 39.4711
0.0534812 39.3871
0.0787626 39.2727
0.102671 39.2958
0.0396215 39.1068
0.0503511 39.2958
0.035443 39.1604
0.0379714 39.3159
0.00529843 39.1727
0 39.4073
0.898987 46.2321
0.845908 46.4145
0.832176 46.6244
0.700877 46.7552
0.784175 46.7705
0.699885 45.8652
0.744599 46.4576
0.821771 45.9812
0.855829 46.117
0.811511 46.7399
0.841956 46.8691
0.787993 46.5333
0.747313 46.032
0.828151 46.7617
0.791735 46.9726
0.774141 46.8801
0.728533 46.9572
0.71159 46.8757
0.710435 46.845
0.713904 46.7617
0.69042 46.5484
0.72 46.8472
0.717818 46.8011
0.63786 46.681
0.58863 46.6962
0.645726 46.62
0.596406 46.6309
0.649265 46.4749
0.613456 46.581
0.573864 46.5701
0.614943 46.6157
0.660926 46.1255
0.694525 46.2492
0.702878 46.4447
0.66615 46.3542
0.614438 46.5831
0.617356 46.4706
0.635894 46.4016
0.590457 46.5701
0.530097 46.3285
0.701639 46.594
0.707395 46.5766
0.689655 46.62
0.674227 46.607
0.678094 46.4296
0.611315 46.1446
0.593363 46.322
0.668807 46.3156
0.668807 46.3027
0.719014 45.9242
0.754989 46.2792
0.739601 46.1318
0.750332 45.8547
0.693403 45.9517
0.650287 46.2684
0.640235 46.0469
0.751975 46.1808
0.761682 46.0808
0.829159 46.2043
0.797409 45.8863
0.79085 45.9791
0.799778 46.3092
0.780822 46.0745
0.678409 45.9242
0.759354 46.2
0.732942 46.2449
0.663663 45.8442
0.732006 46.2877
0.667206 46.1467
0.649679 45.9263
0.704233 45.7561
0.704619 46.1021
0.69594 46.2107
0.700398 46.0045
0.605975 45.7247
0.538581 45.9812
0.601374 45.996
0.600503 46.1851
0.609717 46.3607
0.605198 46.2065
0.603584 46.2299
0.597364 46.3994
0.604553 46.2577
0.582079 46.1191
0.538303 46.1638
0.558427 46.0554
0.576091 46.2599
0.595786 46.2321
0.585938 46.1106
0.576091 45.9053
0.566243 46.0426
0.544266 45.8421
0.529532 45.8232
0.508476 45.6267
0.527136 45.66
0.569771 43.9232
0.566478 44.2674
0.568449 45.6163
0.563201 45.7101
0.564572 45.7582
0.575219 45.2981
0.596727 45.2489
0.59271 45.6955
0.61687 45.6684
0.61687 45.6059
0.61687 45.1447
0.600858 45.819
0.56872 45.438
0.535401 45.6433
0.524451 45.4814
0.511364 45.3145
0.475886 45.2448
0.502793 45.4463
0.508959 45.5187
0.523416 45.6579
0.503804 45.3865
0.540263 45.3947
0.513023 45.6976
0.522103 45.7268
0.536097 45.7561
0.531145 45.9517
0.498825 45.708
0.496887 45.8379
0.506474 45.8842
0.506474 45.9263
0.506474 45.8547
0.506474 45.7164
0.49878 45.7813
0.486111 46.1553
0.477707 45.8022
0.518126 45.9876
0.541438 45.8737
0.520991 45.6892
0.581322 46.0278
0.523523 45.685
0.520744 45.7477
0.520744 45.84
0.52232 45.3515
0.52232 44.7167
0.472901 46.1851
0.552879 45.8463
0.560238 45.3741
0.583033 45.7436
0.591883 45.9348
0.611195 46.0003
0.590949 45.9686
0.638051 46.0405
0.681079 45.901
0.658708 46.1553
0.596884 45.7959
0.6 46.0024
0.586633 45.9601
0.647059 45.7708
0.611159 45.7896
0.712811 45.8148
0.681499 45.9453
0.744578 46.0426
0.718054 45.3926
0.676364 45.939
0.750713 44.236
0.709924 46.0426
0.706169 45.8064
0.690994 45.7268
0.79653 45.2489
0.818424 45.2386
0.808841 45.7226
0.742377 45.9031
0.725297 46.0638
0.761393 45.7268
0.710752 45.6579
0.77315 45.7917
0.833312 45.683
0.803168 45.6475
0.829521 45.0369
0.788211 44.9156
0.762794 45.7268
0.698568 45.6621
0.669267 45.2489
0.724895 45.3618
0.656705 45.161
0.64508 45.2182
0.523929 45.2858
0.502502 44.8511
0.544352 44.8853
0.513852 45.3906
0.523969 45.4071
0.571116 44.9014
0.587832 44.1677
0.621729 44.7567
0.657708 44.5514
0.643564 44.1228
0.631579 43.8635
0.624636 43.8962
0.678876 44.3872
0.726723 44.287
0.762903 44.1228
0.783124 44.48
0.768173 44.4069
0.752694 44.6668
0.717517 44.7147
0.770828 44.5851
0.752694 44.9337
0.785137 45.1101
0.870385 45.0735
0.894268 44.9458
0.853662 44.8209
0.825095 44.6249
0.772007 44.5514
0.661566 44.6967
0.600276 44.4267
0.601378 44.1833
0.537828 41.9006
0.498748 43.8462
0.543572 43.8904
0.522403 43.5161
0.762704 44.2419
0.749174 44.338
0.70005 44.5038
0.711968 43.9831
0.758215 44.3734
0.740373 44.4622
0.745401 44.5276
0.767956 44.5653
0.739532 42.6749
0.602288 43.1351
0.480741 43.7254
0.570702 44.2126
0.65087 44.5117
0.639172 44.3991
0.635363 44.5673
0.564038 44.3695
0.560161 44.601
0.559706 44.2713
0.575397 44.3656
0.566801 44.4959
0.556438 44.5375
0.564659 44.7187
0.572289 44.5573
0.582329 42.4971
0.588 44.5137
0.584871 44.841
0.620616 44.9519
0.618934 44.7928
0.60895 44.9681
0.599401 44.7107
0.634538 44.9721
0.623963 44.9216
0.634538 44.8934
0.634538 44.5553
0.603428 44.6788
0.611632 44.3991
0.620515 44.7307
0.59319 44.3302
0.603567 44.6369
0.603482 44.4899
0.595424 44.6329
0.595271 44.5792
0.562834 44.482
0.541605 44.5097
0.544048 44.2576
0.541154 44.1521
0.542792 44.1638
0.561392 44.4543
0.57508 44.2752
0.54793 44.611
0.571429 44.2635
0.589354 44.613
0.582511 44.48
0.598291 44.3892
0.598291 44.4326
0.606498 44.5712
0.618509 44.5315
0.646633 44.5335
0.658217 44.6369
0.64248 44.3184
0.622973 44.2126
0.569411 44.1443
0.570348 44.5117
0.507399 44.1462
0.459703 44.4286
0.449296 44.4227
0.498982 44.6468
0.540219 44.1599
0.55599 44.6289
0.539773 44.4761
0.516809 44.5971
0.58444 44.5117
0.627451 44.3616
0.654886 44.236
0.582377 44.5137
0.514485 44.5514
0.422097 44.4721
0.481594 44.6409
0.529665 44.6847
0.564959 44.6847
0.528779 44.6229
0.483871 44.1735
0.449336 44.6409
0.491968 44.5355
0.467896 44.3991
0.493704 44.9378
0.449717 44.5692
0.451327 44.7327
0.409531 44.7227
0.393258 44.7708
0.407525 44.6468
0.390891 44.5236
0.395181 44.3105
0.413494 44.7387
0.397727 44.611
0.387784 44.6688
0.370853 44.8571
0.372443 44.9277
0.357386 44.4346
0.350132 44.8954
0.338462 45.0308
0.340044 45.1325
0.329581 45.0979
0.314521 44.9822
0.349556 45.0369
0.385542 45.0938
0.451241 44.9984
0.450847 45.0897
0.435978 45.4566
0.407774 45.6871
0.38641 45.5726
0.413326 45.5249
0.391571 45.6267
0.367321 45.4876
0.398696 45.5063
0.373832 45.6934
0.410314 45.4897
0.439709 45.5166
0.464852 45.6558
0.464852 45.6142
0.450291 44.6249
0.445707 45.3289
0.453165 45.7038
0.44702 45.6663
0.421936 45.4918
0.424672 45.3906
0.454545 45.5498
0.419142 45.5353
0.44186 45.6871
0.443481 45.6892
0.4666 45.7038
0.45015 45.6871
0.466145 45.1406
0.489753 45.0349
0.469339 45.21
0.433031 45.4174
0.452535 45.2345
0.454545 45.5851
0.424672 45.5872
0.425803 45.7917
0.412571 45.529
0.423948 45.1998
0.469788 45.3227
0.439739 45.3515
0.430319 44.9721
0.373624 45.0167
0.373219 45.1834
0.404742 44.9964
0.395363 45.2427
0.431579 44.9398
0.415197 44.7547
0.473137 44.9014
0.422713 45.0816
0.367901 44.8853
0.328918 44.7708
0.322987 44.8833
0.353604 45.0248
0.395521 45.2243
0.361596 45.1732
0.361596 44.9944
0.377061 44.7968
0.375518 44.7748
0.395872 45.161
0.416747 45.1162
0.416638 45.0897
0.413699 44.6887
0.381434 45.0511
0.379598 45.1182
0.40999 44.8752
0.454972 44.835
0.417308 44.9519
0.437193 45.3309
0.478057 44.7527
0.494363 45.0897
0.410034 45.0918
0.421056 45.0674
0.371631 44.8531
0.36451 44.7527
0.323882 44.9398
0.331472 44.964
0.31847 45.0775
0.295896 45.1284
0.310195 44.8974
0.301932 44.962
0.331115 44.9499
0.334126 45.2632
0.35882 44.962
0.359243 44.9357
0.373041 45.041
0.397937 45.3371
0.383354 45.3618
0.401137 45.3494
0.430199 45.1243
0.416084 45.2427
0.424258 45.2673
0.408004 44.9822
0.376583 44.9519
0.37231 45.2284
0.364392 44.7989
0.356688 44.8833
0.356688 44.6847
0.354893 44.8752
0.354893 44.8069
0.372339 45.0167
0.401168 45.2366
0.420032 44.9539
0.4034 45.2018
0.38152 45.2796
0.401729 44.8813
0.371335 45.6163
0.391846 45.3083
0.399516 45.1406
0.373359 45.3741
0.379565 45.3762
0.383819 45.3659
0.416376 45.5809
0.413931 45.5104
0.413227 45.5021
0.413227 45.7834
0.415647 45.819
0.420965 45.9242
0.410561 45.7708
0.437043 45.4194
0.444487 45.6684
0.448819 45.7624
0.445614 45.6017
0.482784 45.6621
0.516113 45.3823
0.473404 45.0613
0.500211 43.5996
0.484396 42.8908
0.492414 45.6746
0.475289 45.6725
0.488178 45.3782
0.467586 45.3679
0.509162 45.9369
0.462552 45.7938
0.488133 46.2342
0.447801 45.8022
0.473799 46.0532
0.450681 46.2214
0.495098 46.0957
0.434846 46.1404
0.38899 45.7603
0.373235 46.1489
0.372694 46.2171
0.33743 46.0575
0.374985 45.7498
0.377736 46.0214
0.3539 45.7519
0.356556 46.0066
0.34905 45.7436
0.379029 46.0024
0.382871 46.0957
0.41028 46.1638
0.417431 45.8295
0.458238 46.1723
0.41555 46.0978
0.417286 46.1617
0.406275 46.1851
0.42421 45.8926
0.44434 46.0787
0.459229 46.1936
0.452381 46.0363
0.457547 45.5602
0.423335 45.8043
0.443631 45.7436
0.448476 45.6475
0.456134 46.0384
0.462744 45.939
0.480717 45.8484
0.487923 46.1318
0.48207 45.9158
0.465288 45.9601
0.457192 45.7896
0.414345 45.9939
0.390762 45.8695
0.401191 45.7352
0.401191 45.8652
0.388633 45.469
0.398606 45.88
0.384486 45.7185
0.379912 45.3022
0.366001 45.8085
0.362199 45.9095
0.369286 44.6488
0.371989 45.1447
0.36998 45.3124
0.360526 45.0653
0.358639 45.2345
0.37948 45.3412
0.350267 45.5187
0.323514 45.5477
0.325015 45.5726
0.325916 45.6684
0.326236 45.6892
0.358564 45.3515
0.402611 45.6413
0.438925 43.735
0.438168 45.556
0.398437 45.4112
0.446436 45.0633
0.439753 45.3988
0.504692 45.0187
0.48214 45.4215
0.46623 45.5872
0.453985 45.7206
0.411011 45.6204
0.435782 45.5456
0.46202 45.8442
0.487365 45.819
0.460418 45.5519
0.409545 45.4607
0.403575 45.7289
0.411776 46.1276
0.455935 45.9053
0.460821 46.1063
0.431585 45.9897
0.434136 46.215
0.436345 45.7582
0.454128 46.3392
0.457426 46.1936
0.444151 45.9728
0.444151 46.1021
0.433807 45.7771
0.419149 45.6955
0.417495 45.958
0.412814 46.2599
0.397086 45.4277
0.393639 45.8379
0.369267 45.8821
0.355727 45.8821
0.355208 46.0872
0.336992 46.134
0.330458 46.1084
0.318776 46.1127
0.316606 46.3628
0.304338 46.2556
0.332771 46.436
0.369085 44.8149
0.366771 43.2283
0.338323 42.7058
0.303656 44.9256
0.278335 45.5913
0.31831 45.8337
0.33576 46.1574
0.319502 46.4684
0.305472 46.2642
0.284755 46.38
0.271687 46.2663
0.282799 46.3564
0.262248 46.7181
0.238769 46.6005
0.26865 46.4987
0.314615 46.4209
0.34767 46.7093
0.332192 46.8121
0.31498 46.5983
0.286443 46.4296
0.264883 46.3843
0.218581 46.2792
0.2 46.0829
0.220715 45.9495
0.255354 46.1915
0.275298 46.49
0.28129 44.7688
0.252442 45.8001
0.238832 46.516
0.260028 46.7268
0.286409 46.6418
0.305421 46.516
0.27324 44.4583
0.260678 46.0299
0.229751 46.6396
0.248073 46.6135
0.27324 46.3779
0.314075 46.4835
0.302218 46.449
0.289199 46.5723
0.316473 46.2984
0.318822 47.0522
0.308895 46.7464
0.303712 46.7771
0.277809 46.9241
0.275868 46.6461
0.275688 47.1476
0.280752 47.2188
0.304549 47.1498
0.318855 47.2277
0.304549 46.3671
0.27346 47.0788
0.259915 47.0367
0.270597 44.8793
0.327796 45.5394
0.364119 45.7624
0.375427 46.4727
0.361876 47.1476
0.358289 47.3037
0.338042 47.2813
0.358224 47.1298
0.337503 47.2277
0.327996 47.2434
0.324675 47.0588
0.314685 47.0788
0.295903 47.344
0.276289 47.344
0.263858 47.3306
0.324389 47.1098
0.371534 47.6372
