0.897036 47.5398
0.759531 47.9754
0.896733 38.1417
0.759531 43.2115
0.831867 45.3474
0.831867 45.7624
0.831867 45.6746
0.878049 46.2727
0.811765 46.1148
0.837736 46.1744
0.836431 46.2577
0.779487 46.0024
0.761421 46.2385
0.725522 45.9263
0.781726 46.4016
0.781726 46.38
0.781726 45.8863
0.781726 46.0914
0.781726 46.2577
0.781726 46.3285
0.761421 46.1617
0.746269 46.151
0.700935 45.8884
0.733333 46.4317
0.733333 46.2342
0.733333 46.3027
0.733333 46.2706
0.690583 46.1191
0.690583 45.996
0.652542 45.8842
0.652542 45.8821
0.625 45.8652
0.625 46.0151
0.625 46.1744
0.652542 46.0829
0.652542 45.8737
0.652542 46.1212
0.652542 45.7917
0.652542 45.2673
0.652542 45.6997
0.660793 45.9855
0.690583 46.1063
0.690583 46.3865
0.690583 46.365
0.690583 45.9622
0.690583 45.7018
0.690583 46.2022
0.690583 42.6603
0.690583 45.2264
0.690583 45.5955
0.690583 46.1021
0.690583 46.0914
0.690583 46.3134
0.690583 45.683
0.690583 46.151
0.690583 46.0893
0.690583 45.8526
0.690583 45.9327
0.690583 45.8779
0.700935 45.7018
0.733333 45.8631
0.733333 45.5996
0.733333 46.0066
0.700935 46.0723
0.700935 45.7875
0.733333 45.8442
0.700935 46.151
0.685786 46.1212
0.733333 45.9855
0.663717 46.1127
0.669928 45.8674
0.585586 45.8631
0.610738 45.9137
0.582315 45.7896
0.606615 45.7603
0.579244 45.7624
0.579244 45.901
0.554236 45.6704
0.531299 45.5892
0.510975 46.3049
0.510184 45.9348
0.510184 45.9369
0.510184 46.3349
0.510184 45.9474
0.478718 46.2214
0.487805 46.2706
0.478788 46.013
0.487805 46.1638
0.444691 46.0214
0.455207 45.9053
0.455207 46.2834
0.455837 46.292
0.455837 46.134
0.445553 46.1787
0.429429 45.5809
0.445553 45.7498
0.453752 45.7603
0.445553 46.277
0.445553 46.0596
0.455621 45.4897
0.46589 45.9327
0.46589 46.1297
0.437846 45.8232
0.44586 46.2877
0.436817 45.9242
0.424405 45.7436
0.432555 45.8631
0.432555 46.0448
0.432555 45.3823
0.430052 45.8505
0.4375 45.7436
0.424242 45.4835
0.426808 45.61
0.436105 45.8568
0.416033 45.8716
0.409216 45.8989
0.414585 45.9179
0.436105 45.7959
0.449164 45.7268
0.437093 45.8947
0.444521 45.8589
0.437093 45.7415
0.444521 45.5498
0.454233 45.3968
0.442223 45.2817
0.447236 45.775
0.454545 45.5622
0.459387 45.3762
0.471503 45.4442
0.489362 45.731
0.524313 45.6329
0.561509 45.4587
0.570995 45.5705
0.571429 45.7101
0.56213 45.5622
0.558405 45.4794
0.564842 45.436
0.54321 45.7959
0.479314 45.608
0.516301 45.6621
0.477454 45.8905
0.530504 45.7603
0.520494 45.8863
0.522977 44.9944
0.543526 45.37
0.496314 45.469
0.503704 45.2714
0.503704 45.5955
0.513208 45.4133
0.505632 45.6684
0.522977 45.7917
0.569431 45.3762
0.608592 45.7268
0.608592 45.4194
0.608592 45.583
0.608592 45.6892
0.55116 45.6704
0.559671 45.4298
0.559671 45.3289
0.559671 45.4628
0.592163 44.9277
0.592163 45.7959
0.570231 45.4401
0.570231 45.5581
0.541555 45.4794
0.549451 44.9357
0.549451 45.4628
0.560224 45.3679
0.540906 45.2755
0.509652 45.0369
0.493458 45.4773
0.493458 45.2407
0.483254 45.1712
0.483254 45.436
0.483254 45.2571
0.481132 41.2405
0.481132 44.0762
0.4894 45.2018
0.475105 45.2796
0.505632 45.1386
0.532982 45.2591
0.520353 45.2182
0.565714 45.3535
0.565714 45.0126
0.562674 44.7868
0.545455 45.0653
0.562674 45.2161
0.545455 45.1794
0.560224 45.3104
0.56044 45.2735
0.572238 45.4649
0.570231 45.0938
0.555262 45.1528
0.572906 44.958
0.564246 45.21
0.522994 45.3844
0.527704 45.0816
0.502916 45.0877
0.510749 45.4133
0.508344 45.0653
0.508344 45.5042
0.457464 45.3515
0.477987 45.3885
0.508344 45.527
0.525199 45.5
0.544944 45.3104
0.564774 44.964
0.576095 45.3474
0.578313 44.962
0.570995 45.0877
0.570995 45.1998
0.570995 45.0227
0.570995 45.3515
0.570995 45.2141
0.55132 44.8571
0.55132 44.8833
0.544379 44.4622
0.544379 45.296
0.537313 45.1304
0.537313 45.1223
0.537313 45.1753
0.537313 44.4701
0.521845 45.1467
0.532995 45.3248
0.551724 45.3248
0.52437 44.9944
0.52437 45.2837
0.484694 45.0025
0.484694 44.2204
0.469522 44.831
0.469522 45.1345
0.482673 45.3803
0.482673 45.4566
0.489796 45.3659
0.470588 45.403
0.466288 45.3227
0.466288 45.7645
0.482353 45.1732
0.499565 45.2182
0.50852 43.6224
0.518051 45.1916
0.50852 44.1891
0.50852 45.3762
0.515528 45.3248
0.496933 45.0999
0.503903 45.4752
0.523423 45.4422
0.550135 44.7748
0.572907 45.438
0.572907 45.7289
0.550135 45.61
0.550135 45.5353
0.525792 45.2755
0.573137 45.5063
0.597889 45.2612
0.578231 44.9479
0.597889 45.0369
0.556075 45.6475
0.595169 45.6663
0.595169 45.6579
0.595169 45.6433
0.595169 45.2571
0.595169 45.3926
0.595169 45.3022
0.595169 45.5539
0.556075 45.5976
0.576705 45.5166
0.576705 45.0653
0.576705 45.556
0.576705 45.5311
0.576705 44.9762
0.576705 45.3638
0.597889 45.335
0.597889 45.4318
0.553133 45.5622
0.553133 45.4422
0.553133 45.5809
0.573137 45.3227
0.573137 45.4071
0.550353 45.253
0.529312 44.9964
0.498363 45.5208
0.492718 45.6558
0.492718 45.5976
0.492718 45.5622
0.50982 45.37
0.50982 45.2468
0.50982 45.6454
0.50982 44.9095
0.50982 45.438
0.50982 45.4545
0.50982 45.6433
0.50982 45.3145
0.50982 45.3412
0.529312 45.5311
0.550353 45.4794
0.560258 45.4422
0.553133 45.0471
0.573137 44.3361
0.573137 45.3906
0.573137 45.2899
0.573137 45.5539
0.573137 45.4566
0.573137 41.1709
0.573137 43.956
0.573137 45.2591
0.56546 45.7122
0.56546 45.1549
0.557638 45.5622
0.557638 45.2345
0.557638 45.5436
0.557638 45.1508
0.557638 45.5311
0.557638 44.9519
0.557638 45.5809
0.557638 45.4463
0.557638 45.5768
0.557638 45.4607
0.557638 44.9115
0.557638 45.4133
0.565052 45.2243
0.575526 45.1386
0.575526 45.3186
0.575526 45.5166
0.575526 45.3865
0.575526 45.5581
0.575526 45.66
0.575526 45.6913
0.565052 45.6392
0.565052 45.405
0.565052 45.0349
0.565052 44.5792
0.565052 45.4215
0.565052 45.403
0.544517 45.4174
0.575526 45.469
0.575526 45.5311
0.567568 45.556
0.567568 45.3721
0.591549 45.5996
0.591549 45.7498
0.617647 45.6538
0.591549 45.7206
0.591549 45.3926
0.536424 45.6371
0.567568 45.7352
0.557047 45.0877
0.557047 45.3227
0.557047 45.2878
0.567568 45.1794
0.567568 45.7185
0.557047 45.6329
0.567568 45.1855
0.536424 45.529
0.536424 45.2386
0.557047 45.4483
0.557047 45.4794
0.557047 45.4339
0.567568 45.635
0.567568 45.4649
0.591549 45.1937
0.591549 45.6454
0.617647 45.6017
0.617647 45.2591
0.617647 45.1794
0.617647 44.831
0.617647 45.2919
0.617647 42.5804
0.617647 44.9458
0.617647 45.556
0.617647 45.4835
0.617647 45.3556
0.617647 45.498
0.617647 44.9156
0.617647 45.7059
0.617647 44.9984
0.656489 45.2264
0.656489 45.3597
0.656489 45.4236
0.656489 45.6163
0.656489 45.5228
0.656489 45.436
0.615305 45.37
0.627083 45.6955
0.596215 44.8491
0.614173 45.2776
0.559038 45.2714
0.592 45.5477
0.592 45.7582
0.592 45.4918
0.567982 45.3432
0.557522 45.4669
0.53617 45.2018
0.557522 45.3618
0.557522 45.7226
0.580645 45.6329
0.580645 45.5125
0.546875 45.4463
0.555556 45.5332
0.526316 45.403
0.516269 45.683
0.497908 45.37
0.497908 44.7407
0.480808 45.2632
0.480808 45.0694
0.464844 45.3844
0.464844 45.4897
0.449905 45.1855
0.441558 45.436
0.428058 45.4133
0.415358 45.0349
0.415358 45.3412
0.415358 45.3926
0.415358 45.4814
0.39866 45.6142
0.387622 45.6121
0.377179 45.8085
0.371681 45.6329
0.375915 45.4773
0.370248 45.5042
0.3644 45.3679
0.355155 44.831
0.349418 45.6392
0.349418 45.635
0.349418 45.5415
0.349418 44.4583
0.345395 45.7813
0.340909 45.3391
0.340909 45.3515
0.323383 45.7247
0.323383 45.8169
0.323383 45.4525
0.323383 45.6475
0.323383 45.6517
0.323383 45.7917
0.323383 45.9221
0.315534 46.0638
0.332805 46.0532
0.332805 45.8695
0.332805 45.583
0.332805 45.9495
0.334361 44.9944
0.342541 45.3885
0.347826 45.9686
0.356688 46.1318
0.362069 46.0172
0.371681 45.8758
0.367542 45.6788
0.373041 45.2448
0.387244 45.9158
0.387244 45.4752
0.383212 45.5477
0.383212 45.9369
0.383212 45.6017
0.378947 45.5747
0.378947 45.5021
0.378947 45.5125
0.384615 45.5602
0.39779 45.7164
0.39779 45.3968
0.40382 45.3906
0.40382 45.4835
0.409689 45.37
0.415869 45.7373
0.426966 45.2059
0.426966 45.5872
0.446164 45.4112
0.441118 45.6621
0.447958 45.4525
0.447958 45.2878
0.466498 45.4711
0.466498 45.5851
0.466498 45.4752
0.46125 45.1447
0.46125 45.7247
0.47338 45.2591
0.47338 45.0775
0.486166 44.1794
0.504106 45.4483
0.508065 45.2223
0.152542 45.5187
0 46.365
0.214155 48.4051
0 49.1642
0.725601 40.1268
0.713071 40.1011
0.622079 40.4073
0.788474 40.4465
0.87766 40.4711
0.854288 40.1994
0.834391 40.1043
0.812893 39.9521
0.868908 39.8438
0.775895 40.0368
0.868908 39.7978
0.812893 39.7962
0.830189 39.7899
0.905882 40.1252
0.92437 40.093
0.870725 40.159
0.923077 40.0657
0.886535 40.1332
0.923077 40.1542
0.787202 39.8533
0.839917 39.9553
0.816083 39.9584
0.816817 39.9409
0.746872 39.8979
0.766917 39.7709
0.802383 39.7567
0.702899 39.6322
0.742951 39.9393
0.699027 39.6558
0.608755 39.9409
0.682759 39.5664
0.71831 39.6008
0.634542 39.6857
0.57156 39.6024
0.672396 39.7362
0.721124 39.984
0.69641 39.8057
0.643133 39.7346
0.688867 39.6904
0.688867 39.5507
0.642384 39.7931
0.66443 39.2403
0.675676 39.0686
0.607843 38.5594
0.693396 38.9347
0.728107 38.4394
0.658241 39.6228
0.706556 39.7994
0.691988 39.6071
0.752941 39.5914
0.723735 39.7346
0.737255 39.8422
0.721569 39.9664
0.708171 39.7504
0.681992 39.8645
0.716954 39.8089
0.658176 39.8026
0.714706 39.7377
0.735211 39.6385
0.71831 39.7204
0.67313 40.0561
0.724747 39.917
0.618829 40.0689
0.577401 40.032
0.628938 39.6322
0.657071 40
0.65404 39.6259
0.692611 39.9904
0.59104 39.7757
0.596928 38.7162
0.617918 40.2042
0.642933 40.2253
0.619883 40.282
0.673617 40.391
0.614585 40.2576
0.643206 39.4493
0.586689 38.3303
0.60101 39.6857
0.58401 40.3828
0.51826 40.3323
0.601747 39.9792
0.561756 40.18
0.509434 40.5367
0.523899 40.3894
0.520317 40.5466
0.501529 40.5647
0.497925 40.3926
0.497976 40.662
0.560418 40.2804
0.638978 40.4744
0.562119 40.3242
0.601378 40.4858
0.623347 40.5844
0.588704 40.4433
0.615334 40.3128
0.768293 40.4907
0.656713 40.5449
0.580797 40.2576
0.745794 40.269
0.715151 40.201
0.740243 40.1075
0.705847 40.2885
0.675187 40.0593
0.667305 40.3193
0.634162 40.3015
0.754967 39.9872
0.541075 40.1639
0.381139 40.4891
0.38723 40.0946
0.302886 40.2804
0.228571 40.1719
0.23913 40.1865
0.245768 40.1574
0.229952 40.093
0.259432 39.9856
0.20155 39.8835
0.277207 39.8931
0.214099 39.593
0.14443 39.7172
0.14625 39.8264
0.151488 39.5523
0.117148 39.7709
0.191113 39.4089
0.181182 39.6825
0.200772 39.5993
0.163319 39.6149
0.290365 39.8391
0.300358 39.6684
0.307181 39.7852
0.338631 39.5194
0.345345 39.7741
0.267647 39.5413
0.282907 39.5695
0.283558 39.8851
0.220842 39.6904
0.214082 39.4898
0.217992 39.6983
0.204689 39.7772
0.160391 39.8121
0.191394 37.6223
0.162605 37.9018
0.120163 39.3918
0.0693392 39.0885
0.095795 39.3035
0.0952579 39.5742
0.0606569 39.2788
0.0517282 39.6432
0.0759997 39.3484
0.0394447 39.248
0.00148565 39.6385
0.0449539 39.4711
0.0165886 39.5554
0 39.5961
0.835783 47.6281
0.867931 47.533
0.868946 47.4947
0.831063 47.4316
0.812302 46.9417
0.80093 47.3799
0.778716 47.5421
0.781296 46.4641
0.688814 47.6758
0.838267 48.0238
0.729698 47.5534
0.838749 47.4947
0.904297 47.2545
0.882353 47.5579
0.932444 47.6032
0.856119 47.8927
0.837073 47.8286
0.745985 47.335
0.725547 47.6826
0.741463 47.5263
0.741463 47.4496
0.721951 46.0872
0.758974 47.2992
0.791757 47.1431
0.783847 47.8515
0.765324 47.9088
0.83585 48.144
0.74438 47.3956
0.761728 47.7555
0.752854 47.1032
0.715034 47.5263
0.791667 47.9317
0.733289 48.459
0.725 48.2486
0.7 48.3302
0.698166 48.4379
0.686275 48.4754
0.718432 48.2369
0.718432 48.04
0.638554 47.644
0.646137 48.0815
0.617082 47.0389
0.642195 47.1032
0.621505 48.6405
0.576846 48.4379
0.582418 48.3746
0.608108 47.8744
0.608108 47.8469
0.626087 47.1743
0.608108 47.7852
0.608108 45.5581
0.608108 46.4339
0.608108 48.2765
0.612903 48.4473
0.632224 48.2859
0.673446 48.1278
0.673446 48.1278
0.603779 47.7555
0.664488 47.201
0.637289 47.5851
0.664488 47.2769
0.637289 48.0977
0.647558 48.0954
0.65641 47.7418
0.675408 47.4316
0.693 47.0588
0.650094 47.2701
0.650094 47.8744
0.669794 47.9823
0.668906 48.0238
0.696585 47.9846
0.68 47.2077
0.68 47.1054
0.664186 47.7669
0.599666 48.151
0.673077 48.2207
0.633745 47.6417
0.633745 47.6576
0.65812 47.353
0.65812 47.5556
0.65812 47.5195
0.65812 48.0631
0.681818 47.8149
0.707692 47.4451
0.667216 47.2233
0.692308 47.533
0.692308 47.3485
0.692308 47.9317
0.692308 47.7373
0.6192 48.0123
0.666667 47.5511
0.666667 46.8647
0.642857 47.5376
0.642857 47.9019
0.62069 47.7281
0.62069 47.619
0.642857 47.735
0.642857 46.3134
0.642857 46.788
0.62069 47.8263
0.62069 47.7943
0.606838 46.8999
0.642857 47.6599
0.642857 46.5203
0.642857 46.2535
0.657143 48.1116
0.657143 48.391
0.657143 48.3933
0.634483 48.4872
0.634483 48.2975
0.620205 48.9237
0.620205 40.1784
0.637676 44.2909
0.623932 48.0261
0.624358 43.2582
0.611351 48.0839
0.611351 47.6168
0.611351 48.2625
0.611351 48.1487
0.574468 48.0054
0.587234 47.5715
0.587234 46.9417
0.587234 48.0815
0.586777 48.2695
0.586777 47.7145
0.5625 47.9754
0.499514 47.9777
0.49301 48.2998
0.458333 45.8253
0.43865 47.6735
0.43865 48.1371
0.458333 48.4262
0.46823 48.1394
0.44857 46.9175
0.422142 48.4004
0.410581 48.1672
0.399776 47.1453
0.399776 47.3261
0.410581 47.8469
0.398505 47.2389
0.388018 47.735
0.388018 47.7646
0.378069 48.2253
0.340426 47.7281
0.340426 48.1672
0.332122 47.6644
0.332122 48.1186
0.324215 48.4778
0.324215 47.6009
0.316675 48.4614
0.310078 48.5131
0.328125 48.1603
0.338068 47.8767
0.338068 47.6826
0.338068 47.2233
0.338068 47.3754
0.338068 46.9528
0.338068 47.8767
0.331169 48.0446
0.331169 47.879
0.324545 48.1162
0.324545 47.3866
0.324545 47.4901
0.324545 47.7168
0.34 48.107
0.348293 48.1974
0.366154 48.0515
0.375789 48.2486
0.396667 47.8881
0.408 48.0515
0.42 47.4473
0.294908 47.3507
0.17944 47.5172
0.0350367 47.9593
0 47.515
0.770964 45.9137
0.715924 45.6246
0.819923 45.3782
0.606459 43.0163
0.7141 44.4444
0.757653 45.3145
0.753978 45.0836
0.753978 45.2571
0.721424 44.9357
0.716332 44.9762
0.680576 45.6308
0.740397 45.7498
0.722015 45.6413
0.84696 45.0653
0.842752 45.527
0.810875 45.5747
0.78125 45.6371
0.75431 44.5216
0.771464 45.2981
0.750965 45.6746
0.700875 45.6642
0.726974 45.3968
0.70457 45.3762
0.713423 45.6267
0.72682 45.2345
0.662745 45.583
0.607143 45.0106
0.587862 45.5705
0.56713 45.685
0.56713 45.4545
0.557869 45.3638
0.591234 45.5622
0.601881 45.7666
0.507375 45.1019
0.472622 45.4256
0.507375 45.6267
0.459813 45.5436
0.499407 45.6871
0.594454 45.9221
0.578136 46.134
0.61205 46.0829
0.572621 45.9664
0.552941 46.2257
0.59383 45.958
0.576182 45.8631
0.581818 45.8674
0.572621 46.1744
0.541353 46.1233
0.551196 45.798
0.566093 46.0405
0.593572 45.7415
0.603774 46.049
0.621024 46.2364
0.640449 46.183
0.662377 46.1808
0.676471 46.1191
0.659284 46.3843
0.723577 46.0681
0.744615 45.6663
0.743711 46.3564
0.664865 46.0702
0.612565 46.4576
0.765595 46.0151
0.660322 46.5181
0.653097 46.3113
0.765595 46.3865
0.812274 46.1766
0.813917 46.0914
0.809962 46.3027
0.707585 46.1021
0.715949 46.3156
0.748549 46.1212
0.777687 45.4112
0.715631 46.5051
0.728405 46.436
0.786202 46.5376
0.778913 45.7415
0.704461 46.4554
0.671005 46.5701
0.757589 45.7624
0.875468 46.4037
0.790476 46.657
0.817935 46.5766
0.698817 46.7202
0.768511 46.6614
0.736732 46.8033
0.698727 46.3822
0.806667 46.6331
0.790309 46.7946
0.794924 46.3328
0.806914 46.2278
0.776156 46.3092
0.776156 46.6309
0.745368 46.7399
0.775641 46.799
0.775641 46.657
0.775641 46.6897
0.735764 46.7836
0.738649 46.5723
0.767388 46.6505
0.830885 46.3929
0.765005 46.7792
0.795188 46.2984
0.798401 46.6984
0.844898 46.5831
0.734345 46.6092
0.796154 46.3456
0.740105 45.529
0.799556 46.032
0.781132 46.4706
0.766667 46.5723
0.781132 46.4317
0.815849 46.5441
0.796154 46.6331
0.796154 46.365
0.765533 46.0363
0.765533 46.7333
0.780543 46.5614
0.780543 46.6418
0.796154 46.5528
0.744615 46.6853
0.702977 46.2235
0.702977 46.0257
0.751634 45.7185
0.780543 46.0596
0.780543 45.996
0.799626 45.9918
0.796154 45.996
0.796154 45.7247
0.753959 45.9897
0.815478 46.0702
0.796154 45.529
0.725675 45.7917
0.727176 45.9855
0.785531 46.0638
0.785531 46.0617
0.780543 46.3607
0.750834 46.4166
0.780543 46.1255
0.784189 46.134
0.815478 46.5138
0.815478 46.4145
0.8478 46.4059
0.8478 46.5376
0.8478 46.6287
0.814361 46.6353
0.8478 46.3671
0.8478 46.2963
0.780949 46.0893
0.759812 46.5614
0.796188 46.6157
0.812402 46.3177
0.796188 46.38
0.812402 46.2984
0.844898 46.5311
0.811623 46.2942
0.779104 46.2749
0.796259 46.3499
0.747748 46.5831
0.750147 46.3156
0.816514 46.5419
0.753899 46.3328
0.816514 46.503
0.799297 46.4274
0.732765 46.2813
0.747656 46.3006
0.747656 46.4857
0.747656 46.3263
0.752212 46.5311
0.783784 46.436
0.768173 46.503
0.691265 46.1766
0.718898 46.6287
0.749199 46.4533
0.749199 46.3865
0.749199 46.1915
0.749199 46.5723
0.749199 46.3628
0.723125 46.5484
0.723125 46.4511
0.723125 46.4878
0.723125 46.6875
