0.792422 50.9632
0.718799 49.1063
0.924301 39.9138
0.837217 47.9409
0.877522 49.8231
0.877522 50.4821
0.877522 49.995
0.878492 50.4134
0.854533 50.6509
0.924301 50.7769
0.870351 50.7022
0.751659 50.8958
0.778203 50.5919
0.859951 50.9606
0.784946 50.7949
0.782937 51.2479
0.7026 50.9866
0.773479 50.782
0.695364 51.1091
0.847013 50.528
0.810796 50.8725
0.847013 50.7537
0.870759 49.6648
0.846682 50.1454
0.820061 49.7265
0.665328 50.6997
0.797753 50.7614
0.797753 50.5357
0.820197 50.8104
0.820197 51.01
0.816092 51.4165
0.700448 50.8802
0.731919 51.0074
0.611782 50.7151
0.733042 51.3005
0.793103 50.6868
0.647059 50.8932
0.673033 51.0595
0.607465 50.8053
0.607465 50.7537
0.685141 51.3189
0.763074 50.5868
0.848485 51.0725
0.685083 51.1876
0.763006 51.2033
0.764211 50.7511
0.668464 51.1876
0.725275 51.2663
0.74538 51.3163
0.74538 50.8828
0.827957 50.9061
0.827957 50.8466
0.827957 51.1823
0.705942 51.3084
0.804598 50.945
0.725275 50.8311
0.847059 51.096
0.84989 51.3215
0.84989 50.9788
0.873016 51.4324
0.848564 51.1954
0.873016 51.0282
0.848485 51.3242
0.848485 51.1457
0.848485 51.023
0.824299 51.1823
0.824299 51.0882
0.763006 51.0438
0.763006 51.1091
0.736998 51.3927
0.736998 51.0256
0.730398 51.2873
0.818182 50.9502
0.742342 50.4414
0.742342 51.3822
0.786667 51.083
0.709882 51.3057
0.802817 51.5943
0.854146 51.2269
0.775401 51.4297
0.853154 51.7732
0.797392 50.6637
0.797392 51.5251
0.853154 51.219
0.801911 50.9944
0.797101 50.6509
0.797101 51.4139
0.655699 50.8595
0.498489 51.4271
0.219601 51.2584
0.475728 50.5766
0.539291 51.3294
0.689655 51.1091
0.711111 51.4721
0.755556 51.4986
0.717391 51.2216
0.741573 51.2952
0.743548 51.3611
0.760338 51.4589
0.721832 51.4536
0.745607 50.8984
0.785959 50.9892
0.785959 50.9476
0.721832 51.2715
0.760338 51.6742
0.745607 51.4112
0.760338 51.6049
0.760338 51.0282
0.785959 51.5916
0.763727 51.406
0.711239 51.4192
0.760338 51.4668
0.721832 51.6076
0.785959 51.0438
0.785959 50.4363
0.783738 51.1614
0.783738 50.3829
0.783738 50.5612
0.779304 49.848
0.779304 50.6098
0.822339 51.0595
0.822339 51.0256
0.779304 51.1117
0.779304 51.0386
0.755508 50.9191
0.706846 50.6227
0.755508 50.9944
0.780894 51.1195
0.734855 51.1247
0.776978 50.4668
0.734855 50.7795
0.824057 49.9251
0.866038 50.1857
0.862233 49.8579
0.910687 51.4192
0.849441 51.5996
0.849441 50.7331
0.910687 51.0647
0.849441 51.0386
0.909091 50.7563
0.909091 50.3626
0.876033 50.8699
0.907563 50.2134
0.819328 50.6252
0.819328 51.1352
0.819328 51.0438
0.819328 51.219
0.819328 51.6662
0.819328 51.13
0.819328 50.9113
0.819328 50.9632
0.764706 50.3575
0.764706 50.5587
0.764706 50.0551
0.819328 51.3321
0.770961 51.1771
0.764706 50.9269
0.764706 51.0777
0.687047 51.198
0.687047 50.7846
0.687047 51.0517
0.687047 50.4668
0.642785 50.8725
0.687047 49.7389
0.710084 49.5835
0.687047 50.2689
0.687047 50.5817
0.687047 51.0543
0.687047 51.3875
0.642785 51.1038
0.600787 51.0621
0.710084 51.0856
0.643836 50.8932
0.73913 50.5689
0.73913 50.9035
0.764706 50.2109
0.764706 50.5204
0.764706 51.2794
0.819328 51.5411
0.745088 50.5357
0.819328 51.0412
0.795672 50.6894
0.824131 50.7769
0.87395 49.7315
0.824131 50.3702
0.87395 50.4923
0.874187 50.2715
0.874187 51.0204
0.774127 51.2636
0.8432 51.3452
0.827515 51.2873
0.827515 50.9295
0.87395 50.1681
0.793245 50.551
0.760083 51.13
0.787815 51.2348
0.787815 51.3189
0.787188 51.164
0.787188 51.496
0.787188 51.4297
0.837054 51.1038
0.837054 50.6714
0.803571 50.4847
0.803571 50.5791
0.803571 51.3452
0.756522 51.2453
0.803571 51.1902
0.756522 51.406
0.756522 51.311
0.756522 51.3452
0.803571 51.0908
0.803571 50.5715
0.803571 50.2841
0.803571 51.34
0.803571 51.0882
0.803571 51.488
0.756522 51.219
0.756303 50.9944
0.756303 51.2085
0.669421 50.5817
0.803571 50.2084
0.803571 50.5051
0.803571 51.3927
0.803571 51.0856
0.756522 51.406
0.775843 45.498
0.691192 51.4007
0.70894 51.2742
0.742919 51.3347
0.742919 51.1745
0.694989 51.0699
0.694989 51.1509
0.736607 50.8518
0.736607 50.3474
0.694989 50.8285
0.694989 51.0256
0.694989 51.3005
0.694989 50.6329
0.694989 51.3084
0.617464 51.1326
0.694989 51.4297
0.694989 50.5536
0.736607 50.1479
0.591241 51.3426
0.709924 51.3558
0.542169 51.565
0.606695 51.3663
0.606695 50.9476
0.676856 51.2374
0.606695 50.4847
0.709924 50.1027
0.709924 50.3829
0.635036 51.1876
0.678832 50.5561
0.608392 51.3663
0.70894 51.2978
0.715447 51.0569
0.705242 51.0465
0.73886 50.6765
0.73886 50.3854
0.775843 51.2111
0.770089 51.4007
0.763889 51.3057
0.712963 51.3584
0.6875 51.219
0.6875 51.2584
0.6875 51.1143
0.6875 50.4414
0.618321 50.7151
0.65625 50.5638
0.6875 51.5464
0.725789 51.2952
0.756303 51.4642
0.756303 51.2926
0.756303 50.6098
0.689109 50.3525
0.730223 49.975
0.630435 51.261
0.645161 51.1535
0.56129 51.0803
0.6 51.1038
0.631579 50.9788
0.6 50.9996
0.624496 50.6534
0.716846 50.3322
0.716846 50.7151
0.716846 50.1454
0.679229 51.3294
0.716846 50.2285
0.716846 50.279
0.716846 50.7357
0.72305 50.8544
0.584206 50.8492
0.624496 50.888
0.692695 50.7022
0.624496 49.7339
0.692695 50.2462
0.751314 50.9269
0.74552 50.8001
0.725806 50.9061
0.715461 50.6663
0.671545 50.9321
0.51073 50.6227
0.767669 50.0601
0.744681 50.4414
0.752941 50.5433
0.612245 50.4694
0.571429 50.8569
0.495238 50.7717
0.495238 50.8027
0.495238 50.5433
0.495238 50.7254
0.495238 49.2878
0.495238 49.581
0.495238 49.5123
0.55102 50.984
0.591837 50.7228
0.653061 50.8802
0.653061 50.5331
0.693878 50.4999
0.693878 50.1128
0.717007 49.4218
0.722851 50.6637
0.783673 50.8854
0.762097 50.6842
0.763265 50.8932
0.743107 50.7898
0.696599 50.6278
0.696599 49.5025
0.632653 50.03
0.696599 49.7438
0.719577 50.7305
0.72973 50.6047
0.751843 50.421
0.773956 50.7331
0.796069 50.6252
0.776428 50.5868
0.796069 50.4821
0.796069 49.975
0.796069 49.4413
0.733739 50.6355
0.733739 50.3601
0.733739 50.6919
0.751843 50.5408
0.751843 50.0952
0.751843 50.279
0.751843 50.1958
0.751843 49.5786
0.730958 49.2927
0.710074 49.9351
0.689189 50.2513
0.668305 50.5638
0.738095 50.4923
0.714286 46.5679
