0.930756 40.4106
0.858741 39.2742
0.858741 36.4392
0.941203 37.8845
0.831869 40.0689
0.844422 39.7014
0.863062 41.1201
0.84872 41.1709
0.777481 35.0705
0.909244 40.422
0.907431 40.5515
0.882289 40.9015
0.882289 40.9065
0.882289 40.7116
0.885249 40.8047
0.838428 41.1726
0.809826 41.3223
0.783829 41.3497
0.771383 41.1387
0.75102 40.9266
0.739507 41.1523
0.72036 41.0509
0.6682 41.2609
0.662039 41.5334
0.656117 41.3001
0.634816 41.2439
0.610334 41.4559
0.609734 41.7415
0.599119 41.5127
0.576574 41.6563
0.544194 42.1372
0.539935 42.2476
0.545753 42.0327
0.544247 41.9252
0.54175 41.6372
0.587769 41.7746
0.581752 41.4302
0.629572 41.0543
0.676237 40.6438
0.732153 40.4106
0.717638 40.1268
0.696388 40.2269
0.661304 40.256
0.658358 40.3665
0.663622 38.4971
0.660409 40.7764
0.641688 40.7465
0.644552 40.873
0.638395 41.2371
0.620297 41.4113
0.596082 41.3599
0.629162 41.4164
0.647434 41.9393
0.634099 41.9147
0.629845 41.4662
0.613473 41.8498
0.61553 41.6268
0.657431 41.6354
0.64504 41.0965
0.655069 40.8898
0.665046 41.1624
0.65678 41.2609
0.640607 41.5386
0.582569 41.4714
0.574723 41.3702
0.538313 38.7837
0.531756 41.3309
0.512897 41.5144
0.515106 41.6684
0.51006 41.5162
0.505919 41.5628
0.493315 41.7728
0.496063 41.9041
0.503215 41.7903
0.506163 41.9692
0.510562 42.2244
0.501908 42.2012
0.532968 41.6545
0.537635 41.7119
0.545941 41.8883
0.554561 42.0964
0.559619 41.6736
0.528381 41.115
0.516061 41.6997
0.547619 40.7531
0.550132 41.5662
0.55188 41.7119
0.561758 41.4972
0.567345 41.8323
0.577751 41.9921
0.569741 41.7327
0.559619 41.6684
0.552062 41.7484
0.54985 41.6597
0.540417 41.806
0.538262 41.9533
0.540417 42.0716
0.515111 41.6129
0.54108 41.6997
0.539668 41.7571
0.526462 41.876
0.519162 41.8428
0.5197 41.9851
0.514509 42.1265
0.512217 42.0203
0.516554 42.0698
0.51595 41.9234
0.520368 42.1781
0.518891 42.0557
0.530264 42.2601
0.534914 42.0292
0.535019 42.0769
0.53972 42.2494
0.539552 41.9551
0.544367 41.6337
0.549269 41.58
0.55426 41.9393
0.556896 41.3531
0.554437 41.8971
0.557004 41.5766
0.559522 41.8515
0.570191 41.48
0.572801 41.2184
0.578056 41.2099
0.580702 41.3805
0.586105 41.3599
0.594419 41.1353
0.61165 41.3428
0.620584 41.2831
0.626758 39.3871
0.636364 40.0818
0.6469 41.307
0.653403 40.9937
0.663265 41.2269
0.670103 41.561
0.684211 41.5489
0.691489 41.4955
0.706522 41.2984
0.714556 41.3873
0.726591 41.0341
0.734744 41.1303
0.734744 41.1506
0.744232 41.4921
0.735477 41.6979
0.758256 41.6962
0.777787 41.82
0.828625 41.5559
0.781121 41.7275
0.786237 41.792
0.721126 42.0858
0.803751 41.684
0.785352 42.0221
0.80521 42.0999
0.836478 42.1265
0.873482 41.9992
0.864326 42.1372
0.854999 41.7641
0.850297 41.9024
0.898878 42.2547
0.870159 42.0805
0.88429 42.0168
0.864608 42.1408
0.862673 41.9287
0.847924 41.7693
0.840811 42.0415
0.807301 41.8445
0.761315 41.7537
0.733171 41.7938
0.72386 41.5921
0.72386 41.855
0.714783 41.9006
0.697294 41.9322
0.690984 41.9639
0.674343 41.9481
0.653659 42.2297
0.640624 42.4088
0.622776 41.9234
0.630805 42.4881
0.639161 42.2565
0.618793 42.4683
0.632657 42.6676
0.637123 42.2422
0.624445 42.2315
0.612445 42.5242
0.607413 42.6294
0.594752 42.6913
0.578863 42.6312
0.570539 42.1994
0.551724 42.6676
0.536409 42.5496
0.523752 42.8872
0.521224 42.8284
0.52056 42.8247
0.513126 41.7693
0.508982 42.6457
0.508982 41.9445
0.508982 43.1984
0.508982 43.1909
0.510535 43.2003
0.501904 42.9719
0.503106 43.1518
0.503106 43.29
0.503106 43.1947
0.506682 43.1425
0.447014 43.4122
0.506692 43.4235
0.506692 42.5713
0.50625 43.5369
0.50625 43.5445
0.50625 44.082
0.50625 43.6853
0.50625 43.7522
0.497867 43.5047
0.518638 43.4934
0.462115 43.5275
0.556667 43.3125
0.515924 43.7464
0.513849 43.6395
0.531947 43.2358
0.515714 43.7082
0.529285 43.6433
0.609589 43.2882
0.649012 43.2732
0.628978 42.8651
0.731461 43.0367
0.680116 43.3107
0.685921 43.3332
0.672685 43.247
0.691807 43.1369
0.711515 43.5616
0.699482 43.6567
0.689705 43.6891
0.688217 43.3934
0.677114 43.712
0.648143 43.518
0.623377 43.6453
0.596665 43.691
0.570723 43.958
0.528831 43.8577
0.50409 43.9889
0.506494 44.1891
0.496732 44.1716
0.499037 44.2223
0.510067 44.4523
0.521476 44.0762
0.533285 44.2635
0.576183 44.0005
0.625513 44.236
0.680233 44.3007
0.68593 44.3125
0.68593 44.2713
0.691596 44.2458
0.679545 44.3125
0.679545 44.3675
0.667908 43.573
0.649512 43.985
0.629264 44.1716
0.588435 43.8982
0.611788 44.2948
0.607143 43.9986
0.608377 44.3675
0.593849 44.6628
0.588685 44.6907
0.571299 44.236
0.576401 44.6748
0.581458 44.5613
0.58647 44.6987
0.591436 44.7527
0.581324 44.3302
0.586079 44.1384
0.576148 44.6708
0.566547 44.831
0.551788 44.6349
0.551788 44.8672
0.557261 44.607
0.557261 44.5038
0.571552 44.5653
0.581458 44.9357
0.596631 44.9741
0.595918 44.6887
0.590164 44.7588
0.588526 44.5573
0.588526 44.837
0.588526 44.7067
0.588526 44.9519
0.598893 44.2733
0.598893 44.7668
0.609631 44.9883
0.644288 44.5653
0.491329 44.5553
0.50461 44.4464
0.482921 43.5123
0.478658 43.6605
0.479876 43.7445
0.464096 42.244
0.416436 44.0276
0.427548 42.7826
0.433742 42.1852
0.356975 42.6512
0.39777 43.5616
0.359962 43.6681
0.344504 43.852
0.289541 44.0102
0.295544 43.5958
0.29095 43.7082
0.276461 43.8039
0.294396 44.1813
0.27879 43.9928
0.277875 44.0063
0.278627 43.3539
0.291836 44.08
0.264385 43.7828
0.271795 43.482
0.271795 43.9986
0.278849 43.592
0.277912 43.9001
0.270987 43.4707
0.257248 43.573
0.257248 43.802
0.276844 43.6338
0.276844 43.3219
0.276844 42.6894
0.26313 42.9424
0.26313 43.5275
0.243991 43.3013
0.260069 43.7158
0.240832 43.4273
0.238074 43.7216
0.230486 43.958
0.227892 43.5085
0.276882 43.4745
0.284943 43.7637
0.269738 43.9541
0.256448 43.3163
0.258175 43.8327
0.243655 43.6433
0.227344 43.9387
0.235003 43.7541
0.270551 43.5369
0.241584 43.5749
0.221639 43.7867
0.244733 43.5294
0.219336 43.877
0.211625 43.8366
0.237168 43.7752
0.224263 43.9194
0.221954 43.9367
0.261008 43.7771
0.2347 43.4991
0.284601 43.7197
0.256553 43.5692
0.306139 43.3839
0.304672 43.5464
0.295675 43.5275
0.302512 43.2376
0.28017 43.3482
0.297958 43.6053
0.28281 43.6719
0.281357 43.592
0.283069 43.8924
0.27363 43.8462
0.295304 43.5407
0.315427 44.0315
0.272204 43.9754
0.231461 43.9754
0.227497 43.1686
0.243901 44.3439
0.269756 44.1872
0.299807 44.1423
0.315974 44.605
0.28505 44.3813
0.27839 44.6429
0.274356 44.7628
0.249557 44.7027
0.233083 44.6568
0.271318 44.8591
0.265487 45.1284
0.307564 44.6867
0.255712 44.6887
0.289181 45.0979
0.240876 45.0511
0.253215 45.041
0.235341 44.9822
0.229759 44.8833
0.246365 44.7588
0.253181 44.829
0.269116 44.7928
0.276244 44.7527
0.297533 45.0938
0.243659 44.9924
0.273665 44.7728
0.28 45.0207
0.312303 44.9277
0.324071 45.0714
0.322698 44.7467
0.306993 44.7888
0.331771 45.1202
0.291335 44.9378
0.316072 44.7047
0.311704 44.7087
0.295077 44.7227
0.318659 44.3479
0.286195 44.4405
0.294915 44.833
0.284393 44.7547
0.287151 44.831
0.262707 44.5593
0.241907 44.611
0.249016 44.6688
0.249016 44.4247
0.249016 44.5276
0.249016 44.6468
0.256207 44.6788
0.256207 43.5464
0.256207 44.7107
0.256207 44.6269
0.256207 44.7107
0.261965 44.1657
0.259555 44.5514
0.258083 44.7648
