0.892517 48.3887
0.798046 48.9213
0.793168 44.3105
0.849368 47.3395
0.748067 47.5647
0.702691 47.3216
0.773921 47.6259
0.649428 47.7943
0.712997 47.2434
0.636961 47.4676
0.716724 47.5443
0.704002 47.7008
0.767213 47.4496
0.806557 47.3171
0.748319 47.4744
0.74772 47.3261
0.734552 47.335
0.709142 46.9219
0.825037 47.3395
0.813149 47.5489
0.801619 47.0345
0.744878 47.0699
0.732294 47.2567
0.678133 47.3821
0.639456 47.5014
0.621394 47.6395
0.585723 47.5896
0.585723 47.2701
0.621394 47.2322
0.610746 45.2284
0.589864 45.3988
0.543602 46.9197
0.563136 47.25
0.594771 47.3776
0.53547 47.5263
0.526621 47.4901
0.559691 47.6872
0.499577 47.6236
0.532376 47.6622
0.532376 47.5556
0.517988 47.6372
0.517988 47.3754
0.522277 47.5556
0.512363 47.5443
0.454643 47.5443
0.41942 47.2344
0.422745 47.7122
0.390335 47.5941
0.367362 47.5172
0.389784 47.515
0.38136 47.3082
0.377702 47.6145
0.333333 47.6849
0.33431 47.2679
0.327945 47.4091
0.320755 47.5737
0.304987 47.4992
0.319035 47.9869
0.319035 47.5308
0.318921 47.8217
0.295056 47.5195
0.304561 47.6395
0.304561 47.3015
0.326147 47.3575
0.344637 47.3059
0.369927 47.2367
0.356906 47.0921
0.339031 47.0633
0.32939 47.5376
0.358375 47.84
0.372418 46.9131
0.404444 46.9329
0.413591 47.1898
0.389395 47.1965
0.398214 46.9616
0.375989 46.9726
0.390388 46.788
0.372549 46.2364
0.355579 46.856
0.355579 47.1387
0.359725 47.2545
0.370101 47.2657
0.359725 47.2836
0.370101 47.4158
0.377179 47.0455
0.399404 46.49
0.396059 46.799
0.419238 46.8384
0.431119 47.1453
0.431119 47.2411
0.431119 47.1453
0.431119 47.1565
0.431119 46.9638
0.431119 44.117
0.404225 47.1565
0.404225 47.1387
0.408763 46.705
0.420757 47.0433
0.402226 47.2858
0.434599 46.7312
0.431865 46.8647
0.460709 47.0898
0.460709 47.3709
0.479551 47.4001
0.479551 47.1787
0.441059 47.1921
0.41259 47.4992
0.441059 47.524
0.441059 46.9462
0.449062 46.8977
0.431034 47.2478
0.431034 46.6919
0.431034 46.9616
0.431034 47.1876
0.41259 47.3149
0.41259 47.6213
0.432159 47.3956
0.443906 47.3889
0.405597 47.4766
0.426357 47.0943
0.416667 47.1276
0.374863 46.7443
0.351746 46.7421
0.327869 47.061
0.327869 46.6548
0.327869 47.7509
0.327869 47.3732
0.304704 47.5805
0.327869 47.7145
0.322581 47.1187
0.329749 47.2612
0.301587 47.0765
0.272727 47.0699
0.24531 47.2344
0.24474 47.6168
0.218531 47.8927
0.19077 46.9462
0.19077 48.0954
0.19077 48.2602
0.186435 48.3045
0.186435 48.3162
0.182292 48.0654
0.181159 48.1835
0.177305 48.2719
0.180165 47.4586
0.180165 47.7464
0.183118 48.1696
0.177886 48.1301
0.183118 47.8492
0.183118 47.9501
0.187099 48.1997
0.187099 48.2346
0.191257 48.3606
0.187099 48.2789
0.187099 47.9823
0.183118 48.3559
0.183118 48.3372
0.183118 47.6168
0.183118 47.9593
0.190217 48.0008
0.194444 48.1788
0.202234 48.223
0.19774 48.2905
0.190217 48.3536
0.18617 47.6872
0.185381 47.4676
0.181034 47.2791
0.180599 47.3979
0.183824 47.8813
0.186966 48.1765
0.190493 48.0354
0.190493 48.0469
0.190493 47.8927
0.190493 48.0538
0.186899 47.5421
0.186966 47.6236
0.183566 47.5941
0.151748 48.0215
0.120405 48.3279
0.104756 48.3676
0.0986367 48.0169
0.0881652 48.3162
0.0765661 47.8469
0.0677887 47.3799
0.0566893 46.9881
0.0530361 48.0815
0.0783566 48.1162
0.0943396 48.1951
0.120553 47.6327
0.122321 47.9754
0.113244 47.7122
0.102163 48.1371
0.097589 48.3559
0.095991 48.5037
0.0919913 48.2719
0.0884342 48.2905
0.0875 48.0908
0.0842426 47.2925
0.0886824 48.4801
0.0933997 48.1835
0.0985916 48.4262
0.10723 48.0561
0.116979 47.5986
0.128205 47.8767
0.124378 47.9962
0.124362 48.1255
0.119172 47.4451
0.11682 46.7137
0.113209 47.3844
0.104492 47.0057
0.0940322 47.1565
0.0917732 47.4834
0.107594 47.3171
0.150386 47.1876
0.164155 46.8757
0.16641 46.7268
0.168 47.1165
0.178073 47.1854
0.166667 47.3015
0.15749 46.9814
0.136821 47.1498
0.144423 45.6163
0.132678 46.0829
0.121154 47.132
0.109756 47.4001
0.103448 47.5647
0.0976366 46.9087
0.0901319 47.0544
0.097619 46.8384
0.109996 47.5308
0.129889 47.4744
0.142643 47.5919
0.148129 47.1342
0.168006 47.4248
0.165877 47.3149
0.165877 47.2567
0.153264 48.1348
0.159574 48.4144
0.156164 47.1498
0.151296 48.377
0.14 48.0354
0.141972 48.1417
0.147287 48.2649
0.147287 48.6855
0.153532 48.1974
0.145257 48.6263
0.146087 48.0815
0.1441 47.4834
0.152481 48.6074
0.180513 48.8998
0.201937 48.4262
0.224057 48.6855
0.224057 47.856
0.224057 47.4136
0.24109 48.3419
0.245726 48.572
0.254073 48.4778
0.278028 48.3279
0.294 48.398
0.296713 47.8332
0.28885 47.5308
0.283295 48.4355
0.283295 47.7008
0.27795 48.2369
0.282161 47.719
0.296575 47.6849
0.28083 48.3372
0.275532 48.5673
0.256065 48.0839
0.240153 48.3022
0.235786 48.0723
0.227513 47.5466
0.206897 48.0862
0.20197 48.7306
0.20197 48.499
0.20197 48.7972
0.186097 48.6831
0.184372 48.3699
0.184372 48.0792
0.181247 48.974
0.184218 49.0894
0.181148 48.466
0.178178 48.8281
0.181148 48.1951
0.178226 48.01
0.161749 43.5502
0.159097 48.6358
0.161749 48.9141
0.157377 48.8281
0.154797 48.5154
0.154797 47.9065
0.157377 48.1186
0.157463 49.0148
0.160178 48.9596
0.160401 49.0701
0.158242 48.9884
0.158678 48.3279
0.159204 48.2952
0.162208 47.5217
0.162896 49.0725
0.163683 48.986
0.165565 49.0533
0.166667 48.4707
0.16 48.3676
0.15916 48.9141
0.153191 48.8186
0.156522 49.0966
0.156522 48.7615
0.16 48.8019
0.158884 48.2812
0.1513 48.2462
0.146341 49.0461
0.150407 49.01
0.153607 48.9333
0.153607 48.1533
0.147654 47.9916
0.149068 47.4811
0.151407 48.6997
0.153209 49.0846
0.153209 48.9404
0.150864 48.9668
0.150864 48.6855
0.150864 48.209
0.150864 48.4543
0.150864 48.2695
0.147654 48.8759
0.147654 48.8782
0.147654 48.7829
0.147654 48.3138
0.147654 48.8687
0.147654 48.6879
0.145897 49.0581
0.145897 48.79
0.149068 48.6523
0.154217 48.5791
0.157722 47.9639
0.16139 48.6665
0.163358 48.5343
0.167247 48.962
0.167247 48.84
0.169312 48.6263
0.169312 48.2765
0.165375 47.5602
0.163358 48.9261
0.159645 49.1957
0.159645 48.8448
0.163358 48.3489
0.163358 49.0846
0.163358 48.7543
0.163358 47.1387
0.163358 46.4403
0.163358 48.3045
0.159645 49.1497
0.159645 49.0364
0.159645 49.1836
0.159645 48.8138
0.159645 47.8538
0.159645 48.2556
0.159645 48.7948
0.159645 47.4451
0.159645 49.0773
0.159645 48.695
0.159645 48.2905
0.159645 48.3793
0.165375 47.0234
0.165375 49.1328
0.169968 48.4332
0.197321 48.6192
0.197321 48.5791
0.20757 48.752
0.213033 48.0839
0.237452 47.9317
0.237452 47.8858
0.23193 48.7543
0.23193 47.9088
0.235107 48.5885
0.235107 48.5932
0.219638 48.2952
0.222732 47.6917
0.21767 48.1858
0.220779 48.1232
0.214241 48.5979
0.212766 48.1487
0.207128 48.695
0.19403 47.9846
0.186708 47.9916
0.179919 48.4051
0.179919 48.6003
0.176706 48.8043
0.157783 48.7448
0.157783 48.938
0.160651 48.6452
0.160651 48.2323
0.155844 48.3512
0.155844 47.9317
0.155466 48.6665
0.155466 48.8329
0.137147 49.01
0.137147 48.8377
0.132811 48.3536
0.130597 48.8305
0.126567 48.2625
0.126567 47.8881
0.122951 48.1093
0.122951 48.7448
0.123188 48.6145
0.126812 48.84
0.139467 49.01
0.145813 48.6429
0.144361 47.8034
0.146939 47.7145
0.146939 48.4027
0.146939 48.4778
0.146939 45.775
0.146939 48.4614
0.147503 48.4707
0.147503 48.5791
0.136933 48.7092
0.142199 47.6872
0.144988 48.2952
0.147887 48.2742
0.149648 48.3092
0.138448 48.4238
0.138144 49.0316
0.13495 48.4637
0.139103 49.0822
0.133197 48.9117
0.145089 49.0172
0.15625 48.2742
0.15625 47.9616
0.15625 49.186
0.139423 49.1473
0.14 48.9572
0.137755 49.334
0.143617 49.3024
0.146673 48.8687
0.143617 48.4778
0.146739 48.1997
0.15 49.1473
0.150278 49.01
0.159468 49.5099
0.143617 48.9213
0.121702 49.3437
0.110709 49.412
0.105932 48.8281
0.0999273 48.3933
0.0972075 49.5074
0.0820793 49.4193
0.0790514 49.7562
0.0769231 49.5295
0.0793651 49.6204
0.092004 49.5835
0.0951228 48.9644
0.0943396 48.1742
0.0929682 49.351
0.094372 49.2514
0.103578 48.9476
0.118182 48.9932
0.130952 49.0701
0.13352 48.8043
0.13352 48.3863
0.13619 48.7472
0.128385 49.0653
0.125916 49.6081
0.12354 49.5197
0.121252 49.4462
0.118432 49.39
0.116279 48.6571
0.111607 48.459
0.111607 48.5531
0.107212 49.2999
0.107212 49.4071
0.106755 49.5025
0.106755 49.6919
0.104483 49.5295
0.100512 48.9428
0.0984604 48.2928
0.0982143 47.4608
0.0982143 47.1453
0.0980392 48.6879
0.0961538 49.1715
0.0979345 49.3803
0.0960867 49.4903
0.0943073 49.232
0.0943073 48.9189
0.0925926 48.5107
0.0960867 48.9548
0.0960867 49.3486
0.0997823 49.2975
0.101739 49.5295
0.0998548 49.0894
0.101852 49.4903
0.101852 49.1642
0.0998548 48.3232
0.0998548 48.7448
0.101852 49.0412
0.108097 49.2514
0.110397 49.4413
0.110397 49.5246
0.110397 49.2951
0.110397 48.6713
0.114967 48.4262
0.117221 48.8377
0.122222 48.79
0.119826 49.0124
0.117221 49.4511
0.114967 49.6155
0.117221 49.4242
0.117221 49.0148
0.119565 48.9548
0.124547 48.2346
0.127197 48.695
0.13285 49.1376
0.13587 48.4896
0.142119 49.6845
0.145503 49.4951
0.145503 49.6894
0.145503 49.2708
0.145503 48.9309
0.145811 48.2509
0.146277 48.8974
0.146902 48.9141
0.146902 49.4805
0.150768 49.8629
0.150768 49.2271
0.154842 49.3121
0.154842 49.2538
0.159144 49.5712
0.159144 49.1207
0.16369 48.466
0.16369 49.5983
0.16369 49.4511
0.16369 49.527
0.16369 48.9836
0.16369 49.6993
0.16369 49.6475
0.16369 49.4609
0.16369 48.8091
0.16369 49.0677
0.16369 48.7995
0.167173 49.8182
0.167173 46.7858
0.170807 49.0172
0.170807 49.7413
0.167173 49.7636
0.167173 49.838
0.167173 49.5737
0.159144 49.581
0.159144 50.153
0.159144 50.279
0.16369 50.3119
0.16369 50.0851
0.16369 50.2664
0.16369 50.3474
0.16369 50.1404
0.16369 50.0701
0.168505 49.6475
0.168505 50.1203
0.177305 50.4108
0.182846 50.2689
0.192847 50.0801
0.192847 49.5638
0.192847 49.9426
0.192847 49.7611
0.192847 50.1429
0.192847 50.1479
0.192847 50.0475
0.192847 49.9002
0.192847 49.5835
0.192847 49.8182
0.192847 49.781
0.192847 50.0501
0.192847 50.0501
0.192847 50.0551
0.192847 50.0952
0.192847 50.1605
0.192847 49.8132
0.192847 50.2311
0.192847 50.1128
0.192847 50.2159
0.192847 49.7265
0.192847 49.8033
0.203704 50.1253
0.213178 49.9151
0.22578 50.04
0.233844 49.7611
0.233844 49.6746
0.242504 49.6919
0.242504 49.6771
0.242504 49.9102
0.242504 50.1781
0.242504 49.8157
0.242504 49.9226
0.242504 50.0475
0.242504 49.8778
0.242504 49.8753
0.242504 49.7735
0.242504 49.724
0.242504 49.0004
0.242504 49.9775
0.242504 49.985
0.242504 49.838
0.242504 49.7067
0.242504 49.7339
0.248419 50.1027
0.248419 49.6007
0.245536 49.687
0.258459 49.6475
0.256291 49.8331
0.256291 49.9476
0.25463 49.9675
0.25463 49.9176
0.246416 49.9176
0.239756 49.9975
0.232264 49.6524
0.225225 49.6574
0.218601 49.6401
0.212355 49.7983
0.212355 49.8803
0.212191 50.2311
0.212191 50.0952
0.212191 50.2588
0.212191 49.8132
0.212191 50.0927
0.206456 49.8529
0.17531 49.9151
0.19559 49.9351
0.190575 49.8281
0.190575 49.9176
0.185811 50.0225
0.185811 50.0425
0.190575 50.1958
0.190575 50.1655
0.167888 50.2386
0.157323 50.1555
0.141899 50.2816
0.141899 49.4927
0.141899 49.5516
0.141899 49.4218
0.128987 48.5131
0.113169 48.5013
0.108333 48.7068
0.114583 49.4071
0.124717 49.4267
0.140306 49.4805
0.132259 49.5319
0.115507 48.79
0.0996328 48.2462
0.0453333 48.2276
0.00246204 48.6216
0 49.1763
0.801194 37.3357
0.612732 37.3776
0.462621 37.219
0.402883 37.4014
0.318451 36.9331
0.504538 37.5009
0.558605 37.3315
0.685797 37.1402
0.723763 36.9727
0.532456 37.1899
0.476057 37.0824
0.595975 37.2787
0.509459 37.3748
0.532425 37.3497
0.405882 37.5954
0.401561 37.2176
0.428827 37.5446
0.421303 37.6605
0.377724 36.3319
0.371429 37.2578
0.368657 36.8311
0.351944 37.6619
0.433454 37.4251
0.418881 37.393
0.464286 37.1306
0.426061 37.143
0.433282 37.3483
0.440752 37.6025
0.448485 37.4897
0.440476 37.4827
0.417293 37.8358
0.410099 37.853
0.448342 37.7173
0.456493 37.5164
0.47372 37.7344
0.48283 37.6705
0.474359 37.635
0.509804 37.696
0.52 37.5333
0.530612 37.4995
0.541667 37.7273
0.543907 37.7088
0.578601 37.6676
0.61451 37.8201
0.711354 37.7586
0.708752 37.6506
0.724189 37.8501
0.675124 37.7102
0.657346 37.8759
0.656396 37.8817
0.708752 37.4756
0.686974 37.8186
0.704418 37.9838
0.649123 37.8888
0.69375 37.7202
0.654373 37.7958
0.625 38.0474
0.563296 37.9809
0.539683 37.6861
0.562382 37.8917
0.575435 37.5883
0.604675 36.6555
0.590278 36.2004
0.564784 37.7701
0.551948 37.8058
0.539683 37.8372
0.517391 37.7729
0.506383 37.9708
0.546875 37.7586
0.53617 37.7501
0.54902 37.9997
0.560606 37.6662
0.5311 37.8659
0.516279 37.9954
0.472618 37.7658
0.495536 37.6974
0.480519 38.0836
0.492297 37.955
0.460531 37.9233
0.447913 37.9161
