0.851075 43.2414
0.898116 30.5988
0.929427 42.3926
0.802659 44.7948
0.79634 45.3906
0.734353 45.253
0.779283 45.5042
0.831032 45.4174
0.847837 45.3865
0.793311 45.4422
0.791312 45.3104
0.774434 44.9378
0.776417 44.6588
0.777012 44.5216
0.779395 45.1692
0.76774 45.1406
0.715294 45.1692
0.692308 45.0796
0.633423 45.2039
0.646045 45.2837
0.626374 45.3865
0.647321 44.7487
0.63933 45.0005
0.623924 44.9903
0.623924 45.4009
0.623924 45.0796
0.58864 45.1101
0.631533 45.3638
0.595819 45.0552
0.603175 45.436
0.603175 45.333
0.594737 45.2796
0.603175 45.3535
0.592593 45.0633
0.592593 45.2243
0.582375 45.0897
0.589655 44.9984
0.604775 45.1977
0.649351 45.7477
0.638345 45.4835
0.593825 45.0126
0.583979 45.3206
0.592208 45.2981
0.601597 47.2144
0.568202 47.2925
0.611913 47.0256
0.561189 46.6527
0.604905 46.9329
0.587601 46.8691
0.62259 47.2434
0.62259 46.9991
0.605556 46.8472
0.640385 47.1143
0.622093 46.9462
0.616028 46.62
0.646983 47.0301
0.679894 47.1787
0.639 47.2612
0.680747 46.9351
0.639782 47.0721
0.660012 47.0943
0.62004 47.4563
0.639782 47.2769
0.600476 47.3776
0.639464 46.6353
0.639464 47.3485
0.652174 47.4744
0.616438 47.5037
0.603166 47.4563
0.61508 46.4425
0.635402 47.4203
0.647429 47.2144
0.672193 47.5105
0.624479 47.5783
0.643061 47.5511
0.649719 47.6054
0.657664 47.2054
0.573233 47.1054
0.62831 47.2813
0.628213 46.7246
0.617642 46.3134
0.605077 46.5376
0.630966 47.1565
0.618561 47.5195
0.63774 47.335
0.627825 46.607
0.680581 46.3951
0.657982 47.5443
0.657982 47.7395
0.635561 47.4969
0.618438 47.3194
0.663158 47.353
0.641933 47.1387
0.62846 47.3844
0.598473 47.6395
0.555901 46.4619
0.555901 47.4811
0.584786 47.3507
0.584786 46.9726
0.560669 47.3462
0.602016 47.1476
0.619068 46.7639
0.619068 47.5443
0.6358 47.4428
0.654522 47.3261
0.654522 47.5127
0.654522 47.3418
0.627405 47.0433
0.637236 46.7137
0.618141 47.669
0.588849 47.2099
0.630966 47.0102
0.603251 47.0057
0.643177 46.2321
0.606794 47.2545
0.567228 47.4361
0.610601 47.2813
0.602461 47.1587
0.605083 47.3306
0.572705 47.1187
0.545075 46.5528
0.547587 47.0943
0.553429 46.7836
0.553429 46.6744
0.542757 47.1165
0.553429 46.8099
0.540852 46.7333
0.517336 46.9616
0.506329 47.0965
0.5 47.0677
0.5 46.9881
0.493827 46.1574
0.483539 46.7968
0.442963 47.1654
0.434277 46.955
0.428469 46.8209
0.425926 46.7093
0.421523 46.7924
0.417987 46.7137
0.40847 46.3671
0.387755 44.1404
0.424739 45.6976
0.475132 46.9594
0.526316 47.1787
0.545455 46.9947
0.566038 46.8209
0.588235 46.4403
0.588235 47.0478
0.6 47.0102
0.6 46.4339
0.576146 47.3037
0.555195 47.0965
0.536723 46.5289
0.509491 46.9484
0.515918 47.0301
0.482552 46.6984
0.498805 46.9748
0.498805 47.0278
0.482552 47.0544
0.515618 46.8713
0.533604 46.4749
0.516046 46.9594
0.572881 47.2277
0.587357 46.9439
0.609809 47.0168
0.63263 46.657
0.63263 46.4576
0.633096 47.0256
0.567128 46.9417
0.600535 47.3507
0.556546 47.2389
0.536616 47.3597
0.547318 46.9572
0.52848 46.5766
0.482423 47.2456
0.467763 47.4338
0.520954 47.4473
0.531519 47.1453
0.542522 47.3799
0.564184 47.1453
0.55399 46.6461
0.535292 46.5766
0.535292 47.5398
0.544461 47.0832
0.576659 47.4068
0.575944 47.4901
0.597628 46.8735
0.597628 46.8406
0.56666 46.9065
0.577697 47.1898
0.577276 47.6872
0.588597 47.4744
0.555109 47.4248
0.577276 47.2144
0.577276 47.5964
0.588597 46.9991
0.565555 46.8955
0.588296 46.3822
0.588296 46.8845
0.557493 46.4145
0.535817 47.1453
0.556338 47.1032
0.555556 46.7858
0.555102 47.1965
0.544386 44.5315
0.555102 46.4943
0.523391 47.5986
0.544386 47.6054
0.567376 47.5715
0.568562 47.5398
0.568562 47.3709
0.557493 47.1609
0.557493 46.8647
0.559117 47.3015
0.51963 46.9594
0.543297 47.6054
0.530697 47.6985
0.554098 47.8011
0.56746 47.7122
0.481255 47.1609
0.548148 46.8691
0.562203 47.5828
0.558559 46.2834
0.559633 47.7943
0.592233 47.6213
0.561905 47.5579
0.61 47.2054
0.61 47.524
0.626263 47.2322
0.628866 46.5571
0.645833 47.5692
0.617548 47.8996
0.585447 47.8011
0.60663 47.1743
0.5706 47.3238
0.5706 47.5511
0.540797 47.4676
0.5706 48.0031
0.596591 47.9846
0.545301 47.8309
0.589008 47.7692
0.600122 47.8629
0.614458 47.6849
0.638761 47.2679
0.665065 47.0765
0.693629 47.8011
0.693629 47.7487
0.714493 48.04
0.714493 47.8354
0.717246 47.3462
0.717246 47.3395
0.720121 47.6554
0.698282 47.2434
0.698282 45.1773
0.698282 47.6804
0.670251 47.9639
0.637158 48.0746
0.631915 48.0654
0.631915 48.0654
0.576567 48.0238
0.613039 47.8446
0.613039 47.61
0.576567 46.7224
0.613039 46.9594
0.613039 48.1603
0.644252 47.9065
0.644252 47.7646
0.644252 47.98
0.603311 45.7394
0.640664 47.856
0.640664 47.8973
0.653583 47.8583
0.653583 47.3979
0.653583 47.9042
0.615195 47.5398
0.653583 47.2612
0.653583 47.1453
0.653583 47.524
0.653583 47.8515
0.653583 48.1696
0.653583 48.1951
0.653583 48.0077
0.615195 48.0123
0.637158 48.07
0.598719 48.1603
0.637158 48.1232
0.637158 47.5692
0.637158 47.4361
0.637158 47.8492
0.598719 47.3283
0.598719 47.4766
0.598719 47.7646
0.640298 48.1
0.640298 47.8171
0.640298 48.0931
0.640298 47.8171
0.640298 48.1603
0.640298 47.9455
0.640298 48.0746
0.640298 47.8721
0.640298 47.644
0.640298 47.3889
0.640298 47.8011
0.640298 47.4428
0.640298 47.5127
0.640298 47.7304
0.640298 48.1742
0.640298 47.6554
0.640298 47.7623
0.652968 47.8744
0.666149 48.0908
0.679873 47.9708
0.679873 47.9042
0.658193 47.8194
0.658193 47.4631
0.679873 46.9859
0.679873 47.3328
0.679873 47.7737
0.679873 47.9939
0.679873 48.0469
0.679873 48.0515
0.679873 47.9547
0.698824 47.8858
0.67712 47.8217
0.684332 48.1487
0.649944 47.8583
0.637158 47.4947
0.618394 47.576
0.677098 46.1382
0.63519 47.4203
0.673853 47.5624
0.670748 46.8187
0.670748 45.2796
0.651648 47.2322
0.651648 47.1787
0.670748 47.7487
0.670748 47.5783
0.630859 47.9065
0.649111 47.644
0.669643 47.6872
0.649351 47.132
0.630252 47.4361
0.630252 47.3934
0.613306 46.9351
0.613306 47.3687
0.591521 47.5217
0.616921 47.6804
0.598291 47.6485
0.583333 47.4113
0.583333 47.776
0.569106 46.8516
0.569106 47.619
0.555556 47.4766
0.555556 47.644
0.542636 46.9881
0.507246 47.2389
0.496219 47.4631
0.505435 47.7555
0.525288 47.6894
0.504689 47.1076
0.560784 47.5105
0.55 47.4136
0.5625 47.4226
0.58319 47.3664
0.596753 46.8318
0.585702 47.4699
0.564784 46.9439
0.585475 47.0699
0.565629 46.6157
0.579096 47.2255
0.579096 47.1187
0.579832 46.9285
0.553719 47.2724
0.528455 47.1498
0.59322 47.3821
0.608051 46.7224
0.625193 47.23
0.641933 46.594
0.61194 46.8143
0.652896 47.1143
0.652896 46.4447
0.635873 47.533
0.635873 47.2545
0.634394 47.3015
0.623642 46.9528
0.603195 47.353
0.62531 46.8779
0.641532 47.1676
0.572044 46.4857
0.64141 47.297
0.629032 47.2701
0.63172 47.1276
0.635357 46.8252
0.539184 46.5333
0.511905 47.0013
0.444399 46.705
0.475243 46.2813
0.544762 44.7708
0.610755 45.1365
0.710879 45.7038
0.73284 46.5224
0.636932 46.5962
0.695009 46.7727
0.611279 46.4403
0.483883 46.477
0.433056 46.365
0.420883 46.5918
0.389535 46.1489
0.475862 45.683
0.499047 46.1233
0.461338 46.681
0.431352 46.6244
0.334254 46.7683
0.234654 46.5788
0.527273 46.2278
0.632724 46.2535
0.626667 46.0045
0.627042 45.635
0.709304 46.1042
0.641245 45.5747
0.720949 46.0554
0.711019 45.9897
0.64625 46.2406
0.65324 45.9876
0.576753 45.7331
0.553977 45.7415
0.594289 46.4253
0.619718 45.4731
0.628216 46.5181
0.683732 46.5181
0.719916 46.5484
0.704418 46.1958
0.72555 45.9643
0.697074 45.8842
0.763372 45.7101
0.79576 46.1958
0.8 46.7137
0.83087 46.5289
0.782574 46.6331
0.814483 46.2406
0.814483 46.6875
0.776368 46.5463
0.780757 46.0045
0.745763 46.049
0.766551 45.7917
0.803571 45.9876
0.811457 46.6222
0.747718 46.7968
0.747718 46.4662
0.811457 46.8362
0.799085 46.0808
0.777074 46.799
0.765846 46.4749
0.731386 46.7115
0.694396 46.9506
0.678003 46.8033
0.651876 46.8801
0.66562 46.6701
0.653081 46.8779
0.655921 46.7093
0.590134 46.4965
0.581944 46.3521
0.606613 46.8011
0.651221 46.0024
0.641452 46.1659
0.615179 46.1808
0.597095 46.8033
0.573224 46.7814
0.551263 46.9484
0.540006 46.8187
0.516916 46.856
0.511923 46.7552
0.491034 46.3478
0.486526 46.5983
0.482101 45.9432
0.477755 45.6558
0.473487 46.8538
0.473487 46.9462
0.477755 46.9836
0.477755 46.2856
0.477755 46.6157
0.477755 46.5549
0.477755 46.8582
0.477755 46.1702
0.477755 47.0987
0.477755 47.0677
0.488339 46.6527
0.49288 46.8318
0.503454 46.8867
0.508282 46.6374
0.513204 46.1404
0.518222 46.6483
0.518222 47.0057
0.529222 46.1255
0.529222 45.84
0.529222 46.5788
0.539579 45.9306
0.539579 46.2942
0.539579 46.0511
0.539579 46.307
0.539579 46.6875
0.561825 46.729
0.574233 46.7683
0.587488 46.6092
0.594473 46.2171
0.594473 46.6483
0.601626 46.3994
0.592792 46.1872
0.578882 46.2942
0.606759 46.6875
0.542026 46.7749
0.55488 46.3929
0.538205 46.7552
0.551413 46.5311
0.559105 46.1744
0.548034 46.5875
0.548034 46.0342
0.548034 46.955
0.548034 46.8911
0.548034 46.729
0.548034 46.477
0.548034 46.6266
0.542092 46.4857
0.542092 46.1063
0.536278 46.0151
0.536278 44.4761
0.536278 45.6788
0.536278 45.3638
0.536278 46.3177
0.545679 46.6744
0.545679 45.9622
0.551014 46.5614
0.545237 46.1574
0.550649 46.5311
0.550649 44.3695
0.544987 46.845
0.544987 46.6135
0.55521 46.7377
0.573529 46.6418
0.58296 46.7202
0.592222 46.503
0.610262 46.753
0.571083 46.1276
0.582656 46.5268
0.512984 46.1574
0.530774 46.4792
0.506494 46.7464
0.482778 47.0455
0.482778 47.0898
0.449323 46.6548
0.424017 46.1808
0.402717 46.7421
0.417914 46.834
0.405867 46.1255
0.39775 46.5593
0.39775 46.8384
0.39775 47.0124
0.39775 47.0743
0.388049 46.966
0.412048 46.8252
0.402353 46.8779
0.410564 46.4447
0.430732 46.3628
0.439706 45.6809
0.449061 46.1191
0.46902 45.5145
0.470635 46.5116
0.463212 46.7858
0.485369 46.8911
0.458579 46.8428
0.469793 46.8165
0.413669 46.6853
0.442435 46.6287
0.442435 46.4339
0.453502 46.5354
0.473449 46.134
0.453502 46.2963
0.434088 45.6976
0.434088 45.8758
0.434088 46.3843
0.434088 46.5008
0.453502 46.4641
0.453502 46.6657
0.434088 46.5463
0.434088 46.2022
0.434088 46.8077
0.434088 46.3564
0.473449 46.4706
0.473449 44.2811
0.453502 44.4899
0.431098 45.798
0.412364 45.9559
0.450336 45.5976
0.431098 46.4619
0.41685 46.7071
0.436893 46.8713
0.421853 46.6679
0.453237 46.277
0.453237 46.134
0.443959 46.1744
0.465288 46.2171
0.427881 46.1255
0.448896 46.705
0.427881 46.9109
0.432622 46.834
0.453944 43.5256
0.401606 46.4145
0.451274 46.8845
0.430777 46.1638
0.430777 46.4037
0.451274 45.4918
0.451274 46.8911
0.451274 45.7917
0.430777 46.8362
0.430777 46.7661
0.442253 46.7661
0.442253 46.9881
0.454356 46.4145
0.467142 46.7093
0.44501 45.5955
0.457694 45.754
0.457694 46.5268
0.480667 46.9197
0.480667 47.0102
0.471123 46.6984
0.471123 46.9351
0.461321 46.4706
0.461321 46.6614
0.473245 43.8924
0.473245 46.0808
0.473245 46.0978
0.473245 45.9791
0.461321 46.8779
0.473245 47.0699
0.473245 46.4641
0.473245 46.449
0.463255 46.2792
0.463255 45.9749
0.451613 46.4425
0.456522 45.5104
0.456522 47.0035
0.461538 46.9219
0.466667 47.1209
0.477273 46.7399
0.482759 47.0102
0.47644 46.8252
0.47644 46.9947
0.469379 46.6941
0.469379 46.0511
0.481906 46.0193
0.481906 46.6527
0.48698 47.0146
0.49883 44.0917
0.504974 46.8252
0.504974 46.834
0.497573 47.0677
0.497573 46.7858
0.497573 46.955
0.497573 46.2577
0.497573 45.7457
0.497573 46.3585
0.483538 46.8604
0.483871 47.0832
0.489796 46.9197
0.489796 47.3328
0.495868 46.1723
0.495868 46.6701
0.502092 46.9109
0.502092 47.1453
0.508972 46.6309
0.508972 45.775
0.515702 46.49
0.515702 46.9439
0.504545 46.0405
0.515702 47.0677
0.515702 46.9197
0.515702 45.5145
0.515702 45.8652
0.488895 46.0978
0.490207 46.4576
0.490207 47.1787
0.50355 47.1898
0.541463 47.288
0.557789 46.8077
0.540317 47.2947
0.541176 46.6984
0.52381 46.8801
0.52381 46.5636
0.52381 46.2684
0.524523 46.5962
0.541358 46.8011
0.541358 47.1743
0.557769 46.4598
0.557769 47.3979
0.557769 47.3934
0.557769 46.7727
