0.897618 46.477
0.897618 36.5137
0.897618 36.6206
0.897618 43.9078
0.897618 44.7387
0.897618 45.436
0.854383 46.6222
0.854383 46.6005
0.854383 46.8823
0.695364 46.6114
0.836561 46.8274
0.877863 47.0433
0.882033 46.8889
0.858696 44.9176
0.883893 45.6976
0.664397 46.7617
0.864979 46.7159
0.866993 46.8055
0.886232 46.7771
0.851966 46.292
0.833962 46.7617
0.776965 46.3242
0.7464 46.49
0.834686 46.1702
0.794927 46.5723
0.89313 45.8989
0.875312 46.6418
0.660044 46.6853
0.761124 46.7115
0.859649 46.7028
0.914718 46.3628
0.716929 46.6548
0.71774 46.1872
0.71774 46.2364
0.822379 46.4662
0.822379 46.5138
0.764982 46.2321
0.744093 45.9369
0.822379 46.4576
0.794504 46.6244
0.82503 46.4102
0.787032 46.4922
0.779601 46.4382
0.7082 46.2406
0.708029 46.0532
0.677419 45.2448
0.720588 45.8842
0.708029 46.1063
0.722628 46.2727
0.72311 46.2492
0.664336 46.2749
0.687943 46.0829
0.698166 46.2449
0.722461 46.0575
0.761974 45.9263
0.812379 46.1021
0.8 46.2193
0.815238 46.3886
0.795995 46.4188
0.810219 46.1318
0.747731 46.1872
0.737553 46.1191
0.684348 46.2577
0.670234 46.2235
0.684943 46.2235
0.673913 46.2214
0.65046 46.0893
0.745587 46.0193
0.679926 46.0681
0.813433 46.0384
0.714821 45.8589
0.750574 45.8631
0.740377 45.9791
0.843284 46.1063
0.778118 45.8379
0.805662 45.8547
0.787797 45.8968
0.838014 45.405
0.896146 45.9622
0.870445 45.7771
0.844616 45.6329
0.799257 45.5498
0.817195 45.6621
0.775516 45.7122
0.723155 45.7582
0.743326 45.2366
0.745444 45.4483
0.787692 45.7226
0.717201 45.6767
0.758209 45.3227
0.758209 45.1345
0.789157 45.3638
0.789157 45.5042
0.75898 45.1998
0.705059 45.6663
0.680873 45.2304
0.658291 46.0257
0.651515 45.7854
0.630807 46.049
0.615012 45.7603
0.617342 45.635
0.587419 45.996
0.584239 45.8421
0.564334 46.134
0.575893 45.8085
0.546237 45.5789
0.564655 46.1297
0.549036 46.0257
0.536082 45.7143
0.511684 45.3926
0.494658 45.4835
0.48659 46.2663
0.463994 46.117
0.467391 46.1318
0.467772 46.2834
0.484171 46.2899
0.490494 46.2235
0.496183 45.8232
0.48659 46.1808
0.492308 46.2471
0.492308 45.8842
0.498822 46.0829
0.504732 45.6746
0.488372 46.2171
0.476731 46.2471
0.461997 46.2577
0.465632 46.2942
0.463842 45.88
0.467391 46.3865
0.461812 45.8863
0.446397 46.1425
0.446367 46.2984
0.446367 46.3886
0.459972 46.1744
0.459972 46.2599
0.459972 46.0914
0.449791 46.2513
0.449791 46.4339
0.420309 45.8926
0.42053 46.1361
0.411536 46.2535
0.411536 46.066
0.408497 45.6371
0.427152 45.9263
0.417763 46.2043
0.427152 46.2299
0.431894 46.2364
0.417763 45.8421
0.408497 45.9158
0.417763 46.4727
0.448311 46.215
0.438157 46.292
0.429769 46.3973
0.429769 46.2193
0.432452 46.4037
0.432452 46.3199
0.442765 46.4835
0.452872 46.4792
0.452872 46.365
0.449313 46.2214
0.448718 46.5983
0.442375 46.2663
0.437077 46.0214
0.412013 46.4403
0.443594 46.477
0.432416 46.134
0.439549 46.2342
0.412299 46.1531
0.412299 46.2342
0.440832 45.9939
0.429677 46.4317
0.440832 46.6092
0.440832 46.1531
0.418694 46.3435
0.459973 46.1787
0.469862 46.1872
0.479821 46.4511
0.491071 46.4059
0.488987 46.2
0.49345 46.3521
0.488987 46.4662
0.441716 46.3049
0.455653 45.4194
0.491071 46.4425
0.468202 46.6287
0.475006 46.6048
0.476883 46.5138
0.476883 46.2792
0.475006 46.5918
0.488789 46.581
0.488789 46.6897
0.489637 46.7792
0.498493 46.307
0.498493 46.5636
0.502959 46.117
0.483568 46.5441
0.483568 46.7574
0.496652 46.7268
